[403620, 368443, 440934, 382821, 254941, 386461, 195626, 14335, 321850, 174492, 98332, 127933, 492490, 579, 174015, 251578, 276033, 124400, 255927, 366365, 197154, 356406, 116074, 297530, 77811, 277183, 391796, 330223, 190693, 268076, 85676, 191227, 244626, 175604, 245272, 395764, 414241, 43380, 3751, 290129, 250071, 378713, 46703, 147431, 105048, 343656, 186163, 474482, 382842, 35360, 499403, 319086, 324668, 262400, 58952, 326447, 221283, 364926, 319802, 162495, 196303, 348360, 62679, 251355, 485306, 99330, 259277, 385709, 351498, 300696, 52493, 319568, 482360, 1487, 245361, 109406, 442441, 45277, 480805, 344859, 83154, 124846, 454763, 199755, 298201, 311475, 402485, 267237, 31393, 147177, 133273, 64877, 432493, 402789, 472065, 251954, 381446, 495379, 404297, 437981, 226728, 462609, 349384, 60356, 133212, 483685, 276118, 329759, 412180, 95656, 58031, 343744, 31296, 169625, 448026, 303966, 86521, 344320, 28903, 160859, 158343, 155961, 175601, 400021, 420546, 166642, 250188, 131747, 381891, 193755, 198558, 248235, 283803, 328254, 116537, 322281, 55624, 213009, 176602, 399888, 13352, 449980, 305808, 313364, 394771, 335120, 390483, 327257, 479090, 33518, 352549, 175408, 177082, 482595, 346786, 259088, 189481, 439437, 101657, 181552, 274957, 19737, 96381, 359399, 232770, 178475, 252144, 141908, 158667, 9459, 91922, 383746, 352455, 269177, 263781, 423662, 208633, 259797, 3895, 101006, 216967, 49107, 467629, 259949, 232177, 396435, 92732, 403153, 369363, 316121, 18514, 158216, 80419, 233595, 143140, 466385, 330652, 352059, 367690, 308547, 132070, 420020, 441981, 185934, 193486, 49114, 53929, 394146, 76907, 148323, 362620, 216114, 250962, 88750, 236014, 367991, 11036, 32635, 132985, 366039, 437977, 97795, 497470, 86731, 263971, 320973, 49826, 245495, 259091, 197450, 211277, 130811, 189644, 495712, 275159, 240753, 30466, 392083, 80822, 239226, 81342, 316093, 465434, 195914, 259956, 204642, 97104, 405234, 145902, 98867, 170570, 107612, 383953, 94087, 43131, 121627, 415130, 164513, 227108, 90638, 206917, 325971, 485048, 22109, 392562, 470481, 199006, 149233, 498659, 404261, 380320, 80195, 280105, 364572, 360967, 298580, 422092, 83214, 349742, 10601, 302323, 213274, 151303, 23774, 161674, 198843, 180827, 317424, 295188, 311017, 449846, 296259, 411184, 16604, 433047, 269011, 275410, 50346, 249753, 306887, 411472, 55708, 468518, 342599, 191519, 40060, 291973, 439417, 152152, 412413, 132177, 29003, 256393, 493339, 85418, 354502, 76690, 80041, 431475, 481573, 140517, 260281, 183175, 198250, 320505, 297715, 48636, 106768, 424796, 82112, 78329, 23567, 398395, 487020, 416001, 438463, 1819, 270992, 205499, 38130, 132771, 410969, 126898, 80695, 142817, 174477, 264863, 378859, 144675, 325900, 213231, 17196, 495390, 336374, 2049, 316886, 180624, 142239, 331760, 415315, 143991, 326548, 480025, 23577, 210573, 205916, 409845, 26947, 421598, 98222, 54920, 101994, 203467, 337169, 54043, 393821, 329379, 96221, 43103, 194890, 211206, 237907, 54489, 195909, 245128, 271018, 132008, 407643, 30539, 271403, 123497, 208558, 406638, 407483, 230296, 199425, 54869, 85296, 462104, 249466, 420526, 215454, 260590, 314102, 278601, 32651, 405841, 314535, 263687, 102358, 272953, 64277, 422989, 123220, 225256, 91947, 2163, 326282, 388582, 128148, 167449, 300132, 286783, 71584, 473260, 87839, 443269, 357519, 264452, 399579, 122184, 70137, 295423, 11988, 1141, 475169, 85024, 447800, 446347, 487917, 169414, 23545, 369143, 171266, 295141, 231339, 358222, 253476, 232662, 193785, 338282, 155576, 253227, 94351, 260687, 498158, 294879, 143356, 295059, 33968, 27551, 41182, 386562, 148969, 45304, 30069, 244207, 414277, 447740, 73855, 230650, 238610, 480610, 116311, 324983, 294196, 423411, 459520, 159438, 411057, 15895, 49717, 78365, 267990, 260944, 192652, 3253, 165239, 117044, 424488, 44214, 429897, 351816, 362963, 470876, 46511, 309573, 313968, 428453, 433099, 126076, 63127, 426524, 114334, 304245, 212129, 473719, 78813, 395679, 21236, 149233, 435318, 115050, 296379, 366919, 108353, 93080, 181395, 110431, 145581, 249316, 85351, 118078, 453645, 461309, 329519, 119730, 62283, 268546, 377154, 487766, 388126, 311207, 282803, 236878, 388819, 126769, 494869, 58256, 108503, 54482, 247970, 68293, 141110, 4689, 336446, 341002, 135933, 149799, 118571, 454686, 237600, 428242, 263872, 185414, 403498, 105926, 370183, 301116, 452998, 117738, 356099, 394167, 21368, 168478, 190270, 103291, 100819, 311674, 31734, 45025, 298260, 180695, 150946, 455028, 168637, 55587, 50012, 319515, 406499, 356256, 123593, 242832, 329958, 315028, 460230, 268636, 184320, 323620, 437482, 481698, 113970, 310442, 148030, 463572, 267991, 271334, 67331, 76338, 37141, 34080, 122653, 348833, 26509, 398384, 340513, 433907, 200125, 107354, 79126, 252088, 392016, 428650, 481264, 312838, 410793, 421586, 145279, 206380, 276008, 382089, 223955, 240251, 402953, 2863, 327981, 230593, 284552, 62810, 184574, 112341, 150418, 367243, 491231, 177450, 246748, 447063, 264094, 117106, 290882, 478715, 317889, 1534, 126262, 485835, 116829, 106155, 83925, 488575, 354790, 132012, 7791, 370990, 68458, 62878, 195673, 451165, 198476, 117773, 156215, 311962, 437791, 195420, 168315, 447457, 183016, 329515, 215668, 286685, 247669, 386266, 38838, 86655, 486941, 70854, 364298, 389198, 479855, 85560, 50478, 85464, 420979, 94459, 93599, 25635, 131047, 36823, 434080, 2795, 418343, 61047, 206946, 54371, 106182, 279446, 47292, 23188, 12372, 210478, 437460, 263170, 461151, 342833, 97011, 320213, 486852, 493144, 205303, 321909, 19618, 432076, 16175, 269586, 88450, 153599, 314066, 82781, 321174, 158693, 448941, 103609, 319082, 427844, 85576, 485635, 414073, 93454, 108678, 33849, 477026, 101717, 232367, 380335, 67299, 152855, 143399, 390103, 372493, 381911, 249856, 85169, 39289, 327039, 387423, 360146, 27536, 45189, 13764, 35531, 183199, 134525, 107268, 117044, 221509, 385553, 31389, 145124, 90726, 380044, 276348, 357829, 358160, 475678, 266253, 328502, 5811, 244629, 439492, 467266, 481241, 307050, 7835, 369602, 324752, 440579, 215067, 413474, 106695, 417414, 465147, 268297, 219300, 235773, 137431, 126498, 422835, 498700, 213064, 323663, 88425, 303574, 88343, 478501, 478176, 121502, 300351, 57479, 154258, 149157, 73651, 372621, 383454, 27354, 102592, 412164, 490896, 414654, 449730, 156865, 86891, 107317, 173609, 96320, 413950, 335503, 66462, 440435, 497137, 333998, 424755, 361082, 435013, 83463, 498006, 212361, 428608, 60389, 432140, 210414, 250804, 355014, 444645, 172753, 355581, 329894, 406927, 239204, 204233, 406784, 230914, 137043, 108428, 168822, 264900, 80824, 414938, 76873, 368469, 276787, 148257, 186031, 149874, 188850, 183349, 385951, 157271, 445127, 374417, 488117, 417359, 59101, 450434, 178693, 442702, 137823, 285400, 305124, 392093, 229171, 282297, 71602, 139178, 392969, 191616, 177850, 148164, 91587, 309614, 354620, 355585, 307672, 105491, 441778, 439786, 134009, 52857, 10467, 206295, 81429, 226015, 108881, 46991, 44070, 334209, 199285, 134713, 490949, 57656, 474165, 100268, 167838, 460992, 177719, 278558, 367716, 124736, 365014, 341135, 404685, 219103, 187368, 126849, 186343, 85550, 458608, 397390, 27537, 90042, 291427, 233997, 353919, 70777, 205757, 196457, 471493, 384978, 60421, 21688, 188258, 267420, 478188, 55593, 317056, 213661, 254252, 437754, 8154, 114442, 1331, 398411, 411951, 154664, 376781, 210129, 311849, 312663, 185595, 284607, 406149, 232637, 303828, 286510, 355938, 54613, 299513, 296241, 67171, 431963, 109051, 303347, 90490, 480434, 469092, 390625, 191461, 226709, 261531, 222690, 272299, 166922, 451311, 283996, 361580, 251685, 454540, 442327, 1575, 146713, 128230, 477608, 73501, 24103, 280412, 344624, 208405, 331134, 60092, 389622, 381447, 252121, 305352, 423572, 19590, 408904, 338370, 392485, 29840, 40445, 217067, 106786, 41049, 264328, 96646, 133312, 285513, 421314, 70631, 252202, 338973, 190191, 166719, 269502, 30376, 454868, 442002, 338451, 204805, 390629, 347308, 249886, 433028, 109693, 344519, 240932, 65678, 392594, 56361, 54120, 289406, 334906, 63280, 278559, 457866, 144803, 376931, 77603, 787, 447897, 368559, 386928, 499919, 431030, 371435, 481899, 150511, 344541, 433994, 407903, 455830, 391249, 494034, 310372, 13264, 157197, 451697, 298984, 333313, 451823, 28425, 106321, 450994, 174429, 398761, 352416, 370297, 31140, 315429, 301233, 249466, 165117, 413325, 487405, 217368, 123182, 453113, 105472, 69209, 427537, 436688, 243131, 424177, 467431, 309861, 212329, 305484, 339799, 378710, 171095, 437430, 170522, 18629, 115649, 96686, 306726, 256075, 53709, 493516, 39720, 434312, 278154, 210855, 391858, 248747, 349562, 482631, 115177, 278542, 128084, 371355, 88662, 139947, 329672, 437404, 205491, 391798, 274340, 55932, 19358, 248874, 217589, 13467, 136510, 455075, 12722, 170731, 380113, 434096, 36444, 39912, 469132, 256193, 350146, 136311, 83940, 164618, 208688, 395529, 247064, 336342, 359450, 482973, 64842, 179725, 153035, 352211, 231372, 238077, 313211, 253790, 374619, 123161, 181672, 339607, 319095, 63370, 156932, 153199, 115108, 401219, 330463, 47778, 263475, 178360, 95160, 256854, 39559, 271962, 279571, 327716, 375206, 243722, 47308, 22097, 458255, 20780, 82148, 490800, 143460, 201380, 323767, 192390, 283021, 343520, 115201, 421876, 105520, 389500, 78178, 492436, 24910, 307784, 176247, 104918, 346408, 205265, 185518, 79791, 183276, 281055, 11935, 418353, 394545, 296095, 147311, 321826, 467312, 184959, 107227, 189725, 440327, 440592, 347563, 151901, 476991, 391695, 298018, 2098, 486493, 118177, 185076, 398548, 39905, 145426, 416049, 222583, 462258, 314217, 347090, 454573, 337141, 323132, 410726, 453381, 71109, 353848, 405703, 96810, 32775, 190587, 109151, 85505, 126080, 442351, 67439, 166517, 1929, 200345, 281258, 394679, 187472, 287896, 44856, 8868, 95742, 44731, 473551, 61596, 402609, 72747, 58960, 450462, 37926, 282676, 176236, 178705, 285310, 103040, 437869, 464713, 52330, 7475, 453195, 250305, 195118, 124375, 484567, 419063, 32259, 478738, 260833, 331276, 429375, 317920, 365290, 412273, 311652, 89738, 262310, 485110, 399441, 110724, 30506, 106038, 314455, 449161, 221182, 123278, 219212, 278627, 72442, 43330, 353174, 473346, 223997, 97004, 292367, 313704, 136326, 431637, 345020, 250863, 50856, 288372, 364009, 130828, 223699, 363942, 91328, 186535, 327374, 344630, 65450, 62589, 9231, 341955, 388036, 10314, 188262, 485938, 177779, 427571, 469685, 470824, 429039, 490154, 56644, 268100, 263216, 448794, 118880, 93061, 262540, 22775, 420040, 324809, 379480, 221459, 217000, 145079, 179218, 172165, 87753, 398598, 440749, 351529, 46419, 51241, 442914, 90095, 38527, 260197, 314451, 77168, 65896, 76149, 297471, 164662, 463602, 109059, 186966, 100135, 326414, 418572, 121553, 90872, 445871, 437919, 394347, 333114, 284899, 484629, 20189, 180871, 186994, 3847, 108634, 441105, 364103, 180945, 376289, 44769, 296096, 407318, 144417, 133373, 39445, 458523, 297134, 381450, 53466, 336249, 470244, 53397, 443014, 50839, 258355, 162315, 8855, 335734, 279935, 299204, 280029, 356626, 413240, 339616, 213873, 371682, 164029, 20032, 338940, 49312, 137105, 455815, 347593, 22593, 54066, 175323, 400455, 159014, 182699, 285009, 40404, 128374, 337638, 400338, 71595, 479160, 84806, 449883, 319446, 395384, 411067, 371322, 474887, 256089, 227596, 48390, 95331, 33005, 274528, 237277, 185695, 322037, 364817, 288687, 189159, 25820, 206213, 45782, 147305, 488234, 146262, 330035, 35673, 33867, 233563, 80380, 289148, 260640, 188095, 408746, 389083, 277247, 387028, 207943, 255459, 393546, 125171, 70828, 5026, 49828, 387433, 146595, 232297, 163099, 29486, 52405, 153685, 471573, 84780, 52004, 40177, 6873, 107008, 393094, 457207, 36863, 436719, 111831, 258830, 274140, 26918, 86372, 210974, 461874, 273625, 149104, 451772, 39661, 398817, 205431, 348747, 282929, 338151, 177520, 83388, 310948, 357082, 154466, 267602, 70482, 439546, 151389, 441198, 235282, 446143, 436824, 386336, 289084, 284825, 212441, 6227, 279211, 199135, 127404, 294296, 120174, 72232, 27782, 31819, 222951, 273595, 400859, 373446, 484469, 12547, 259117, 20252, 76733, 24150, 354458, 315286, 23353, 218877, 473831, 30566, 383862, 18231, 226078, 352465, 385754, 217807, 304249, 113941, 428095, 371600, 170252, 86631, 426657, 178610, 355855, 346780, 260533, 405593, 266262, 476066, 369046, 140292, 17364, 197711, 112723, 47180, 138604, 293435, 223609, 357853, 321132, 301924, 55108, 98060, 187266, 144583, 197135, 442858, 39069, 484297, 84325, 404133, 46661, 431509, 263041, 133011, 385668, 409376, 384643, 443179, 389780, 374387, 423738, 55401, 240151, 189080, 149522, 213709, 338657, 429840, 157931, 12486, 26145, 40433, 259873, 228656, 113084, 343651, 19272, 69055, 115436, 312559, 459728, 322433, 86955, 188605, 419264, 167041, 53693, 338649, 293990, 239829, 220231, 77116, 42020, 229716, 20449, 68408, 488359, 190589, 302546, 329636, 190751, 301667, 335719, 181611, 113502, 281650, 144719, 179898, 83392, 195098, 97573, 200470, 337727, 410185, 349798, 158409, 100808, 294424, 159097, 130348, 115203, 338987, 361770, 481594, 353173, 497699, 267765, 68984, 182752, 13513, 304404, 496520, 323784, 290533, 193440, 72643, 233440, 276519, 158190, 257195, 147937, 22552, 139537, 69893, 112458, 493787, 381610, 373097, 302380, 294188, 295290, 265444, 22823, 207635, 420629, 481281, 16090, 293895, 311842, 461217, 179831, 461160, 334749, 51607, 73706, 203132, 79169, 25845, 25666, 181608, 214006, 45983, 386060, 341834, 32521, 435198, 230046, 229947, 122088, 383205, 170559, 394771, 181213, 340574, 199286, 207981, 284927, 310426, 406095, 62480, 28202, 137708, 426231, 472717, 127520, 158494, 178134, 323558, 20312, 411371, 66312, 43632, 428964, 495198, 142406, 239026, 366136, 165264, 157195, 286205, 52828, 121508, 146035, 224896, 311208, 235778, 87439, 142504, 376353, 308425, 270150, 123363, 84799, 254067, 352926, 197427, 144228, 182776, 97972, 8261, 157431, 44003, 295276, 398313, 241915, 67667, 486021, 329579, 220878, 161680, 162546, 354759, 196369, 485075, 257881, 5546, 463388, 478150, 372647, 47615, 318257, 379737, 86222, 474779, 26637, 100563, 287355, 151331, 151021, 368031, 35740, 335415, 191660, 154182, 333653, 360677, 167531, 156915, 249769, 425486, 195513, 376283, 17902, 236461, 26652, 440411, 163602, 136093, 469520, 396890, 88904, 279401, 269956, 313220, 391249, 225897, 434991, 119465, 351473, 325408, 194517, 49352, 47833, 471740, 307149, 472089, 416025, 124417, 346675, 84089, 34389, 187362, 335218, 439163, 323806, 49713, 39300, 264628, 411754, 121590, 498751, 67393, 17606, 453707, 1561, 17084, 278064, 52436, 53522, 311998, 412773, 221593, 11562, 38701, 127349, 339477, 75189, 61667, 233118, 69072, 425159, 148132, 460570, 7993, 449541, 57822, 277601, 44300, 277729, 125092, 232880, 147352, 348798, 474668, 387305, 401039, 210406, 233271, 375938, 411997, 257013, 166567, 114249, 371486, 327047, 63816, 461420, 16281, 328566, 370705, 31365, 157995, 65446, 243159, 405270, 123354, 415266, 131440, 290662, 46389, 468166, 134291, 489435, 144143, 187984, 101661, 347624, 228679, 81427, 444325, 164654, 221708, 377944, 488069, 270553, 425208, 164905, 268825, 57645, 93589, 445016, 100623, 247791, 251399, 264688, 63576, 206352, 348334, 386922, 121621, 150327, 257944, 142547, 28001, 432633, 305861, 183492, 465127, 231689, 89022, 25621, 28466, 418020, 381761, 132229, 189849, 481165, 411764, 22558, 105635, 117931, 156256, 125015, 256539, 463942, 11163, 351087, 323386, 57368, 492315, 406329, 101214, 331832, 345691, 432135, 208136, 114874, 96987, 229181, 18610, 463436, 56077, 270735, 425984, 418341, 324012, 358942, 113180, 102266, 111468, 19498, 460707, 431949, 224329, 134967, 4509, 185413, 133067, 112835, 372624, 99474, 110482, 172819, 189915, 248280, 157569, 393684, 414007, 331918, 77826, 175128, 72666, 211287, 430923, 183243, 87655, 485878, 14342, 369894, 444025, 393304, 211005, 413352, 443098, 283345, 176351, 428644, 20117, 12128, 138588, 36033, 387985, 292745, 283113, 160327, 419673, 4472, 488888, 102015, 256401, 131727, 61473, 25286, 30295, 242833, 342805, 234598, 353137, 86920, 298988, 144307, 176808, 247046, 479531, 257447, 290712, 129748, 353845, 154913, 70136, 130187, 343108, 425135, 73079, 84634, 424138, 55735, 119911, 81693, 497207, 452269, 248272, 122331, 31920, 465568, 492109, 400427, 284088, 53524, 295760, 23930, 162692, 168824, 456645, 347572, 90207, 343276, 498036, 53487, 95467, 123035, 485768, 287083, 225449, 365185, 64776, 2171, 212521, 412785, 335288, 266028, 162102, 133548, 218373, 324799, 472450, 489407, 13919, 134027, 313671, 410235, 386433, 428314, 230392, 434218, 306051, 303331, 62778, 314309, 447754, 233990, 373362, 50456, 482548, 357279, 196597, 99417, 93801, 5607, 144760, 442468, 80906, 16965, 293292, 293817, 8832, 128682, 374404, 81701, 18781, 444068, 63672, 434497, 178593, 11623, 482405, 162296, 121679, 498482, 428420, 300195, 374131, 490472, 242103, 140302, 230408, 362612, 495717, 33091, 412954, 144799, 308910, 270319, 475820, 395807, 332886, 419826, 148737, 101187, 412806, 93848, 261178, 151708, 25117, 75310, 493789, 64351, 477756, 203028, 329875, 425939, 236831, 341159, 435850, 482129, 201526, 238393, 11999, 116203, 468138, 395093, 6909, 14873, 372987, 297529, 188801, 146739, 321689, 323919, 27452, 65131, 139067, 349762, 207768, 489231, 247764, 110027, 69622, 22129, 70950, 405201, 482025, 254123, 435565, 65550, 213774, 80179, 420053, 374452, 404844, 100579, 255744, 77697, 307294, 287463, 454460, 380000, 151112, 471293, 185352, 495196, 399425, 57418, 427368, 187673, 261434, 430615, 49278, 475460, 103002, 404846, 460901, 461590, 103483, 283474, 459537, 400470, 236560, 268710, 249840, 433255, 485473, 417465, 248066, 334429, 49, 227929, 121629, 79108, 15003, 40220, 315950, 37276, 258575, 9632, 295222, 382088, 325449, 198483, 409578, 423616, 15836, 80605, 470468, 193172, 434363, 452159, 11811, 488301, 480156, 269823, 181071, 194085, 419713, 311266, 156966, 139491, 269043, 119529, 327300, 251000, 315433, 315284, 21542, 297169, 75231, 143653, 241269, 93784, 498919, 277354, 84026, 220195, 419572, 6806, 472116, 64700, 394012, 118989, 290013, 341813, 108659, 467819, 355492, 16362, 268669, 364710, 186792, 50333, 286009, 334803, 76894, 38566, 112899, 102423, 301624, 228142, 107545, 266174, 16026, 47010, 47383, 329668, 88588, 153075, 498759, 315840, 300986, 40486, 152565, 427361, 341823, 398396, 417364, 275780, 54123, 158092, 397453, 480920, 499141, 427113, 361972, 56535, 55022, 35805, 58144, 149797, 264063, 39194, 53822, 200205, 180178, 461879, 399996, 146677, 431671, 51353, 132976, 107884, 264156, 98644, 158807, 491135, 176254, 298187, 35137, 190861, 267672, 340382, 173937, 123108, 266590, 219152, 311227, 385970, 151529, 169928, 210274, 137520, 216025, 65709, 8805, 208543, 171691, 483786, 374351, 304935, 294290, 167153, 133114, 125452, 4245, 130866, 404430, 364760, 271920, 414885, 58870, 346378, 305874, 176043, 52303, 382814, 491585, 27884, 80187, 77604, 482381, 283832, 378128, 46294, 488560, 383631, 310846, 112879, 92270, 379130, 229711, 78518, 466743, 305299, 277333, 71243, 472347, 305419, 181889, 160353, 378889, 273768, 365288, 79511, 215193, 49987, 186522, 86933, 428148, 212494, 138202, 137274, 88538, 70350, 217508, 90590, 438756, 227737, 470298, 286961, 95137, 54430, 220223, 268442, 275409, 195776, 92029, 191838, 83433, 495181, 405214, 251310, 376938, 131613, 54688, 119495, 23884, 380748, 265164, 121562, 109156, 187673, 355938, 485059, 245002, 41542, 227837, 175764, 334706, 273811, 453377, 346746, 234186, 380748, 174875, 20254, 19250, 374093, 175450, 458258, 262649, 364827, 258754, 438676, 402721, 86141, 178157, 427497, 103713, 229290, 454768, 234103, 308766, 37021, 260015, 355212, 119083, 80298, 436555, 56538, 342783, 387708, 205466, 319740, 105250, 422537, 218055, 45547, 70479, 274799, 358458, 393301, 445257, 272858, 155447, 350697, 319771, 180685, 257061, 143940, 401630, 415126, 276551, 68553, 14692, 323365, 326817, 378990, 158461, 499613, 483437, 134603, 303678, 5236, 8071, 300371, 265028, 470360, 242146, 183907, 369989, 429357, 23395, 444720, 134488, 72998, 426658, 445177, 142035, 170268, 361520, 8350, 23246, 393803, 178638, 239965, 419017, 457913, 48962, 313748, 119235, 492640, 230506, 329518, 457302, 489587, 110781, 123305, 291178, 498426, 34077, 168385, 273881, 250873, 276298, 240797, 161411, 174116, 60649, 121145, 250229, 322295, 215321, 44560, 27567, 262896, 191425, 324774, 176271, 450164, 384222, 189992, 173037, 147091, 460095, 457762, 434788, 7623, 145698, 445811, 300304, 364837, 186118, 352079, 406102, 229825, 58549, 421960, 451247, 414475, 87467, 104398, 267765, 479611, 255521, 193663, 422526, 49882, 247584, 202522, 219431, 407472, 377701, 268969, 123961, 252028, 127233, 37085, 281773, 426116, 376148, 37546, 992, 225241, 318793, 230692, 363623, 61103, 108429, 374500, 437146, 250293, 185580, 461619, 35084, 455251, 438389, 87376, 48436, 30733, 476278, 138276, 272219, 431018, 302223, 359634, 344580, 409639, 312218, 224901, 414612, 493404, 279150, 199702, 383120, 193588, 468464, 360260, 170739, 217231, 351980, 492430, 188717, 116795, 148747, 229025, 218116, 175126, 111108, 495387, 196739, 253891, 305484, 297095, 488200, 78249, 8863, 316822, 308263, 175307, 408777, 233071, 471889, 215103, 138965, 271812, 39682, 435285, 223866, 104525, 290942, 410879, 309035, 444916, 384747, 59470, 210376, 450456, 149804, 266878, 133975, 149684, 106114, 455393, 246650, 414688, 53653, 400064, 132030, 256799, 344964, 413411, 252605, 258503, 436640, 118390, 240716, 6361, 11297, 476429, 184650, 273580, 127413, 475337, 353497, 28726, 6066, 33153, 401769, 355260, 153283, 39261, 90718, 132762, 448616, 383954, 349187, 244498, 495138, 373797, 77250, 136023, 254059, 470784, 443851, 100523, 37860, 331923, 64915, 114015, 351105, 379602, 390413, 189199, 355566, 348231, 81987, 444922, 198018, 166691, 165708, 199002, 116050, 83669, 451047, 241061, 347581, 191363, 211356, 371436, 70421, 443674, 21341, 443466, 382715, 18420, 423463, 263765, 73439, 320649, 286753, 264488, 184617, 25791, 87232, 441475, 151110, 168841, 319707, 440992, 15825, 252254, 87773, 435277, 3926, 2157, 211329, 72858, 72240, 234772, 393646, 317238, 117425, 348215, 450032, 157630, 473293, 104652, 92955, 160131, 112005, 466153, 89531, 375181, 27102, 347617, 135172, 338269, 376466, 470377, 452595, 358731, 341290, 168562, 93587, 59205, 245269, 21456, 53707, 132519, 8853, 393677, 225532, 202206, 328556, 393625, 221397, 76068, 440317, 314324, 483048, 273283, 318073, 282277, 34236, 133126, 173177, 451618, 12715, 373598, 418361, 260941, 496276, 380354, 148293, 219362, 477842, 72615, 267167, 123625, 209465, 320956, 211490, 245958, 11729, 460124, 411887, 19532, 440947, 490016, 175147, 302403, 162403, 433518, 299676, 407835, 327729, 291485, 330696, 148666, 316016, 159242, 329902, 23668, 145153, 428631, 375727, 132105, 5190, 55540, 4191, 434373, 335732, 485672, 345372, 212413, 238981, 349400, 62979, 104687, 402378, 368365, 182036, 246029, 355794, 347385, 278402, 395949, 478032, 434591, 390084, 433423, 468, 278024, 419684, 443578, 144250, 222248, 347775, 161195, 139805, 306915, 75712, 50691, 180518, 79711, 1504, 222956, 109778, 79333, 454782, 291845, 468012, 366349, 133452, 186048, 271970, 211645, 92781, 104914, 274261, 112946, 123985, 62918, 423485, 69174, 45093, 46427, 179331, 21555, 167114, 364127, 57312, 61826, 189026, 248747, 37597, 135663, 253547, 99513, 429856, 350309, 75607, 428988, 64197, 271297, 190754, 319236, 215285, 50580, 456311, 179471, 493454, 255694, 242514, 95871, 282985, 320461, 454677, 40862, 489904, 482484, 429157, 232040, 172625, 169913, 408692, 90637, 432471, 85792, 487913, 17797, 275315, 185473, 84657, 467008, 17248, 325457, 368162, 316983, 420949, 46269, 387517, 456260, 442142, 389294, 394414, 453863, 476294, 446617, 99698, 359438, 367151, 15302, 474357, 302855, 315900, 379806, 61938, 235083, 300612, 396930, 322452, 153416, 60054, 51731, 203863, 29417, 340136, 52047, 313715, 309646, 120384, 308373, 400313, 428065, 252310, 452962, 36700, 462177, 30777, 438827, 263839, 976, 261730, 2273, 47447, 479241, 50032, 484443, 101827, 386803, 467810, 162734, 178340, 369764, 80736, 108851, 52867, 317855, 76364, 486815, 490630, 405753, 86117, 470537, 365782, 290772, 80988, 287724, 498917, 280236, 198677, 292648, 322556, 456405, 387593, 144289, 272127, 213312, 384135, 134218, 114148, 209406, 244116, 42069, 491876, 83791, 110388, 275803, 391743, 71279, 173785, 56551, 349475, 302310, 186647, 151314, 211966, 424162, 299551, 364891, 237862, 12517, 106305, 93570, 5877, 236274, 300798, 445817, 337874, 253153, 492281, 43169, 324881, 110290, 137684, 458099, 297833, 184583, 354696, 392080, 60055, 270537, 123151, 325926, 30615, 493546, 192309, 433932, 77836, 80519, 96121, 108700, 435986, 187823, 496509, 82334, 470570, 275181, 256318, 137314, 1579, 127118, 461274, 98461, 346313, 136642, 22014, 347265, 191883, 162003, 187380, 243884, 458448, 129649, 20991, 232156, 377957, 48430, 63084, 405486, 356584, 247491, 37781, 373637, 286336, 198840, 359966, 227365, 62203, 108077, 459267, 234265, 202141, 487372, 307481, 456672, 287628, 304301, 169794, 326403, 152925, 438292, 21555, 67902, 303870, 370516, 464752, 482034, 132527, 25022, 120727, 226106, 118111, 344029, 279277, 374349, 411990, 102293, 199143, 158518, 336418, 123029, 187658, 50540, 495692, 190050, 458825, 35912, 262391, 36264, 435211, 163535, 118264, 95160, 496075, 296863, 470254, 412553, 192557, 221007, 212509, 36245, 369503, 178429, 38222, 249597, 219077, 419946, 387189, 4938, 176291, 408195, 231824, 365381, 131344, 481193, 14939, 438710, 129955, 294046, 241935, 4223, 288685, 16102, 445155, 288027, 9431, 379209, 201303, 241364, 286958, 272127, 117994, 23812, 337504, 24957, 217449, 474714, 30580, 83105, 435413, 68140, 257276, 93823, 154429, 211513, 280940, 485924, 150484, 391766, 492713, 279415, 83107, 270354, 290293, 417314, 159263, 103119, 336834, 162475, 316815, 156886, 56070, 21596, 495783, 429572, 290380, 445206, 128352, 199526, 34610, 98858, 219963, 279082, 204189, 433045, 347155, 414542, 220508, 252648, 466426, 312139, 1241, 75548, 397604, 343183, 157672, 336398, 293399, 426900, 198794, 253420, 36640, 425873, 55791, 410251, 163096, 31491, 490992, 257055, 128285, 359599, 105445, 427746, 168653, 174475, 432616, 142253, 280770, 308951, 142618, 498405, 352607, 44210, 84840, 411704, 377706, 465408, 374238, 481753, 41301, 100100, 242533, 129946, 25860, 149241, 326973, 214572, 243338, 297715, 413873, 34220, 71294, 12398, 184565, 209355, 120744, 499069, 337055, 269294, 425380, 6926, 42004, 219444, 332684, 19743, 445048, 87950, 338539, 471667, 365295, 184673, 453597, 299609, 275729, 187519, 397891, 327111, 198436, 148356, 293935, 410551, 79058, 386757, 107319, 9873, 231855, 77165, 493523, 155792, 109491, 148516, 405461, 18222, 31213, 239131, 49613, 491838, 110856, 292044, 21080, 254312, 258387, 268230, 98905, 71813, 61520, 58330, 311273, 393326, 276823, 217811, 227638, 495471, 373914, 215229, 408773, 378846, 447028, 407532, 139723, 186554, 69712, 167050, 226697, 293414, 490928, 130805, 131386, 325331, 139454, 23080, 307140, 303234, 9950, 195494, 281190, 201334, 203420, 245646, 233860, 172470, 495991, 371311, 107888, 159092, 47384, 111349, 85851, 174525, 447694, 404514, 22991, 78957, 423580, 7449, 174447, 367579, 923, 431235, 476734, 64492, 261298, 24167, 126666, 86793, 309783, 12094, 202845, 391037, 89150, 446511, 432303, 207209, 132749, 29028, 347320, 41315, 441596, 239463, 251305, 10457, 398700, 416309, 393702, 210232, 329019, 152826, 152518, 446957, 221280, 485016, 479870, 184682, 410079, 125490, 295639, 34215, 328244, 461308, 485305, 60003, 132320, 389929, 381469, 429124, 101805, 228546, 116421, 282809, 362357, 240724, 209055, 460622, 350638, 46024, 84007, 202437, 472955, 246908, 412576, 262979, 73767, 116151, 1369, 212988, 486803, 483345, 328353, 221904, 461819, 35195, 186074, 137217, 178781, 245584, 46008, 192680, 5607, 174372, 169961, 220767, 420242, 124243, 419924, 173138, 156317, 371075, 115587, 88249, 289748, 204103, 316454, 42537, 171916, 368454, 165601, 277386, 144992, 95000, 431235, 205807, 401362, 363048, 354755, 188477, 272640, 204913, 417529, 201439, 260572, 335219, 404708, 259656, 98045, 137341, 177356, 385257, 475705, 184767, 205269, 259627, 436999, 175344, 14525, 134835, 43447, 223886, 477284, 72355, 86420, 107496, 80365, 398707, 238883, 193576, 381531, 435516, 496811, 186751, 218058, 458220, 325494, 243369, 212538, 281122, 376620, 78757, 218396, 294903, 290990, 232120, 319053, 272540, 180618, 491884, 63324, 383253, 46032, 192078, 44426, 122659, 261928, 111697, 106725, 435092, 405849, 301666, 398556, 35845, 295975, 322048, 448750, 280940, 382069, 8506, 123901, 296169, 263418, 56077, 368738, 26319, 172773, 474248, 446959, 56268, 40778, 405548, 78161, 237652, 43730, 415094, 309648, 173322, 114929, 209854, 191028, 196345, 45486, 378173, 204266, 387581, 138411, 340145, 382405, 92389, 108118, 33760, 120168, 427372, 30815, 62841, 408522, 243002, 277092, 262222, 301030, 441181, 41515, 272342, 444295, 70251, 60216, 212905, 216467, 161919, 187472, 208759, 283522, 477412, 376714, 123758, 116025, 447382, 204865, 316451, 116735, 359964, 405477, 441991, 83719, 250165, 292792, 488607, 374607, 382146, 124330, 49744, 230705, 224304, 292719, 458470, 73665, 427902, 198717, 283056, 61444, 60935, 221130, 450819, 201175, 448444, 492106, 280103, 402526, 203302, 47478, 143340, 198878, 23308, 290412, 65371, 254480, 474173, 8186, 479321, 267994, 475213, 437529, 148634, 225779, 25052, 31679, 107508, 348685, 461123, 488225, 190651, 328860, 430642, 437424, 82420, 459659, 283484, 132622, 209535, 54031, 87950, 227105, 11656, 235183, 168365, 2113, 456999, 441542, 112722, 287959, 43453, 54294, 13007, 361185, 373533, 119932, 449384, 29571, 115347, 483642, 91545, 31081, 267345, 218652, 184840, 95604, 88317, 267050, 338650, 87269, 180287, 186767, 285600, 57736, 139265, 313333, 259643, 390198, 389642, 142879, 452483, 463990, 167662, 242650, 111164, 429553, 298180, 410063, 181716, 223388, 103577, 188828, 472956, 338686, 161382, 382662, 407534, 47355, 430045, 10864, 49239, 128775, 65470, 121402, 357470, 107395, 221682, 437028, 275160, 290400, 385179, 373100, 49356, 455217, 466235, 47114, 54375, 431413, 363937, 298528, 400270, 292946, 243940, 183543, 497733, 251076, 107392, 439178, 359568, 149437, 139923, 160141, 422303, 465275, 345856, 215706, 69680, 85613, 495124, 461136, 206113, 65120, 225470, 233415, 102576, 5674, 314509, 200150, 409313, 257954, 86052, 198376, 243065, 256579, 376805, 141544, 255925, 460227, 242821, 358550, 301970, 140132, 8182, 76385, 257726, 230152, 260294, 437092, 419061, 111063, 83396, 308864, 265455, 165650, 448004, 202172, 487372, 359864, 327139, 471056, 222176, 432720, 156405, 78585, 85751, 74245, 293493, 168392, 364557, 250624, 45028, 133620, 312656, 493678, 385291, 84311, 175732, 254191, 420792, 131730, 380374, 366417, 483275, 455387, 48970, 76930, 193141, 372414, 485246, 177499, 382031, 11212, 206621, 86388, 160997, 343296, 399032, 197440, 419519, 192713, 364400, 177705, 147743, 127126, 458611, 314645, 730, 375810, 272591, 290685, 114655, 125630, 184746, 286844, 163310, 14719, 36836, 63385, 168282, 170545, 62513, 123875, 284578, 203013, 482978, 440389, 296528, 171222, 398846, 447886, 303685, 174696, 296176, 220074, 6265, 416723, 482769, 355114, 317516, 79439, 239018, 416478, 227500, 245020, 111056, 171583, 123367, 47707, 86560, 319435, 288223, 213011, 490187, 81445, 432420, 355107, 92361, 142803, 55934, 193439, 209632, 220854, 176272, 1168, 323649, 145559, 248752, 343971, 436809, 214926, 328761, 375536, 250150, 151633, 381786, 208719, 423920, 493476, 465172, 81977, 301495, 207694, 108131, 42848, 246804, 425603, 408236, 459025, 119080, 439616, 358076, 382621, 308870, 65645, 450740, 73304, 131989, 312296, 495828, 222714, 251204, 217974, 409993, 93187, 79175, 264972, 456109, 86364, 131067, 132694, 28228, 237302, 85781, 457866, 380962, 395893, 455109, 388450, 159157, 117227, 107861, 439327, 64, 177881, 60883, 5971, 310833, 82295, 239910, 489749, 217344, 206526, 393121, 7502, 273156, 34763, 354444, 129253, 47364, 166342, 335191, 263756, 342492, 469766, 445895, 420994, 275656, 301289, 361237, 271343, 194316, 192153, 420538, 371678, 412031, 149759, 455015, 143307, 399091, 264974, 265349, 451509, 132197, 435758, 225932, 411768, 249962, 112098, 276693, 104397, 1903, 235045, 237949, 478400, 125809, 62953, 259672, 246805, 498633, 159818, 315461, 296148, 439854, 462264, 122592, 400021, 342348, 178960, 165154, 490216, 374203, 109744, 234348, 79998, 484618, 338046, 414162, 53986, 438618, 460264, 444081, 454365, 121922, 365632, 111578, 141085, 71119, 229095, 417802, 294553, 346438, 317128, 260466, 293891, 2378, 106390, 229070, 45965, 478910, 98566, 114507, 363376, 75462, 150343, 5623, 55752, 176944, 61344, 118539, 422463, 86369, 200610, 333772, 77706, 202881, 97952, 387105, 284997, 112570, 426473, 126149, 98325, 214296, 488767, 372950, 51077, 317969, 391815, 234627, 270106, 300815, 384594, 186546, 241067, 390739, 203613, 362195, 394324, 335085, 299459, 58172, 473990, 32550, 400364, 98044, 389026, 109317, 459311, 457024, 339126, 279822, 434065, 249172, 253933, 332678, 335031, 20191, 27228, 286189, 117819, 398837, 247999, 319980, 198807, 219056, 214881, 262066, 187123, 332033, 416664, 470883, 18510, 274183, 50976, 210003, 49201, 10093, 299890, 324992, 214209, 377753, 39673, 42456, 299193, 77302, 71471, 440064, 310395, 199228, 4438, 110049, 33073, 27688, 327779, 425644, 367100, 371065, 190300, 350182, 398739, 238132, 27851, 94161, 337521, 63855, 231971, 271348, 213149, 91610, 312491, 2085, 212877, 458295, 358400, 252644, 55184, 160181, 454305, 312934, 214891, 195781, 174989, 248084, 105120, 355698, 198958, 12232, 473410, 98089, 406944, 265104, 286183, 124774, 151629, 446492, 266273, 351812, 358795, 488342, 153233, 121935, 212536, 431295, 80752, 32470, 450253, 244404, 151264, 80242, 482562, 226686, 65319, 330466, 69728, 46472, 22165, 477663, 299356, 68797, 93815, 168715, 349112, 272062, 2731, 117781, 315608, 126467, 334998, 195129, 243367, 134682, 375091, 238948, 474865, 248493, 120016, 87558, 367527, 384378, 465852, 384761, 332710, 242618, 258650, 277364, 496160, 180540, 117132, 43402, 84586, 14167, 119092, 36979, 27290, 431062, 287465, 326395, 467350, 456137, 444949, 390978, 232827, 126247, 389873, 412832, 311326, 184745, 414718, 487636, 421488, 452810, 179800, 110764, 396090, 27229, 133139, 259787, 111973, 46994, 442181, 178804, 26460, 238192, 430246, 344594, 427511, 47165, 137480, 91061, 493448, 2754, 64861, 368337, 393942, 458304, 450512, 120914, 260345, 60459, 392232, 460347, 428091, 432319, 438510, 273345, 216446, 318334, 120652, 440532, 404028, 398100, 202905, 139080, 312837, 455493, 442026, 28834, 134295, 54036, 412489, 231391, 162213, 174800, 478933, 18264, 239954, 302963, 479806, 331290, 374498, 437382, 355865, 347072, 316603, 173037, 217291, 266653, 84014, 19569, 193997, 487176, 401770, 396896, 208961, 259138, 161924, 172456, 365872, 484257, 277844, 20896, 88774, 55505, 92265, 252838, 198374, 66539, 88641, 87326, 80875, 37756, 235155, 445460, 332124, 222671, 305944, 291035, 463593, 246616, 65860, 98966, 56027, 188133, 271408, 261257, 167122, 366911, 207085, 178728, 300824, 244371, 411415, 369893, 277076, 206468, 5007, 331846, 491196, 100309, 104983, 26489, 390231, 221331, 277777, 103460, 180489, 200097, 288573, 191674, 359068, 168315, 383012, 132192, 492017, 483199, 463896, 136032, 331614, 223073, 324956, 435411, 474036, 476892, 363396, 385494, 303613, 327786, 222388, 297995, 177841, 69527, 498231, 450770, 412090, 86649, 232533, 77863, 121406, 27945, 98614, 113950, 176742, 367419, 375050, 6081, 437942, 7897, 275486, 88135, 167111, 60867, 484519, 257635, 55963, 454357, 138198, 63964, 459411, 417467, 434334, 13574, 374622, 172239, 434388, 185710, 306985, 262401, 184749, 288930, 318079, 244354, 262327, 199048, 100862, 24912, 160589, 291011, 286435, 17204, 371014, 43376, 132603, 403573, 438463, 148163, 469889, 352678, 137134, 479539, 176810, 364235, 251027, 347120, 5937, 81477, 426183, 320733, 386590, 33322, 314498, 55285, 325503, 461039, 113261, 326013, 432014, 67592, 269653, 222378, 110721, 403307, 317059, 138561, 251450, 390869, 423831, 157092, 254684, 32849, 486350, 221223, 391984, 15185, 435588, 412418, 347594, 81769, 418757, 259380, 37927, 215482, 370735, 63511, 161341, 310548, 331216, 414630, 400108, 127658, 473798, 460031, 64735, 18687, 263994, 243958, 66329, 271885, 74166, 474741, 18685, 111359, 396850, 90656, 114308, 65924, 31096, 152164, 264423, 376615, 322469, 417169, 280716, 218350, 312140, 288125, 142556, 57811, 475349, 194591, 47290, 398244, 292988, 410590, 285427, 156582, 451693, 83317, 474946, 307813, 278800, 225936, 399388, 210985, 36320, 81997, 247434, 477645, 145226, 133874, 427235, 429601, 73237, 453228, 189237, 301014, 40860, 71872, 324456, 66568, 308513, 169552, 77939, 150635, 198063, 437086, 382103, 313124, 4468, 280504, 318576, 288112, 253262, 407595, 152823, 256289, 281662, 155957, 156977, 244965, 111083, 369632, 242610, 446703, 245114, 183134, 87070, 287653, 59207, 43877, 110595, 121917, 358599, 299179, 343695, 405042, 480267, 247631, 416064, 93, 404073, 449117, 21198, 407122, 97022, 285719, 258211, 17484, 101891, 445461, 76909, 321529, 230324, 236804, 217192, 181380, 47755, 391116, 312444, 455982, 310212, 190597, 145172, 473062, 14597, 190215, 292625, 204991, 389832, 89437, 45199, 286786, 87578, 416788, 253027, 161117, 46509, 82297, 187014, 194543, 93895, 227067, 282845, 387229, 232901, 193993, 116555, 151229, 464726, 79326, 479774, 235700, 143735, 321394, 454672, 396360, 493536, 141690, 88561, 213186, 347409, 6313, 423265, 464879, 238215, 56848, 340047, 18515, 336012, 372896, 4074, 296116, 429358, 200048, 301753, 161547, 88746, 326901, 24162, 84771, 11903, 111219, 50378, 229194, 33745, 302081, 3030, 154973, 232865, 98636, 243955, 216700, 222697, 202719, 473085, 441495, 2285, 294033, 43981, 420550, 111125, 476595, 395916, 52926, 247431, 408163, 228882, 197971, 479129, 260465, 123978, 395667, 128292, 373472, 66202, 465042, 392426, 428677, 66782, 498804, 253277, 216342, 95017, 455554, 62967, 5586, 6900, 275133, 71707, 144046, 388406, 112922, 266510, 28133, 127510, 204445, 484260, 453847, 66587, 242242, 182537, 53629, 30316, 494462, 415611, 225246, 186459, 27339, 452831, 289983, 59333, 213574, 66784, 86329, 234695, 474614, 204263, 353643, 191630, 42535, 76848, 215703, 243276, 262291, 120885, 24556, 177065, 72603, 306509, 211450, 193839, 154993, 189317, 156490, 303419, 143613, 386067, 497663, 44449, 7392, 440582, 145968, 59390, 18013, 360205, 445748, 156686, 17644, 219275, 479937, 267337, 31263, 275361, 141710, 316919, 411576, 298094, 330201, 444694, 412037, 437802, 197057, 228627, 32728, 223705, 34772, 40941, 28454, 130681, 471146, 42778, 85215, 424201, 120434, 417215, 358413, 484863, 240234, 174428, 176628, 29416, 255418, 337182, 419690, 299805, 160865, 318071, 338326, 305778, 392645, 34809, 442025, 273179, 93122, 482080, 493162, 164239, 291348, 96966, 65912, 474030, 12887, 440628, 301608, 429329, 13, 70847, 176510, 195134, 490895, 385755, 495244, 344032, 99290, 217996, 8125, 371469, 491519, 378328, 360513, 35696, 272988, 149672, 460437, 249282, 25262, 459356, 49476, 257027, 441494, 168706, 220278, 148391, 388189, 455390, 38521, 454666, 233627, 90621, 460220, 11029, 295296, 216307, 479344, 121892, 209625, 50997, 465100, 346378, 105798, 454729, 200700, 227546, 261954, 311699, 153329, 251993, 206722, 390003, 90316, 321270, 431328, 489260, 90785, 315324, 1934, 175940, 273357, 48657, 491902, 76364, 465861, 482688, 222832, 259737, 398452, 347498, 426949, 161051, 13388, 274125, 192178, 201036, 170235, 155111, 353891, 271773, 43189, 428804, 141493, 207720, 114345, 50436, 274178, 370254, 475048, 77793, 210689, 479927, 307019, 38838, 295144, 222657, 40518, 302396, 297141, 121391, 68625, 483278, 294595, 437068, 170814, 73354, 453987, 465349, 223906, 332369, 75470, 242887, 170467, 201258, 26896, 31634, 275211, 387723, 482928, 86712, 476937, 389023, 278721, 302717, 412241, 445699, 344267, 88215, 418874, 300317, 394142, 309958, 145818, 485066, 333965, 142704, 323, 71906, 294639, 121665, 423103, 404620, 294056, 214472, 60025, 371410, 28233, 23898, 310090, 463214, 317015, 338250, 358435, 156263, 59791, 125746, 6273, 456529, 208796, 17820, 168971, 422619, 257178, 203155, 443461, 74982, 292175, 33238, 389493, 332125, 165200, 386905, 13008, 285187, 101829, 267560, 433957, 283382, 244196, 65541, 240281, 120787, 134917, 421944, 26511, 143367, 497419, 454567, 178172, 431987, 118561, 2858, 215766, 187789, 124010, 4148, 63112, 68837, 322679, 359723, 460658, 473239, 79161, 21620, 317291, 463980, 133925, 471298, 173907, 387405, 112881, 203550, 193054, 114617, 102249, 161060, 429364, 224705, 311809, 269153, 370790, 252389, 164432, 251929, 483355, 125984, 157663, 233890, 26201, 325187, 300751, 82702, 433418, 359556, 127236, 130644, 455795, 170954, 155031, 389958, 332287, 233792, 483238, 305581, 167931, 43093, 247940, 373183, 371393, 177277, 425880, 223920, 473242, 462691, 496088, 398658, 287469, 453571, 173676, 35145, 276818, 70947, 197979, 303996, 420804, 250040, 51129, 367824, 59837, 133877, 21659, 408662, 445947, 48872, 110122, 418791, 357303, 159125, 134393, 371353, 116812, 71512, 402134, 350953, 313896, 381525, 142208, 423344, 164285, 254407, 68735, 162720, 445054, 461898, 203889, 90920, 377701, 411206, 352428, 405334, 232181, 322193, 98725, 83836, 475319, 370937, 412901, 177186, 435591, 208804, 267468, 331539, 6339, 167568, 122621, 499841, 417248, 458683, 140117, 289791, 258367, 115606, 180601, 475603, 83191, 173584, 58069, 437849, 177133, 67164, 488512, 91805, 149202, 410204, 152546, 298614, 176757, 469727, 173690, 383565, 146038, 184909, 209040, 348270, 187175, 110611, 481530, 461256, 1457, 205009, 431377, 72536, 100303, 248904, 499118, 92652, 469229, 456078, 367806, 257711, 451537, 466125, 399706, 410954, 74366, 151759, 195404, 390992, 481988, 418590, 63940, 58163, 36787, 129517, 458826, 251575, 177238, 89691, 343871, 27903, 201489, 147056, 90122, 309187, 418868, 316913, 395286, 446335, 256593, 231504, 215110, 200557, 169192, 226004, 65110, 114658, 11950, 54463, 254783, 260082, 368388, 290573, 274437, 25047, 491547, 264477, 433287, 32566, 320454, 337237, 246628, 258318, 68046, 35921, 232884, 347580, 196112, 61549, 4116, 28047, 193204, 478331, 116918, 35225, 127944, 274607, 398473, 17886, 228766, 218384, 110222, 428821, 326099, 349644, 451578, 417569, 285906, 289814, 448721, 389859, 223715, 178971, 324536, 67371, 417095, 125424, 175692, 74002, 7156, 396485, 217234, 182569, 400564, 441014, 209899, 450242, 499512, 441714, 44927, 295441, 150023, 139423, 327436, 128259, 91402, 107976, 410041, 218411, 298459, 125465, 268707, 74356, 406468, 23295, 204901, 166804, 385049, 397631, 485976, 196143, 116388, 347887, 14731, 423545, 285678, 486680, 69248, 436413, 163097, 138236, 245687, 499620, 214577, 205139, 145495, 255049, 134575, 419594, 211628, 382728, 142114, 236071, 449686, 64514, 100865, 336355, 116667, 360302, 362802, 252768, 467448, 176710, 369193, 168679, 433628, 160174, 494583, 315545, 298006, 393049, 68987, 457118, 498985, 290396, 77877, 83541, 142381, 254899, 429669, 350614, 56674, 76862, 262543, 263487, 108157, 95347, 457078, 176205, 221537, 199648, 312503, 20733, 155724, 301272, 79940, 495385, 382895, 370068, 233052, 470186, 28178, 241297, 96620, 394123, 309749, 497046, 360958, 493349, 361943, 404392, 14925, 102438, 5552, 178302, 300442, 72296, 272871, 331523, 258240, 454201, 192302, 367383, 435539, 85850, 221570, 459989, 324181, 284547, 127007, 240051, 442785, 240074, 31426, 283558, 143886, 376007, 380009, 11510, 309551, 468120, 273774, 13499, 232274, 94423, 54304, 163463, 41794, 58393, 75059, 483397, 165769, 88752, 394472, 363657, 490296, 371577, 373110, 158848, 38170, 317302, 138457, 148346, 493928, 93751, 411391, 389037, 378228, 472237, 124362, 389341, 462091, 176218, 440914, 69364, 125782, 438804, 418849, 422379, 248574, 291021, 187899, 112937, 104502, 295862, 384893, 430261, 431510, 468077, 236645, 235585, 26764, 277992, 387235, 328642, 77035, 311415, 304281, 59476, 345900, 495623, 445660, 445302, 433560, 78125, 180584, 405965, 374714, 470668, 457456, 16435, 62106, 490639, 475090, 150849, 279910, 270612, 499435, 66054, 53778, 116562, 17900, 164706, 490980, 159246, 330404, 337126, 178206, 390974, 394695, 288591, 396736, 470193, 56309, 434460, 393685, 143070, 384873, 240506, 149407, 169281, 336874, 230557, 67973, 446088, 462938, 459942, 300557, 254560, 399617, 28935, 468003, 219528, 287811, 380399, 220478, 196519, 452476, 409007, 435153, 193029, 400296, 54732, 318576, 95312, 253905, 382881, 71742, 13358, 7487, 134233, 49646, 73974, 72664, 122889, 132520, 414918, 407444, 358659, 279866, 470339, 383467, 280926, 493138, 398787, 232105, 113810, 374995, 267454, 91046, 307518, 12043, 10131, 369016, 262028, 395452, 466746, 80811, 21745, 398987, 183369, 264922, 399736, 232579, 219240, 166487, 298086, 236481, 205573, 96902, 453235, 275048, 308059, 140022, 498863, 294561, 321609, 245289, 449525, 299104, 181146, 321010, 303778, 236346, 8296, 481764, 56137, 21086, 459202, 345159, 385665, 86116, 228990, 156685, 251881, 21234, 193962, 396176, 367244, 327634, 364864, 361880, 258502, 179278, 379814, 11894, 164919, 494150, 200155, 156510, 90956, 211704, 19574, 390598, 337907, 9631, 41786, 274377, 494478, 216274, 213318, 285335, 472288, 170318, 314705, 67411, 239670, 497212, 130039, 346199, 49329, 472478, 131752, 474110, 181423, 194025, 454099, 155962, 379749, 447389, 428503, 302985, 80480, 411164, 275496, 267303, 20945, 285564, 142404, 110835, 353363, 369439, 229192, 207459, 142362, 266744, 480233, 358153, 212462, 247735, 211387, 73690, 487874, 92451, 142307, 114952, 157909, 189280, 423970, 170101, 496005, 69229, 137947, 336929, 49779, 236247, 408062, 306794, 353119, 244601, 374604, 55853, 159896, 229304, 159575, 371961, 70098, 454577, 393156, 94132, 242268, 61590, 39760, 372550, 197115, 249515, 2800, 36751, 430071, 271375, 141986, 341399, 431494, 388763, 149497, 299121, 132044, 139593, 149, 113015, 12132, 284722, 160900, 352319, 117276, 157481, 56843, 209108, 73345, 488416, 219448, 242544, 175213, 457646, 162370, 273590, 299350, 106813, 437139, 497179, 362559, 478375, 110623, 494142, 399573, 122104, 135823, 11648, 172726, 473051, 230659, 86205, 398638, 132160, 365960, 449081, 261553, 2580, 199119, 435097, 176447, 183105, 130616, 251593, 59381, 204299, 177445, 221284, 299439, 411971, 309843, 55707, 384361, 436642, 115257, 145337, 466581, 204401, 473754, 294466, 461449, 94373, 149013, 100388, 400364, 43333, 478600, 488782, 317545, 46356, 74273, 89746, 425784, 229391, 106267, 441604, 88562, 479292, 381613, 5295, 91836, 188233, 71488, 429032, 159803, 227063, 104523, 27214, 123234, 362776, 445073, 14650, 481305, 204657, 391146, 116830, 463915, 291873, 346873, 175597, 290184, 491231, 129248, 364849, 95647, 307149, 336515, 151621, 164012, 468811, 390734, 236954, 312163, 362494, 206015, 151554, 393050, 358481, 279508, 19000, 164781, 279853, 110371, 1906, 85208, 374320, 268775, 290142, 352345, 75780, 425956, 2121, 439624, 456106, 314601, 437074, 305342, 447905, 33698, 118250, 355916, 120469, 120559, 273146, 95450, 204771, 194210, 385717, 274256, 370708, 247086, 374674, 228202, 108967, 87858, 255943, 191198, 20858, 158138, 201655, 16298, 259605, 377831, 233848, 258974, 380038, 66503, 407504, 230133, 397719, 371646, 297831, 88285, 75005, 348450, 125279, 454600, 443118, 288351, 326966, 46927, 115572, 374782, 36730, 158962, 136937, 98176, 295013, 68753, 476662, 404063, 391345, 387336, 262599, 367063, 448351, 435367, 255702, 300059, 413307, 496019, 234618, 171118, 34862, 431260, 283666, 297494, 378756, 168411, 249788, 246040, 155759, 240331, 467514, 180273, 74210, 281401, 186155, 38069, 255001, 177887, 103392, 249418, 60964, 416970, 297349, 373268, 193156, 211114, 256586, 12526, 159800, 417818, 495006, 244663, 421768, 84429, 113790, 383107, 299832, 367624, 463609, 224911, 66914, 494091, 30294, 320887, 250752, 25741, 449888, 380183, 396785, 111695, 191333, 148006, 5874, 271229, 384107, 76335, 186686, 205953, 139051, 342053, 328281, 387287, 54558, 308651, 140887, 175327, 11741, 35471, 460143, 384069, 329101, 460918, 263675, 136758, 37144, 163843, 476296, 317146, 243697, 125268, 314149, 349837, 438113, 176339, 417770, 64705, 443103, 174559, 231529, 299306, 380577, 367183, 471375, 213905, 236331, 361116, 69295, 442219, 53472, 279666, 122659, 409525, 319760, 234175, 246142, 296712, 494263, 415123, 11671, 78249, 443699, 126881, 428705, 240458, 405919, 194139, 288275, 444839, 270691, 189967, 304098, 277431, 283454, 167699, 67059, 265007, 225107, 450702, 192219, 313711, 135883, 447516, 231514, 483325, 389924, 460890, 158172, 167396, 358085, 72666, 167520, 399551, 391877, 310438, 350661, 488601, 90386, 210721, 452420, 363068, 366528, 394422, 57411, 230936, 281631, 470010, 161109, 361179, 106130, 105193, 479911, 439861, 119840, 114711, 295709, 404058, 378539, 42244, 122931, 253455, 79207, 10140, 275276, 353495, 435037, 70241, 475209, 453064, 54759, 38734, 279150, 113102, 335557, 486453, 40827, 213245, 23288, 251460, 409875, 149592, 383878, 382135, 58572, 496051, 303931, 61269, 164123, 372311, 444540, 141525, 253515, 61393, 21640, 308647, 452471, 312059, 353710, 70606, 465075, 144983, 54034, 433745, 150738, 190041, 357958, 313326, 256383, 328308, 215323, 314644, 210192, 336093, 462099, 297507, 371973, 69191, 420710, 130239, 431394, 116008, 41990, 403104, 359807, 153387, 469355, 391265, 411401, 411056, 129188, 353102, 58430, 347846, 463583, 482476, 165371, 332085, 231341, 94965, 134014, 80212, 200329, 83934, 354254, 377, 129686, 107634, 74625, 69377, 148622, 216220, 195600, 1685, 324706, 266837, 176253, 437265, 415679, 240812, 14163, 335531, 462744, 350042, 438954, 23794, 288859, 465332, 16409, 395729, 389023, 29821, 323918, 107379, 327526, 253317, 337181, 152285, 67024, 378491, 429441, 481137, 75222, 101139, 91403, 338837, 277844, 302244, 292829, 300007, 261837, 392874, 76087, 958, 182345, 182361, 5266, 195936, 441916, 343892, 377467, 198846, 354352, 225069, 111314, 23328, 452244, 126138, 196732, 404930, 437826, 40086, 155144, 75901, 479665, 303630, 393089, 421534, 357176, 21736, 227523, 8330, 77872, 16867, 217450, 308796, 136232, 164868, 376000, 148104, 422737, 372048, 230774, 206764, 33985, 314875, 150223, 35864, 995, 210362, 497385, 132140, 44652, 146778, 222807, 279439, 96592, 38887, 285027, 395542, 37611, 352723, 62118, 300891, 170244, 272473, 428139, 94466, 141510, 258390, 390187, 403047, 125515, 455527, 90822, 235574, 384496, 5806, 403232, 359343, 101880, 276375, 18106, 400059, 226938, 470574, 173832, 29042, 5128, 319540, 20850, 450530, 254204, 25244, 160243, 253703, 56041, 395765, 297856, 280513, 326607, 345076, 167509, 398132, 323830, 369583, 369925, 210062, 333060, 385653, 237420, 226115, 325731, 45817, 312048, 434277, 190277, 178268, 295272, 487715, 65226, 437882, 145325, 381972, 477860, 489371, 7773, 332620, 442811, 319128, 127540, 360698, 79891, 59957, 259028, 468525, 196210, 51146, 322173, 457777, 450637, 339701, 250242, 446408, 295368, 119837, 103623, 364595, 245017, 73226, 158674, 270457, 185672, 213498, 338752, 396765, 466020, 194459, 472057, 76538, 59067, 232411, 381913, 12337, 490344, 138892, 187519, 478752, 250728, 138435, 52087, 33281, 328428, 247832, 289322, 266428, 364353, 468369, 247040, 123517, 181706, 241238, 67578, 303397, 251074, 469491, 474925, 285947, 251601, 122723, 73100, 359488, 434211, 405032, 205589, 71406, 222417, 427358, 282832, 469855, 474582, 475315, 241346, 253945, 493811, 352829, 144749, 86713, 135912, 375166, 78190, 345382, 308353, 253143, 211542, 210666, 431614, 293490, 414301, 221967, 26629, 201367, 339266, 495164, 241428, 2753, 472265, 491810, 382675, 387096, 300080, 39443, 152477, 368532, 257983, 39182, 184815, 449960, 224258, 334802, 452496, 264700, 217423, 400292, 480347, 214663, 331157, 2291, 236498, 216760, 156785, 378889, 432471, 297019, 290563, 400076, 489043, 247934, 296897, 141142, 364503, 355455, 146187, 147355, 292090, 48388, 481810, 31633, 44606, 99487, 423793, 252122, 193103, 352622, 455243, 214347, 2510, 447352, 432344, 174414, 401417, 300301, 482328, 195443, 128753, 98520, 202047, 167812, 469833, 110428, 107094, 339187, 462143, 395723, 447172, 468928, 257404, 401451, 46824, 223392, 425698, 77002, 142958, 455684, 93337, 52064, 97196, 420985, 57331, 7747, 221120, 227216, 238690, 132611, 353698, 121650, 326824, 307318, 117392, 373979, 36715, 335058, 404301, 235415, 261236, 160878, 71079, 123062, 363506, 113708, 191452, 468118, 477639, 79713, 77623, 481811, 136654, 286589, 168860, 484030, 8449, 240205, 382647, 284404, 140953, 283653, 171939, 381482, 60129, 349112, 392221, 55176, 76834, 411397, 133181, 240154, 182765, 427995, 158488, 204920, 355747, 91816, 72593, 57861, 8140, 178038, 442760, 20201, 103521, 271191, 179375, 46182, 458853, 368613, 425934, 72323, 69534, 492567, 183485, 353376, 257933, 377426, 149921, 183890, 449174, 471710, 131794, 357717, 233783, 267130, 453959, 373998, 27307, 219052, 420290, 187003, 321748, 180864, 400507, 313580, 265609, 46906, 111925, 414323, 61404, 9048, 124075, 415932, 105111, 476396, 140545, 494563, 197158, 323519, 43908, 56875, 402771, 361057, 321863, 149205, 387818, 395752, 90624, 307374, 476579, 724, 136761, 58211, 59742, 187795, 497716, 60614, 492290, 195601, 187523, 340761, 138666, 371492, 293479, 345058, 412130, 144364, 422666, 293218, 474110, 156741, 136125, 233902, 56057, 302926, 248454, 89022, 144866, 453846, 183083, 40894, 224702, 128247, 188325, 261322, 452045, 359587, 166381, 357179, 257651, 178210, 80352, 311281, 354765, 460730, 358233, 162452, 80586, 346384, 354670, 63592, 33392, 278723, 479470, 225864, 289917, 222836, 345152, 376131, 52873, 66283, 421469, 427481, 324352, 111540, 266371, 402971, 440384, 305509, 389145, 274003, 200261, 139578, 461790, 456520, 338156, 333104, 68458, 178607, 93029, 486876, 215215, 356012, 125718, 133103, 3218, 403948, 238856, 387740, 255411, 230598, 84298, 20246, 398357, 274191, 973, 444390, 191820, 34086, 13520, 139624, 16785, 4152, 300414, 367941, 468283, 66694, 115916, 246061, 246739, 233951, 438502, 345025, 226959, 70684, 399974, 102655, 344043, 449975, 382379, 390185, 387337, 9209, 208751, 189762, 323533, 426812, 158166, 390233, 458833, 290578, 128017, 163250, 171522, 140911, 423437, 468310, 109822, 439734, 328946, 29729, 61617, 54269, 127903, 332561, 28841, 381389, 354070, 45228, 208549, 457370, 70874, 98873, 52534, 392156, 288900, 104171, 83162, 349829, 240139, 218697, 403069, 102363, 302305, 171971, 357934, 331544, 29537, 306000, 133293, 186165, 188447, 116591, 487011, 141745, 444988, 357086, 187727, 151245, 313806, 322512, 316734, 457104, 339799, 235745, 435264, 449587, 435728, 128761, 70437, 166768, 346801, 91987, 328907, 140591, 321042, 158295, 76899, 150820, 215264, 381921, 86437, 422064, 474492, 204925, 373218, 184067, 74263, 248825, 258030, 348268, 84325, 9459, 470753, 21598, 146451, 63374, 362713, 172459, 494957, 469534, 64306, 18223, 270667, 123421, 467941, 95855, 143478, 203794, 23028, 203726, 154090, 492406, 429298, 309051, 149947, 14979, 184864, 456165, 466471, 270353, 142964, 236956, 273934, 364542, 444416, 281253, 279886, 222109, 173875, 177061, 289361, 117511, 353652, 410125, 397684, 335996, 118842, 290291, 438722, 437659, 197112, 211351, 315900, 49615, 100996, 391891, 151179, 90390, 269672, 361648, 497774, 356520, 41303, 71723, 253459, 119384, 130047, 462210, 457337, 345438, 430874, 40419, 161340, 147739, 315063, 18708, 110605, 241993, 223249, 369838, 459732, 204312, 258350, 46783, 454432, 365588, 168147, 158334, 120116, 153441, 22510, 240186, 11865, 184301, 148774, 58357, 494422, 230400, 292903, 399251, 496848, 127186, 435244, 404542, 246488, 185043, 126594, 401197, 327923, 461870, 113841, 407961, 418111, 304606, 480339, 174776, 466910, 385167, 392108, 87268, 257393, 380440, 108337, 138945, 254433, 257050, 455658, 225016, 35731, 317028, 280005, 12817, 123341, 133728, 477563, 192903, 148524, 476810, 8855, 303202, 158361, 301435, 301853, 473226, 357365, 108884, 138876, 368691, 81053, 415067, 78074, 101502, 345097, 145502, 283376, 398595, 449804, 328224, 412920, 364898, 421850, 2769, 372247, 317179, 337837, 26506, 127286, 166884, 159010, 101116, 236076, 410711, 143498, 252477, 81954, 333918, 462073, 475279, 478363, 373441, 352002, 290244, 355636, 479612, 404216, 391951, 145, 321886, 445058, 214930, 417468, 323698, 188078, 388567, 237217, 151437, 316756, 487277, 338911, 172522, 79846, 84327, 343594, 381385, 339250, 338639, 279371, 273784, 425585, 197995, 291740, 174558, 52835, 109913, 144010, 156627, 226120, 367774, 53719, 207208, 172018, 274228, 207752, 378615, 357971, 8682, 109838, 256087, 97186, 88650, 774, 77773, 253013, 336399, 127537, 421309, 179744, 272244, 131100, 494026, 251665, 24443, 94637, 455734, 186479, 153214, 817, 317289, 329593, 497219, 53384, 220785, 123491, 352897, 448609, 131374, 409847, 252448, 63389, 49101, 15868, 360826, 52578, 388396, 115757, 177266, 187174, 338152, 275459, 151874, 351384, 489867, 238204, 464966, 227469, 447769, 336032, 214244, 462489, 266409, 426948, 31219, 119638, 496571, 130733, 243647, 82578, 273589, 444047, 126299, 227764, 471304, 343480, 490690, 386616, 499823, 24573, 69353, 263142, 284281, 360823, 321454, 44973, 242498, 413093, 249996, 118332, 106234, 432941, 147008, 297441, 8232, 114268, 221309, 290079, 182566, 290059, 244107, 194064, 25639, 249644, 312860, 2882, 158733, 215268, 339043, 109079, 277589, 109069, 106859, 12917, 36317, 85942, 126540, 205547, 53534, 195824, 79907, 256620, 175215, 107345, 396836, 304240, 355896, 13700, 465113, 467144, 311933, 372213, 345030, 27890, 156502, 101266, 475151, 455845, 447891, 8158, 160300, 365477, 162743, 422326, 11138, 20003, 290192, 334305, 169341, 229616, 13518, 208764, 160524, 61086, 457013, 281039, 258075, 232171, 81830, 373902, 439436, 86271, 76137, 99256, 208910, 104297, 308550, 414829, 22697, 64281, 171068, 64882, 394816, 207442, 211703, 373373, 417616, 416321, 184221, 421319, 329484, 372600, 10406, 244024, 456377, 256831, 43847, 121476, 208938, 349675, 378711, 108526, 319194, 479308, 39809, 445274, 436099, 429512, 419750, 251412, 161917, 340013, 175720, 395056, 347231, 394112, 289253, 293401, 295572, 46390, 386112, 185186, 353465, 428924, 486813, 106805, 233943, 231798, 59422, 29174, 51176, 129048, 10203, 132871, 133148, 420611, 92122, 412988, 416976, 441415, 197023, 135180, 27439, 400007, 363027, 482441, 193647, 454795, 183844, 314366, 42681, 306553, 440616, 448717, 348639, 8847, 434284, 269152, 418833, 477680, 460509, 100788, 378090, 462467, 493515, 334637, 169400, 174535, 41600, 63524, 374745, 178617, 51807, 158403, 267051, 442023, 410148, 80177, 163406, 120020, 111619, 372848, 168757, 90085, 466916, 90792, 62441, 388115, 217365, 403349, 29504, 497627, 29635, 158723, 4513, 290557, 467691, 213772, 41974, 36196, 230377, 222062, 265217, 47004, 425607, 158605, 359730, 374262, 32659, 225646, 368233, 152002, 291280, 456127, 82535, 424763, 94126, 204136, 189013, 214013, 392611, 444022, 171526, 396988, 466808, 212520, 359063, 242014, 18249, 477031, 20153, 369385, 122662, 49280, 253626, 82354, 467970, 384726, 280588, 435794, 219320, 307912, 207726, 443646, 113801, 203095, 295747, 3549, 223908, 425605, 254283, 45049, 439876, 159949, 314987, 372441, 96062, 94233, 64350, 422925, 434182, 24408, 204471, 337245, 311518, 51139, 110693, 227271, 46267, 194035, 481116, 296987, 98461, 69897, 163225, 106184, 413337, 444297, 485569, 66847, 278675, 154042, 409445, 105381, 414465, 259425, 196772, 179971, 305633, 122437, 175833, 489668, 38111, 23268, 45561, 416214, 470195, 263395, 223618, 81748, 251027, 235829, 320932, 317933, 87818, 83041, 438676, 396797, 227611, 129012, 144038, 298540, 484734, 360233, 44236, 438580, 49958, 221802, 170740, 347740, 280942, 451216, 32124, 452247, 227282, 397289, 214034, 306333, 69147, 79269, 123010, 37519, 257165, 4420, 205731, 146767, 63449, 295506, 498769, 43126, 78734, 263840, 169642, 463307, 72371, 440120, 451112, 378510, 289363, 55232, 204368, 195250, 130231, 139785, 477935, 227332, 178871, 402582, 490267, 147251, 187733, 402572, 308509, 62630, 445520, 444551, 7607, 392013, 444302, 138300, 57067, 169611, 381959, 421873, 463509, 386322, 83965, 134074, 495414, 220943, 294410, 166757, 142490, 205705, 22882, 262185, 393958, 79652, 418066, 236738, 298304, 413509, 312667, 346494, 65694, 112494, 132547, 200518, 475699, 435377, 433962, 335260, 86791, 338015, 64327, 59044, 191, 316301, 475475, 154356, 5403, 466477, 242270, 124974, 462683, 133351, 356392, 114734, 81764, 328575, 268826, 90553, 127434, 25055, 126073, 249683, 405346, 154875, 237114, 435750, 461185, 197707, 404916, 169503, 81924, 176875, 248516, 67179, 355837, 250011, 468203, 496951, 3213, 447639, 494344, 26496, 297276, 212842, 352550, 163420, 157094, 127695, 327634, 222163, 404208, 67977, 290082, 223491, 105090, 149773, 431348, 74478, 437171, 28324, 252641, 402430, 317660, 8809, 95508, 189723, 294541, 312964, 435651, 413376, 136403, 424672, 185015, 232712, 13276, 328610, 311863, 68182, 137224, 103352, 88400, 167300, 298417, 94003, 262277, 149077, 432571, 437590, 368304, 247848, 272842, 373216, 112542, 197755, 379760, 44779, 18829, 12085, 391862, 97571, 282750, 150700, 457337, 177672, 154878, 103117, 215171, 96661, 178676, 73977, 155645, 256385, 201447, 178543, 102511, 148002, 134752, 280674, 464960, 456046, 109817, 201133, 357007, 173159, 438785, 124064, 253090, 38554, 324636, 451140, 214797, 222087, 211563, 205095, 111028, 398020, 79697, 499063, 127576, 366726, 207705, 174471, 428130, 257825, 141802, 85021, 387907, 99297, 246248, 164707, 2092, 432891, 415970, 202502, 326591, 283989, 281491, 77766, 394575, 494926, 319914, 417405, 439103, 364087, 142288, 354354, 352045, 31329, 297719, 209540, 343226, 304416, 113818, 494146, 103180, 381851, 330220, 313144, 252001, 151596, 432029, 74868, 371227, 86739, 338484, 287118, 40759, 469863, 449605, 275328, 68470, 28724, 495583, 352246, 379108, 492463, 404953, 28672, 108713, 95119, 386439, 108703, 266602, 39720, 227716, 357915, 340456, 160410, 495883, 397773, 361066, 37253, 281987, 250723, 377107, 3661, 126917, 449282, 50918, 424623, 260029, 168810, 20457, 21908, 208053, 486293, 130193, 443792, 439123, 179948, 335415, 360696, 222592, 350672, 319661, 120637, 290186, 141062, 89362, 312387, 173850, 313736, 281650, 455674, 383548, 401878, 291792, 78585, 25415, 224137, 461294, 238551, 59024, 169390, 220169, 97157, 126249, 120245, 472873, 459629, 321299, 394199, 70466, 490747, 402030, 460886, 491275, 322417, 73335, 192417, 114847, 24697, 296781, 271197, 424675, 14649, 182601, 193660, 472786, 375222, 147351, 342108, 317654, 329690, 430401, 387979, 497861, 239590, 493549, 222324, 242873, 227888, 463530, 314052, 189944, 286581, 280611, 481654, 488411, 71367, 112483, 201996, 463799, 90002, 456671, 366577, 399740, 337916, 470709, 182666, 98558, 370900, 281218, 442810, 141940, 64420, 184014, 478422, 341067, 499234, 106139, 217592, 292255, 67064, 259240, 491706, 279828, 479511, 108977, 367664, 420882, 143985, 387955, 312438, 461165, 198765, 260223, 414623, 40156, 487289, 417905, 245907, 33416, 252327, 51667, 24753, 457235, 457182, 272754, 482181, 292153, 210797, 93519, 460204, 482302, 119097, 217700, 447905, 487854, 401590, 265744, 69342, 243586, 403639, 31077, 262483, 478869, 176253, 392698, 249411, 8435, 139941, 33210, 265407, 483854, 317485, 37582, 493759, 164674, 34537, 491992, 183357, 121633, 296909, 320349, 81962, 421764, 273781, 485723, 474998, 151063, 228110, 168961, 39160, 214028, 91040, 84706, 194782, 282915, 405634, 269829, 347223, 326708, 358178, 421069, 192724, 136, 61976, 447150, 317757, 181121, 251638, 395608, 215047, 95963, 415203, 226546, 246978, 158356, 411730, 271541, 123351, 76813, 315643, 43838, 44010, 465204, 433730, 60655, 210148, 452862, 332573, 478292, 43708, 113485, 115626, 178117, 119474, 424003, 87843, 440381, 339128, 250873, 102516, 412260, 20600, 422796, 133914, 164746, 296160, 416982, 206172, 99904, 243371, 342801, 469177, 96969, 474584, 14345, 387308, 149340, 160092, 239336, 25345, 296756, 131, 453208, 135387, 23393, 390062, 160861, 84886, 268726, 189225, 246377, 120932, 126031, 182845, 401193, 162194, 198414, 329960, 246114, 89198, 71767, 90642, 310664, 191292, 378621, 20277, 151746, 194019, 464089, 276896, 352842, 335075, 60136, 81722, 454212, 16335, 455301, 111785, 141629, 159129, 425990, 202719, 351134, 233283, 434013, 215415, 398955, 475043, 20899, 222833, 191347, 433522, 23554, 104181, 198800, 381940, 281115, 201388, 105036, 283680, 438297, 88615, 424215, 91032, 292783, 404047, 89577, 93235, 300456, 33177, 121174, 205884, 30072, 108382, 68292, 42198, 281394, 298214, 227897, 416816, 47237, 427134, 139051, 198224, 287306, 450407, 481740, 257291, 250928, 162256, 462689, 360960, 418819, 183845, 226573, 116242, 273449, 16874, 295170, 354338, 272332, 286956, 367675, 108852, 6006, 220825, 401045, 62794, 313955, 260614, 96776, 366285, 370389, 241301, 65713, 74578, 187852, 403734, 201418, 74425, 69724, 260108, 329235, 434507, 82148, 394984, 444370, 282050, 252326, 140138, 59322, 274044, 122465, 464115, 61682, 349417, 146967, 17965, 116393, 323683, 139616, 94175, 179525, 427325, 377712, 68763, 182013, 414917, 591, 16445, 382743, 345007, 112757, 404563, 158805, 466410, 438410, 65652, 255341, 116909, 479518, 263939, 161410, 178638, 9953, 35211, 419555, 225822, 14325, 25703, 315467, 381402, 300324, 151694, 63665, 147405, 256051, 405230, 227995, 6736, 113160, 56454, 193337, 349376, 477687, 271557, 436163, 323810, 28, 179860, 94757, 407780, 337972, 118404, 363300, 291773, 213944, 212511, 461169, 486237, 245428, 348468, 180729, 142492, 45299, 461079, 328590, 313506, 444895, 329987, 264803, 424845, 34144, 300878, 8542, 122846, 138185, 33135, 311277, 449558, 322147, 272693, 114926, 495731, 445830, 297045, 49693, 151257, 165141, 391178, 441293, 195177, 372902, 296122, 371114, 444334, 467937, 342331, 94400, 11580, 336070, 459649, 25741, 257692, 496096, 56764, 39662, 152566, 132293, 148034, 448238, 332625, 78014, 170260, 30436, 166050, 333047, 144147, 334092, 429599, 131757, 34447, 157316, 6476, 360694, 258191, 136134, 284879, 309092, 384073, 113138, 426090, 266479, 97109, 346200, 333791, 455121, 196954, 465216, 461077, 53204, 194098, 291666, 269241, 184900, 49334, 439275, 255121, 233511, 335075, 82168, 375918, 305601, 498904, 134678, 426118, 201873, 344238, 274511, 279980, 124632, 33816, 474028, 146556, 78813, 355846, 348132, 319696, 352796, 475219, 2403, 301646, 440016, 252638, 131183, 372468, 50888, 296880, 141791, 169954, 430568, 453964, 111624, 467514, 122391, 42375, 250550, 75369, 308177, 307443, 394859, 437621, 27825, 364288, 324396, 380800, 132149, 82317, 390480, 282133, 97478, 257644, 128227, 32482, 330029, 427213, 290384, 261175, 277564, 389828, 10245, 397204, 493076, 100492, 91968, 345179, 270901, 140838, 192976, 404360, 254998, 134325, 364208, 6125, 51971, 273283, 352095, 271500, 49067, 476129, 93240, 478174, 496944, 46271, 107779, 295181, 473943, 21258, 100112, 82887, 157999, 213988, 485902, 17041, 241674, 178045, 469350, 167702, 297520, 204037, 74219, 425982, 185545, 245402, 424990, 104083, 8905, 454514, 495250, 455038, 218954, 456970, 257323, 289726, 473536, 256977, 82748, 69874, 408404, 78949, 64545, 146462, 176736, 106240, 465334, 370154, 46189, 229335, 21342, 460806, 42518, 55424, 462303, 260802, 490971, 293472, 174978, 283306, 248167, 207467, 152987, 228336, 174205, 447476, 205560, 33500, 249633, 493897, 229418, 108372, 260683, 287584, 163984, 140719, 433461, 358700, 472910, 139942, 403060, 121425, 115848, 170674, 180060, 278456, 488486, 485710, 117840, 102053, 167336, 156769, 14349, 419602, 323197, 28222, 478241, 4086, 214490, 314507, 403504, 415091, 460754, 81761, 129377, 120894, 256840, 444517, 126287, 358586, 459463, 345512, 242787, 395100, 294731, 82450, 408427, 65551, 25907, 312775, 377507, 181038, 74772, 156401, 367032, 56298, 256765, 283018, 364588, 320378, 247943, 53573, 389570, 259595, 95058, 143449, 142191, 491055, 379470, 252536, 378763, 84121, 282845, 300408, 439377, 80783, 208709, 448961, 239265, 216000, 273819, 159757, 480406, 8579, 479614, 286732, 483757, 373392, 242124, 79284, 85600, 110800, 308617, 116247, 146050, 107161, 414702, 227068, 375159, 98147, 130743, 361058, 246048, 62444, 414472, 141051, 284030, 384434, 476643, 170157, 97861, 175073, 79638, 12901, 295483, 341170, 83414, 215662, 130902, 66397, 395254, 433295, 319787, 125492, 83472, 475853, 183882, 481307, 49909, 20384, 78078, 174143, 203098, 311522, 203809, 198126, 214541, 227575, 243373, 176926, 155447, 336739, 137618, 40594, 91013, 9690, 5030, 47179, 470297, 212843, 451555, 417762, 247847, 215430, 227776, 455872, 140709, 432847, 492127, 111702, 250046, 163509, 162173, 482941, 139996, 102691, 30489, 82698, 275588, 365241, 163808, 467208, 290407, 3676, 384844, 160333, 497707, 461333, 438639, 232551, 196115, 398494, 90725, 386764, 391133, 395990, 314288, 156786, 436189, 231130, 158135, 480250, 359686, 39056, 417536, 446514, 453271, 133915, 455697, 420231, 276494, 131015, 185172, 440211, 22948, 484568, 105906, 106517, 427428, 73037, 489020, 260764, 363814, 228170, 258307, 71334, 352500, 205822, 300026, 429793, 226024, 458984, 452824, 419220, 53662, 176743, 320606, 110900, 372881, 313257, 305780, 53531, 79155, 376884, 451577, 439935, 319979, 299676, 239039, 209812, 76595, 320973, 216668, 333901, 491778, 277720, 156863, 257971, 235402, 449705, 102469, 322548, 92003, 359120, 75942, 209, 180314, 468515, 435521, 327498, 336831, 457779, 303659, 492123, 194498, 147327, 303876, 384107, 266694, 245549, 129652, 143762, 118249, 384304, 109054, 82270, 243594, 249542, 166207, 267588, 243419, 56786, 487407, 367566, 496530, 385299, 493306, 265730, 82502, 312494, 343150, 8944, 347636, 311023, 140802, 399522, 170578, 267395, 486217, 218089, 226224, 52881, 136134, 201666, 421767, 26768, 484341, 61550, 285736, 348197, 118260, 214118, 450601, 144162, 49018, 431756, 54209, 132963, 171557, 459828, 37098, 183401, 324594, 256993, 275420, 345508, 439231, 468252, 17528, 9978, 89827, 296857, 390220, 306616, 479518, 243246, 73302, 496038, 31011, 201389, 433101, 175119, 171638, 67603, 449348, 292355, 15419, 373384, 198129, 198171, 131239, 30635, 309875, 309202, 289724, 251736, 195133, 420964, 319378, 116955, 242355, 155143, 300921, 69261, 85591, 471734, 499904, 406010, 315079, 460671, 10051, 13422, 25497, 254134, 480332, 490997, 289731, 227362, 110884, 310150, 1675, 133921, 402497, 339763, 275259, 319508, 178146, 160519, 92657, 191985, 292180, 82016, 474229, 266022, 272342, 467417, 469975, 358807, 363568, 260663, 142036, 450362, 314252, 349707, 426481, 478703, 350438, 300737, 6798, 315139, 294726, 88170, 270707, 393500, 252859, 188992, 91401, 428888, 115411, 317068, 155055, 233818, 88809, 331309, 183930, 303758, 447909, 281261, 169679, 2712, 222507, 279692, 394040, 12694, 410439, 296584, 402427, 258236, 246463, 473082, 242, 216893, 230868, 441089, 132263, 10847, 164430, 395492, 460157, 63351, 408679, 32936, 349192, 405698, 76653, 32352, 97134, 188993, 454444, 271802, 354732, 22532, 456307, 358362, 343432, 355069, 165887, 183790, 333269, 446442, 258728, 454002, 287882, 316994, 396169, 87217, 222916, 403332, 381432, 483199, 487120, 464073, 214097, 355408, 109173, 218634, 47846, 188062, 206980, 32786, 427677, 74606, 114943, 452665, 297590, 53539, 489370, 306718, 80997, 377457, 386565, 461699, 307680, 314304, 77226, 386366, 302151, 399552, 11063, 421316, 79146, 98153, 241105, 306828, 382577, 314114, 205842, 371312, 163031, 406052, 9880, 452535, 20745, 479223, 282247, 490687, 307832, 84207, 238560, 495289, 387441, 213685, 177633, 332459, 331862, 153478, 329994, 196628, 406557, 368546, 395982, 117017, 445328, 458004, 98494, 384806, 386756, 388506, 154137, 282480, 388555, 452331, 493385, 133225, 390550, 23248, 362546, 370365, 351362, 327695, 422373, 390027, 129381, 415377, 46863, 121657, 146213, 137360, 78816, 88445, 456781, 30690, 80727, 433134, 117915, 90275, 261919, 334574, 196639, 384693, 157870, 496551, 446764, 121127, 288635, 496280, 340933, 378572, 411203, 272537, 339444, 164912, 14740, 402778, 126553, 227495, 244858, 363075, 464241, 363627, 282379, 34821, 208371, 34119, 50819, 355926, 454402, 369559, 319384, 367888, 109553, 499096, 103787, 395822, 342864, 165178, 476936, 384613, 17583, 371213, 203335, 278289, 283561, 462434, 335634, 333360, 16411, 22486, 306553, 155473, 105506, 128781, 198878, 135171, 344060, 348795, 184299, 245526, 334642, 470173, 30987, 178644, 377236, 164470, 206452, 431305, 301672, 234772, 128205, 195387, 110340, 192772, 187128, 28749, 307507, 61134, 192017, 178998, 458174, 274450, 164630, 349946, 120244, 103576, 289014, 45897, 413045, 111491, 320662, 306002, 97768, 84819, 420647, 290342, 66901, 95462, 418458, 374615, 451300, 81752, 223730, 265055, 71297, 214974, 46518, 64301, 139283, 421590, 134663, 424185, 409146, 249776, 208553, 263144, 309368, 31897, 248890, 44803, 37968, 292788, 141020, 93012, 69482, 224596, 352406, 69913, 221604, 421255, 38239, 160338, 138938, 330180, 5974, 79341, 65603, 461010, 134226, 103363, 236931, 255077, 365555, 368019, 324781, 225828, 17941, 120186, 200561, 451458, 2360, 291869, 457820, 13142, 322976, 264671, 54676, 23887, 140821, 448937, 314564, 427253, 61490, 28136, 285539, 299458, 265956, 195104, 123597, 257071, 24133, 142793, 356432, 233190, 17900, 105776, 327093, 220581, 300840, 267174, 186511, 482677, 115238, 485639, 322877, 285643, 169860, 196695, 131074, 262561, 61644, 278357, 433401, 199104, 355810, 405962, 269508, 35695, 488418, 481541, 393301, 307506, 427020, 188962, 341455, 163263, 65353, 16163, 278143, 421648, 446605, 362702, 236997, 441294, 191154, 50746, 275540, 66000, 311986, 356621, 413224, 254988, 435420, 8299, 91462, 103790, 142295, 472162, 308467, 252928, 440127, 274637, 148446, 31434, 432926, 206214, 496185, 141455, 128539, 124165, 312410, 228390, 30858, 188898, 289342, 432629, 184625, 301225, 96543, 311206, 427697, 384690, 88667, 69699, 334155, 225509, 342259, 462170, 324122, 352417, 498697, 399621, 357552, 67067, 497997, 21788, 350006, 489965, 275133, 453224, 313249, 7109, 163750, 280034, 130673, 141337, 34357, 233786, 191093, 317770, 210827, 133296, 71646, 213034, 13880, 444742, 125683, 299565, 152743, 476163, 237849, 289666, 171609, 242605, 212728, 14383, 182873, 434383, 76864, 450423, 290953, 396981, 423285, 424056, 368268, 150649, 19626, 237300, 412210, 387266, 265404, 61856, 294390, 76525, 387226, 416237, 144383, 346101, 486470, 459524, 385233, 363106, 213072, 347775, 146436, 158852, 40539, 123552, 190320, 294693, 27776, 195467, 340308, 484054, 262027, 317836, 143377, 134282, 185075, 86232, 79341, 403794, 209053, 99014, 35434, 479091, 433070, 213101, 248247, 284298, 137826, 454343, 117118, 117173, 400243, 48801, 154905, 75336, 447813, 93435, 270403, 447529, 200459, 211959, 149850, 318190, 29327, 258997, 189730, 458413, 255258, 211805, 372807, 325920, 486573, 70570, 8010, 342663, 77602, 55833, 190335, 126221, 303710, 229388, 461603, 95939, 7977, 172028, 386013, 4751, 73883, 115727, 90065, 325284, 405613, 152901, 49354, 355530, 111798, 171228, 351300, 364119, 251314, 258076, 448189, 427924, 431871, 238533, 324084, 415549, 253242, 364289, 239437, 47121, 6605, 357846, 35232, 267267, 269008, 10992, 69433, 400890, 477684, 147487, 78498, 285459, 93608, 156933, 210318, 335316, 282600, 273222, 242840, 199639, 292097, 35724, 298889, 198703, 99997, 495873, 184319, 58710, 366237, 499896, 230364, 406448, 419649, 261347, 319494, 331816, 226078, 374840, 286513, 217447, 154939, 468258, 328090, 341513, 342022, 483711, 356695, 4533, 449351, 356628, 280196, 182629, 255665, 140384, 488315, 284762, 38679, 256187, 123719, 252423, 157686, 244367, 359530, 415227, 319887, 50723, 259982, 385393, 411878, 49257, 331094, 133504, 76216, 338327, 381012, 7391, 18725, 18165, 418098, 287707, 246174, 146916, 315820, 13877, 91692, 346389, 346765, 92207, 333794, 387316, 361960, 208930, 449414, 149787, 473440, 135860, 249858, 479233, 468121, 417182, 125610, 316249, 478425, 349557, 50219, 408208, 289181, 305258, 396071, 118398, 440250, 477861, 442169, 13900, 372984, 330363, 210772, 278964, 41778, 232529, 246745, 364915, 408995, 83409, 462067, 325526, 253441, 415941, 264248, 45484, 350872, 12527, 484124, 412183, 475745, 205524, 126463, 455107, 267693, 46266, 141211, 350020, 367659, 223900, 294610, 307664, 66554, 111279, 152316, 474590, 383404, 7807, 385446, 30890, 142472, 201074, 262742, 21646, 363320, 284049, 444328, 485481, 270671, 434825, 356921, 86609, 53191, 108578, 476799, 116543, 458136, 318852, 429464, 205375, 208217, 254080, 219245, 415362, 81694, 488135, 99255, 96698, 152654, 296297, 3515, 212854, 411856, 452134, 341223, 107579, 498731, 134507, 393602, 340504, 371878, 73027, 351597, 49573, 113403, 84841, 46613, 389699, 470027, 320049, 477521, 71109, 411806, 202591, 202945, 180624, 178559, 209472, 178612, 210274, 361142, 410627, 160050, 65598, 44917, 402294, 485407, 402246, 289678, 229422, 155749, 124910, 252396, 321244, 191639, 447425, 77211, 155988, 134703, 411879, 268239, 99243, 468369, 192936, 2030, 213916, 456832, 416792, 469744, 496026, 240000, 350000, 247667, 403225, 151224, 27956, 228341, 361567, 374635, 285849, 339342, 11541, 85245, 318619, 38515, 427063, 278028, 213732, 84598, 116764, 410624, 161589, 330765, 23237, 472884, 401697, 96462, 52821, 470802, 276422, 347493, 303582, 60820, 458011, 345335, 261455, 98600, 261050, 181773, 402161, 478103, 272780, 193004, 234889, 22700, 39929, 201674, 318454, 163729, 454442, 481180, 398709, 376377, 167257, 56785, 355581, 279783, 459414, 183713, 469328, 237765, 30966, 246928, 309247, 422887, 118877, 223663, 379910, 5224, 239393, 18261, 56053, 56757, 55663, 497145, 44808, 93649, 474745, 424335, 352695, 110375, 472792, 208784, 204228, 156698, 218509, 247745, 250112, 285810, 379355, 348260, 105510, 88106, 292512, 256714, 206718, 228694, 264209, 116339, 315272, 276290, 473517, 147198, 177181, 235793, 313705, 222476, 269022, 239951, 489850, 176190, 472830, 134716, 175806, 406777, 308620, 320097, 387572, 87398, 349132, 148207, 356456, 267870, 42714, 358453, 366582, 269104, 161564, 295724, 423726, 265606, 248949, 167609, 499197, 201677, 327924, 378169, 264372, 363425, 462892, 446680, 309673, 51085, 390788, 294792, 426870, 166929, 11347, 446975, 394219, 85426, 102275, 305830, 66400, 420756, 279148, 145188, 450758, 362212, 159278, 352510, 205366, 178366, 292897, 268283, 54609, 18884, 448565, 145053, 488388, 360522, 195202, 39845, 389595, 414105, 430947, 211688, 358402, 379905, 463125, 253763, 293884, 16658, 356992, 274953, 17471, 285996, 285096, 282355, 189722, 343451, 116686, 243504, 50004, 331869, 223590, 162507, 104499, 224844, 381232, 470916, 464186, 400106, 338730, 182171, 382799, 304701, 170272, 360526, 465776, 300234, 241552, 305170, 47012, 236855, 73101, 131208, 66665, 443931, 32858, 104406, 459488, 274356, 170882, 486318, 153691, 460596, 129149, 33120, 86137, 332938, 71693, 329092, 326741, 122030, 104421, 201638, 455873, 383792, 150932, 167909, 306683, 241998, 392943, 341936, 414032, 477501, 147191, 246204, 29650, 350271, 378951, 435580, 481553, 141790, 394601, 238623, 393497, 476977, 454606, 460492, 403914, 255150, 42297, 195782, 182003, 401624, 198671, 253625, 233754, 409571, 212604, 201430, 108921, 271611, 382251, 97860, 92774, 205912, 390907, 91398, 75473, 333831, 52531, 138167, 192526, 60454, 190665, 153581, 185771, 195094, 363738, 307397, 478032, 227431, 143066, 190994, 66198, 483547, 417973, 316255, 320647, 242009, 419365, 248489, 115426, 361092, 265829, 215537, 272776, 11631, 70434, 442001, 201250, 317294, 189221, 176949, 394821, 428202, 53026, 429437, 412600, 257742, 477885, 23386, 64341, 11403, 242189, 128602, 423298, 254454, 481426, 474491, 58241, 137758, 212932, 423898, 370465, 141526, 153035, 14154, 36591, 92804, 91511, 257838, 420111, 397876, 288645, 155706, 298525, 420381, 17328, 499870, 366800, 371329, 170473, 167472, 243207, 428135, 122671, 153205, 353114, 249756, 18929, 225431, 343674, 210374, 99158, 213096, 195068, 19917, 238594, 31190, 100858, 197284, 341342, 14027, 270460, 363614, 365344, 433502, 348301, 276381, 471121, 115997, 183673, 234631, 334694, 470407, 380511, 64235, 253492, 185717, 221341, 105758, 206635, 91563, 353851, 142618, 341019, 445935, 168043, 497214, 201004, 338396, 135645, 362269, 438216, 300775, 55902, 76254, 136039, 125235, 65671, 312810, 29825, 113888, 437207, 23537, 215473, 447151, 130724, 166361, 37022, 316600, 21191, 55294, 253802, 95956, 3587, 303690, 450009, 232372, 55798, 358369, 271940, 44280, 257638, 180054, 204936, 226612, 14955, 67643, 376335, 64191, 301841, 275078, 167074, 398403, 408808, 62345, 52044, 36301, 206873, 292766, 382453, 326923, 86721, 21667, 294774, 267886, 208799, 238754, 466559, 61852, 155895, 423090, 20140, 399667, 497418, 153712, 51153, 51044, 156645, 107367, 213654, 400400, 15962, 358387, 293107, 34290, 41988, 929, 129630, 322563, 369233, 124805, 310513, 233621, 467807, 202465, 160567, 114503, 112595, 299634, 287953, 84767, 156207, 267270, 300498, 61724, 176540, 337900, 276232, 411101, 160010, 160967, 338644, 241675, 78656, 482907, 418343, 190830, 60486, 48771, 299854, 63613, 32712, 249196, 468644, 228306, 376161, 128435, 241454, 72762, 188819, 267668, 56337, 495800, 21101, 498359, 337860, 112507, 137631, 198960, 453841, 328371, 116791, 26413, 342519, 424042, 197832, 436234, 433859, 398230, 217402, 370023, 317468, 351312, 342246, 475758, 286098, 189547, 407125, 149858, 137740, 286504, 165567, 170327, 352626, 109610, 233880, 216545, 92405, 399306, 268792, 147314, 400678, 154787, 128688, 435230, 40390, 11098, 316813, 332443, 131688, 480388, 382775, 10553, 371238, 6353, 156265, 217891, 171900, 51517, 331843, 105396, 111693, 197474, 101783, 372566, 14374, 87866, 469796, 4622, 99960, 154132, 347071, 333964, 476406, 408830, 439603, 77902, 473587, 380053, 167414, 319606, 53954, 410348, 44106, 400832, 392060, 166328, 226117, 52650, 213050, 84755, 73817, 375224, 89251, 479645, 335318, 118342, 124447, 454997, 55640, 344703, 172435, 422038, 3857, 381705, 5751, 365924, 385563, 421364, 346426, 220202, 370048, 423011, 303796, 475378, 146738, 88574, 207164, 229553, 349795, 484114, 496463, 459288, 117321, 123918, 116811, 67532, 348897, 65685, 401347, 391375, 274745, 149356, 119176, 160569, 395523, 482754, 318491, 107487, 201063, 212288, 371138, 458286, 112486, 383883, 242551, 251526, 11667, 464970, 203022, 213169, 3475, 214276, 164679, 272459, 389162, 81786, 476080, 195371, 1445, 441928, 82015, 72549, 334292, 193230, 210507, 459236, 313016, 220442, 324883, 36708, 273234, 184766, 126863, 155480, 61625, 142754, 235207, 383760, 446961, 163848, 409249, 10790, 97147, 19893, 363865, 272510, 283926, 195486, 453176, 430405, 485899, 18737, 5033, 382487, 318358, 245408, 324903, 112573, 225651, 154037, 122586, 6596, 326716, 89773, 26654, 240765, 165245, 496198, 33511, 274750, 311902, 134590, 46682, 221865, 143826, 313040, 278026, 206984, 437608, 175679, 459216, 249667, 27266, 238766, 160265, 41291, 57508, 12702, 489306, 45928, 167811, 324250, 425001, 142118, 350721, 89573, 205811, 281180, 429895, 117189, 197247, 132369, 329937, 352119, 143011, 397506, 191763, 314731, 410217, 351933, 415498, 381110, 247118, 20080, 208054, 296119, 353464, 263889, 293653, 94438, 36294, 248985, 299781, 355005, 90798, 469934, 330149, 88593, 421344, 360348, 393546, 342531, 149153, 142056, 44422, 268466, 3485, 215881, 493485, 322241, 349182, 390081, 474907, 172598, 222117, 35190, 475614, 468422, 362732, 278371, 418215, 196108, 221351, 96776, 320169, 158912, 24530, 454890, 420631, 159424, 387148, 92453, 101126, 107077, 12533, 427223, 416905, 3188, 473853, 478168, 131767, 181253, 30527, 266946, 111909, 270831, 412309, 190041, 444425, 65554, 480079, 272928, 451389, 106310, 152634, 222875, 205147, 452666, 156023, 166796, 44447, 288313, 24373, 318080, 76729, 23718, 346630, 354705, 217077, 24438, 358252, 141066, 180431, 382971, 364366, 148738, 363071, 10213, 87306, 285380, 402091, 127943, 138736, 495979, 487784, 171020, 313465, 182950, 462783, 95050, 246699, 465108, 328460, 68933, 282733, 223545, 207769, 341878, 332792, 342858, 413985, 36073, 371514, 49679, 208287, 487907, 49781, 476214, 60009, 281550, 68907, 473282, 454545, 465879, 126764, 193391, 226018, 35557, 251811, 143, 14384, 260354, 353642, 283728, 403770, 54011, 468898, 229017, 196581, 195201, 400089, 255250, 29881, 133643, 125554, 61831, 386241, 323747, 70600, 393532, 123678, 260165, 403676, 467657, 387685, 234282, 103969, 437271, 207261, 87444, 240245, 252633, 185541, 267977, 208100, 59486, 12487, 293124, 226371, 141066, 206252, 346635, 440691, 170627, 221693, 294752, 13226, 306093, 213759, 130258, 193644, 214862, 71013, 88004, 348008, 168140, 454772, 86826, 134486, 379779, 381897, 1172, 180977, 200818, 308913, 178434, 439210, 619, 207611, 410289, 13235, 399514, 137225, 163438, 803, 252683, 309337, 144108, 26786, 108714, 390739, 195829, 221848, 408170, 381784, 26215, 191774, 368059, 485877, 231070, 92414, 461008, 415252, 222242, 23381, 394557, 296542, 408463, 267166, 424226, 433472, 227426, 11757, 379308, 330605, 251651, 390687, 197001, 304598, 405567, 15412, 63374, 445390, 80513, 44933, 19126, 278234, 51587, 382324, 386205, 454610, 227905, 348591, 32902, 89439, 74073, 355120, 467183, 126579, 139952, 412681, 194967, 274065, 148469, 440714, 68554, 204017, 415663, 295304, 322019, 456264, 475549, 39464, 237623, 364030, 43927, 387983, 254356, 454823, 10610, 392868, 1110, 219193, 297918, 2715, 377838, 456252, 423100, 143237, 247555, 360383, 341729, 217339, 89955, 275737, 392776, 429114, 129907, 22290, 466860, 112879, 227181, 268795, 338856, 109063, 368206, 197662, 402253, 102666, 347440, 451453, 152871, 80576, 89159, 411341, 98223, 331323, 422600, 448309, 158118, 496871, 270427, 46270, 294917, 152297, 247020, 89504, 364506, 472876, 410438, 389916, 479530, 57544, 393221, 46460, 52281, 389355, 170123, 304254, 354421, 185840, 87264, 2180, 90500, 208852, 317941, 464022, 336397, 198475, 182939, 284427, 122278, 497202, 30043, 194020, 417585, 335108, 273422, 283170, 96010, 471758, 112290, 234816, 306492, 194677, 361907, 377582, 124025, 156404, 106801, 31648, 295701, 9617, 75299, 497491, 44399, 199998, 277258, 445249, 34247, 53090, 455147, 120300, 209198, 459531, 105772, 38483, 392128, 164420, 274899, 273886, 204356, 297216, 135702, 387747, 93196, 87471, 409063, 162396, 238546, 469903, 415627, 277903, 387498, 21562, 172311, 111097, 386799, 368249, 347261, 23280, 497997, 266357, 342511, 301842, 2202, 492837, 42835, 462033, 426204, 218908, 277625, 60017, 156823, 259091, 34393, 7677, 223627, 126565, 241920, 314435, 319839, 331066, 266247, 405595, 331230, 480850, 13917, 226132, 308207, 117468, 303091, 6119, 280432, 255115, 261583, 280537, 373399, 415075, 173099, 6855, 455165, 198899, 383562, 236915, 442884, 92684, 494199, 137144, 397080, 372908, 123953, 91349, 222102, 198221, 422480, 100403, 108617, 240972, 78491, 84633, 110476, 446677, 83908, 41231, 17102, 389319, 466824, 214153, 277432, 169498, 103749, 428108, 276267, 122277, 405778, 261293, 257548, 290211, 415237, 314793, 237054, 484837, 16984, 90211, 359415, 457528, 149856, 298917, 69951, 60488, 340430, 469758, 219027, 467226, 362589, 382475, 296742, 83111, 272574, 369080, 313763, 287708, 277081, 301256, 457336, 236562, 354856, 216353, 39317, 418142, 400867, 155917, 397582, 97605, 352146, 70935, 339178, 147014, 300404, 82914, 402236, 13722, 438711, 287854, 442789, 283843, 188955, 88148, 229896, 193215, 269901, 217714, 307712, 249028, 42211, 122458, 130693, 207609, 130026, 211992, 146047, 217768, 462282, 120552, 161319, 52326, 195733, 449286, 388887, 438455, 406670, 235488, 10823, 232435, 61470, 155784, 318185, 482841, 410847, 414197, 347284, 57589, 367811, 289094, 82856, 250310, 446682, 252253, 153778, 428568, 92892, 299838, 409337, 175741, 301378, 425697, 331043, 327200, 218891, 131059, 18539, 394401, 28123, 489125, 241182, 376217, 64526, 105614, 321436, 278033, 357256, 175830, 27917, 97763, 152884, 47332, 398693, 493478, 45600, 177712, 260171, 433981, 413326, 50459, 424458, 330205, 487437, 57440, 185687, 470688, 175309, 220771, 411726, 219568, 223104, 271915, 441924, 342205, 293245, 234851, 333633, 56792, 367465, 10856, 228545, 244852, 172265, 16166, 322134, 74887, 273870, 240441, 412664, 136319, 246600, 240581, 193904, 228144, 324151, 442582, 482842, 48728, 302389, 444019, 270362, 132575, 116061, 475249, 41135, 78447, 359721, 94559, 41190, 388697, 260747, 222094, 176609, 287598, 380898, 218167, 495783, 32666, 443051, 178669, 26687, 120817, 442722, 358061, 122633, 71987, 226579, 361780, 272868, 361842, 455645, 142218, 231683, 84799, 417199, 487593, 453679, 354649, 394687, 235997, 251941, 63559, 144525, 307981, 376485, 135657, 125567, 469368, 357508, 289369, 411338, 446589, 375297, 330334, 164113, 443170, 335616, 194576, 357583, 122084, 161792, 395118, 58467, 477439, 73416, 93622, 375025, 258196, 349564, 487762, 358032, 108176, 59476, 357857, 335318, 82765, 34098, 467216, 441403, 125699, 478403, 223379, 134302, 159666, 127807, 309208, 365071, 315594, 477526, 94503, 118982, 488495, 91394, 431800, 106857, 338427, 311408, 388473, 320822, 369750, 152893, 109836, 226903, 245333, 129769, 458272, 206824, 147014, 37853, 22313, 437434, 196950, 255657, 76787, 96197, 242303, 292990, 195155, 439795, 258752, 496094, 306678, 37942, 27809, 423462, 296943, 366019, 98448, 18466, 68096, 120523, 393615, 101522, 140120, 373883, 381312, 360425, 402615, 76553, 166926, 275244, 65518, 119013, 278969, 389243, 417636, 478337, 423064, 444228, 207995, 278003, 354290, 253838, 220151, 479429, 140811, 407779, 484384, 153618, 294610, 470983, 211956, 251650, 27402, 217991, 269546, 242483, 167142, 436947, 488302, 53199, 231481, 294771, 162311, 94237, 30498, 88736, 242829, 161492, 225663, 422372, 246035, 357212, 110960, 469814, 75594, 169446, 179071, 427802, 64242, 37469, 433158, 192254, 333114, 272716, 160596, 291342, 478213, 60797, 447126, 145701, 441396, 326516, 404354, 185116, 147294, 6234, 38606, 393915, 465671, 480471, 334964, 323836, 129692, 89605, 469299, 67010, 121618, 478713, 77306, 104038, 80804, 159263, 125330, 191767, 180133, 183564, 463901, 308402, 167697, 85870, 289982, 381612, 354453, 75763, 438525, 280010, 107126, 183134, 130086, 346256, 170583, 137218, 184564, 418904, 36947, 13696, 244351, 438278, 100871, 41649, 15506, 43552, 444257, 227345, 51623, 336479, 195643, 107409, 100722, 247213, 196816, 302252, 53581, 96539, 195410, 374565, 370481, 422279, 133812, 169295, 260623, 261846, 490200, 483934, 62138, 398704, 177576, 393509, 388027, 209896, 248974, 370567, 450032, 224326, 375761, 339141, 274377, 391436, 427868, 106833, 467057, 297800, 366563, 233334, 90698, 48519, 142263, 474412, 77597, 269399, 141254, 230185, 286420, 358911, 485264, 329626, 468517, 411120, 19748, 373817, 399893, 357050, 168902, 372485, 422492, 273421, 441874, 359758, 445899, 106239, 116298, 278627, 259722, 396665, 410551, 246609, 97209, 158714, 207679, 205858, 16194, 107343, 441407, 81650, 132966, 304818, 473571, 191358, 126223, 360832, 124624, 173099, 286127, 424891, 292088, 297489, 188297, 46363, 262248, 376547, 139991, 49193, 340126, 496801, 124148, 329387, 396581, 77786, 130121, 280989, 383944, 1477, 235796, 398933, 210582, 473698, 936, 234606, 147405, 171759, 321480, 306892, 102167, 165678, 297720, 132311, 71643, 198178, 409122, 397924, 189426, 109102, 400277, 37876, 304176, 97934, 258357, 205493, 93695, 183939, 60698, 57845, 483611, 210241, 499365, 204339, 173587, 155565, 116451, 263859, 252905, 318149, 292036, 28409, 138113, 207318, 316223, 48892, 198628, 215862, 2643, 194237, 475037, 272171, 245322, 117825, 348591, 210992, 474814, 145231, 478154, 243178, 27230, 414755, 337124, 459544, 39964, 212368, 38660, 223125, 348282, 247327, 478586, 332926, 409183, 112138, 197547, 179941, 398308, 202393, 17228, 471840, 206684, 401574, 99904, 145864, 330365, 225177, 477564, 167240, 319492, 62323, 308720, 96440, 222265, 492528, 442469, 362608, 106495, 60564, 378122, 416019, 110339, 44878, 348872, 63364, 315894, 178123, 114505, 464875, 32951, 268173, 58976, 82020, 146727, 371622, 44361, 275349, 167970, 27837, 487588, 482217, 190572, 90168, 132832, 413653, 2621, 254460, 476578, 165441, 227830, 304399, 101248, 429606, 430371, 375105, 317901, 292681, 255813, 467134, 107055, 28554, 426707, 246636, 410670, 282970, 475369, 166645, 291553, 325575, 474008, 97615, 353425, 261796, 313971, 297297, 139476, 4134, 240335, 380192, 235794, 375004, 215560, 187714, 464042, 341892, 113940, 94006, 199830, 75830, 20881, 33559, 348453, 414431, 479963, 263176, 93434, 342767, 102344, 250562, 51359, 467196, 114683, 336981, 247192, 62918, 161372, 190101, 302453, 103975, 139771, 292352, 275388, 467775, 186628, 231533, 287868, 379722, 383746, 77605, 464985, 310371, 23692, 297070, 136912, 477186, 472807, 105005, 125817, 362278, 323278, 477050, 123988, 402855, 72479, 321939, 253337, 155608, 129863, 239351, 58909, 329957, 407891, 2442, 96865, 260008, 181763, 387296, 362663, 494421, 167148, 16903, 282555, 232352, 130475, 492240, 66525, 16145, 326180, 230587, 60843, 318011, 452963, 316191, 334340, 241969, 339612, 345930, 225023, 441003, 364071, 376753, 287892, 178779, 459209, 13523, 12249, 98475, 130561, 55654, 498476, 430650, 156797, 326173, 477327, 118860, 189880, 438883, 337589, 41402, 96480, 331386, 53813, 61960, 10429, 239073, 62147, 499895, 22477, 16467, 241203, 85371, 56923, 294484, 358493, 37657, 73010, 94468, 369723, 24909, 158317, 410091, 485157, 97121, 137014, 22414, 115683, 111481, 310546, 179990, 387808, 120417, 171246, 32919, 224241, 416469, 379680, 279000, 205517, 173154, 25719, 477375, 139412, 182280, 488318, 1531, 343562, 53738, 439032, 196169, 354057, 45747, 22402, 132135, 16462, 306109, 64835, 118468, 33752, 112433, 67913, 302139, 226559, 93998, 194441, 427829, 209694, 497520, 463278, 97016, 379696, 156907, 174833, 232522, 319880, 108476, 144153, 121806, 75899, 262875, 2197, 447183, 47586, 457537, 377866, 344413, 372487, 378488, 129445, 306508, 376141, 427826, 408135, 42300, 498671, 173434, 64642, 444737, 185873, 114109, 244585, 223947, 467974, 181906, 191528, 348234, 250105, 113206, 391360, 402102, 465738, 202531, 361267, 76066, 215981, 95371, 351739, 390209, 172432, 193126, 467746, 488164, 335160, 119596, 433513, 230709, 211347, 460538, 473057, 286964, 7075, 148174, 373024, 459639, 240481, 9030, 372354, 261100, 104024, 157153, 364319, 405340, 137546, 285829, 84979, 378264, 163044, 67417, 125645, 142440, 46490, 387211, 84152, 244807, 314857, 299416, 425429, 476622, 23988, 300561, 103116, 66925, 16114, 472716, 318021, 207245, 444050, 233963, 314179, 44178, 298216, 317715, 176091, 467658, 355300, 179034, 141398, 447804, 219239, 41234, 331113, 426123, 35760, 199219, 31351, 342392, 376772, 474065, 471249, 384208, 494591, 396726, 121337, 39777, 454591, 162593, 326567, 362579, 150534, 470809, 218701, 257125, 199949, 379103, 276512, 243112, 190115, 62044, 17300, 434982, 139188, 188614, 335638, 494892, 406429, 426007, 282954, 184704, 41067, 488880, 396562, 341968, 407560, 409763, 142515, 410020, 99231, 41119, 16609, 42495, 57816, 489138, 55054, 268514, 438688, 29857, 408977, 163096, 151078, 40962, 33950, 275132, 203041, 38617, 150617, 347225, 181948, 494162, 390844, 6499, 439540, 332313, 283039, 148595, 81519, 251612, 249447, 350265, 195673, 417417, 315369, 413070, 146842, 119938, 193680, 484972, 213246, 488574, 28691, 427664, 63760, 261884, 12115, 354761, 196588, 331029, 1572, 479852, 63414, 40381, 469986, 204896, 222774, 203724, 456826, 56974, 228893, 48784, 284497, 483810, 46973, 63973, 52880, 46762, 236508, 169690, 378702, 182653, 254159, 155012, 153227, 11559, 179401, 289587, 322170, 212653, 315386, 411730, 231128, 80507, 107646, 418807, 128358, 482417, 46882, 67540, 229455, 184953, 463285, 112183, 78152, 232245, 82169, 62360, 332422, 235340, 436275, 354075, 498485, 475161, 148156, 474411, 412713, 25137, 193040, 243134, 196227, 9245, 470045, 274898, 284249, 56551, 276342, 319976, 441195, 271974, 173383, 488641, 346856, 189853, 153953, 331890, 477330, 52925, 460110, 335180, 434769, 493366, 401977, 312692, 391764, 370069, 58525, 76006, 125496, 286850, 366584, 402827, 31135, 482382, 454709, 158070, 96555, 11585, 218469, 452524, 171922, 42053, 31965, 10878, 426870, 152075, 465353, 275851, 47487, 171870, 79046, 5262, 496960, 232344, 318141, 488096, 245976, 60728, 348077, 363775, 74983, 45764, 163216, 222819, 255516, 292293, 93727, 197946, 426981, 87343, 440378, 300507, 313715, 24640, 349806, 445017, 63660, 192046, 375385, 380170, 387508, 445243, 431010, 331971, 308303, 315107, 207765, 391168, 55456, 179962, 54379, 192697, 216802, 497534, 127313, 102912, 313750, 423794, 34309, 134648, 331963, 448756, 18752, 418048, 225233, 257644, 284990, 17193, 456232, 122108, 295181, 473556, 327086, 261040, 454860, 492514, 335606, 58290, 120501, 261052, 408094, 417735, 87570, 225192, 476066, 388361, 312659, 109672, 200423, 368788, 394515, 118316, 275372, 59724, 465281, 440874, 225588, 128025, 372157, 23152, 498675, 409111, 283007, 179532, 283415, 120900, 443977, 197163, 374118, 117526, 87250, 185168, 414322, 449330, 435312, 111846, 217507, 181518, 342819, 144877, 6957, 318342, 330413, 339034, 184816, 88186, 481502, 42786, 288227, 201722, 41316, 251504, 59470, 354135, 430465, 478201, 133853, 395988, 250284, 66438, 267934, 82876, 337094, 318695, 436003, 385907, 237154, 449119, 431050, 153252, 175803, 357929, 381499, 210024, 244030, 388458, 389441, 207515, 346163, 230709, 261304, 360344, 466180, 187815, 460583, 258035, 316629, 454054, 204109, 428957, 274238, 344706, 401551, 439322, 103693, 477868, 355703, 111986, 295895, 497823, 19213, 362755, 61224, 246431, 434608, 282256, 76023, 425887, 298416, 347970, 401522, 50451, 106881, 88115, 205743, 388856, 289563, 124226, 343357, 101737, 49934, 405208, 24619, 55261, 21356, 41620, 174064, 353743, 160658, 263208, 413173, 108954, 4238, 426467, 378072, 408721, 251994, 344865, 14859, 326933, 105681, 48211, 410039, 317071, 386590, 496188, 318707, 74347, 70726, 158475, 5736, 199985, 339122, 288331, 57798, 21421, 335348, 68000, 11108, 284940, 137808, 124351, 264035, 44073, 464412, 73095, 49751, 189463, 45413, 423308, 212559, 111622, 18700, 325251, 101353, 227448, 209608, 404481, 231633, 435955, 431885, 244180, 376879, 253623, 299653, 27715, 386040, 145934, 400476, 175922, 401605, 362168, 377640, 93336, 362469, 116357, 111221, 112954, 130796, 279586, 414513, 299415, 356378, 79773, 464820, 292396, 146135, 270821, 409463, 456623, 431487, 127759, 255160, 104335, 76413, 177204, 100052, 395757, 313536, 47326, 382131, 463782, 174150, 261110, 144887, 389678, 272497, 29205, 24988, 90278, 454056, 379473, 9081, 307633, 445176, 140123, 1676, 144733, 231117, 12614, 233206, 6750, 412536, 498183, 370153, 196877, 392237, 468095, 162382, 321341, 257452, 9154, 495121, 381438, 68602, 303068, 412983, 359365, 229640, 193550, 225862, 466188, 457097, 477264, 1541, 348414, 171177, 409190, 401339, 499041, 192982, 153461, 139002, 400989, 443076, 383942, 488400, 247900, 452254, 468500, 259253, 79782, 402467, 455931, 489146, 117317, 459952, 425835, 176547, 18785, 104494, 130360, 97480, 255848, 150565, 229133, 345030, 297223, 137232, 319026, 378983, 278070, 96247, 117583, 106247, 160320, 279502, 499480, 196219, 23897, 247648, 379247, 254736, 17691, 78048, 437114, 383281, 237206, 334266, 147420, 240569, 225385, 246834, 315648, 125014, 231200, 369125, 93559, 71736, 366403, 307358, 238864, 224001, 185201, 375220, 425434, 269129, 308520, 308348, 272337, 323663, 207032, 298727, 213647, 260332, 467433, 165377, 336567, 105481, 210258, 422241, 240066, 1614, 348648, 53859, 396537, 16066, 212803, 364148, 79004, 171223, 290244, 369059, 361157, 97298, 32924, 316220, 266475, 310061, 106532, 432686, 423017, 206791, 226325, 6216, 247118, 77061, 70649, 279226, 380527, 75733, 25836, 420806, 294584, 219935, 485479, 470758, 35207, 262775, 16877, 439812, 464223, 484388, 61454, 35568, 493450, 379105, 427049, 300487, 243941, 398643, 36138, 144518, 8211, 61150, 253409, 20131, 333483, 216021, 33261, 4883, 431539, 467323, 476595, 150630, 103601, 452652, 91834, 381293, 129590, 353535, 136895, 401556, 479771, 104898, 415700, 161446, 472580, 67035, 135799, 427949, 272840, 310623, 109615, 280401, 303408, 81189, 171725, 11140, 321119, 88897, 251290, 118519, 322300, 291480, 83398, 29018, 47306, 157743, 338153, 237468, 483593, 393841, 365094, 260013, 99908, 40876, 105173, 492709, 375157, 85413, 260612, 297672, 175613, 147818, 88903, 267394, 188909, 77089, 8922, 97367, 241162, 381740, 423025, 74023, 363857, 282370, 77484, 109436, 448773, 4737, 308183, 182807, 482351, 326913, 278829, 216376, 386711, 305638, 452835, 228353, 298097, 436637, 334886, 99594, 485340, 52605, 30595, 465295, 165493, 483699, 492012, 315887, 102334, 413048, 4651, 212088, 111756, 247426, 438077, 318562, 263196, 336636, 50654, 421263, 179588, 399025, 459432, 378958, 53451, 243369, 360283, 411801, 482543, 47010, 494230, 445703, 230944, 370123, 376722, 422672, 374759, 193530, 201697, 265805, 3040, 74802, 134142, 76195, 619, 343887, 395695, 231336, 301236, 97168, 306568, 25262, 412456, 430647, 478466, 334037, 214304, 306120, 120410, 383971, 191047, 497365, 391988, 249815, 441468, 271336, 118760, 365106, 242527, 303661, 374150, 220175, 278178, 296133, 42297, 71838, 273819, 412443, 213716, 412057, 46066, 157941, 430901, 183906, 33289, 39975, 102330, 473940, 88070, 100709, 21528, 185497, 220758, 436974, 11955, 225194, 411425, 424919, 62105, 271001, 415760, 227941, 497495, 131443, 205521, 189151, 249389, 255774, 300128, 220773, 419079, 155144, 271291, 405228, 405937, 187818, 335461, 189102, 303858, 406216, 496974, 381595, 294464, 197798, 237342, 164940, 403867, 113827, 9254, 332419, 100218, 488658, 263804, 455923, 30852, 117577, 20487, 61142, 225164, 72687, 242644, 243066, 145808, 338973, 391157, 110734, 236450, 288111, 346631, 250944, 498449, 417564, 237636, 193131, 235268, 277464, 63410, 70309, 228928, 89875, 237470, 390992, 276336, 22051, 78694, 193574, 359321, 68921, 320223, 143763, 108355, 406646, 76287, 132455, 449313, 233483, 96781, 191855, 331400, 30224, 289206, 258612, 153870, 297137, 215531, 208075, 152353, 93197, 455630, 458067, 336964, 307057, 473143, 107472, 104525, 273408, 176976, 43377, 401622, 266904, 165071, 93675, 90998, 320273, 209225, 3460, 495066, 476991, 55450, 64816, 398023, 139685, 216113, 40495, 20595, 298681, 145711, 342858, 407719, 222931, 328034, 328360, 461560, 372972, 22478, 290180, 496619, 221763, 105454, 363594, 345481, 34058, 128969, 252042, 420724, 253541, 165970, 43957, 306615, 456221, 204579, 422482, 160063, 80449, 216768, 451139, 207461, 253228, 221608, 345312, 16294, 47130, 422796, 354131, 169317, 29903, 158935, 302825, 295838, 112319, 207447, 31598, 213729, 79339, 70423, 278381, 176822, 171434, 57083, 339343, 414466, 80647, 481126, 220827, 435061, 106660, 73105, 414128, 259589, 340794, 168137, 124974, 481808, 337321, 396852, 489127, 290725, 312034, 404323, 361450, 72332, 459914, 477563, 253154, 483804, 319866, 477589, 484120, 194674, 286639, 240512, 84755, 56294, 438087, 244571, 292877, 284699, 355836, 34688, 257723, 149325, 248931, 101862, 393697, 499990, 197083, 319605, 383045, 236295, 89987, 344288, 496234, 127907, 66330, 87453, 277436, 253172, 423483, 258792, 119133, 174665, 289862, 9072, 30934, 278893, 219292, 271325, 291437, 393304, 417496, 355295, 180767, 183591, 245549, 190241, 159276, 40845, 206870, 66204, 241060, 86013, 323746, 228001, 395721, 305333, 402637, 25046, 19905, 28103, 121982, 183144, 228204, 201673, 190599, 199796, 373747, 469261, 186692, 24696, 209548, 150452, 424603, 415282, 327939, 130204, 200064, 217594, 216531, 170853, 338285, 474274, 45998, 398240, 173696, 490950, 7865, 85318, 236354, 389347, 225891, 137078, 142111, 471911, 183022, 75663, 64281, 447022, 480431, 6513, 116138, 298901, 44495, 163902, 154463, 294099, 341194, 432052, 411704, 104549, 348300, 205549, 394601, 207234, 300547, 498561, 378334, 379809, 342487, 400529, 417295, 149547, 223482, 163084, 156578, 477834, 181422, 469523, 443469, 369005, 125725, 205998, 111754, 322889, 184044, 300613, 250825, 492157, 229207, 480188, 9720, 317912, 129182, 95198, 4376, 137663, 5434, 440626, 371096, 479714, 361730, 127906, 966, 459675, 282258, 187590, 364181, 378193, 21229, 172203, 393448, 410748, 130896, 427033, 186323, 285128, 93984, 445025, 151229, 459703, 222141, 468151, 485677, 97514, 161371, 216397, 326479, 296257, 245793, 169971, 489671, 171403, 129843, 179502, 177397, 51506, 226380, 186977, 72013, 366170, 175257, 410113, 464403, 39991, 202425, 250803, 231638, 259643, 445154, 44689, 376180, 12411, 496477, 285713, 206472, 417066, 452734, 299726, 105631, 271974, 375152, 442167, 170403, 169247, 122045, 94025, 399766, 259732, 328071, 460403, 305537, 13558, 428001, 214178, 299278, 477399, 443340, 87948, 76916, 498830, 374994, 343246, 326944, 309439, 39571, 434905, 482602, 288167, 9206, 179790, 116688, 457810, 28639, 176891, 487729, 151427, 331580, 287701, 381632, 133769, 78420, 244302, 242810, 8163, 330470, 17763, 412909, 381531, 273883, 28802, 372529, 408390, 171925, 155748, 157693, 421676, 157640, 399626, 208871, 306790, 342365, 28386, 40030, 420354, 265838, 114423, 385556, 283201, 61679, 207841, 433273, 129768, 278904, 64906, 261110, 479266, 237384, 442164, 186154, 350491, 285491, 160109, 160529, 432026, 233905, 104373, 116144, 236623, 451873, 177080, 197745, 176654, 156868, 125898, 127668, 490542, 84516, 283615, 155203, 180121, 471471, 339710, 245128, 17783, 267729, 162410, 192065, 115689, 247503, 336021, 1985, 201762, 139030, 29065, 122965, 48057, 214865, 364537, 59426, 382249, 138960, 412175, 444273, 181227, 281838, 67127, 137998, 483955, 250180, 438599, 38857, 228882, 461187, 164489, 11180, 436329, 111105, 351321, 305895, 457515, 452166, 273675, 211256, 122900, 80401, 417381, 262902, 412041, 250925, 374583, 429425, 212184, 462082, 351359, 115625, 277975, 386716, 452034, 151141, 58194, 116493, 412558, 290352, 327815, 328017, 370546, 382004, 143903, 108837, 351899, 133870, 22509, 307737, 368434, 149124, 382954, 389290, 408058, 350320, 278403, 198033, 455866, 169587, 105128, 477973, 81353, 57912, 13947, 174221, 209516, 246585, 377872, 84517, 496508, 67745, 459893, 73676, 286313, 254507, 331408, 116727, 323972, 372605, 300536, 464308, 450165, 401246, 498449, 195376, 244664, 97769, 491132, 483777, 390779, 9655, 21548, 98577, 397101, 23609, 478455, 61111, 59127, 132761, 328171, 181440, 35768, 79433, 417741, 238952, 637, 312343, 40539, 297406, 215524, 111002, 9750, 461601, 124675, 427449, 466865, 498640, 395207, 18244, 244325, 213199, 342103, 199978, 188107, 175543, 469522, 55417, 31255, 158922, 218093, 165159, 169087, 478174, 341925, 359815, 246101, 408671, 84731, 141017, 99687, 312849, 355999, 293986, 339388, 244993, 471712, 290070, 104971, 114170, 467567, 222898, 13106, 35518, 74514, 123049, 421346, 336519, 195865, 71728, 471880, 390424, 143933, 493283, 376250, 159776, 187895, 412513, 20651, 437704, 24427, 494242, 162176, 498315, 11386, 56707, 39236, 149922, 444241, 388319, 83834, 11049, 127020, 323583, 97470, 337882, 190028, 101100, 417769, 433995, 411292, 432098, 35584, 291312, 57428, 438975, 120474, 153895, 401255, 85072, 85247, 355931, 345145, 108665, 141371, 43941, 342127, 18947, 133063, 247344, 124062, 32263, 322794, 317652, 237197, 283370, 88022, 172981, 326376, 201339, 265199, 429083, 47465, 180824, 306300, 499917, 478778, 384816, 83395, 4707, 21950, 495480, 3613, 357222, 346635, 138062, 131652, 429957, 464155, 362983, 422608, 349135, 100070, 90827, 46118, 205636, 116782, 174639, 295825, 172072, 38934, 130177, 473778, 482634, 172955, 92603, 364642, 370912, 115547, 150298, 362983, 159120, 334652, 38002, 437593, 234578, 243753, 28636, 364917, 410658, 392554, 261760, 392116, 327830, 348871, 384388, 471714, 417651, 220803, 64727, 310636, 61283, 85042, 470735, 473375, 103602, 79511, 249364, 315619, 205964, 15537, 252769, 298049, 184587, 161045, 201539, 490012, 233950, 370977, 238918, 354569, 87162, 64803, 255684, 450886, 105422, 440724, 4785, 238353, 118943, 228742, 334945, 146956, 325873, 164304, 497021, 77121, 491315, 496796, 111353, 343315, 193047, 441834, 127139, 110365, 179732, 398978, 10849, 99972, 92896, 185533, 96113, 314054, 482057, 369583, 284719, 240806, 84406, 55054, 161053, 315327, 490068, 421562, 457389, 451929, 161534, 124622, 324969, 119305, 152089, 408266, 88161, 112009, 272927, 413899, 91727, 86969, 178297, 301668, 131167, 341092, 384206, 22515, 205364, 190972, 324929, 386639, 37751, 149030, 317915, 113595, 136930, 254721, 82072, 489721, 457557, 226196, 142533, 258601, 16821, 378197, 233949, 254706, 487102, 60811, 220393, 113296, 127180, 452531, 141302, 495323, 87781, 190975, 479877, 86929, 41390, 406300, 135359, 384594, 392505, 128108, 20204, 352024, 471311, 101133, 147820, 453042, 272528, 255439, 379428, 476904, 418498, 219014, 9143, 38936, 131531, 129436, 324462, 110145, 439901, 92754, 116708, 320793, 453428, 260597, 205862, 8408, 375119, 483541, 134889, 312648, 237874, 282641, 164853, 332509, 476401, 326122, 454244, 72829, 254020, 157539, 262070, 303905, 262337, 35846, 147229, 261253, 408601, 436266, 468250, 199968, 349372, 66869, 113383, 188906, 376444, 408683, 294942, 149587, 81576, 491069, 439197, 46934, 132471, 353327, 59074, 288138, 61982, 286619, 209621, 193883, 68960, 362674, 192436, 231537, 307994, 47716, 258298, 198041, 296240, 172072, 250626, 442942, 308695, 330282, 42866, 25881, 345518, 263865, 398304, 486539, 257557, 399407, 278836, 157897, 367614, 463746, 479744, 190202, 88316, 205492, 29490, 418815, 274220, 208004, 75607, 28505, 114999, 428367, 180431, 64353, 79370, 347199, 435274, 178291, 145551, 234024, 431697, 387690, 321227, 374179, 289777, 82379, 226233, 130532, 206387, 12250, 466926, 156078, 112414, 290211, 380318, 131650, 94560, 358550, 45100, 436318, 274160, 182573, 217843, 453304, 146212, 491377, 382735, 371138, 67977, 320097, 230322, 490244, 199922, 319712, 132256, 389958, 37373, 246693, 156039, 205831, 244523, 392815, 110358, 474787, 423461, 109120, 305898, 363108, 126463, 193195, 448684, 316674, 27544, 17352, 78629, 260647, 336455, 52083, 247483, 479287, 62953, 150100, 394821, 45656, 146869, 200741, 116622, 303667, 470950, 197048, 37334, 217913, 193157, 81257, 109715, 222019, 365169, 82167, 493526, 195532, 317700, 493642, 177167, 468597, 81254, 72403, 369992, 453187, 16086, 23420, 496978, 252921, 247843, 446508, 224393, 430439, 257502, 15910, 16876, 177914, 39427, 460241, 215244, 305630, 448115, 401677, 34204, 179033, 41182, 31150, 448264, 282919, 298433, 487102, 110267, 414838, 199620, 115924, 183826, 81083, 275822, 66438, 429562, 290711, 159736, 331717, 171085, 488245, 245907, 74343, 110820, 116607, 8641, 123636, 49060, 127338, 148756, 134160, 297381, 306404, 287974, 93320, 101761, 482895, 310136, 190137, 417929, 449577, 228222, 331878, 458490, 22299, 367880, 136898, 15521, 254032, 274898, 28601, 270350, 307458, 150598, 498288, 98071, 350348, 397263, 263540, 481408, 214058, 285101, 344909, 120574, 418224, 192778, 311162, 366252, 308389, 468596, 194492, 97439, 279726, 1847, 79286, 152521, 86452, 472054, 27157, 293853, 445120, 205146, 152644, 151770, 299214, 208115, 230846, 263036, 116297, 481314, 377501, 248310, 273289, 369242, 342406, 302022, 31137, 126212, 41810, 224154, 413616, 230466, 250528, 48440, 405622, 268141, 440380, 4618, 97718, 206499, 253322, 152569, 191454, 492312, 27887, 388473, 81253, 4929, 415047, 440344, 178843, 367960, 132282, 233614, 380631, 9992, 414047, 68599, 91257, 303634, 436671, 122556, 483259, 52958, 495678, 199785, 104764, 164294, 73323, 227143, 217978, 285447, 16937, 241869, 288810, 52932, 340822, 318551, 393827, 426168, 8068, 169196, 446293, 115945, 380833, 30487, 146152, 88713, 446123, 123823, 432410, 308588, 320165, 334511, 128634, 38733, 28708, 474874, 132251, 180101, 350638, 250665, 265944, 172637, 243703, 238334, 234951, 8462, 61473, 475671, 456454, 445484, 142249, 393250, 211636, 391365, 111647, 266902, 412370, 280233, 162062, 23918, 442281, 28382, 165918, 389280, 32941, 6095, 271608, 347394, 68354, 48123, 167094, 305641, 429849, 468860, 371550, 291294, 376617, 330874, 441112, 237943, 94474, 216900, 24407, 177913, 360663, 408650, 256525, 341376, 99758, 244173, 397573, 154119, 117530, 156044, 30002, 278912, 158522, 105636, 259638, 141355, 441221, 55146, 87650, 190066, 396082, 234382, 175229, 139662, 311500, 146994, 237028, 259408, 497040, 207937, 220101, 197734, 190352, 212556, 25064, 306128, 214174, 256735, 394671, 348975, 366815, 121792, 438726, 124751, 332449, 138638, 138006, 138036, 99979, 192046, 103884, 238997, 262298, 316173, 407734, 330858, 405745, 272409, 350087, 250083, 268818, 201827, 261232, 144954, 159952, 283185, 455124, 144616, 483647, 107241, 23823, 459490, 435997, 251665, 299792, 241369, 410069, 422287, 475111, 473225, 136338, 276781, 448609, 209378, 443000, 426056, 214340, 270221, 193795, 267896, 396687, 156154, 75894, 373807, 22969, 279825, 190795, 152210, 76062, 4207, 412342, 8381, 261123, 125762, 439969, 394230, 283437, 315558, 326457, 118085, 48597, 181625, 73497, 118482, 124193, 34645, 439053, 3540, 321726, 134501, 134161, 431204, 323909, 167139, 478384, 127751, 79080, 235620, 393707, 91081, 103955, 115513, 16502, 280212, 61662, 203370, 85855, 459996, 452951, 272998, 351286, 489176, 282571, 74581, 177763, 446843, 38896, 222984, 188752, 114615, 346389, 217412, 233865, 38056, 437801, 218182, 188542, 6007, 401260, 93174, 496372, 175728, 370179, 416058, 132462, 318616, 54885, 75880, 177355, 83269, 499805, 363975, 88842, 414471, 44367, 270796, 365049, 358418, 110151, 173351, 45107, 136329, 290544, 372043, 385953, 194937, 369225, 430069, 44495, 341765, 77001, 138380, 11855, 30958, 184874, 99643, 167457, 335808, 419411, 456855, 40010, 15766, 393827, 343010, 63779, 448089, 248950, 239380, 172110, 34551, 116872, 86923, 392607, 66199, 27853, 239496, 50025, 362431, 231782, 134584, 372488, 14857, 194693, 333482, 408192, 189649, 249045, 101846, 298158, 161317, 221467, 475820, 56645, 23429, 119395, 446301, 372088, 148539, 222603, 299756, 205405, 237833, 8011, 337142, 455636, 357132, 392424, 148465, 290859, 230988, 293673, 302759, 358856, 77013, 154563, 249909, 74211, 212923, 226711, 47354, 34091, 397058, 106075, 483405, 74778, 441501, 79847, 426068, 487991, 95647, 381440, 132083, 386839, 270573, 461939, 274308, 450121, 92830, 349877, 33492, 171526, 374920, 108392, 231162, 390212, 56217, 182706, 336004, 81700, 308685, 234343, 190001, 249735, 84359, 215698, 312725, 267351, 263239, 343009, 466059, 162410, 408572, 298260, 126064, 252986, 236073, 272386, 388008, 188922, 90284, 333678, 341725, 262885, 409864, 50695, 252341, 481659, 446852, 375349, 36661, 13349, 45113, 130885, 367770, 21588, 483394, 414854, 328386, 328831, 16412, 237023, 67039, 332047, 276881, 148359, 330866, 369665, 240675, 109244, 145906, 101222, 185071, 326151, 343945, 265763, 353100, 427192, 185028, 76804, 10596, 319475, 112171, 490938, 476306, 425096, 86217, 61090, 341310, 21143, 278476, 186693, 79901, 59053, 377475, 342083, 445035, 268465, 197487, 233601, 201124, 149259, 20121, 488557, 26096, 477367, 475296, 409748, 31028, 19792, 467973, 96956, 406756, 304234, 38559, 354932, 43010, 36813, 383855, 64915, 454851, 142268, 23249, 18102, 230728, 280574, 3997, 379091, 1743, 204306, 218817, 230172, 7576, 295311, 199728, 454602, 161115, 422332, 324643, 282361, 474035, 455468, 346403, 19519, 323658, 308382, 350520, 25558, 428433, 108147, 479472, 89747, 144520, 496417, 280889, 416900, 425500, 421919, 366789, 89768, 169674, 58712, 112915, 292137, 36834, 297307, 444056, 212534, 319670, 372301, 234716, 439523, 351817, 57627, 476673, 442481, 41444, 116033, 332166, 18816, 480455, 217549, 99257, 273971, 21563, 236402, 347212, 335433, 8362, 279427, 68367, 258569, 24561, 450743, 197188, 466632, 223823, 85795, 456688, 258795, 115067, 87077, 266047, 178428, 483284, 410168, 183464, 31822, 101183, 106671, 210482, 353618, 368776, 494294, 118079, 389134, 361021, 363758, 417461, 131579, 198222, 225270, 333804, 147396, 411211, 336360, 112455, 172170, 389353, 21561, 343506, 157861, 283203, 73416, 342889, 297223, 309863, 360586, 171892, 113539, 392406, 83024, 216003, 199172, 350668, 343797, 450453, 186177, 164028, 461721, 101378, 9654, 347027, 86603, 482124, 411127, 17768, 230603, 343323, 474317, 346827, 23051, 177068, 122301, 199725, 165816, 25919, 338941, 446526, 142942, 347401, 26767, 117623, 454411, 269551, 294195, 454206, 158118, 110261, 6899, 45763, 263226, 257744, 42406, 478739, 122565, 164817, 230762, 33497, 465825, 238387, 495473, 391716, 470138, 286497, 174151, 411947, 177419, 211022, 127421, 453849, 331118, 56737, 296698, 155043, 179480, 497995, 306873, 32466, 311431, 441218, 94661, 166421, 229695, 263328, 450422, 55857, 363868, 96963, 389573, 416829, 40131, 81149, 368230, 191694, 359061, 177162, 318088, 196483, 309990, 447889, 50348, 191971, 174692, 469244, 464212, 272544, 22237, 182338, 306078, 378050, 135716, 342513, 316573, 361947, 63111, 138809, 438833, 351805, 383576, 351762, 363516, 64490, 141628, 147627, 249388, 191542, 312894, 429393, 101509, 372036, 209165, 135258, 119727, 187927, 56236, 196062, 27866, 277749, 416039, 323528, 113467, 138977, 346865, 224171, 204596, 340036, 260963, 363703, 66945, 140704, 450910, 107360, 31276, 99560, 444205, 128457, 21753, 264252, 466726, 16905, 202193, 128539, 124081, 347514, 448099, 55744, 342534, 158698, 355444, 76740, 370848, 364649, 197499, 58457, 382083, 63496, 427881, 170614, 203445, 111848, 106795, 75861, 148722, 144972, 210503, 453506, 175424, 114763, 472211, 407974, 272403, 170596, 297650, 62791, 126125, 113288, 197596, 335375, 76172, 373791, 123165, 290399, 498537, 159536, 187031, 111168, 303641, 456711, 251543, 17253, 13227, 153799, 313557, 269102, 22292, 25213, 181917, 111638, 337244, 355769, 409342, 466314, 466261, 334927, 224447, 427684, 476228, 184864, 260124, 84535, 271327, 86664, 341164, 414841, 365733, 230960, 113368, 515, 445774, 344000, 234860, 466744, 201689, 200429, 157380, 167731, 445672, 389611, 304816, 343292, 371316, 271565, 463907, 297108, 260328, 250714, 476147, 391935, 226214, 222831, 239597, 157180, 186383, 152602, 3606, 303791, 262656, 203145, 15733, 442503, 152697, 477381, 85065, 346557, 338244, 34796, 93367, 270987, 245605, 58578, 212746, 265733, 319108, 237668, 53966, 238109, 285942, 363343, 321535, 106574, 23651, 357627, 307237, 366807, 59067, 424775, 269552, 291294, 375066, 347987, 117842, 89947, 118666, 415148, 433422, 125089, 88882, 416616, 401842, 77364, 491210, 391791, 37651, 257299, 67644, 286324, 447446, 86998, 79278, 203870, 247813, 4875, 248898, 344446, 3276, 263509, 490901, 344402, 41693, 431914, 151834, 207039, 115050, 285960, 442488, 3133, 470112, 157280, 498208, 122390, 410743, 413460, 88857, 206522, 156133, 154719, 476163, 351795, 302233, 328937, 480146, 94052, 353324, 52603, 88218, 227521, 211539, 89790, 476355, 255469, 409128, 417360, 440202, 475520, 361252, 363319, 456708, 447147, 188632, 163325, 317166, 172282, 34555, 406459, 350132, 452623, 111066, 171517, 461925, 63905, 53493, 227870, 420606, 344682, 80663, 247829, 394509, 273991, 49674, 404387, 138551, 83013, 155664, 405377, 189466, 278237, 466450, 285020, 287403, 447344, 385891, 141874, 331634, 41008, 191653, 176705, 281490, 345303, 188836, 457604, 238683, 333645, 55212, 334001, 50159, 339423, 177433, 322998, 213535, 467475, 277837, 439168, 397924, 35019, 231458, 463100, 325700, 93652, 120882, 315827, 267055, 347540, 371936, 91285, 376202, 158296, 21062, 400330, 492890, 155924, 359878, 309661, 443165, 56241, 217719, 394281, 288101, 49574, 182341, 124938, 105670, 94617, 24457, 200334, 255738, 89844, 18754, 196118, 41190, 92390, 443270, 347078, 209178, 487618, 105220, 316782, 478141, 360082, 473995, 143977, 73551, 112322, 378277, 360672, 395813, 70121, 173459, 79305, 81292, 59428, 303862, 458145, 348591, 299879, 164747, 324532, 428947, 405456, 340443, 321542, 375788, 210879, 472086, 405893, 275729, 385485, 236803, 108489, 207137, 217198, 205221, 184967, 281460, 254180, 430318, 180298, 1123, 255165, 32893, 407462, 476263, 70966, 156869, 499570, 358568, 354908, 123110, 259486, 150763, 35633, 450639, 77022, 96039, 398862, 465464, 363656, 10830, 203833, 61597, 284861, 27793, 196159, 189676, 493582, 83876, 489301, 406596, 485517, 147302, 384307, 142466, 38647, 355180, 11965, 441226, 12639, 354535, 499455, 331, 450580, 366181, 15073, 198914, 82705, 476136, 30716, 458935, 421093, 330489, 265077, 295129, 372985, 263446, 196147, 445400, 94749, 448294, 165430, 74760, 26857, 175534, 177714, 447350, 343208, 157063, 152977, 91893, 436345, 157351, 181074, 292177, 55691, 302066, 283679, 320940, 482072, 135899, 88823, 124860, 338190, 251950, 443332, 144086, 407522, 402676, 210458, 286644, 466593, 487230, 171329, 3586, 332857, 74270, 214256, 424555, 154744, 381122, 330952, 286387, 165660, 247966, 165310, 179100, 47303, 321239, 170191, 455236, 406624, 298648, 426116, 271604, 190940, 353305, 421027, 24500, 338911, 201702, 443346, 424020, 389598, 269118, 416563, 4759, 172548, 207708, 168793, 119887, 482517, 114777, 383989, 44628, 93663, 459432, 104811, 247224, 351917, 320620, 153828, 3731, 79023, 425969, 349735, 108800, 32951, 497366, 384249, 388898, 106840, 190735, 489032, 288802, 418351, 396988, 205312, 73317, 103047, 449203, 189444, 178936, 77924, 271536, 265219, 70786, 13929, 479634, 402213, 150241, 469598, 393974, 15912, 425118, 165357, 342128, 249995, 17530, 167106, 287512, 342109, 399321, 300071, 99257, 264001, 90007, 100183, 259514, 415326, 31345, 361073, 203685, 308145, 42819, 223747, 273888, 212434, 13266, 396904, 465777, 61751, 1520, 421163, 33890, 292367, 424873, 255641, 285679, 101124, 253609, 140875, 299502, 197723, 71047, 4172, 234081, 229159, 213048, 355716, 43138, 239362, 406074, 289377, 34286, 207384, 153642, 149729, 56569, 487499, 382234, 365524, 423526, 246712, 169541, 489176, 200981, 472067, 237995, 429348, 459275, 54558, 214256, 311977, 65035, 168348, 142032, 264426, 139067, 397306, 294206, 271672, 315003, 408784, 170966, 99840, 94729, 173842, 462566, 7214, 193728, 152881, 83319, 303145, 385836, 364644, 274594, 345557, 306013, 72764, 210580, 73673, 245228, 316472, 313447, 197061, 115174, 76069, 342906, 114835, 450734, 198914, 128262, 137573, 90311, 173656, 312846, 335816, 261224, 61952, 492234, 246884, 218660, 461918, 397463, 408764, 437330, 345970, 109614, 443660, 342105, 191868, 265889, 260161, 1234, 71285, 50694, 277894, 268573, 19751, 137802, 452641, 394045, 495066, 491180, 241457, 256318, 87768, 351412, 38623, 431945, 364691, 223366, 169528, 262211, 399173, 419560, 268108, 342868, 33993, 289277, 43359, 169622, 193549, 127969, 309448, 98268, 463392, 378832, 41854, 89013, 477015, 75099, 442926, 336042, 170539, 329198, 438268, 268600, 463851, 210182, 427053, 19059, 61561, 351742, 282740, 155067, 108978, 37999, 479087, 202529, 499733, 401328, 366, 181735, 489857, 289473, 214084, 471049, 141148, 326014, 85391, 273084, 349525, 152493, 114665, 454257, 46668, 140875, 406037, 42563, 429184, 319042, 272543, 392556, 377430, 107795, 32433, 102090, 286885, 113562, 210686, 302338, 340283, 462407, 258814, 298849, 126893, 417005, 93405, 282286, 197342, 447127, 476706, 332991, 382650, 45041, 383731, 324101, 164629, 101248, 44885, 497276, 297644, 404479, 150500, 85723, 350565, 4569, 177171, 262670, 189104, 253541, 143814, 342324, 353203, 334459, 315512, 487058, 191595, 215393, 167149, 203857, 391209, 153853, 131892, 94910, 334794, 39900, 137607, 138513, 287754, 237669, 78734, 69941, 454668, 311571, 425634, 476783, 96872, 360281, 313242, 119840, 68270, 371034, 316501, 477774, 216894, 447504, 233754, 236704, 398502, 61737, 165853, 6785, 190108, 420949, 195101, 346616, 61535, 391232, 112069, 231083, 499518, 433886, 495714, 80694, 344188, 285606, 478990, 110919, 247966, 214706, 306177, 288231, 435954, 138097, 454569, 84447, 228916, 217796, 37212, 306142, 370327, 3952, 46759, 176155, 486888, 250245, 299694, 223299, 138139, 80112, 471428, 98268, 55308, 397859, 215423, 235346, 299877, 269737, 216263, 133900, 32332, 41515, 403178, 339135, 472655, 64180, 381844, 300391, 424697, 23305, 372711, 254679, 2925, 155919, 87007, 14715, 195138, 275144, 398120, 373488, 174681, 89275, 83782, 496151, 391828, 260712, 118488, 331028, 83092, 113816, 109672, 52692, 76263, 402365, 235667, 170534, 218312, 447763, 164786, 426363, 497220, 263481, 12792, 43292, 416781, 332622, 30475, 240702, 301178, 95631, 249963, 66456, 30047, 408281, 470106, 274636, 277898, 280080, 441613, 288354, 349367, 8651, 92370, 467405, 384044, 223523, 406604, 335585, 397572, 321885, 69913, 356044, 21987, 477666, 122333, 342109, 332804, 201173, 485840, 252737, 230303, 189408, 340014, 298000, 392341, 30278, 171962, 147822, 50956, 15301, 274296, 423851, 102028, 200443, 137395, 220351, 337462, 403359, 260794, 299647, 80319, 485652, 264735, 151028, 64007, 428130, 219565, 392149, 149606, 387397, 23107, 106366, 23433, 159365, 32015, 138102, 483074, 2712, 365206, 376262, 257673, 212978, 296864, 455803, 451005, 115955, 366514, 133900, 98342, 64497, 97414, 12443, 51516, 189426, 126965, 265143, 287632, 52939, 11504, 60261, 96027, 462923, 287923, 464943, 120950, 28455, 437309, 235485, 395854, 497427, 150840, 367741, 147426, 140411, 301072, 184987, 202861, 58494, 63577, 334751, 329050, 411194, 84881, 243865, 363812, 353072, 436325, 207369, 384540, 302040, 265174, 165227, 337261, 446797, 178532, 386205, 439527, 141774, 173175, 70705, 219400, 248790, 14899, 71190, 289369, 356259, 222355, 434509, 451224, 187076, 475596, 471288, 220671, 150002, 315281, 237421, 382592, 114607, 491108, 447593, 383049, 475419, 273179, 198091, 403622, 206268, 21381, 161865, 270475, 4146, 326168, 34262, 73466, 46286, 326054, 145586, 207985, 192760, 112728, 133838, 92662, 267004, 305685, 333845, 311431, 359143, 426252, 267561, 397375, 150126, 233771, 8850, 467670, 142687, 67399, 437612, 293756, 34562, 230012, 289071, 488114, 486214, 414598, 423550, 345566, 466500, 159369, 57412, 141776, 364982, 421512, 22265, 480083, 497929, 263092, 48662, 207564, 240364, 4934, 311811, 299669, 263072, 470468, 271448, 302744, 430173, 1734, 325127, 363656, 131070, 46906, 193872, 161776, 473567, 300553, 438507, 391745, 400819, 338795, 26898, 262190, 280117, 385205, 271270, 2065, 372434, 415141, 168284, 241637, 282514, 309854, 251068, 210456, 286213, 462667, 41852, 407263, 76152, 256376, 52208, 55760, 139432, 293182, 99720, 205509, 293017, 121644, 247880, 168683, 158024, 223810, 460522, 242120, 303636, 181647, 148737, 342006, 465069, 183666, 243436, 340845, 42059, 165143, 137647, 239121, 73592, 497601, 226789, 245136, 352690, 60939, 178037, 171340, 39135, 226718, 399235, 184083, 274335, 345267, 12829, 59634, 326800, 489246, 317503, 135426, 292056, 71226, 24170, 371244, 369893, 76805, 221523, 176838, 128651, 59073, 108514, 269980, 55251, 343670, 148177, 141598, 328017, 346393, 180688, 175823, 389906, 312033, 294824, 164742, 462015, 328655, 230, 246116, 181971, 247313, 22922, 396747, 254760, 227971, 204062, 340431, 499201, 86960, 305602, 483886, 464265, 455399, 163990, 253295, 83600, 222571, 248825, 450416, 123640, 359643, 246247, 237544, 40126, 365110, 246773, 173867, 238231, 242467, 322626, 140867, 384695, 111914, 193834, 229500, 326775, 272333, 193596, 463181, 405726, 318796, 406902, 491527, 91305, 219526, 41956, 9970, 298915, 269438, 410241, 146182, 16493, 177787, 56180, 452053, 324529, 240423, 472199, 445229, 478596, 57244, 15834, 254099, 341839, 51580, 157539, 104885, 393485, 113144, 225160, 169925, 368639, 211076, 58533, 224081, 453642, 268382, 443773, 147518, 38500, 232988, 391444, 92987, 400476, 400072, 185880, 375395, 126391, 414778, 329944, 50700, 370178, 141663, 44042, 67257, 169343, 201702, 414389, 413667, 496364, 224592, 60808, 155077, 40848, 312700, 11554, 132500, 406966, 326373, 278980, 472634, 387682, 366991, 467841, 284892, 134984, 188467, 415194, 342456, 462328, 340696, 410618, 150568, 90597, 95353, 385064, 106608, 412589, 475593, 392188, 176169, 176887, 57721, 383541, 111952, 8242, 289958, 7152, 107412, 253250, 156970, 57814, 135619, 419506, 245857, 369794, 281482, 120036, 115107, 454393, 60691, 358972, 159398, 451466, 124468, 491297, 63174, 437903, 413318, 285596, 249789, 91975, 122882, 140790, 185681, 63393, 197471, 139787, 47919, 102621, 60863, 120109, 81963, 483016, 439277, 38670, 436734, 484175, 97015, 410456, 20349, 144475, 245979, 437543, 163351, 187109, 313565, 158109, 156353, 5686, 156875, 435869, 351208, 47669, 369391, 76841, 243822, 187267, 83187, 397156, 147608, 475021, 372451, 233747, 285980, 135636, 451342, 246305, 285675, 371861, 384541, 170453, 143944, 493480, 54797, 84469, 312141, 464454, 98626, 253835, 402754, 378862, 232266, 492061, 198788, 363764, 429630, 275799, 435623, 210434, 207312, 172947, 338532, 283184, 191502, 316238, 315312, 92973, 280598, 80861, 310049, 125786, 127123, 260130, 458199, 437098, 276487, 447271, 276165, 106792, 452483, 117746, 265770, 341618, 355782, 138363, 445654, 290857, 90281, 227525, 98442, 249960, 95538, 499309, 143531, 405411, 203337, 247370, 253452, 194405, 309927, 52370, 143621, 61172, 161984, 92686, 100446, 386342, 293660, 166193, 440171, 390677, 149404, 272997, 100763, 280418, 494881, 157842, 356999, 268326, 491199, 196305, 84696, 96822, 18238, 36788, 117412, 319955, 455970, 499623, 470399, 49610, 278371, 13212, 86356, 457083, 280713, 89448, 131293, 68687, 177639, 317985, 372505, 380226, 333568, 233090, 11080, 205817, 240937, 108501, 120787, 195701, 354432, 234517, 445218, 382545, 425777, 260741, 84972, 131861, 135587, 286695, 62059, 26746, 236887, 339761, 124536, 180544, 226585, 269785, 198728, 294457, 372115, 71336, 158636, 71132, 180931, 472261, 158579, 161582, 450457, 121348, 137033, 246035, 2495, 63835, 455756, 134853, 341004, 460119, 77759, 300917, 197548, 213451, 271521, 141248, 8640, 16871, 71941, 478748, 207322, 368584, 102174, 469417, 466658, 182044, 49966, 271675, 194476, 281578, 319551, 28914, 472353, 126611, 324368, 40985, 404222, 111425, 402407, 197428, 348237, 265127, 302734, 131710, 286289, 258694, 486123, 148425, 326899, 170660, 346638, 207215, 365880, 305760, 250834, 244677, 150012, 280068, 111797, 383574, 298376, 358695, 348495, 469149, 248956, 298973, 308833, 439900, 239415, 341052, 260095, 158876, 419704, 54480, 50423, 321810, 103714, 388818, 23804, 258210, 349117, 81531, 390801, 199064, 365827, 361574, 316306, 147635, 405242, 58613, 343330, 401629, 155410, 240993, 315693, 248772, 224728, 322778, 168169, 490154, 163675, 41754, 373546, 411059, 81590, 81787, 215237, 184104, 430585, 260966, 383850, 454380, 405954, 194058, 132181, 333426, 56840, 263290, 416753, 413170, 199913, 365262, 116308, 173146, 384901, 450834, 426446, 303493, 71512, 374307, 225408, 164922, 483534, 232315, 488611, 281267, 398965, 43946, 443011, 198203, 488076, 399483, 486789, 417119, 365374, 169902, 18136, 115598, 122808, 101868, 11339, 15905, 393395, 371782, 74503, 214759, 406939, 46335, 458207, 295975, 248324, 86408, 109613, 191120, 478877, 311636, 464142, 371925, 303091, 342000, 421752, 330855, 10319, 414805, 443818, 367134, 499749, 77793, 289084, 372297, 132772, 1068, 271705, 233953, 227947, 242146, 193187, 38257, 130166, 441391, 76546, 268517, 144627, 203010, 434067, 233530, 417686, 258023, 473553, 361253, 394871, 9553, 273320, 102354, 218031, 90653, 327557, 333367, 214471, 396127, 73515, 396370, 44384, 191664, 179724, 397725, 386612, 388597, 22696, 261744, 425169, 111872, 131402, 375275, 352664, 40135, 244083, 77721, 152495, 176778, 153991, 422908, 184379, 335234, 111641, 129544, 145657, 497333, 27787, 23074, 496362, 179043, 220489, 228290, 269101, 340452, 449017, 341769, 79429, 310917, 241082, 32303, 417318, 257129, 380306, 401491, 64119, 210414, 73229, 316279, 278730, 139030, 90760, 22802, 49482, 487373, 203674, 452764, 444187, 73066, 460804, 132702, 221451, 42145, 497677, 50823, 430095, 389359, 402369, 214497, 180873, 233181, 326500, 278321, 407885, 397956, 233210, 52053, 112158, 172012, 218986, 123323, 50652, 187197, 310323, 428033, 167412, 123378, 486229, 133451, 166842, 14426, 360822, 455269, 24590, 145492, 226148, 417787, 464721, 293609, 130823, 390597, 30335, 270157, 378117, 452597, 383542, 204943, 3969, 261915, 10003, 358072, 236520, 19978, 347913, 68371, 240375, 75917, 409511, 118309, 436528, 249199, 157744, 423287, 132102, 305329, 226455, 68278, 477217, 151151, 496622, 27875, 2952, 211914, 291975, 106017, 421950, 498582, 311049, 55386, 323923, 288638, 354949, 365241, 76039, 37682, 212687, 37585, 57803, 241473, 331595, 291744, 151951, 147614, 325790, 194799, 242554, 457192, 169925, 218344, 276839, 386825, 190373, 231701, 423372, 407681, 46772, 271955, 439150, 264911, 309393, 167361, 465145, 242986, 299762, 435545, 459876, 484289, 321485, 86835, 421298, 435991, 387245, 131652, 198936, 318713, 191327, 74118, 469510, 94555, 156023, 336822, 20714, 352224, 491010, 474491, 10231, 455159, 128183, 6856, 87607, 79922, 255923, 421507, 238746, 72063, 467402, 129720, 34993, 333987, 351896, 307447, 132791, 257526, 318325, 57910, 86010, 301563, 160735, 79107, 141523, 69717, 150774, 310500, 316647, 273335, 70084, 478965, 25738, 264209, 161232, 90347, 391028, 128943, 241528, 153042, 129204, 48488, 441367, 239078, 187485, 186257, 410798, 69767, 353052, 72969, 5647, 452485, 460318, 163700, 133369, 120653, 375803, 402206, 229195, 249019, 196012, 181209, 148986, 206158, 161745, 78215, 257603, 29686, 51145, 272405, 356186, 214505, 99335, 377538, 23880, 350359, 5883, 479560, 315355, 466682, 214499, 87529, 485987, 113897, 421081, 396184, 369703, 413502, 430645, 257748, 416772, 210579, 181792, 98547, 420564, 418381, 449732, 213576, 20047, 198870, 353892, 147785, 235607, 469430, 61246, 78198, 120411, 403253, 42566, 309521, 485758, 172360, 30017, 446216, 24780, 222019, 400372, 433771, 371366, 460717, 64706, 158432, 351714, 477147, 438010, 245799, 457855, 206850, 225799, 233031, 22565, 229427, 193621, 187766, 406073, 390414, 147138, 67131, 3207, 264726, 303510, 166929, 491524, 485231, 475810, 225091, 26230, 152986, 180976, 226401, 106285, 132335, 438899, 433452, 477908, 498584, 37218, 216327, 82091, 429887, 294614, 471001, 168221, 367697, 139184, 352684, 227136, 44993, 102366, 316631, 376156, 178168, 270293, 177183, 359263, 374607, 399560, 410055, 327664, 218811, 87868, 358888, 248665, 446076, 424756, 469759, 394329, 92121, 27315, 459774, 405661, 54289, 125264, 277298, 263774, 400077, 88279, 330158, 161060, 66777, 468750, 419994, 11015, 412387, 284831, 267778, 268104, 269033, 344, 20, 10775, 244688, 408556, 65597, 350773, 327730, 39936, 68138, 411595, 274840, 133812, 97571, 403317, 366167, 108669, 266312, 435724, 244616, 153116, 269657, 358496, 311533, 81786, 456991, 131558, 101934, 434156, 294432, 98225, 176452, 433414, 61117, 301630, 195369, 234588, 106924, 295844, 324875, 366764, 129751, 22743, 243149, 62487, 240782, 370443, 428363, 442353, 257332, 357190, 623, 225588, 430546, 239559, 16403, 138909, 243686, 275838, 98304, 370153, 192804, 80603, 190169, 109252, 143869, 101521, 95287, 339997, 19460, 175497, 15930, 176721, 68885, 341671, 425214, 121992, 371868, 361200, 198703, 135627, 239587, 481146, 256683, 479658, 154849, 39043, 221273, 481327, 417317, 195919, 3784, 217554, 264542, 273129, 36808, 48723, 102069, 50379, 381025, 134461, 6644, 233563, 321699, 331776, 286315, 183343, 247683, 207303, 61697, 82388, 326368, 58451, 392854, 80706, 19304, 158328, 129301, 375227, 111, 305473, 311643, 16002, 245506, 497873, 42493, 464474, 109292, 194939, 36837, 401014, 350579, 363123, 284183, 443288, 427446, 373318, 454395, 153476, 410362, 387841, 467902, 382376, 377096, 226929, 465799, 72952, 84040, 331668, 87559, 34087, 172532, 87518, 127621, 309320, 138586, 235588, 164406, 12272, 405946, 272375, 114948, 389197, 377418, 66379, 235992, 320975, 469197, 479907, 151911, 189152, 435877, 24039, 464662, 118018, 371108, 225052, 373892, 256572, 132978, 204092, 103696, 414440, 483143, 200591, 197168, 422094, 29114, 440001, 367725, 198813, 88555, 96727, 388856, 78899, 162030, 261474, 446402, 142459, 218479, 350125, 324697, 393187, 263672, 184512, 428519, 406241, 317892, 115507, 236102, 19099, 184348, 253264, 203684, 45858, 264936, 75419, 125361, 46064, 50096, 138097, 253368, 74270, 217147, 144632, 414214, 223000, 369406, 82813, 220793, 115797, 414352, 37488, 186858, 254010, 354900, 445709, 320622, 472895, 150696, 347041, 72984, 268807, 119087, 455263, 27086, 346450, 172835, 200764, 22799, 333047, 85487, 478997, 100368, 320921, 477718, 486480, 480366, 28776, 82817, 26875, 476262, 386948, 245633, 59222, 70432, 162930, 271464, 169258, 269009, 30368, 295737, 55733, 286274, 152877, 127768, 370317, 271288, 255612, 258476, 339011, 470775, 484928, 401678, 76196, 275635, 201431, 209368, 126062, 195253, 180585, 459517, 371249, 283181, 405082, 147988, 489962, 301041, 441220, 36724, 62668, 498572, 10146, 222054, 471652, 413261, 173429, 185988, 63569, 495765, 90238, 229161, 406193, 66565, 487785, 297095, 489030, 29678, 232416, 184496, 153694, 316434, 418982, 326405, 316856, 282358, 37275, 488238, 339193, 245898, 138962, 451745, 174782, 53071, 356758, 31584, 449742, 105033, 62704, 241791, 354315, 394570, 99183, 71205, 343369, 46427, 359912, 90040, 392010, 422046, 223885, 481660, 315469, 492902, 200004, 199748, 33919, 460315, 157070, 493214, 300012, 20143, 51590, 109309, 46547, 374867, 221365, 434342, 469990, 415868, 152256, 35384, 64139, 499180, 241693, 429835, 499149, 252145, 260843, 333115, 335050, 289629, 199551, 189033, 374234, 314700, 305457, 109317, 331204, 248348, 207965, 37697, 120607, 247706, 20157, 262474, 20989, 224221, 443785, 307923, 97039, 494909, 202413, 33142, 108292, 37240, 251417, 242524, 311909, 496475, 221604, 310761, 70801, 248428, 343747, 113408, 382412, 241070, 307023, 379276, 40932, 50379, 40901, 166541, 361837, 75535, 217147, 231156, 323884, 493659, 399382, 452162, 419957, 141070, 221490, 383880, 264631, 472790, 324400, 193081, 44762, 105315, 40123, 350741, 325616, 83740, 182742, 259862, 62047, 250660, 385309, 233048, 7817, 130351, 393875, 477920, 116986, 56419, 414075, 228975, 284382, 13783, 125598, 65027, 84721, 150613, 364076, 149685, 142834, 25442, 210127, 173542, 351282, 130275, 482886, 351600, 41783, 489724, 349663, 325332, 224864, 162712, 313264, 282371, 208722, 280992, 303974, 277044, 241942, 482793, 365156, 107015, 112340, 412307, 158145, 103592, 418087, 420671, 425059, 400372, 170667, 337412, 331095, 250547, 216755, 425654, 15623, 441764, 333621, 118338, 390970, 131443, 139387, 266035, 378719, 193460, 189585, 245237, 182866, 13304, 494591, 82563, 179924, 474592, 413914, 431754, 31977, 419761, 170690, 58250, 294289, 364910, 342455, 379148, 329610, 484903, 348128, 258529, 300669, 158935, 204017, 360068, 211191, 495869, 390192, 478383, 496302, 142023, 236237, 249282, 484418, 422196, 399227, 454568, 370384, 468602, 89675, 149202, 279874, 15557, 338210, 44327, 251087, 103425, 487813, 265204, 351103, 214894, 336307, 320991, 483120, 423039, 468387, 404289, 175431, 3321, 199940, 88574, 238440, 315917, 115090, 366796, 392712, 168180, 436589, 43287, 125487, 53256, 427899, 319074, 164516, 429897, 395943, 373408, 25971, 98617, 26793, 499244, 253965, 425906, 223606, 381147, 431202, 46456, 430730, 192667, 341335, 419907, 203083, 277069, 142305, 413959, 456176, 435175, 478196, 148342, 85217, 313125, 180439, 429639, 151274, 34107, 417139, 474638, 252363, 99016, 424505, 139002, 253214, 270518, 148874, 9276, 11467, 206167, 325061, 316297, 259603, 249779, 48477, 404763, 277452, 420342, 168825, 429430, 39780, 183754, 467749, 213625, 151953, 299146, 94297, 282929, 438751, 268273, 15516, 398140, 201770, 382377, 280379, 45295, 472024, 219994, 288516, 308155, 348140, 224278, 166733, 269456, 130339, 54042, 30917, 315345, 16186, 6796, 309039, 101543, 374606, 424874, 236810, 306398, 342147, 275193, 414761, 269967, 216299, 421404, 295645, 371003, 106913, 227885, 108806, 151870, 472253, 13936, 70513, 261322, 149535, 158805, 10097, 316641, 311664, 172728, 321333, 130391, 349479, 364726, 383296, 388115, 188732, 427465, 245912, 10194, 99289, 434010, 258801, 339853, 276332, 180985, 10578, 477889, 221256, 170124, 378588, 25472, 321922, 88655, 63820, 240398, 376750, 372093, 292270, 374904, 425056, 68370, 332848, 305176, 386390, 160856, 483208, 90145, 354001, 355020, 377349, 355308, 224042, 457582, 329601, 317082, 474587, 61348, 33409, 94162, 169059, 384703, 345097, 131054, 11200, 175261, 486734, 254717, 196717, 301597, 5977, 477809, 107123, 36255, 413487, 348061, 269127, 402581, 86274, 421639, 484102, 211269, 453318, 292864, 421984, 111352, 467759, 135615, 313311, 55964, 309706, 412796, 140772, 36637, 47421, 246217, 284797, 449106, 373077, 416474, 433120, 296112, 333067, 266516, 177275, 221383, 121643, 23899, 187752, 116365, 232536, 189459, 57067, 127505, 181154, 16829, 316090, 67875, 488485, 316162, 245060, 237025, 361665, 260510, 450824, 104136, 405215, 401045, 419823, 482846, 40562, 125204, 43454, 350218, 26749, 386048, 93978, 406601, 334855, 328594, 219077, 495131, 106745, 130309, 458323, 425642, 412982, 128514, 361486, 72356, 155850, 272496, 73130, 480350, 489104, 154334, 209851, 401319, 117367, 307473, 213598, 337999, 84956, 299614, 90474, 414818, 422279, 41267, 473349, 220794, 382142, 403042, 59699, 273048, 397961, 377852, 229727, 499647, 39349, 364549, 342695, 199383, 123608, 111176, 68992, 111491, 120130, 420078, 63830, 121409, 150183, 367422, 179476, 439313, 289563, 170155, 408155, 409470, 51479, 77779, 124037, 397508, 260399, 138494, 497631, 75151, 403733, 114497, 158404, 297112, 27248, 400727, 223883, 795, 195580, 44886, 250675, 121729, 53079, 137708, 433975, 482001, 403812, 165544, 210036, 42098, 206971, 425686, 357599, 434169, 351558, 329114, 168606, 286767, 82951, 459330, 498647, 382945, 107444, 245701, 111252, 491391, 339255, 78859, 360707, 321652, 477937, 284300, 163354, 124999, 308561, 353183, 5681, 453856, 69372, 198741, 101950, 337828, 261030, 337083, 499015, 8907, 107978, 149877, 470175, 226764, 130337, 261078, 3450, 125889, 471545, 382552, 279540, 3813, 132093, 412763, 493205, 71820, 95732, 195838, 28619, 374598, 106304, 125591, 266270, 204176, 186844, 374266, 70017, 396132, 299695, 157867, 3853, 191332, 252845, 292633, 377652, 172137, 88951, 482217, 349649, 322333, 478950, 78910, 23679, 454361, 396451, 53499, 485036, 243166, 296758, 419034, 387099, 168960, 326783, 136679, 423503, 478143, 377633, 226890, 259498, 255376, 455583, 396115, 48310, 145797, 330390, 420865, 277760, 46168, 206411, 105258, 449441, 136386, 378715, 152395, 108506, 493244, 11405, 399746, 73452, 411870, 448209, 157660, 374475, 152576, 121772, 395127, 65816, 348355, 423491, 2888, 224458, 281470, 184543, 241585, 291031, 408264, 379578, 179558, 5737, 63793, 342863, 250424, 102002, 190882, 277931, 199072, 253892, 94695, 192999, 257860, 442392, 440683, 200078, 118362, 148428, 332049, 448367, 124690, 447771, 378822, 197790, 419058, 425022, 210529, 274700, 113211, 266845, 382581, 99295, 297022, 148802, 38314, 105710, 235318, 164766, 227721, 205748, 274245, 10537, 75329, 228395, 395653, 129107, 147848, 279858, 484200, 251927, 432347, 344277, 421995, 483106, 477118, 392409, 71735, 253446, 281405, 137301, 209464, 565, 338139, 386795, 216191, 130200, 496801, 393031, 245707, 383901, 82069, 248303, 371778, 48558, 102398, 211916, 423281, 328701, 77518, 116577, 445689, 452888, 119443, 268681, 291498, 251899, 337546, 305121, 306524, 182172, 7302, 375213, 446833, 74868, 384899, 435423, 311825, 206868, 344338, 309730, 66706, 312092, 475784, 75228, 325993, 442800, 485531, 345488, 201380, 411997, 410852, 289974, 224140, 303569, 172888, 235677, 218078, 143475, 323191, 435369, 283529, 173866, 74416, 225267, 475107, 212270, 271263, 55636, 74499, 62249, 460040, 310902, 314879, 194190, 390981, 202313, 57980, 213198, 466137, 470163, 462761, 469215, 71961, 4993, 192317, 292207, 250041, 242493, 108561, 206320, 277717, 254275, 270647, 260175, 30429, 276644, 258056, 55914, 367116, 191063, 81886, 316214, 116880, 22912, 135718, 274816, 284264, 76767, 472791, 25426, 425844, 185443, 103058, 485563, 159648, 50256, 487090, 83859, 60760, 87683, 347916, 313217, 480955, 259256, 278315, 301269, 421278, 427078, 231171, 54939, 447388, 412079, 118465, 198221, 335595, 207615, 322367, 399423, 332784, 413216, 367490, 151245, 51894, 163500, 218804, 226741, 51214, 83150, 143615, 322100, 66757, 203875, 463860, 114829, 435365, 200761, 233321, 384504, 412904, 108142, 467716, 263977, 390601, 130151, 233254, 321965, 272466, 46675, 459918, 113890, 323512, 493947, 165382, 38334, 103485, 167499, 74377, 47019, 470826, 104955, 478920, 312883, 102427, 125233, 476155, 192086, 323527, 435033, 189198, 270930, 237142, 50266, 458982, 407146, 90717, 212736, 31693, 116520, 415705, 491431, 169033, 122565, 480670, 4194, 412492, 153834, 471254, 129785, 302114, 457203, 19070, 477299, 411471, 161473, 415398, 391940, 13344, 360153, 206555, 477702, 482244, 100120, 143565, 387487, 251032, 360721, 448926, 81131, 371103, 40665, 137427, 198237, 353696, 268412, 160636, 115250, 94015, 10180, 484115, 405625, 402964, 43773, 455098, 348853, 130886, 161949, 458075, 264333, 234204, 210415, 251113, 386252, 482512, 355179, 380901, 466064, 261200, 403078, 264333, 411619, 290642, 110171, 310056, 359377, 215461, 489455, 411899, 451214, 80448, 353509, 304802, 34054, 83638, 185545, 490812, 390842, 276730, 18654, 371832, 43807, 448162, 441217, 42012, 56242, 223008, 983, 91862, 419238, 349480, 35665, 310708, 147544, 371944, 483701, 161957, 384014, 417628, 426100, 236897, 196208, 207835, 137108, 363562, 353798, 433982, 44785, 459407, 93930, 68449, 238002, 146873, 121924, 362853, 345624, 54437, 118743, 239217, 287220, 190152, 314844, 467335, 99086, 457372, 305203, 264126, 16828, 35236, 244004, 283074, 228488, 322176, 37191, 314162, 100362, 206127, 202551, 261322, 362868, 131426, 15478, 459478, 213108, 166358, 56016, 137016, 148245, 455100, 383009, 391219, 183879, 286879, 417822, 494081, 254809, 263305, 36447, 221089, 119256, 421569, 368308, 163970, 124358, 245694, 165251, 56014, 327993, 389159, 57799, 215251, 256908, 413290, 52289, 468998, 14882, 286382, 251265, 325094, 296195, 146769, 105226, 233985, 117581, 167665, 289769, 498655, 48698, 77226, 281317, 65243, 30854, 111687, 112872, 159189, 330186, 52454, 344490, 341312, 35216, 88097, 373950, 22309, 68411, 373016, 321314, 182957, 152420, 78923, 398279, 120804, 131783, 327112, 96473, 367663, 476525, 178845, 423347, 204440, 341576, 315757, 240231, 26337, 232480, 476100, 161483, 439271, 152939, 204825, 474051, 280902, 112094, 20942, 159726, 384082, 408927, 286293, 270147, 273661, 335039, 464170, 196977, 186182, 186576, 34268, 135433, 337354, 283787, 161682, 79750, 459670, 211204, 412305, 126063, 7829, 366932, 183662, 320874, 25126, 175531, 314429, 465840, 333046, 9458, 394329, 58448, 268752, 210459, 317630, 118194, 257847, 94373, 202320, 275012, 170008, 159988, 4225, 310406, 183664, 382635, 422759, 475982, 38943, 489662, 357618, 344074, 86105, 214445, 9530, 77869, 56185, 226227, 107958, 382974, 365787, 250544, 280865, 14170, 226280, 479578, 448185, 408601, 356364, 158895, 303726, 206244, 156954, 46758, 281904, 162956, 226060, 190021, 284607, 372952, 400081, 360839, 103965, 25836, 410398, 414486, 92769, 4567, 71213, 314995, 83456, 426237, 121862, 272578, 361223, 98478, 462163, 257144, 256603, 356371, 366971, 375493, 35036, 81546, 403761, 85344, 216222, 183250, 365966, 370135, 249397, 463301, 371885, 336336, 52489, 8843, 206368, 330335, 341189, 53482, 364990, 17586, 269272, 333044, 324373, 485151, 138670, 72822, 145219, 145125, 421577, 467787, 114330, 96270, 47127, 472540, 199014, 134195, 301826, 478000, 431122, 111879, 399666, 291411, 160936, 52328, 262854, 380694, 143335, 178628, 196909, 361620, 381533, 274305, 356566, 32308, 417080, 368907, 413269, 416527, 47417, 477377, 424597, 205719, 105606, 491855, 497026, 99567, 38340, 213263, 179834, 61662, 384098, 345242, 4099, 204802, 123464, 263389, 333828, 247717, 450041, 433111, 113040, 373807, 386322, 273145, 364609, 327925, 339635, 354833, 241164, 98231, 460123, 393026, 272394, 411307, 154594, 495813, 230467, 364650, 414572, 398583, 390845, 338340, 302719, 35992, 442644, 489081, 428183, 51683, 22368, 390189, 51478, 102702, 3692, 85034, 101259, 386121, 196259, 406300, 309085, 193085, 417854, 249287, 364654, 341708, 176161, 222030, 392393, 263084, 31807, 80729, 171272, 8441, 484159, 425246, 315620, 233044, 360214, 27510, 497994, 81176, 10431, 386423, 349570, 350088, 19484, 327129, 2163, 489790, 110100, 435913, 358801, 266109, 138166, 435243, 72522, 162704, 71739, 493599, 347494, 344898, 223923, 205571, 333582, 399376, 287011, 134465, 129518, 431372, 109410, 80366, 450734, 133749, 160894, 26568, 89294, 107058, 281071, 287764, 11484, 457252, 129660, 259394, 312880, 397951, 136302, 3531, 108144, 377624, 231425, 339749, 18185, 146637, 152873, 314318, 373199, 203377, 341429, 341770, 212478, 420869, 405650, 268834, 121563, 217650, 30518, 73242, 185028, 133323, 479657, 240937, 288655, 549, 456967, 252231, 121831, 218293, 384393, 171444, 228586, 72446, 109019, 76687, 145162, 493500, 467440, 116045, 81429, 263827, 90717, 211990, 491967, 356749, 125133, 163269, 303105, 149674, 323102, 464298, 361527, 213746, 24462, 446154, 449528, 201164, 204044, 62109, 63178, 330977, 35185, 345204, 363241, 418092, 495909, 9045, 364827, 229722, 459717, 182992, 22934, 266775, 213067, 324620, 375596, 210692, 13117, 128256, 239302, 127569, 122199, 276293, 479189, 67611, 306690, 468612, 170722, 373568, 491721, 36997, 152037, 402610, 118782, 130159, 424565, 59997, 83540, 445217, 367752, 94626, 324690, 74043, 322348, 130946, 74111, 283998, 170805, 339626, 25914, 372773, 11514, 299846, 228993, 266385, 266347, 242940, 487995, 330718, 252757, 5861, 445991, 75623, 428846, 336572, 39943, 82440, 28125, 101605, 405429, 361019, 85057, 197242, 319542, 122250, 238981, 76325, 384279, 492977, 388058, 88778, 403121, 458579, 439032, 329147, 74419, 18811, 139596, 93626, 421622, 323823, 138793, 77269, 153690, 401492, 80614, 285325, 353165, 258869, 455317, 83585, 443031, 305990, 220780, 243560, 188313, 273807, 175060, 388734, 206899, 192762, 234168, 174351, 208902, 138260, 65157, 190375, 305156, 481576, 401134, 343230, 279374, 182767, 50635, 245715, 69331, 381200, 442127, 323884, 392481, 137326, 436406, 376373, 313896, 159708, 225584, 462226, 452763, 397191, 321384, 269137, 355558, 220909, 344832, 183549, 121753, 486271, 455838, 363013, 123838, 215325, 202566, 383288, 346829, 191862, 391573, 178701, 276518, 178203, 167019, 52092, 465527, 345752, 334071, 5153, 58881, 160401, 90104, 380956, 385897, 103167, 240337, 41115, 110391, 314996, 127973, 437676, 439575, 91602, 299870, 138819, 169019, 427639, 484664, 106672, 63613, 8438, 275951, 234849, 235084, 29348, 173113, 199392, 282549, 191377, 288380, 48111, 96552, 452304, 312665, 465699, 255493, 311643, 258320, 357144, 153885, 347377, 284569, 296414, 187459, 258823, 301268, 286413, 425525, 73160, 272430, 188411, 109288, 282567, 217979, 82461, 102621, 481514, 143672, 30231, 367707, 44528, 335804, 489035, 411035, 51281, 179619, 246177, 497045, 204802, 309088, 290444, 455198, 193695, 380248, 121938, 260391, 471590, 352039, 470435, 462820, 338215, 120646, 471191, 336938, 207963, 299730, 66176, 220135, 419283, 286675, 176834, 472451, 462360, 38092, 329006, 410458, 2976, 209011, 397077, 420837, 326509, 184781, 469472, 281238, 376833, 55335, 417630, 446234, 351470, 68329, 266396, 126074, 107954, 141738, 390254, 311835, 81567, 326575, 195, 216654, 9058, 99622, 469392, 217883, 120835, 69212, 79566, 26300, 32623, 392662, 15300, 467564, 127250, 480733, 7233, 248583, 111463, 389289, 61231, 465075, 5424, 293720, 380620, 353722, 237147, 150350, 490795, 104285, 291074, 302450, 113282, 477810, 33044, 363887, 9052, 66570, 447672, 97104, 190982, 98906, 418131, 151903, 99095, 102768, 35469, 85382, 97678, 465234, 173913, 69711, 97579, 170988, 4875, 399994, 213192, 348546, 285829, 37998, 377663, 205000, 381156, 281412, 353938, 190340, 457315, 418877, 392011, 17967, 319561, 193188, 277616, 177805, 59247, 273616, 50199, 323979, 17404, 133095, 206209, 76908, 129783, 190671, 212121, 389790, 164176, 480812, 459573, 202610, 38494, 86895, 247337, 293791, 143480, 32628, 62652, 130088, 325740, 246319, 8464, 25810, 266285, 163055, 469707, 274493, 41017, 291101, 6354, 299043, 16731, 452619, 400505, 70549, 53906, 355280, 142226, 152552, 92934, 436628, 447330, 276478, 204106, 477257, 453581, 2062, 1834, 192222, 59945, 279168, 282911, 330789, 242590, 468679, 310845, 392534, 54932, 66839, 126501, 103478, 412661, 274038, 49347, 287891, 229283, 19839, 410869, 180456, 459798, 487286, 200017, 366980, 271907, 326899, 358607, 337905, 435788, 240840, 82891, 251350, 175291, 309785, 299623, 33885, 292480, 50266, 440059, 349192, 245469, 128386, 319492, 133478, 346638, 482867, 279458, 182590, 48612, 486326, 234840, 273194, 357162, 125420, 359650, 229130, 141598, 493466, 80744, 309652, 259412, 190506, 143778, 456705, 284360, 73325, 165660, 157513, 399730, 276313, 417328, 309342, 340173, 295864, 157254, 298800, 148289, 69404, 101940, 309542, 47375, 93203, 332226, 36870, 451317, 385243, 276337, 195766, 147623, 235574, 414328, 162057, 234118, 483144, 465268, 242202, 408009, 158657, 104545, 279688, 45977, 376421, 56220, 108615, 446435, 227553, 37782, 102095, 364912, 233936, 172900, 484632, 140029, 329385, 79609, 85501, 105638, 451813, 143837, 141664, 274554, 237288, 35497, 103983, 72726, 10593, 409280, 397405, 90369, 365943, 296432, 74008, 439660, 189975, 421328, 474258, 432141, 9967, 141489, 369531, 60332, 141550, 468565, 491252, 471564, 290653, 373721, 484391, 466804, 303224, 342993, 21037, 283034, 331175, 391393, 366619, 172350, 186260, 386904, 225677, 453602, 338696, 168836, 337656, 238077, 220529, 116693, 320738, 26304, 64390, 457354, 270686, 430279, 409727, 448612, 436465, 368444, 152640, 147472, 88952, 137199, 270242, 433767, 457429, 299405, 391628, 387984, 391918, 491514, 51918, 395118, 365748, 95860, 75903, 389832, 75594, 20669, 125866, 57150, 495592, 438622, 60370, 226583, 481512, 35437, 340610, 252284, 219896, 191258, 249672, 50433, 68782, 129702, 395683, 441038, 78677, 36289, 252972, 313278, 200884, 170055, 364022, 52204, 43389, 457456, 223363, 289873, 488473, 106810, 397826, 295190, 97763, 182753, 432718, 175936, 471544, 466104, 175713, 277393, 364850, 420586, 318732, 305805, 170048, 305805, 149018, 198400, 360697, 14138, 67422, 275525, 377607, 109748, 117592, 116711, 61710, 232676, 373008, 131501, 293021, 91916, 80083, 313382, 73491, 9925, 476668, 228616, 120376, 371132, 283221, 495476, 461258, 104807, 180792, 436307, 321921, 437323, 61892, 36275, 381047, 223609, 392568, 188509, 467253, 162873, 194361, 294091, 265009, 272246, 142786, 87103, 146706, 369687, 342118, 457021, 425001, 159629, 287428, 123335, 110266, 471043, 474448, 93277, 170737, 149707, 128776, 30851, 86092, 90731, 340610, 105255, 31214, 40376, 310972, 297558, 223075, 42980, 446763, 261063, 195992, 405381, 435500, 343879, 499875, 30288, 399943, 281306, 351525, 370090, 68257, 377177, 28990, 317657, 174599, 55943, 477449, 128965, 145546, 7452, 428194, 141576, 281314, 408349, 27318, 276573, 358334, 266692, 36895, 364641, 31560, 43822, 123891, 494776, 360876, 148871, 243816, 447815, 148350, 220714, 60820, 460309, 168674, 403160, 195137, 381313, 249386, 380788, 288602, 355045, 473900, 251964, 203519, 98861, 189060, 436016, 427600, 44249, 444072, 236615, 392377, 59264, 85210, 110989, 207079, 361036, 157931, 319146, 115620, 167738, 248371, 296530, 361510, 191637, 59730, 404066, 245078, 453524, 141698, 305009, 347809, 250050, 71840, 435415, 156762, 455596, 3821, 249318, 434601, 309914, 235756, 240320, 54245, 156179, 2078, 493882, 427321, 431640, 332845, 250826, 364716, 280006, 341117, 231871, 337098, 158391, 326882, 267830, 484590, 490184, 9489, 255268, 20625, 289863, 56759, 274778, 348860, 64418, 265097, 374407, 206368, 401250, 81153, 258725, 446207, 81434, 40440, 57468, 98437, 86499, 211486, 54151, 367864, 70050, 402294, 220620, 273040, 288748, 340573, 4078, 66957, 434086, 488551, 358558, 108772, 28101, 45535, 372998, 459062, 220230, 291177, 203166, 49392, 117466, 251668, 211143, 349370, 287078, 293931, 305670, 296422, 362699, 405720, 207423, 495397, 241905, 85594, 151125, 268424, 225737, 127650, 462002, 60296, 226926, 328655, 164780, 413635, 218516, 224697, 75607, 131876, 207925, 277643, 377399, 207150, 322845, 463212, 221239, 89840, 431282, 354735, 82089, 394845, 457814, 169646, 184654, 286475, 468629, 451264, 56138, 182993, 479588, 426519, 433332, 395898, 10060, 397186, 314322, 396319, 31557, 201932, 370759, 276974, 373378, 185928, 384655, 368138, 332403, 291413, 49424, 109326, 276475, 87263, 318663, 17698, 461092, 115814, 372972, 48039, 40804, 263009, 102852, 459654, 290604, 396901, 468385, 24605, 157660, 461649, 15857, 159927, 139420, 272282, 210682, 174871, 338090, 149547, 78485, 398156, 354928, 34259, 206069, 60521, 439680, 473488, 145664, 146130, 296514, 185801, 211825, 236906, 476955, 289680, 356594, 481539, 83178, 102628, 7201, 288965, 312848, 363529, 319235, 446894, 65196, 416109, 483934, 280835, 422680, 301484, 175508, 241105, 485674, 208650, 74442, 394160, 485015, 409468, 470890, 463346, 398696, 269125, 467507, 300078, 277769, 447760, 421088, 413532, 292663, 93656, 246830, 370359, 114709, 297753, 164725, 279346, 243283, 185667, 326908, 361952, 148014, 416440, 420423, 426888, 131243, 44715, 291535, 71862, 184415, 232903, 491392, 373701, 220680, 143623, 158573, 136883, 343073, 18111, 456323, 160690, 81795, 189468, 430505, 50343, 305401, 390900, 385520, 436161, 225750, 11195, 283209, 313208, 271975, 333179, 99982, 71608, 274576, 206751, 143846, 369545, 49594, 61019, 462975, 95394, 185853, 326272, 318986, 429519, 357575, 239389, 24788, 284368, 185320, 131754, 13054, 408378, 86592, 221086, 22258, 123996, 114485, 49203, 164512, 455546, 98105, 324955, 198644, 251943, 38256, 299020, 298971, 469934, 87536, 477216, 289871, 454908, 27680, 180921, 343328, 212021, 12764, 308794, 308568, 404182, 113425, 446160, 372467, 172933, 443137, 231832, 245647, 374120, 393652, 454816, 40278, 53472, 420514, 331791, 303271, 331678, 177336, 83737, 397645, 49299, 427782, 153255, 149980, 81957, 432268, 384724, 58300, 46453, 108188, 263447, 71267, 79945, 369715, 229167, 434840, 194150, 175696, 305985, 194576, 418369, 266012, 19869, 195701, 5748, 371240, 486712, 328252, 84969, 225794, 174174, 338999, 457726, 439228, 90502, 293876, 322257, 438877, 265544, 257053, 220429, 409813, 292476, 99533, 214798, 127113, 328199, 31520, 410058, 18362, 375762, 280516, 96453, 234364, 15836, 218451, 353533, 371356, 133726, 167771, 379166, 392490, 363028, 15424, 370287, 286964, 72583, 237191, 129708, 405854, 71246, 496321, 280167, 221910, 410706, 477043, 135278, 292299, 264603, 36034, 121259, 343304, 298420, 96375, 488182, 285514, 431886, 167647, 223602, 94336, 145684, 439139, 107161, 323849, 342349, 21954, 295745, 262285, 259733, 233180, 462002, 37560, 99307, 287808, 390936, 486725, 138958, 65995, 22734, 220490, 202802, 337104, 185100, 248424, 43180, 32063, 140270, 318953, 320313, 143761, 182946, 198026, 477474, 379338, 213428, 85263, 209383, 320744, 21931, 168057, 15835, 478435, 33847, 122407, 133509, 63910, 273265, 321882, 427851, 122535, 231876, 172405, 226609, 363537, 236227, 277412, 412750, 470287, 153512, 19168, 474238, 372473, 460052, 81052, 147289, 220288, 478323, 169672, 399355, 196410, 40223, 31636, 281616, 174602, 209362, 276676, 288245, 335682, 27251, 420081, 91666, 800, 114250, 401309, 392913, 484250, 318828, 30368, 478661, 317252, 469061, 296101, 220901, 66044, 125713, 276428, 8675, 186176, 22833, 6425, 258803, 141664, 358751, 58675, 208167, 74903, 460938, 175304, 314892, 62467, 148402, 301930, 218717, 466776, 238762, 144409, 423947, 161921, 209033, 59344, 47237, 152466, 459595, 38765, 58066, 190238, 51392, 188635, 306689, 273456, 134458, 91353, 253581, 136945, 371972, 202705, 34484, 45925, 182187, 108659, 255656, 352291, 239441, 248365, 58276, 319179, 185728, 477389, 46614, 496947, 358518, 359518, 337565, 271810, 347568, 53522, 226253, 182413, 331040, 281378, 264754, 335485, 484253, 185774, 484902, 213254, 360523, 424837, 4561, 200012, 455634, 85532, 136984, 200459, 278470, 157814, 428870, 298236, 356990, 219386, 286670, 401174, 140571, 275921, 282350, 172479, 197901, 115221, 10739, 84217, 59610, 192577, 160827, 172348, 488226, 464435, 480343, 453047, 36831, 377536, 165741, 195802, 245733, 288887, 427897, 184120, 453416, 479535, 175106, 435199, 347218, 492316, 39025, 199275, 111210, 233021, 310817, 352678, 138585, 447135, 418690, 265928, 42019, 299235, 129981, 426498, 379769, 434915, 220491, 165523, 443429, 432106, 31854, 191758, 14512, 330653, 498871, 21494, 72505, 75889, 436193, 367150, 469545, 103332, 74010, 158859, 136289, 15404, 340282, 160743, 72133, 258793, 304548, 336093, 205861, 176139, 198117, 305144, 287120, 109130, 241831, 255428, 291900, 438807, 481495, 205956, 189509, 428906, 388105, 19903, 367045, 324522, 261488, 47551, 401546, 121599, 468226, 23831, 469125, 95905, 32739, 443055, 299621, 455336, 367894, 477683, 390462, 477449, 291886, 464370, 271272, 460022, 61615, 257279, 189482, 193833, 36125, 198368, 499215, 400037, 141027, 339672, 328845, 153698, 170579, 88511, 101031, 138064, 439087, 111084, 121701, 97245, 315141, 258204, 320092, 187813, 393522, 294777, 165242, 477040, 307664, 76392, 298083, 85811, 333081, 294767, 433918, 67399, 40069, 72263, 49632, 491982, 345673, 21172, 297865, 188910, 415984, 291717, 122937, 330734, 204611, 354398, 250865, 19940, 72302, 184477, 16476, 4159, 18239, 281859, 26318, 260194, 29363, 394672, 211910, 18160, 184671, 206415, 430237, 184560, 101322, 259770, 101681, 184586, 225411, 304027, 437509, 12235, 403287, 497200, 297593, 236081, 41533, 198991, 308354, 491823, 39223, 113831, 115721, 223338, 433232, 243378, 92116, 299443, 471082, 487335, 29581, 274136, 180281, 145720, 389563, 329764, 345664, 104815, 184529, 45885, 266685, 57145, 345629, 158556, 399300, 209843, 231946, 74540, 475192, 300824, 471629, 245372, 368207, 244140, 84408, 373631, 208654, 442553, 20279, 3943, 207234, 347137, 272594, 414600, 256297, 175935, 261371, 16335, 272472, 20706, 496562, 334725, 346053, 455320, 451180, 125766, 428463, 372642, 207949, 108616, 338533, 492225, 236403, 183506, 56077, 265151, 166098, 32066, 243515, 489589, 139107, 452101, 2954, 250846, 168252, 462087, 163389, 418249, 465479, 499626, 351022, 240228, 8740, 397959, 193544, 150471, 50783, 244894, 385910, 271290, 104575, 370411, 430057, 416990, 455638, 468639, 176880, 459886, 14698, 389662, 303506, 345839, 419314, 234641, 112728, 124979, 368653, 101284, 168687, 441574, 300156, 67854, 69624, 116266, 124417, 297133, 287808, 100944, 299099, 469854, 250410, 381238, 78752, 377467, 459131, 397563, 56870, 145455, 233717, 94126, 247236, 470578, 222605, 168062, 284471, 30324, 425192, 136180, 450137, 272724, 20431, 279011, 181528, 320666, 436073, 248812, 64188, 325374, 16813, 431771, 155062, 176818, 470403, 69844, 474489, 58252, 217715, 8328, 84465, 461746, 350623, 304562, 126362, 369042, 338003, 76181, 27543, 47000, 471218, 462484, 234900, 34786, 288145, 92418, 316718, 306278, 132293, 11521, 157742, 4872, 287620, 263443, 450891, 71987, 84269, 61543, 389711, 142529, 74211, 479550, 472947, 327976, 280133, 180497, 139879, 446222, 273921, 160357, 374995, 491, 431882, 482233, 442055, 111787, 447302, 146907, 227902, 374148, 155031, 245541, 405084, 322470, 238071, 455738, 227793, 249157, 173064, 431801, 209934, 379650, 350069, 333093, 50743, 426545, 129942, 194871, 274235, 230909, 378926, 168516, 411788, 189736, 240820, 182821, 97411, 134968, 336417, 289395, 426697, 151668, 492989, 189683, 139815, 73030, 388379, 168550, 267190, 147108, 169952, 329866, 184439, 388910, 194394, 123574, 68816, 254988, 193603, 457194, 392707, 277035, 456739, 471287, 478114, 469032, 57766, 250909, 330509, 361231, 498611, 324570, 438972, 234718, 19258, 254187, 41709, 272405, 182082, 229460, 63880, 481788, 337529, 120858, 92963, 395602, 294277, 26938, 220547, 322491, 331981, 41712, 303635, 29032, 495163, 361702, 251697, 182018, 115338, 79449, 255287, 120218, 9056, 260878, 358808, 392482, 439417, 101279, 4135, 435985, 374702, 215741, 282695, 298752, 335448, 293171, 15533, 27, 196815, 320191, 306604, 419564, 191384, 237303, 245266, 123999, 464119, 86874, 186837, 77425, 190825, 50534, 283131, 75955, 286914, 90122, 1118, 74514, 400371, 350168, 402668, 80793, 192337, 405864, 380710, 187498, 307625, 296471, 281609, 74505, 331244, 193763, 430741, 235413, 49579, 486147, 113763, 324741, 427663, 491262, 123796, 226238, 63371, 234446, 238581, 331984, 454934, 260769, 70927, 173087, 256369, 282099, 358324, 267317, 168853, 25185, 267813, 57530, 239859, 127090, 89019, 167685, 86540, 289170, 445357, 497589, 394582, 386900, 364584, 48905, 147841, 112423, 107421, 359312, 104028, 2733, 45987, 387050, 321801, 139795, 369844, 438147, 90460, 111999, 496960, 72113, 279610, 365942, 124616, 38218, 465557, 172395, 59373, 303078, 264181, 62096, 463147, 152553, 245225, 437377, 360197, 36935, 51425, 272099, 17247, 68909, 304461, 201495, 320841, 405279, 160962, 225567, 490042, 163380, 115723, 467874, 269246, 359615, 495341, 387805, 389667, 225166, 457532, 226717, 337675, 222143, 146153, 165585, 258989, 54168, 51147, 335024, 416547, 277655, 208840, 224334, 31208, 241456, 498835, 94502, 469178, 128628, 377904, 60382, 243406, 240842, 362407, 492694, 475431, 136483, 499828, 463805, 370020, 335758, 449547, 463855, 94586, 167294, 320986, 290671, 44890, 499025, 175698, 130753, 248215, 308007, 118233, 41343, 196785, 40515, 162349, 372928, 248946, 359253, 439350, 342883, 294166, 148417, 343428, 154672, 159630, 77347, 404665, 14589, 398399, 234402, 395529, 19494, 250640, 349526, 451079, 189454, 143257, 320696, 102536, 4255, 421213, 409784, 326544, 297257, 295495, 99990, 290514, 478068, 195879, 243154, 447005, 139912, 498035, 47256, 421476, 265728, 159439, 119090, 251555, 40958, 357938, 76251, 105108, 444094, 19474, 493394, 185978, 389075, 492170, 106290, 204956, 465470, 454509, 419866, 368045, 391566, 422881, 393455, 61484, 371281, 459184, 153229, 331203, 323382, 198963, 69238, 444669, 247218, 287307, 260488, 466529, 464782, 150378, 320673, 56368, 283398, 112413, 460548, 400587, 367096, 293652, 169649, 409635, 179319, 276850, 260766, 223218, 477483, 341302, 432396, 236321, 475134, 443757, 188101, 18526, 119963, 350410, 453670, 94964, 447514, 274693, 207885, 46041, 228929, 190691, 226124, 482090, 493815, 448866, 454930, 145504, 146411, 131039, 339143, 190109, 480639, 310124, 396594, 227687, 419487, 411764, 388927, 53347, 49663, 437578, 239389, 229544, 345028, 299379, 49572, 383993, 427247, 420649, 218760, 423966, 65303, 81970, 182502, 397395, 292374, 420530, 110015, 452714, 244570, 45537, 471195, 263636, 242593, 372239, 332745, 222004, 468969, 392311, 65004, 478367, 391353, 234393, 465919, 331992, 168248, 446200, 487567, 297100, 249904, 490094, 163462, 211817, 339962, 53184, 279828, 449558, 426458, 187060, 236050, 362260, 493303, 265933, 135658, 200044, 456692, 328699, 326988, 396007, 103747, 331698, 385420, 245078, 27438, 380991, 166532, 194788, 296317, 98617, 11009, 252730, 162528, 190986, 137957, 55450, 440589, 315038, 416368, 227192, 161583, 227114, 420147, 343511, 453963, 408223, 250987, 143246, 291371, 359642, 393498, 363878, 80275, 273857, 301481, 395864, 99678, 158151, 487106, 483342, 80034, 382713, 129112, 403573, 400092, 91259, 101204, 254111, 382994, 360323, 5221, 493048, 332647, 286172, 100796, 327379, 130903, 481645, 451959, 241254, 402979, 252501, 173960, 76892, 257836, 177427, 108392, 289907, 360289, 271509, 164635, 301810, 174319, 401881, 111087, 454823, 316613, 192628, 320721, 399744, 132328, 437053, 225975, 148378, 37080, 315463, 108703, 68136, 251862, 433893, 50727, 493505, 388723, 476919, 191151, 63261, 268282, 41342, 116154, 28344, 306464, 52722, 60976, 469405, 345011, 488120, 66554, 86343, 313091, 429242, 390523, 213051, 195302, 146508, 454200, 168045, 7261, 177496, 141845, 159057, 482346, 156539, 327788, 313039, 83976, 47149, 251614, 171402, 384395, 80357, 353, 140963, 317001, 77561, 441512, 174659, 107572, 337846, 296738, 36646, 15035, 250364, 76576, 307081, 126699, 155530, 258123, 204941, 85049, 356519, 392986, 495683, 62857, 169771, 222869, 308772, 456038, 409604, 484588, 61793, 467398, 283891, 413824, 153207, 61236, 431578, 160735, 394302, 118879, 166046, 356076, 151756, 216659, 435273, 124004, 459481, 393070, 174258, 83506, 165086, 174099, 380697, 354997, 201843, 404538, 92756, 348234, 177988, 342178, 265334, 125303, 388114, 123826, 395785, 255639, 99280, 333876, 89450, 407929, 53395, 251387, 337880, 368264, 105441, 387254, 195171, 422364, 489456, 419724, 111307, 290308, 398336, 381339, 186536, 303277, 242524, 265659, 16464, 218482, 223977, 113378, 294471, 30339, 401426, 447313, 23878, 344366, 488791, 256584, 439597, 444252, 141549, 470254, 355643, 84714, 436212, 318387, 207529, 436369, 310315, 391311, 266758, 488144, 324815, 236496, 258606, 431932, 143674, 410224, 367758, 407636, 397850, 13710, 475285, 457849, 196507, 401730, 25580, 308349, 51236, 415115, 456089, 408676, 181183, 301974, 43483, 51675, 479646, 495694, 322574, 312320, 427669, 391704, 64793, 27178, 49467, 129051, 337249, 22033, 287637, 204901, 220570, 5050, 207459, 280565, 56768, 349275, 33147, 458938, 341728, 410694, 388793, 200061, 244071, 457464, 320506, 424105, 165745, 219450, 207943, 121695, 233870, 425395, 47846, 416153, 424752, 4805, 141291, 445645, 322536, 285169, 474528, 229343, 434205, 447110, 230954, 468128, 473120, 264899, 367819, 299466, 305503, 415874, 379967, 342042, 165461, 5129, 309432, 220872, 10177, 157705, 204272, 112126, 334103, 109549, 281949, 289728, 318595, 309711, 388543, 243652, 414598, 240997, 216425, 301016, 142267, 477507, 282366, 248733, 218219, 239466, 482573, 152940, 221793, 239767, 802, 304010, 475409, 27199, 118732, 415742, 347574, 403086, 452919, 120045, 192466, 59948, 463461, 219347, 300199, 50820, 51772, 200205, 22075, 308746, 155461, 57653, 371312, 218136, 469738, 129313, 22091, 121953, 267217, 228784, 483475, 62180, 285438, 171771, 101920, 166515, 449603, 150319, 387339, 147256, 375775, 278892, 268755, 397570, 274711, 259062, 110581, 138069, 185570, 183982, 212586, 180924, 332323, 29212, 431919, 25019, 307971, 225078, 320161, 70176, 79716, 156062, 298247, 113689, 335274, 450969, 381724, 74751, 35522, 167844, 460643, 25295, 95429, 157184, 133137, 213667, 348660, 273886, 141590, 374168, 86933, 341501, 46397, 197029, 499323, 318572, 153892, 18676, 194669, 244079, 453583, 110910, 173147, 326684, 462110, 374933, 371032, 420508, 286778, 248654, 452392, 383089, 110962, 120361, 45824, 382069, 236457, 148089, 84303, 143486, 126106, 38911, 495642, 342958, 352642, 160303, 249090, 490057, 189171, 319338, 389156, 249749, 277268, 186640, 371592, 428093, 49192, 64665, 3430, 389493, 345465, 66602, 455949, 150540, 201745, 164200, 271043, 19205, 412290, 318894, 332356, 54632, 395880, 215818, 50808, 135433, 329584, 211612, 257447, 44717, 269079, 46668, 302519, 336509, 372660, 38688, 81237, 165184, 302695, 435220, 7461, 389744, 252646, 59187, 267989, 438653, 489663, 318870, 379886, 451829, 239133, 249319, 151603, 21086, 300409, 382489, 389940, 292496, 381378, 359011, 413229, 122309, 430478, 254497, 293915, 457937, 164455, 364131, 175622, 16247, 243125, 377083, 347307, 126377, 100407, 31716, 246260, 164675, 335990, 154507, 433841, 236351, 469015, 277432, 107861, 352055, 148700, 453832, 61514, 387159, 7894, 353734, 117990, 159887, 206244, 486123, 453225, 237120, 252985, 394748, 342472, 165037, 332195, 25449, 469827, 374409, 40617, 30136, 312487, 162281, 277001, 486483, 140296, 275463, 209755, 298315, 132690, 133416, 14022, 45845, 325154, 314407, 443366, 4808, 362659, 250825, 118786, 164466, 325266, 129442, 499794, 453404, 482932, 98410, 62419, 253230, 137710, 389853, 149016, 19922, 265317, 311202, 42915, 469539, 37786, 414320, 321844, 7459, 309117, 243996, 332843, 200974, 380411, 189900, 271491, 233473, 133834, 219720, 75546, 120371, 58581, 73252, 238009, 302521, 362335, 215736, 34818, 25900, 422107, 302202, 140525, 254811, 141305, 382498, 50415, 497786, 44364, 169186, 5728, 469885, 393314, 279239, 17413, 219490, 392708, 276280, 466948, 465772, 17398, 258725, 122670, 49617, 72789, 405110, 316803, 66001, 35836, 227611, 34709, 493559, 99646, 302228, 390631, 482814, 262807, 413582, 469821, 339531, 472515, 293143, 159905, 447907, 301005, 79378, 98702, 191383, 260892, 159578, 49334, 75385, 312341, 216884, 151955, 82445, 145591, 478046, 61294, 377836, 38303, 33993, 288649, 317044, 285895, 301090, 165370, 359558, 348506, 220486, 17282, 250714, 233537, 315506, 188306, 63445, 411252, 288892, 361643, 424597, 405282, 285044, 480427, 73172, 399353, 362839, 68739, 99659, 201926, 359405, 389623, 60530, 301194, 366172, 332386, 410182, 477676, 479479, 38068, 53372, 205118, 267887, 494, 243328, 115654, 15005, 250942, 125891, 222117, 314183, 252702, 47543, 363485, 196465, 33656, 359052, 433558, 265690, 222853, 123496, 90606, 117453, 460369, 161417, 195110, 64060, 260898, 192501, 473180, 410830, 351608, 7924, 161056, 103639, 460302, 314104, 135926, 302966, 282153, 239476, 317015, 79824, 368300, 297440, 14411, 94577, 32778, 337782, 146893, 239474, 98664, 168225, 355843, 447074, 20651, 416851, 180429, 453858, 93752, 144001, 48779, 489233, 368319, 369568, 284719, 144217, 327157, 247638, 439798, 490767, 281608, 207356, 495333, 262798, 346780, 316703, 420039, 425819, 198714, 440229, 70146, 27322, 388437, 49307, 386418, 81457, 3752, 309043, 318337, 390513, 310795, 433208, 442361, 387780, 130094, 199936, 220694, 314265, 368938, 429216, 171342, 316580, 34934, 376335, 19129, 7020, 307609, 475085, 260169, 363133, 209353, 447970, 435937, 196514, 286995, 178032, 391119, 356540, 434145, 45212, 367495, 54266, 214138, 86618, 493508, 45667, 181666, 306800, 352445, 492585, 399806, 162287, 483010, 30147, 252391, 70324, 115300, 333754, 236391, 467956, 89107, 381469, 207371, 476245, 318206, 42896, 407598, 123174, 420990, 101601, 46835, 17829, 183233, 196276, 407017, 219068, 173004, 159523, 294836, 330075, 456368, 2868, 317072, 145160, 284436, 370723, 400542, 44373, 370520, 250479, 200007, 140421, 312326, 93091, 323376, 243512, 399501, 406275, 130304, 299195, 190332, 143249, 381873, 62310, 179512, 1547, 241493, 148833, 336007, 482145, 423774, 136839, 92007, 459780, 94625, 352304, 61111, 182355, 431999, 422235, 378151, 445166, 382539, 39812, 101563, 316033, 225408, 112571, 279258, 121482, 258550, 178671, 200287, 182503, 405972, 353905, 364782, 343071, 149296, 491846, 478130, 136408, 455012, 165857, 175737, 375482, 207190, 326029, 297494, 357857, 121868, 228899, 216428, 313638, 473486, 318480, 14212, 492925, 356363, 225616, 319951, 396413, 106107, 480774, 344365, 435854, 168397, 116510, 293496, 449898, 4510, 21501, 158491, 124288, 93646, 439481, 317840, 478540, 386640, 117926, 8237, 10288, 42974, 559, 489480, 30752, 14029, 91280, 82264, 91897, 134404, 226612, 97146, 358494, 347887, 75871, 291699, 127962, 390693, 92858, 183529, 62459, 41060, 63531, 444282, 476136, 162536, 123232, 474522, 278517, 476969, 217827, 186340, 390860, 465726, 476246, 468510, 98502, 383525, 216599, 17149, 201458, 34272, 253510, 220516, 192872, 334325, 16189, 448505, 192077, 104129, 489758, 480753, 145290, 485952, 16803, 426302, 406959, 455939, 471824, 299973, 493252, 348706, 46437, 31607, 80122, 76255, 206541, 160100, 224232, 43852, 81760, 197132, 91983, 160777, 179878, 99289, 217114, 473022, 437610, 65432, 268155, 459898, 471769, 5340, 98343, 229315, 412910, 413017, 387573, 315315, 213505, 342201, 327671, 235803, 377260, 489967, 391537, 79450, 198213, 88370, 248452, 200997, 204579, 356793, 346492, 287393, 319930, 155104, 466714, 114216, 395492, 461928, 53558, 475002, 436597, 417808, 16953, 127593, 237440, 38768, 54292, 635, 113078, 106492, 452217, 301050, 400774, 262772, 44783, 103868, 72715, 257156, 384975, 376922, 138658, 447475, 10834, 479399, 274076, 76172, 403328, 100308, 458805, 122923, 360111, 349806, 459313, 342620, 458361, 153311, 491552, 220623, 253784, 314852, 96539, 382518, 132329, 3632, 430066, 444471, 503, 292351, 376433, 405538, 299150, 185764, 432512, 236146, 404921, 71949, 477035, 159643, 332904, 458881, 74574, 471024, 317355, 222020, 200280, 37405, 125480, 263243, 19167, 453398, 108495, 442911, 330511, 62708, 493651, 337792, 393205, 476260, 105001, 209067, 233478, 88750, 42027, 319720, 290281, 181337, 334954, 412694, 85997, 191748, 433796, 9123, 171560, 335841, 155303, 96557, 380433, 255248, 460927, 431979, 317189, 321231, 229145, 486880, 46044, 2370, 96380, 370106, 373586, 363562, 203531, 369318, 98395, 158922, 385100, 253948, 282705, 226550, 247885, 189826, 258916, 370456, 406373, 205522, 214512, 275508, 209807, 68153, 478919, 486031, 358203, 336734, 26479, 375949, 244374, 491300, 304540, 429517, 87494, 363304, 256725, 352712, 269097, 465553, 345755, 383035, 14146, 140874, 72595, 27907, 199711, 421979, 171352, 140571, 405907, 180479, 260743, 60662, 115185, 243936, 208114, 75446, 478664, 177413, 296314, 295172, 415701, 427765, 81039, 28909, 409795, 463145, 250137, 411595, 217450, 445058, 259240, 419569, 278902, 60622, 460006, 344789, 145850, 23523, 65533, 25869, 26627, 237908, 64982, 261131, 55780, 269716, 274431, 440194, 100146, 311191, 304162, 272689, 104307, 392818, 436101, 118867, 83549, 61634, 393784, 449037, 307460, 486544, 241793, 236854, 191225, 204565, 322832, 483249, 317639, 342524, 168318, 51192, 217163, 212888, 248257, 171286, 132764, 491802, 307865, 116933, 450241, 409352, 359749, 426914, 299346, 181616, 338561, 432680, 214124, 215039, 270164, 175294, 424550, 367348, 331785, 138097, 165395, 77155, 141459, 165832, 32970, 350429, 397058, 66317, 202251, 12390, 253285, 499057, 106311, 124874, 260615, 55126, 132576, 416706, 110762, 299929, 401230, 51723, 335878, 140332, 452378, 163786, 259783, 390942, 291868, 182732, 402014, 76344, 473444, 389383, 447747, 14007, 253909, 465360, 145104, 215412, 127184, 416460, 94009, 143748, 130426, 393370, 27587, 136652, 92031, 475722, 32599, 243973, 272661, 456933, 415439, 189581, 7123, 364962, 212879, 188684, 415308, 296177, 45736, 442874, 40697, 228958, 22746, 30580, 95412, 198240, 307735, 76010, 168649, 267130, 249770, 444470, 299770, 389480, 266835, 124908, 3626, 290497, 447843, 257621, 474276, 242526, 371335, 476513, 444429, 194185, 383193, 351033, 279218, 471290, 42820, 168773, 114197, 203438, 221517, 49520, 168617, 171203, 383593, 473491, 205206, 433474, 9248, 366714, 434105, 421085, 372492, 32059, 44261, 119859, 287921, 303764, 20659, 398521, 272654, 265961, 191502, 418117, 169670, 33342, 302471, 383834, 265301, 14061, 216884, 7842, 396625, 384060, 406606, 298041, 388101, 335254, 212081, 74623, 117698, 222448, 385925, 249817, 179457, 446371, 89240, 439717, 457979, 106019, 141574, 415459, 213981, 481352, 99477, 309346, 74268, 448290, 310444, 464451, 28540, 374240, 242721, 432184, 385418, 106844, 239105, 232737, 374940, 101021, 168881, 104158, 179277, 267457, 167975, 315576, 475259, 7883, 132229, 82785, 294371, 89665, 315355, 480520, 453686, 375478, 238866, 3041, 314032, 493267, 361228, 35686, 299206, 260986, 371327, 382717, 211644, 343891, 425347, 389080, 335568, 276811, 97731, 451921, 231828, 120330, 264163, 220677, 469284, 256379, 348314, 374672, 205904, 362268, 461275, 400563, 46766, 252865, 483709, 90690, 492594, 178418, 92372, 299979, 346485, 276173, 158868, 86321, 334715, 288287, 304486, 35710, 378169, 427048, 499499, 494298, 180506, 27273, 175367, 416662, 157455, 229852, 224440, 98918, 218516, 391470, 198104, 9318, 272948, 23859, 255529, 159874, 132683, 97223, 387366, 53839, 316378, 227024, 115345, 437477, 246566, 314815, 448846, 136769, 372799, 61237, 13183, 247148, 124695, 445397, 132649, 157938, 176067, 386061, 189619, 366884, 23764, 339851, 417264, 147699, 247092, 448848, 379275, 129729, 378311, 193969, 285769, 406673, 153665, 132110, 376143, 443178, 32628, 271289, 354398, 477854, 489132, 289490, 294151, 81950, 203177, 11553, 306911, 233770, 133663, 245411, 286207, 354880, 231075, 406716, 153338, 152213, 200877, 21279, 271239, 318136, 10055, 334103, 246914, 318217, 194882, 325486, 187582, 393479, 150341, 187277, 295883, 495204, 78586, 495050, 113487, 84290, 203124, 332018, 4542, 149360, 340784, 457222, 61065, 396186, 156673, 329108, 254257, 178014, 13103, 346386, 442550, 251808, 77887, 18127, 177000, 422624, 431506, 174697, 68874, 135054, 110062, 263974, 138019, 291919, 55537, 378691, 3328, 410685, 178491, 15667, 279024, 480235, 492535, 2406, 16697, 146983, 184815, 354932, 450099, 113392, 95911, 193771, 362439, 88089, 103328, 326932, 305118, 206381, 241643, 338015, 440162, 375765, 88008, 15558, 452102, 109043, 440816, 140947, 39462, 83911, 179517, 38966, 307917, 475856, 392764, 452179, 254991, 178946, 263692, 392862, 78772, 284024, 38304, 251424, 373109, 393957, 285948, 324133, 456997, 6398, 321153, 415047, 383966, 277029, 357924, 271392, 280098, 139735, 440336, 87837, 80698, 290337, 171002, 358856, 379604, 358157, 390154, 79225, 187623, 326383, 409338, 138225, 354316, 80967, 302303, 424766, 438405, 253469, 257679, 439123, 185162, 243080, 326745, 103157, 402619, 87072, 82562, 105203, 156469, 238395, 194528, 386106, 447865, 35523, 439107, 304995, 371342, 205284, 218983, 19369, 37963, 310613, 9121, 472725, 126933, 217184, 88611, 273760, 164306, 49324, 214812, 281562, 483797, 41834, 193546, 397988, 26660, 363583, 414648, 80927, 215381, 324307, 363200, 295245, 227781, 487529, 205113, 341586, 130455, 355751, 468950, 489405, 54984, 365328, 87162, 301396, 35143, 102992, 230270, 8191, 212520, 156872, 415053, 58853, 6791, 323869, 451447, 428092, 77712, 307182, 197911, 403826, 358912, 45936, 327738, 130922, 49239, 411220, 359572, 386726, 284867, 146104, 138516, 42613, 269739, 360579, 321120, 70833, 34999, 343250, 195397, 252277, 319747, 341592, 285566, 492738, 480422, 457923, 303566, 430160, 97256, 365028, 61904, 124524, 243306, 60455, 214909, 130905, 254264, 103585, 62364, 342656, 194904, 125398, 427993, 300144, 398862, 162201, 32995, 117883, 319944, 470248, 300107, 471789, 288573, 151503, 410037, 298354, 324466, 292470, 256867, 107294, 290120, 404434, 39995, 112643, 497103, 290591, 214610, 498232, 139738, 14222, 135982, 417942, 129228, 402767, 12014, 245110, 12365, 258535, 247648, 257312, 92419, 293855, 86676, 97477, 187910, 191988, 358990, 297098, 109711, 474990, 164758, 303956, 149019, 372147, 45036, 73050, 181948, 227533, 453300, 194492, 186535, 204691, 446841, 373665, 311948, 233634, 5713, 311823, 236948, 433437, 291447, 85940, 204901, 489088, 407660, 126755, 328032, 57650, 283361, 375150, 300571, 282425, 434698, 342935, 425473, 7018, 376969, 242870, 52167, 173233, 46699, 382647, 270810, 212668, 160017, 372216, 94208, 280629, 114037, 233259, 118014, 478972, 87846, 313879, 137799, 113994, 386447, 411092, 83698, 371394, 271962, 360959, 67487, 78234, 388142, 153024, 87016, 474474, 408384, 308443, 486360, 456699, 351818, 269585, 229852, 244136, 80485, 451190, 452160, 20551, 190411, 318391, 424354, 427270, 342358, 215778, 337651, 484648, 349992, 341222, 121167, 322755, 61362, 239906, 11591, 107630, 116650, 51374, 267591, 53664, 126512, 123924, 137906, 144310, 68643, 430648, 205481, 325683, 499591, 9186, 434064, 444150, 58459, 418090, 298598, 230315, 55378, 286671, 12022, 275367, 367396, 267817, 18611, 40995, 391262, 403402, 234498, 453281, 287856, 400992, 480970, 285234, 182511, 270127, 226503, 420397, 306367, 360025, 142586, 383623, 100584, 145801, 121663, 335736, 292213, 155801, 234531, 324277, 302403, 159271, 249665, 7205, 184101, 404386, 194575, 266298, 464383, 52380, 60907, 228787, 367103, 69630, 306358, 361246, 130380, 85143, 418582, 385137, 170183, 235986, 370352, 1193, 269147, 470634, 301631, 343459, 110862, 334681, 31003, 279986, 126054, 1498, 425305, 151590, 159481, 452138, 299523, 147406, 436153, 319493, 365955, 247018, 316571, 447836, 9829, 207955, 224893, 45529, 117061, 230723, 2411, 493717, 382540, 172785, 400469, 484142, 434538, 399386, 193774, 157091, 211261, 159666, 185936, 347955, 404876, 430665, 309553, 42685, 103825, 275679, 103476, 302725, 130586, 473482, 18655, 76789, 92057, 404240, 382292, 99618, 230038, 437947, 394, 88898, 434216, 216099, 342098, 226849, 69969, 393807, 481517, 198403, 415678, 160781, 161084, 32141, 398233, 133778, 100926, 491130, 370273, 317924, 423145, 2160, 276001, 136893, 230689, 404818, 477130, 289239, 396321, 406597, 176472, 488308, 120478, 474545, 146372, 258830, 257548, 483860, 408885, 448979, 86000, 168086, 31837, 358860, 84824, 41770, 349199, 469063, 246929, 253785, 470151, 66764, 3356, 420302, 150604, 175859, 76811, 437268, 272498, 306326, 110973, 91829, 56599, 463175, 62308, 193761, 280849, 110688, 360407, 431867, 237162, 269539, 244198, 471111, 100324, 88053, 107346, 252602, 412033, 47458, 33132, 3210, 265053, 146694, 486679, 472100, 308008, 397534, 203394, 235993, 162578, 27026, 271673, 412615, 137371, 469013, 147519, 270267, 265602, 359886, 193284, 248445, 118807, 278728, 269011, 169617, 211658, 48803, 375178, 86714, 474997, 255706, 23323, 30016, 484251, 320002, 374918, 322084, 8149, 81457, 84341, 339219, 178694, 468965, 42576, 1304, 179267, 318734, 417514, 283263, 168013, 216056, 10804, 128587, 240713, 433362, 409074, 446068, 105338, 316194, 413757, 146919, 14908, 299657, 59334, 302836, 51051, 148151, 222079, 20860, 217825, 140059, 98030, 400960, 195117, 65181, 388868, 289894, 148570, 321249, 22843, 347895, 385985, 456004, 443688, 184828, 132204, 399847, 292003, 307469, 73354, 395987, 19222, 261371, 74819, 204617, 211580, 313401, 87389, 297735, 283400, 195478, 374061, 272045, 205003, 197736, 92923, 442408, 167065, 143170, 72390, 184622, 403780, 358514, 400012, 105349, 116369, 377808, 438174, 228584, 372589, 375161, 167071, 130933, 242101, 10232, 373189, 50459, 381888, 259752, 366609, 177242, 18382, 425744, 308253, 27878, 169816, 161396, 365214, 160153, 276762, 111025, 384138, 60122, 46535, 126638, 180239, 57789, 82638, 8978, 77639, 341138, 391737, 84939, 27438, 1570, 411679, 82296, 284674, 270536, 339288, 3414, 111751, 355001, 310002, 311092, 214342, 359474, 259735, 275922, 296549, 374801, 412796, 194464, 170265, 35986, 173964, 29889, 76810, 367755, 491300, 400767, 185709, 116688, 267083, 262468, 425981, 277667, 380562, 161547, 142507, 67603, 196415, 30769, 152240, 325062, 420653, 230655, 446530, 365557, 160466, 164112, 59527, 124194, 427130, 35425, 157203, 400910, 313286, 355792, 166607, 208170, 311904, 236905, 487851, 73069, 172895, 389704, 324970, 122396, 342646, 79460, 428280, 186870, 75680, 380580, 311166, 150673, 301061, 289975, 374168, 91958, 263419, 259143, 487978, 61268, 180090, 189117, 241296, 243369, 26959, 319041, 265649, 315146, 335453, 316815, 60481, 258876, 228493, 435236, 406699, 308063, 290121, 130928, 301493, 375807, 329820, 121072, 234302, 270706, 339627, 194030, 405179, 476183, 92202, 91970, 48184, 259646, 456038, 275683, 476918, 40250, 479369, 480206, 267166, 389372, 427972, 406636, 112157, 387124, 312130, 281286, 99330, 499691, 477308, 60253, 315564, 78165, 308975, 331113, 3794, 360637, 308633, 389400, 202312, 21323, 369199, 453895, 324832, 45454, 357061, 91224, 147878, 341927, 187233, 86455, 307084, 61311, 383921, 97048, 17571, 431811, 253723, 76115, 129084, 285183, 275993, 252197, 348587, 118775, 56880, 241971, 36915, 200537, 402406, 58262, 456116, 392436, 16182, 280315, 299625, 354238, 381333, 435218, 80078, 195815, 346200, 442473, 26108, 371690, 309353, 220527, 7004, 72874, 430598, 123053, 276225, 328433, 245765, 323384, 116443, 241285, 13508, 291565, 17558, 199108, 205399, 74550, 73271, 53331, 313498, 481195, 242940, 168857, 265400, 276724, 123672, 470364, 2227, 419015, 294065, 423740, 16313, 243634, 487365, 102521, 256515, 317202, 311526, 329054, 459820, 409653, 145596, 212185, 283633, 331504, 366733, 107392, 22823, 450952, 129052, 251488, 21770, 115602, 393520, 277401, 239595, 238354, 173526, 32719, 247665, 465238, 260340, 460517, 106278, 74139, 345766, 161582, 120922, 446030, 241496, 160477, 372007, 28008, 85007, 411548, 198287, 118958, 20481, 239781, 13756, 321845, 224740, 106576, 302836, 39234, 477947, 168746, 17572, 465030, 279095, 333504, 385386, 140733, 85054, 205163, 332013, 66531, 280836, 235457, 374374, 182483, 238201, 337419, 124533, 285806, 163016, 41494, 201331, 274995, 113072, 164306, 151545, 352410, 406974, 245533, 426164, 431000, 96258, 181423, 240115, 434717, 248483, 376103, 185994, 303179, 81391, 449316, 427925, 76833, 468309, 296263, 432263, 270410, 25071, 197290, 116498, 179648, 167284, 435591, 383530, 170801, 404529, 249624, 447455, 403874, 266710, 349209, 408940, 113344, 369490, 358418, 221722, 136084, 344793, 173682, 348294, 249730, 2135, 40892, 350816, 255782, 121148, 421658, 27521, 56321, 160252, 130262, 289107, 450288, 1599, 238515, 36747, 338362, 19461, 438324, 442251, 402654, 438263, 89064, 376071, 312916, 107435, 158706, 358834, 187777, 458905, 347653, 143179, 359228, 479855, 26379, 387896, 465554, 133536, 54953, 47417, 483628, 138917, 399573, 259238, 256794, 338903, 61308, 407764, 293030, 17235, 163557, 446054, 42391, 444383, 183447, 384333, 414493, 277739, 243736, 35870, 452761, 424820, 462608, 461105, 135729, 481427, 130295, 187050, 444071, 174116, 55963, 130397, 470008, 236145, 245898, 311170, 392340, 397091, 102423, 120264, 131162, 354138, 291729, 463287, 466764, 25824, 487743, 454604, 18433, 299552, 16159, 320301, 407674, 122357, 432576, 204730, 427664, 298265, 345860, 226767, 472097, 326391, 252821, 184349, 56864, 45130, 429229, 131601, 479175, 11044, 362227, 81655, 236593, 269319, 328115, 419125, 177661, 365506, 417857, 213574, 249838, 130532, 67157, 386924, 287187, 37218, 475669, 463440, 209198, 309087, 7990, 410888, 237944, 107430, 114365, 344894, 230052, 474537, 348336, 243411, 71712, 186418, 149926, 155265, 268364, 27851, 68144, 41483, 152077, 436434, 184944, 252624, 499497, 253364, 41784, 23482, 319828, 375385, 212989, 426053, 211298, 237892, 215048, 281985, 497465, 50520, 220462, 425324, 82531, 135763, 84146, 180480, 89231, 25097, 378312, 49482, 34552, 378037, 406770, 137095, 65688, 168588, 276630, 296084, 400700, 392846, 15376, 232489, 466602, 400285, 257656, 462924, 267016, 239835, 203959, 98681, 254655, 221759, 182833, 221909, 112791, 199473, 91784, 196499, 205860, 163108, 414403, 357266, 147117, 266011, 491525, 401360, 359139, 322565, 69721, 47583, 86752, 408893, 469981, 319416, 455896, 60279, 260337, 279395, 86276, 371997, 213550, 324060, 467765, 38134, 322715, 118732, 436237, 25751, 256500, 423731, 289114, 247063, 188760, 96340, 379551, 51060, 372147, 482358, 421510, 405148, 180672, 183088, 337740, 68570, 383146, 318769, 68939, 200308, 313740, 230325, 45022, 175401, 201446, 362888, 241426, 346237, 285827, 4925, 74211, 37998, 31246, 124535, 152053, 83330, 296567, 325631, 194446, 399309, 172857, 326450, 77608, 142721, 105835, 154099, 20243, 397959, 482930, 178668, 436848, 36318, 268233, 247802, 414599, 443028, 272620, 451277, 196917, 98314, 258600, 194347, 276550, 335002, 11125, 289574, 434566, 260442, 284873, 137147, 119423, 200607, 264188, 52325, 158455, 129465, 282066, 463304, 145372, 90153, 437107, 386158, 12227, 435062, 45229, 490863, 217418, 334921, 436834, 498636, 226536, 115502, 144966, 229973, 50332, 102898, 363341, 230104, 406670, 255591, 90839, 92134, 20494, 67736, 24363, 485478, 131339, 295366, 496323, 366792, 148704, 365079, 86837, 328717, 24733, 295089, 269401, 366743, 337261, 237729, 161535, 202619, 481371, 33860, 333121, 37999, 350000, 214261, 370627, 239588, 309754, 389120, 112094, 350477, 23809, 287915, 179251, 50446, 464695, 167279, 220839, 261401, 439561, 217210, 450650, 422137, 346409, 98299, 65353, 495636, 456530, 249233, 98324, 233083, 127697, 187544, 194813, 310439, 271640, 121038, 221349, 46258, 165014, 146844, 26908, 80838, 461041, 257925, 264933, 189580, 55323, 94111, 62465, 305835, 62318, 317095, 85607, 330363, 476577, 263449, 381969, 166913, 169222, 382281, 257625, 36527, 142121, 229144, 319826, 496938, 168222, 365442, 79907, 182180, 195649, 358576, 40662, 223323, 240869, 70962, 336465, 312462, 247168, 194884, 398213, 252927, 117346, 259261, 387545, 199867, 488592, 105619, 477073, 34221, 142593, 342774, 250262, 385315, 257640, 103071, 103323, 349785, 350424, 383744, 179768, 56236, 259529, 67555, 488701, 164815, 176287, 324941, 264616, 382798, 384932, 374851, 93860, 332576, 113000, 437123, 178238, 106853, 254941, 492218, 250073, 490202, 421885, 214003, 138063, 62946, 338369, 221068, 290436, 277867, 386036, 472217, 131301, 645, 444585, 193836, 464925, 410580, 407918, 289985, 237116, 274496, 113075, 117722, 117028, 365961, 456843, 326316, 27624, 240107, 444480, 356677, 175840, 20060, 4405, 87342, 242828, 373549, 17984, 489775, 8204, 301108, 296765, 105325, 77496, 5727, 433115, 140880, 141822, 72660, 490162, 351323, 280448, 424150, 368289, 269605, 137343, 402910, 404742, 118678, 354464, 226598, 243741, 58120, 390130, 305174, 312069, 197752, 95955, 38249, 117675, 136860, 406845, 128747, 265969, 497733, 271767, 216937, 136767, 181572, 116512, 475480, 395273, 268572, 120917, 436672, 61201, 354103, 123637, 471436, 308338, 241830, 107087, 463354, 36179, 314022, 415971, 486632, 91886, 483669, 109763, 200364, 329331, 56339, 433626, 29773, 120511, 161190, 18330, 182632, 10365, 74860, 310554, 161240, 28834, 111844, 294672, 147634, 461032, 114300, 369617, 28755, 249144, 253756, 121260, 235239, 147007, 171464, 374520, 324579, 176688, 218541, 306674, 125821, 23855, 221405, 161326, 355374, 210559, 194550, 389168, 218988, 392018, 28958, 483349, 249794, 362488, 67563, 117616, 21925, 406123, 275295, 208899, 53674, 171219, 174496, 105131, 158746, 473391, 167181, 56163, 26973, 153287, 279296, 44988, 141735, 411406, 405538, 344493, 219059, 342120, 55962, 54441, 347213, 386385, 81032, 422218, 280755, 90628, 461434, 491070, 119537, 240150, 443870, 188216, 86661, 217712, 137126, 200839, 208243, 178373, 21458, 379055, 424826, 192972, 294241, 442211, 169468, 243913, 19009, 365119, 288950, 323863, 55191, 335731, 38347, 422557, 55503, 388091, 172783, 368250, 38577, 482609, 49141, 266870, 423065, 163284, 128945, 291181, 481779, 477184, 378094, 124854, 16535, 322187, 196833, 379580, 487679, 424097, 402493, 408425, 494577, 74010, 642, 323932, 177538, 80597, 163980, 114872, 152124, 270280, 53809, 243655, 236640, 36827, 347621, 45633, 53268, 296501, 231821, 396049, 287751, 475540, 301608, 253824, 423113, 2585, 90719, 192409, 431001, 15017, 63960, 29856, 26703, 293411, 290283, 98263, 280053, 461276, 31072, 308658, 270590, 85279, 116603, 378758, 167727, 244312, 295800, 317446, 368915, 115628, 249917, 348284, 68778, 112858, 487395, 323829, 405709, 58836, 64823, 105861, 499885, 460716, 3220, 321718, 299458, 363680, 138003, 66153, 485397, 369489, 111188, 482471, 196710, 187661, 248636, 219341, 372942, 53252, 420346, 423414, 299036, 497967, 303689, 337669, 111628, 295463, 136556, 354546, 252207, 480065, 206560, 462314, 294189, 66147, 13975, 81973, 116307, 449824, 373684, 322893, 479349, 14399, 342804, 70261, 159485, 143850, 314436, 447357, 182351, 96583, 272398, 134860, 291202, 349685, 308477, 95891, 155542, 12550, 244469, 214556, 373383, 202230, 448461, 497443, 309937, 14577, 449659, 26735, 27345, 183272, 349678, 391575, 438039, 166520, 426219, 73118, 107836, 398136, 161042, 49110, 89816, 427150, 78621, 390130, 241, 224728, 1537, 149891, 431701, 49024, 7800, 295731, 472617, 393650, 202833, 378202, 165057, 225947, 231392, 27137, 239134, 145925, 232514, 205020, 173672, 91973, 187228, 383234, 1047, 197383, 186220, 477126, 61257, 35187, 120965, 401992, 422497, 91876, 288826, 161439, 369732, 259416, 305067, 356857, 107521, 359282, 490642, 396826, 499434, 473856, 389014, 470876, 222304, 485739, 39846, 23503, 389884, 289561, 217581, 257886, 79466, 12690, 84121, 7949, 28952, 99054, 183754, 354761, 433554, 262742, 463516, 80077, 484774, 127985, 371228, 328431, 171088, 304070, 435893, 400068, 367725, 97022, 450753, 471901, 181838, 173302, 43584, 24694, 55717, 90881, 188346, 302957, 414153, 111475, 322452, 421452, 397586, 352214, 166843, 324860, 702, 54790, 292452, 386097, 96311, 52023, 460931, 177057, 214814, 385166, 486134, 156928, 204319, 460036, 233250, 134832, 229670, 93313, 50663, 415363, 132912, 478501, 403042, 233739, 466102, 459097, 399034, 432924, 472665, 214500, 168817, 340564, 133535, 235569, 45738, 311319, 399345, 321123, 437340, 439459, 466462, 49203, 64923, 102448, 418405, 446652, 196490, 29748, 215142, 8504, 365800, 145187, 120057, 342433, 98981, 349922, 486037, 471613, 479742, 165809, 368020, 76223, 61298, 191165, 422433, 117790, 192100, 125700, 497690, 382949, 311193, 232074, 154213, 150717, 9701, 258479, 296573, 388204, 408830, 434129, 112011, 99749, 421668, 474424, 369146, 123545, 33135, 178548, 397934, 381663, 323043, 444066, 229667, 266793, 359083, 149968, 117170, 400259, 291151, 333222, 339398, 177607, 381808, 187206, 388621, 490737, 497210, 419247, 396253, 442071, 364000, 447314, 172294, 300996, 42739, 392831, 476260, 58038, 202756, 282886, 152210, 52706, 324374, 192397, 358680, 196179, 110907, 62982, 233325, 424978, 462357, 402801, 216153, 174141, 108294, 471920, 97369, 354555, 226556, 198377, 131881, 257042, 429918, 142512, 381598, 44223, 417142, 176287, 440627, 424748, 348659, 93749, 405669, 488035, 238047, 454456, 205975, 34005, 469356, 233731, 298948, 429570, 252911, 172847, 443281, 463414, 368722, 71778, 478688, 24439, 366823, 267441, 1224, 109117, 269136, 318200, 57484, 22598, 55808, 206306, 435367, 447585, 379556, 123756, 98641, 153063, 147007, 310042, 473890, 464603, 236386, 100224, 301392, 257015, 70245, 342167, 142681, 450140, 286644, 258161, 227110, 312778, 329938, 299080, 144777, 303518, 294479, 2847, 114983, 237393, 79667, 34440, 318375, 348434, 400524, 49077, 188386, 371205, 304902, 316557, 381824, 26908, 348606, 54433, 440189, 9148, 64502, 409988, 353800, 386939, 466234, 238566, 186561, 489086, 276005, 225089, 123776, 208455, 38551, 382560, 234814, 52843, 284424, 307936, 116661, 386035, 227578, 370930, 78988, 325416, 37221, 469380, 405935, 399302, 26737, 10572, 12413, 374301, 65204, 430470, 445713, 483441, 78126, 168416, 327517, 499531, 220198, 396559, 490301, 229531, 438470, 211827, 71440, 435775, 18969, 366400, 185251, 273030, 108947, 433691, 177351, 245781, 322661, 105632, 117438, 282433, 341683, 341759, 84304, 311757, 328358, 16090, 454194, 6444, 195299, 473691, 337461, 91345, 495196, 90762, 495982, 114087, 494667, 328201, 163031, 100579, 234521, 152682, 392849, 316575, 431267, 289744, 164646, 455091, 338383, 329171, 84702, 401785, 497783, 128925, 296394, 322949, 137300, 291568, 486059, 195109, 372091, 158568, 7884, 330617, 91526, 204287, 67276, 92216, 483696, 493489, 147557, 181704, 132411, 470479, 45623, 290089, 340966, 91791, 448077, 64684, 328890, 422469, 92303, 268893, 462588, 243071, 46128, 164304, 222011, 290508, 303786, 188110, 458370, 386397, 74596, 309472, 300189, 298920, 71556, 239548, 22495, 212508, 38854, 300185, 254407, 206787, 459380, 112373, 233887, 118748, 294775, 259213, 17321, 128761, 126174, 470398, 54100, 193015, 408390, 248919, 75618, 92145, 360031, 177509, 255418, 477861, 421429, 471510, 296633, 389835, 14732, 280622, 214714, 191820, 390995, 166760, 403727, 33340, 183771, 169977, 97381, 129465, 67734, 40344, 394214, 228583, 61280, 460952, 122379, 173854, 19145, 170444, 225331, 149463, 458266, 85850, 421638, 463291, 463716, 161125, 490035, 32531, 207063, 476455, 281078, 66268, 421326, 38082, 141898, 233218, 65912, 239211, 162464, 50549, 383220, 239311, 20425, 203674, 137230, 11792, 499200, 334774, 456033, 139746, 29910, 177755, 177314, 50446, 451832, 182387, 27549, 141113, 353926, 338308, 58371, 492, 330021, 151036, 403465, 86282, 239924, 170569, 419165, 156205, 334156, 317644, 222516, 418073, 268982, 117870, 426646, 36087, 206625, 340463, 100163, 306426, 273073, 9671, 82617, 286872, 28968, 272169, 425941, 315750, 435444, 119446, 346409, 357306, 390541, 6484, 454815, 395854, 26932, 451973, 120118, 199139, 449816, 253626, 192938, 226285, 99172, 121247, 113540, 96126, 378179, 65295, 234789, 350042, 234901, 258869, 108121, 450950, 281700, 422286, 179745, 386222, 51874, 392240, 497701, 159367, 365894, 208925, 32037, 263965, 245056, 230123, 222866, 22866, 37327, 46995, 203443, 18668, 242104, 468905, 107204, 354273, 103716, 187607, 288281, 481803, 231456, 370048, 333775, 216263, 147919, 398895, 128775, 197603, 313015, 29036, 311129, 377406, 108904, 120757, 213130, 369256, 456318, 317265, 19512, 189055, 349192, 497564, 163190, 245597, 445937, 435634, 420160, 100482, 451104, 317791, 114674, 33500, 152972, 8989, 68731, 332478, 436233, 192771, 86850, 78984, 219708, 134960, 113960, 303996, 180721, 260038, 480804, 257275, 311754, 19567, 331069, 468188, 13777, 105155, 208270, 269919, 398538, 196094, 230443, 380362, 203738, 149223, 356314, 136988, 214045, 343504, 259983, 10312, 443487, 62958, 466659, 129149, 274594, 5227, 162854, 321748, 425711, 284340, 229203, 477863, 299258, 154761, 445367, 84495, 381650, 313577, 147820, 265769, 48802, 156602, 206758, 55294, 222178, 21955, 194465, 240640, 187440, 302850, 468215, 321595, 192102, 455701, 111412, 448851, 370532, 442367, 356417, 185555, 146923, 215303, 386396, 195985, 221190, 68320, 452326, 161955, 110021, 106643, 388457, 474989, 424107, 63271, 479763, 348749, 333185, 42684, 428471, 245674, 420873, 117520, 379769, 48309, 2455, 255264, 351984, 265321, 239149, 359018, 234562, 474272, 150031, 34308, 256343, 453756, 90978, 331942, 196967, 338965, 382029, 120119, 335007, 383641, 194521, 310540, 482598, 133834, 67761, 186674, 222285, 190914, 23663, 392004, 194871, 88654, 399096, 342843, 390374, 293521, 291371, 389898, 128404, 294744, 269995, 142264, 259520, 203759, 172259, 280856, 319604, 231033, 277576, 398634, 277170, 233634, 196319, 215444, 425117, 291799, 473634, 367416, 365234, 457901, 79569, 346633, 242576, 52134, 72470, 698, 373725, 202293, 249282, 148713, 478876, 35216, 149718, 99525, 481425, 150343, 18656, 471364, 360221, 337794, 436535, 254999, 374019, 313329, 477991, 230237, 196622, 175911, 83498, 368835, 418613, 488691, 300174, 426337, 359536, 362076, 396241, 164430, 118531, 159682, 328859, 427446, 77671, 384599, 227399, 256284, 45228, 161159, 357343, 479829, 178322, 217061, 63719, 311102, 32171, 368856, 375547, 195732, 493314, 19523, 155874, 10435, 269932, 338300, 267768, 436389, 433957, 125656, 444635, 44289, 318797, 185121, 50098, 185849, 27881, 62678, 71838, 276246, 223597, 156536, 110941, 46153, 86135, 341436, 411446, 196822, 255181, 499070, 185629, 292559, 457761, 77921, 211970, 206325, 202828, 43179, 264575, 376588, 59365, 164426, 172375, 345343, 4031, 16883, 287807, 64559, 21318, 337714, 55308, 344519, 400576, 442089, 13540, 189903, 279089, 132205, 47138, 387834, 283390, 369018, 256368, 456674, 456046, 228557, 492454, 144960, 132558, 8382, 314110, 443542, 293102, 119525, 306512, 201345, 297474, 444843, 341939, 406279, 147468, 471205, 365487, 98155, 337740, 413516, 447943, 389958, 71404, 29034, 475991, 72981, 200353, 176897, 201139, 262427, 464965, 379721, 189928, 282852, 384085, 273365, 291775, 317183, 75308, 426870, 354806, 27618, 346751, 302645, 118664, 125853, 489603, 437245, 142038, 208533, 81361, 272320, 358820, 112188, 87192, 447421, 296374, 293455, 30743, 94595, 461170, 456848, 132165, 496840, 248603, 68457, 65656, 95453, 195360, 324006, 346791, 78018, 122819, 84394, 288013, 129721, 479761, 271346, 139430, 215711, 191997, 377789, 139035, 477182, 162241, 381555, 97805, 392672, 321034, 371300, 266397, 393558, 451173, 235142, 103344, 127364, 453328, 277135, 240843, 156695, 262269, 205476, 39291, 176661, 105739, 361669, 175702, 4775, 422221, 93336, 8598, 1534, 232595, 377499, 348544, 298453, 84350, 8528, 59682, 256028, 227765, 216400, 2069, 474195, 464258, 89814, 431756, 152435, 337998, 406266, 383455, 341483, 152213, 113574, 254408, 354499, 201525, 403813, 41079, 364840, 244246, 111380, 476590, 55824, 433407, 231465, 92836, 461940, 233218, 192829, 135693, 293870, 26945, 451694, 415444, 287834, 240195, 260581, 197165, 29405, 200803, 246861, 227666, 116224, 373602, 212223, 378551, 82112, 221570, 414115, 70682, 348393, 156936, 174303, 4786, 65428, 257070, 236705, 458530, 417132, 25024, 159287, 37643, 437686, 236740, 196963, 175695, 29113, 87840, 271368, 57444, 10473, 476631, 196215, 203268, 493990, 487133, 151318, 330293, 22938, 490983, 437943, 411567, 373357, 85145, 221127, 446766, 92397, 331476, 178639, 123768, 304255, 347276, 152831, 215799, 281095, 377800, 124141, 468736, 340340, 466097, 406437, 441014, 48647, 429451, 95877, 89959, 269589, 265063, 176988, 467032, 235631, 418775, 264375, 408348, 113351, 462563, 255589, 427953, 493137, 110578, 39555, 220108, 374031, 275107, 397685, 412532, 337383, 469298, 355178, 357845, 48447, 207148, 82430, 364578, 16435, 244125, 21812, 449611, 466892, 284270, 344658, 46292, 63668, 26655, 208058, 45896, 8231, 353216, 151163, 41246, 246578, 181901, 347339, 160296, 95269, 446536, 57574, 267616, 474142, 496507, 147658, 328613, 205968, 328937, 481001, 342693, 494905, 16723, 335762, 220412, 376957, 428720, 150057, 126523, 457897, 441539, 444550, 408377, 416763, 466285, 460134, 147818, 367347, 378766, 111278, 394972, 418705, 74155, 444823, 487127, 185044, 183258, 277648, 32725, 181254, 499515, 171224, 378768, 8558, 333349, 454468, 137006, 163268, 144380, 427298, 72175, 175975, 104080, 281042, 363384, 429028, 254886, 192392, 410188, 183834, 182212, 317262, 240629, 323179, 432125, 403654, 489318, 220, 291720, 169024, 301384, 340970, 137318, 321465, 353988, 115900, 495588, 112713, 252888, 480506, 231140, 171138, 33590, 434668, 129684, 202841, 202710, 329636, 153770, 398884, 15991, 46110, 493094, 368679, 148008, 487075, 309744, 46988, 31783, 47550, 442538, 81270, 56196, 53568, 401393, 486175, 174251, 64493, 99133, 11991, 370133, 354665, 412070, 114411, 139105, 87904, 192478, 388590, 53970, 253246, 36598, 73492, 97266, 238462, 356657, 401102, 244226, 456253, 127397, 311772, 246658, 461054, 104912, 336931, 372652, 140342, 36247, 366005, 273144, 475079, 93186, 213744, 140525, 380145, 336345, 243019, 476831, 209215, 362661, 403259, 85905, 345606, 483665, 334291, 453324, 479004, 493693, 177808, 422821, 332696, 69846, 100982, 100482, 251658, 265927, 414236, 343153, 70409, 297967, 221026, 389029, 380667, 14944, 112916, 353089, 372774, 231125, 197486, 81846, 453834, 467545, 386277, 480811, 346438, 92927, 263733, 228398, 278880, 488209, 327849, 324496, 147695, 136838, 250474, 78656, 292384, 104894, 235607, 394045, 147805, 461151, 423462, 121849, 34050, 208908, 318322, 298913, 15537, 419071, 293755, 470866, 416625, 52462, 266969, 451017, 110845, 472636, 286580, 483981, 146264, 39137, 119119, 281701, 8395, 318226, 156418, 237916, 498764, 464477, 371329, 463345, 109395, 74247, 153205, 70505, 204748, 456062, 225249, 61913, 359621, 426545, 180640, 130014, 210081, 99577, 499743, 490352, 399305, 384717, 199880, 169908, 271979, 141001, 237276, 201475, 326949, 123210, 448760, 323679, 219960, 353315, 424309, 23837, 28666, 62521, 203379, 168704, 10328, 470630, 141460, 51286, 147109, 23381, 414824, 20463, 198333, 59534, 383924, 336817, 489868, 245879, 275170, 493841, 397171, 245753, 99562, 359903, 387846, 71595, 83872, 78104, 223999, 316003, 210739, 246668, 19363, 182882, 2451, 144933, 291277, 321664, 265349, 267473, 483935, 161129, 146989, 210566, 39367, 449693, 231537, 51515, 239436, 395327, 215798, 158984, 266351, 314212, 19271, 461487, 236833, 158559, 79114, 33281, 293442, 148544, 423296, 352676, 50268, 235482, 131611, 34902, 155670, 114312, 352835, 450457, 394877, 173297, 286963, 359993, 392598, 107526, 156864, 315280, 322988, 23663, 60208, 382358, 356242, 326462, 395112, 417531, 123336, 151320, 472077, 229233, 396342, 427242, 451574, 128120, 331931, 381392, 332135, 133036, 139634, 58897, 42046, 363974, 72094, 485892, 440862, 430541, 153692, 82895, 399359, 2671, 382650, 180634, 483467, 176589, 49180, 489605, 472521, 259367, 235258, 176764, 203563, 263354, 354648, 219511, 12965, 77191, 16709, 212243, 57438, 18605, 370711, 122123, 258053, 287872, 332788, 199041, 172736, 243362, 75815, 12065, 41803, 407919, 114003, 204103, 31845, 261176, 197980, 327611, 269668, 431374, 203298, 459382, 149837, 374453, 19874, 65504, 317707, 239679, 79479, 310978, 75591, 436969, 101812, 458061, 53380, 380748, 236482, 148688, 367617, 138361, 73246, 460825, 391888, 373375, 74314, 355344, 458545, 343561, 345012, 193543, 95532, 234607, 67667, 74862, 270978, 312691, 105391, 122186, 50317, 17492, 466046, 183204, 178059, 349353, 32878, 253924, 405196, 325434, 429612, 8352, 177474, 5399, 178591, 169112, 331064, 139764, 71472, 194531, 352021, 266183, 100750, 330272, 80678, 114451, 385217, 228964, 426906, 66939, 427561, 232437, 361310, 232500, 116174, 104262, 224318, 286396, 173741, 248453, 397503, 275299, 411475, 90587, 471200, 93305, 393756, 342422, 120426, 63925, 492591, 124272, 323312, 96435, 243102, 176589, 374573, 297145, 125070, 128668, 199859, 354433, 428289, 140630, 169370, 402637, 130127, 170669, 293237, 486367, 56931, 168537, 375430, 438052, 148682, 460791, 64165, 170702, 66148, 17701, 294224, 412713, 318228, 102519, 316102, 35791, 489919, 16148, 219151, 80990, 456147, 218376, 396956, 276485, 468843, 429653, 268826, 83577, 343530, 107642, 395696, 453883, 376744, 360017, 363927, 387698, 31233, 385496, 96757, 229396, 360670, 184706, 159305, 337039, 388977, 158016, 213108, 481574, 379825, 85163, 119930, 448133, 285125, 286537, 108102, 33895, 413608, 198845, 419590, 477382, 160553, 26127, 259605, 369536, 424326, 402587, 260093, 423574, 115674, 230701, 103432, 252646, 372308, 55236, 338202, 80314, 7886, 297447, 44094, 79048, 402032, 473095, 398128, 69358, 194186, 58231, 393517, 98310, 16365, 163971, 271362, 147611, 94883, 114789, 403486, 381013, 417567, 129308, 463264, 7468, 91034, 74296, 364301, 349040, 4091, 371821, 33924, 188862, 406296, 69036, 270857, 161869, 451979, 144231, 245079, 420584, 49603, 279163, 478111, 339643, 90127, 217433, 53057, 260890, 444842, 164604, 491184, 197471, 154564, 336490, 426457, 31021, 424417, 271310, 302748, 45133, 138967, 52924, 476542, 393487, 53694, 213808, 210633, 456979, 249705, 287821, 340112, 410777, 494451, 131326, 71707, 36580, 251222, 263115, 276279, 254491, 422167, 147405, 440577, 54248, 274696, 277497, 156494, 39117, 153313, 386330, 80057, 89400, 216475, 322728, 219790, 390851, 37602, 351075, 455934, 333475, 62889, 298039, 170340, 409313, 243594, 235364, 401578, 319137, 197954, 419282, 446250, 270714, 173382, 462856, 494249, 311155, 95464, 382773, 254785, 245159, 413897, 460981, 407412, 444809, 170311, 93633, 488887, 157098, 185300, 486007, 306261, 315426, 496980, 57386, 306301, 375147, 322249, 342246, 90143, 179114, 351580, 363210, 476002, 202276, 160159, 62361, 368214, 219428, 216537, 489051, 54938, 129380, 341688, 365568, 7576, 378864, 403166, 271883, 325362, 273492, 97642, 264626, 446197, 132322, 7949, 123988, 53157, 94449, 255785, 246584, 101889, 390974, 283055, 170895, 239439, 245693, 347908, 217528, 346858, 136399, 159183, 129422, 307863, 55632, 57390, 346540, 349042, 346073, 119934, 88551, 71825, 187114, 384, 244350, 261926, 278281, 310118, 300399, 278709, 182944, 342416, 69686, 365958, 494021, 260576, 430614, 187831, 11202, 100101, 328241, 357784, 481370, 91956, 427886, 222952, 469074, 56479, 468838, 122288, 290888, 329449, 418129, 464117, 28011, 142089, 259045, 272098, 463102, 67309, 151669, 60358, 498999, 477841, 367077, 417770, 386160, 445730, 95797, 69405, 189227, 67865, 273563, 113327, 141728, 105616, 285264, 282791, 350311, 327872, 445821, 479503, 474593, 289900, 281400, 483364, 204401, 257802, 285870, 143209, 306746, 339312, 422065, 396154, 228366, 230344, 404780, 385875, 471433, 242940, 271082, 226659, 87160, 93557, 79811, 423036, 94410, 220330, 99931, 92574, 4930, 199871, 84583, 101618, 202313, 323754, 247780, 340151, 208372, 10700, 158113, 194726, 168713, 255218, 420184, 489875, 204956, 97145, 480593, 25482, 127327, 475325, 36717, 258514, 435379, 211577, 23363, 407784, 287725, 420428, 89921, 391375, 246295, 214620, 229450, 361226, 316937, 250708, 108586, 290712, 338690, 449434, 432171, 234393, 58695, 307501, 439529, 94875, 468804, 191231, 301302, 59473, 421565, 400593, 482763, 347718, 232211, 324564, 298052, 66061, 475904, 327348, 21447, 347980, 279539, 169407, 62157, 62319, 434669, 288558, 484871, 395164, 189879, 331383, 48041, 268887, 386339, 260088, 393948, 408871, 392783, 371235, 295998, 36058, 253442, 269463, 481113, 468971, 67108, 87517, 327770, 69642, 253891, 392887, 283319, 209802, 51848, 370509, 326706, 210764, 420201, 342666, 245232, 497348, 465080, 183597, 263793, 442673, 81187, 283800, 224649, 167925, 196291, 388644, 330872, 229093, 257630, 30645, 392899, 415872, 258385, 409069, 7400, 38877, 50544, 25795, 228067, 472342, 334715, 421407, 386618, 407338, 265661, 450686, 26406, 158072, 174769, 34878, 121048, 258061, 276654, 234257, 128954, 442391, 79468, 40416, 84132, 278096, 329569, 78113, 435182, 473010, 159007, 185019, 432217, 326168, 98916, 307023, 362747, 264647, 10409, 332260, 95089, 205992, 388098, 315317, 345959, 243068, 109883, 280221, 213954, 123554, 439085, 460508, 86692, 361114, 29631, 137840, 274923, 178461, 336859, 176694, 97845, 458989, 209288, 181172, 408975, 347018, 288401, 487726, 175306, 239435, 172060, 216948, 235706, 440543, 475010, 32484, 421938, 485844, 430815, 241388, 322097, 164658, 165850, 175943, 43828, 462242, 317476, 342176, 255364, 368912, 278868, 271420, 15503, 28425, 187510, 313330, 44360, 243513, 254248, 419123, 246250, 493693, 171835, 302579, 465299, 267033, 184307, 238562, 302909, 267794, 283085, 117843, 214422, 227275, 40842, 78784, 275975, 367931, 359930, 293522, 227206, 156628, 448314, 62629, 265741, 171126, 67225, 375469, 156617, 236761, 23616, 116735, 294967, 4046, 327384, 61617, 100595, 437386, 68540, 361367, 353288, 319064, 371783, 488780, 404562, 483525, 395448, 261302, 188797, 9541, 307085, 421659, 40299, 437339, 403422, 250424, 371984, 46914, 118639, 20244, 143605, 200432, 211434, 137831, 472190, 274996, 447412, 137244, 59275, 481042, 448814, 13976, 170333, 184568, 421174, 87982, 332631, 189605, 27034, 277927, 409054, 459787, 221990, 346943, 49093, 377927, 183131, 214648, 384171, 304197, 154503, 44934, 125244, 31691, 355305, 483777, 175314, 287789, 119668, 328940, 265256, 297546, 41592, 92939, 408678, 322120, 35005, 263654, 237947, 481312, 351940, 36892, 270467, 342560, 354464, 467967, 195798, 442126, 384113, 15934, 105757, 385120, 400912, 338069, 273462, 203844, 230280, 394703, 182735, 486023, 455531, 460276, 320875, 319022, 352073, 94580, 439641, 450179, 310911, 457101, 164905, 163452, 54180, 33320, 431524, 479977, 20919, 116916, 438332, 214378, 213169, 190873, 303009, 66162, 113313, 340795, 319378, 278337, 32927, 276395, 228212, 283119, 58366, 348392, 146707, 324848, 325351, 300246, 284732, 147419, 247419, 169888, 143881, 388038, 65002, 109593, 246056, 80752, 45657, 409219, 151753, 90653, 365994, 102369, 76645, 291278, 48172, 496722, 367098, 382449, 449191, 13252, 175256, 67904, 397710, 499149, 255615, 138020, 295997, 463575, 354090, 124963, 299926, 405505, 303346, 57021, 87390, 170847, 48455, 378979, 228153, 489212, 465828, 60446, 308390, 110792, 460636, 125625, 395611, 370059, 54362, 293835, 299417, 140733, 156575, 404298, 258328, 365368, 212372, 428781, 313598, 281190, 398061, 21337, 414891, 171452, 377732, 407969, 469697, 89337, 35112, 196217, 251230, 432672, 127639, 111622, 188459, 139677, 439521, 474071, 236858, 308458, 243666, 69684, 498324, 284471, 103706, 468606, 393235, 417498, 360872, 449434, 243008, 230787, 200358, 446830, 147954, 82717, 406017, 363465, 296958, 82332, 7778, 285677, 421273, 170271, 8250, 114296, 248308, 466393, 21877, 253071, 293432, 368571, 42675, 194406, 445102, 103949, 488526, 278492, 2834, 441988, 235546, 87850, 365002, 32478, 451333, 385525, 365678, 389668, 173972, 119402, 214610, 495253, 79001, 306505, 336665, 280480, 103291, 264546, 186835, 173468, 206828, 375032, 494680, 434750, 84353, 305601, 137907, 420392, 22679, 408125, 481410, 129544, 156588, 327227, 191146, 14452, 367928, 292152, 301398, 222203, 459567, 406850, 229436, 175898, 324449, 231039, 2691, 449797, 251411, 118230, 108760, 110321, 231921, 357307, 481857, 359336, 348406, 307760, 293063, 7989, 341003, 495553, 84820, 11656, 158418, 394713, 50242, 97091, 247050, 333153, 345944, 48932, 143625, 84004, 230534, 491114, 291586, 143126, 378375, 365550, 148064, 345218, 276173, 271829, 476269, 73316, 467088, 17609, 137006, 151012, 450654, 318812, 290905, 414469, 129269, 183901, 469064, 140131, 342742, 17861, 236291, 83339, 149419, 61113, 366256, 188425, 499574, 401921, 118416, 391613, 340228, 330883, 142783, 180562, 163283, 59613, 298454, 272058, 203180, 82305, 130059, 143688, 273774, 94531, 422236, 141605, 283492, 333468, 484343, 414061, 465338, 258154, 269484, 259982, 142136, 478208, 79213, 456888, 412115, 102173, 334711, 362498, 39706, 227822, 274301, 442019, 16880, 13042, 342251, 295811, 397308, 472274, 289910, 382377, 73490, 380670, 409963, 10097, 181603, 36573, 18353, 418560, 10140, 280831, 464741, 219109, 213604, 483188, 81903, 198702, 139060, 254884, 152116, 484914, 436837, 182109, 250053, 407042, 216396, 21100, 170738, 343083, 33426, 131326, 304600, 172922, 45782, 54221, 187540, 180535, 391530, 363120, 134507, 233848, 58078, 404823, 18976, 440842, 334242, 40485, 349778, 51248, 57476, 158151, 468939, 4217, 60403, 396595, 486987, 133904, 126346, 135493, 340517, 208121, 161930, 93666, 267810, 46943, 2524, 73135, 449117, 158372, 67379, 179772, 141565, 304650, 283894, 112801, 253164, 273604, 210058, 378097, 86812, 172598, 267478, 206554, 183917, 334843, 220384, 47843, 382410, 171909, 307316, 323621, 319595, 372163, 480000, 252408, 484417, 33149, 17951, 167709, 427653, 24286, 344152, 224547, 470285, 28675, 63099, 477704, 113100, 10743, 478504, 88672, 185964, 301342, 302623, 230758, 289803, 253118, 273910, 96139, 236435, 304848, 25424, 90481, 261748, 131797, 232985, 7698, 121695, 276080, 288153, 118348, 14053, 218628, 85499, 398815, 468604, 473653, 373356, 189399, 144504, 68107, 395277, 213500, 142895, 347242, 302810, 91280, 32956, 128052, 343450, 131619, 55746, 329187, 494928, 22265, 373447, 252749, 219197, 167682, 499231, 89596, 100566, 23426, 432371, 227416, 145364, 89549, 228008, 355124, 166764, 190837, 39367, 48207, 256037, 99665, 276770, 344598, 300221, 246532, 389996, 478904, 193311, 149018, 372171, 352675, 254344, 141670, 183814, 412681, 436472, 284324, 341045, 188182, 335578, 36628, 380492, 111721, 407593, 480445, 443273, 323244, 129549, 469690, 83828, 3611, 156264, 301375, 99387, 151698, 226909, 3440, 321635, 24417, 478175, 248443, 187655, 105215, 470784, 252640, 150049, 407462, 106415, 250701, 279395, 370849, 351274, 490832, 79185, 383574, 72795, 225402, 364564, 424952, 397636, 481784, 202609, 209013, 244835, 238357, 282067, 379812, 399317, 85535, 357177, 292614, 491442, 352145, 84804, 350353, 308748, 116150, 496346, 385112, 35542, 402720, 301774, 71969, 197973, 253873, 476789, 97903, 98534, 4391, 465842, 251832, 53103, 180343, 236016, 5643, 314899, 207880, 372892, 76591, 297156, 207537, 213385, 19910, 432249, 436716, 41977, 73770, 141586, 423211, 365834, 305442, 284293, 378773, 215022, 1538, 102711, 477902, 63045, 349927, 248902, 487931, 258953, 215000, 195256, 237570, 255670, 468812, 102135, 442665, 329318, 126781, 457794, 225485, 363569, 144778, 234259, 416384, 299763, 429097, 433687, 315094, 329330, 446853, 71090, 493733, 448417, 419363, 311062, 142677, 410755, 419720, 395266, 269650, 428459, 413862, 151383, 20697, 85432, 287523, 20424, 171506, 278831, 218406, 492, 26406, 145506, 193597, 437004, 349732, 70031, 297064, 149793, 270725, 129104, 65994, 333191, 51391, 472087, 280049, 471530, 246168, 34549, 144243, 643, 328742, 44349, 388598, 339607, 19749, 490632, 200824, 430371, 460859, 270174, 248181, 213319, 9709, 426510, 99302, 482191, 208907, 312855, 198219, 226378, 396282, 167179, 75392, 337939, 441267, 89662, 463920, 155853, 282354, 8189, 475935, 98972, 435530, 465077, 80342, 267314, 157340, 302612, 221277, 10701, 129741, 456497, 479246, 439637, 209969, 435915, 317224, 376127, 107764, 45593, 279540, 291839, 378020, 32443, 450218, 308321, 413151, 382053, 132961, 162771, 423350, 117004, 358943, 447043, 113075, 374808, 11932, 70882, 337313, 347134, 328763, 408202, 363985, 23189, 283314, 490147, 395915, 57758, 29868, 134569, 478557, 54853, 110706, 476002, 323146, 307551, 40043, 379345, 461950, 263679, 355709, 470692, 217788, 454259, 244429, 721, 91359, 111677, 122414, 109290, 236723, 119900, 295250, 72808, 178375, 185597, 265328, 315734, 77959, 394546, 16207, 300201, 121665, 115844, 185930, 251660, 321844, 264373, 191447, 340875, 485290, 289039, 5238, 324583, 293681, 173538, 99969, 411369, 162121, 397464, 144602, 401805, 63412, 124191, 189831, 105604, 305521, 469823, 77937, 292363, 392825, 305734, 491404, 272180, 354309, 336917, 375877, 412886, 17146, 363981, 144423, 355465, 312241, 308461, 157537, 471109, 245121, 40573, 28713, 328629, 96129, 152745, 140860, 76409, 215562, 475791, 46295, 73625, 173472, 91692, 204614, 203347, 216660, 352270, 453765, 150178, 497606, 102599, 376850, 12796, 471378, 439776, 131010, 48573, 203897, 460214, 289672, 344040, 97635, 162808, 456191, 170489, 51966, 21085, 444118, 425805, 457523, 152710, 186244, 35856, 358649, 157485, 63910, 325965, 71938, 22620, 10765, 98144, 173446, 10881, 217845, 173128, 416534, 145806, 46918, 233622, 133488, 156404, 88143, 15551, 118532, 451509, 121483, 188109, 50574, 40720, 147019, 491062, 301209, 48628, 347003, 197637, 362126, 452102, 495103, 137683, 405987, 58508, 350891, 248553, 350494, 348887, 351906, 233885, 454612, 322409, 90614, 419530, 434431, 301912, 292130, 129910, 223581, 339571, 273435, 274586, 265409, 383684, 483185, 384283, 201293, 167425, 1712, 158227, 188781, 267573, 222192, 29990, 145480, 290367, 418531, 353135, 343504, 182592, 355179, 226811, 441931, 225055, 478324, 176427, 397398, 192156, 344122, 475239, 158871, 112105, 287300, 418327, 310668, 105915, 449117, 240145, 296030, 35518, 107535, 77842, 284998, 400221, 274288, 336759, 209672, 262451, 203829, 222849, 111445, 120320, 95980, 214635, 64480, 469025, 42624, 129246, 266050, 201766, 440681, 405789, 170923, 178647, 100628, 8971, 271516, 97884, 442840, 261396, 163798, 334608, 259355, 422855, 49019, 205829, 151633, 75293, 35107, 436216, 137668, 240801, 233560, 25771, 17437, 46853, 13793, 166068, 497090, 316002, 231341, 176830, 68678, 414038, 176497, 256290, 463662, 154734, 466981, 259401, 476434, 49276, 219277, 358263, 60158, 413117, 237619, 142358, 378912, 48544, 150566, 485556, 264969, 130493, 243412, 110857, 379548, 88308, 368402, 112757, 412022, 140094, 484422, 153141, 331624, 2936, 49102, 443744, 85411, 149106, 436663, 499224, 153595, 320743, 56678, 347270, 274019, 324507, 66406, 413617, 384581, 106454, 246899, 494924, 253460, 96591, 111777, 332944, 214936, 404336, 248581, 107196, 139859, 107972, 271357, 13093, 288834, 381620, 423734, 412920, 360126, 88651, 26642, 343623, 467217, 61298, 205127, 78899, 167527, 207089, 256160, 130714, 319230, 41604, 318155, 165769, 143143, 315054, 85498, 425951, 86961, 445830, 432382, 125753, 204243, 290778, 489536, 178255, 465314, 210314, 157194, 136256, 24408, 443409, 364233, 96676, 477199, 420891, 98195, 43634, 153046, 479359, 492406, 278051, 382929, 323820, 29278, 397419, 121860, 310156, 56474, 137232, 255894, 194801, 436220, 141167, 198477, 487449, 254801, 278182, 174054, 85135, 265896, 117746, 482696, 84277, 74153, 495516, 2409, 428740, 225615, 472050, 117043, 312041, 450236, 195254, 310180, 36007, 382778, 265686, 185828, 172965, 287983, 94118, 465583, 452015, 196552, 338188, 388756, 142678, 457429, 480682, 379304, 272654, 191870, 166705, 334223, 119178, 73909, 486413, 434912, 483680, 432615, 201142, 367394, 164545, 230622, 289428, 326890, 217025, 132573, 244725, 496686, 191246, 191776, 460657, 301278, 2747, 244639, 476028, 137306, 7080, 172205, 331794, 366326, 180742, 72038, 399604, 409272, 109486, 11582, 429649, 12280, 303129, 427473, 255741, 375509, 117195, 91296, 495578, 440, 31367, 148018, 160535, 223232, 47372, 160939, 255316, 411182, 399323, 241195, 491893, 304445, 63447, 326314, 149581, 49695, 243351, 245677, 260492, 206743, 498254, 95272, 19860, 462834, 471123, 489379, 258718, 468105, 252436, 410714, 223326, 190685, 127939, 280311, 83929, 212915, 213738, 104052, 422475, 438229, 16763, 477867, 20859, 298591, 495739, 279564, 148011, 25255, 184427, 115715, 243474, 233170, 310050, 22906, 40903, 290665, 466145, 321101, 143920, 156012, 353944, 226312, 99721, 294703, 105517, 352562, 380734, 428062, 284639, 99777, 11433, 330396, 183641, 215593, 288910, 132729, 248998, 262953, 400877, 122183, 196182, 235105, 190900, 56624, 380236, 69497, 246056, 455628, 494518, 347394, 152040, 465509, 357400, 398722, 426025, 297158, 453730, 231839, 428160, 30703, 305459, 444915, 21619, 329989, 481370, 188618, 253059, 291543, 184984, 423299, 485916, 419795, 448518, 304594, 457956, 319506, 12115, 340223, 154208, 102660, 29338, 451272, 406422, 35882, 392864, 100448, 214159, 266985, 11520, 152645, 573, 41622, 229617, 193717, 438515, 258885, 3718, 401487, 179255, 355126, 125330, 162238, 182272, 441413, 247999, 374811, 441627, 118104, 109916, 447142, 375092, 280285, 466846, 278742, 306277, 447643, 372373, 83565, 10033, 56795, 116653, 348050, 215551, 221134, 262540, 346397, 21638, 283057, 450173, 98545, 444347, 305189, 230600, 63620, 445035, 499028, 148296, 40241, 281648, 208019, 473582, 463715, 378367, 282343, 344938, 303393, 469461, 336903, 303371, 228044, 97912, 452013, 452216, 146562, 420223, 473821, 12192, 183617, 475252, 25610, 189091, 260904, 40280, 421864, 286256, 374834, 300844, 31885, 482460, 83228, 255756, 495372, 174943, 315573, 144836, 328418, 260706, 14702, 78968, 406305, 425975, 209427, 324415, 494631, 97034, 136483, 32700, 325867, 366834, 49057, 43986, 15510, 53012, 376867, 129738, 113410, 111874, 35604, 448581, 231210, 263456, 95686, 47196, 192220, 74618, 204572, 484844, 356766, 367000, 403664, 318499, 322716, 26410, 57442, 118340, 121706, 118717, 345423, 375807, 76168, 383525, 230469, 198363, 31985, 453316, 18349, 286526, 98199, 13275, 381740, 100671, 486807, 85190, 366797, 55954, 151867, 104524, 38824, 142495, 212768, 276293, 120425, 451362, 161156, 77354, 168151, 421721, 314247, 61979, 157942, 185807, 372623, 179808, 3970, 209948, 389775, 27716, 413753, 78430, 195757, 323208, 364608, 391402, 236518, 4162, 216605, 252186, 60660, 455379, 144848, 132267, 342168, 397139, 20430, 88291, 371714, 160893, 172233, 479626, 151106, 286339, 273638, 113985, 127377, 271456, 236628, 409559, 140309, 377656, 288997, 257420, 431083, 192746, 397121, 168434, 385872, 159351, 459803, 461894, 94282, 489943, 159484, 416826, 148319, 447573, 96701, 222911, 241729, 87060, 247415, 407691, 86387, 11579, 21159, 112721, 179677, 87744, 293334, 361774, 184187, 307206, 193565, 276032, 484007, 280675, 132318, 314470, 237353, 119837, 152846, 264677, 94058, 108970, 191997, 182979, 132574, 353139, 454547, 149302, 152356, 164855, 99352, 483431, 276152, 47418, 327577, 182141, 152696, 136678, 2219, 224106, 71761, 52559, 244652, 473137, 289843, 61764, 285831, 321702, 297453, 133141, 256627, 286909, 240652, 494457, 432287, 263309, 250870, 422377, 374867, 359482, 353632, 222529, 360098, 167282, 57758, 359276, 254312, 84057, 499270, 198568, 492868, 321909, 357537, 485737, 481566, 301297, 11988, 392967, 250033, 459487, 33624, 115088, 257947, 238830, 128076, 307025, 193900, 421967, 165430, 416488, 137291, 377296, 176704, 420004, 190895, 295797, 211954, 168289, 216085, 54510, 23824, 351661, 41689, 73285, 134974, 425593, 237470, 426506, 387389, 369434, 71189, 237620, 198842, 382798, 82652, 183155, 399, 499172, 316350, 288369, 47687, 116128, 132441, 396597, 256357, 108616, 174326, 394007, 491431, 412115, 272101, 441648, 237619, 58100, 368550, 429091, 238054, 166374, 410055, 215848, 257675, 152062, 143474, 152814, 481580, 18032, 117897, 94870, 114063, 92299, 5667, 192561, 56345, 92155, 346000, 493577, 479282, 15768, 402487, 128839, 86870, 216405, 269451, 361043, 16650, 227069, 285897, 407438, 21497, 357097, 135541, 452623, 89772, 184566, 345334, 20326, 433401, 63504, 482862, 138795, 291784, 301921, 355906, 8314, 258682, 144765, 499149, 368220, 244517, 236700, 316685, 35262, 306527, 38174, 94502, 228022, 409872, 376457, 268130, 272776, 180768, 371508, 134901, 234228, 226668, 161742, 243467, 120485, 7982, 154608, 148833, 120642, 121441, 243278, 21382, 386718, 487167, 429757, 324245, 406028, 46158, 314603, 478584, 477709, 256940, 178317, 462151, 154243, 458968, 144449, 218685, 9908, 445017, 300693, 371710, 263014, 320662, 90567, 100334, 277914, 345516, 215146, 439388, 306102, 315876, 352179, 384983, 430400, 279782, 364853, 189523, 50254, 11339, 248499, 346953, 215189, 218840, 54476, 49966, 276528, 164194, 467675, 206993, 244852, 88685, 243074, 351077, 424742, 374158, 362605, 276898, 42263, 272985, 309447, 84545, 261359, 72711, 432975, 197191, 305525, 120895, 230122, 198088, 407815, 388967, 355274, 96030, 479278, 399008, 463240, 15083, 123366, 219117, 113233, 431251, 341591, 196613, 395789, 378297, 378100, 276141, 437913, 57619, 99253, 218644, 498465, 436287, 72101, 491690, 151794, 238130, 192413, 309744, 320575, 395712, 266314, 324672, 122044, 443216, 2505, 444084, 66386, 168536, 228547, 374780, 15733, 7115, 176642, 9682, 332917, 124151, 363568, 199138, 241268, 200162, 222885, 187155, 35541, 395427, 392707, 115822, 98710, 490647, 156574, 328038, 92367, 25566, 387527, 129344, 340458, 277070, 385378, 467784, 144564, 473091, 290880, 277618, 447203, 458425, 166846, 95168, 182304, 287442, 174295, 453606, 252845, 376036, 499780, 159363, 173845, 186668, 485520, 156463, 337467, 242450, 254221, 103503, 387040, 114027, 44705, 432746, 461237, 339915, 478090, 202725, 298272, 199474, 43717, 86976, 390977, 412959, 321676, 344898, 330197, 202119, 127500, 359216, 235141, 79915, 402315, 43898, 364591, 72753, 440939, 373986, 204526, 420810, 363104, 475027, 247976, 345353, 378419, 70033, 217013, 22039, 452586, 417389, 151163, 398268, 36447, 79194, 61525, 153802, 451001, 359479, 483964, 332065, 57714, 132691, 241334, 15483, 27602, 131244, 1580, 60557, 13096, 165749, 240775, 28151, 173726, 325598, 356349, 148577, 493432, 96602, 254605, 315378, 138567, 138209, 468294, 29570, 154541, 23103, 360821, 160816, 41662, 325951, 189406, 297592, 390728, 475984, 249908, 256714, 494385, 404655, 169852, 52481, 356500, 35606, 461441, 266300, 462744, 367125, 347875, 91200, 437211, 175501, 46253, 383096, 56030, 494012, 392044, 128966, 225570, 343323, 210330, 200820, 412009, 194006, 142643, 405494, 291029, 210223, 152068, 308163, 412928, 402191, 299776, 408096, 2415, 228204, 461852, 233673, 379037, 168557, 17112, 164983, 46629, 311979, 29292, 148797, 450943, 57878, 168066, 216453, 161584, 65326, 332860, 193039, 2303, 278547, 307965, 392654, 168427, 294145, 250155, 8699, 89354, 336844, 390480, 367048, 245575, 128232, 233748, 178113, 81194, 79311, 338341, 112577, 412387, 391293, 298790, 189820, 4054, 443218, 410155, 297338, 114315, 219386, 81861, 27252, 362469, 27213, 211266, 45632, 344685, 302866, 258795, 316002, 410319, 162922, 26992, 267863, 26247, 133800, 157899, 316032, 9682, 154204, 259557, 270066, 317306, 231682, 117891, 368285, 282558, 339754, 363242, 256218, 279934, 309278, 96700, 435285, 166734, 351518, 367011, 285500, 367147, 240198, 109104, 332258, 240447, 285684, 12336, 43169, 239366, 213716, 267530, 391406, 16031, 284224, 225984, 253356, 173400, 237609, 291251, 449202, 277458, 320482, 199681, 135857, 2620, 424148, 267168, 31408, 1102, 474711, 259157, 377885, 408666, 189447, 3551, 214566, 460998, 265446, 167550, 350630, 200768, 294087, 330283, 22143, 376759, 107200, 418071, 179375, 495935, 471774, 416680, 122642, 165611, 44814, 370912, 423186, 156488, 239819, 438835, 250462, 8930, 162438, 445609, 170139, 231670, 42411, 160060, 183602, 368286, 370185, 300847, 377950, 294467, 128161, 175800, 123672, 31313, 347644, 471741, 462760, 4792, 355042, 24797, 460444, 143812, 236462, 244050, 302684, 446648, 276990, 50530, 205942, 46265, 341499, 114721, 95507, 28356, 492040, 59405, 229771, 389515, 91627, 341180, 236194, 417833, 181567, 56161, 183656, 303229, 469916, 75154, 389335, 134163, 307249, 413335, 61753, 102698, 483258, 69953, 36448, 342984, 448283, 194587, 380793, 350573, 463009, 324230, 222025, 227193, 148857, 411598, 30011, 217916, 45133, 428076, 362980, 238280, 445549, 231145, 206654, 207170, 216055, 247473, 437180, 99799, 106803, 360740, 223315, 111625, 128522, 445324, 367844, 400078, 296381, 275528, 458765, 252163, 141059, 254250, 377320, 14273, 152839, 50781, 370587, 411049, 150369, 237500, 355116, 83052, 217110, 436399, 287766, 370921, 18438, 191045, 357979, 27477, 10668, 366677, 70485, 394860, 93295, 372841, 266892, 398730, 153414, 150913, 136250, 471865, 212247, 33168, 105797, 262447, 229108, 353646, 232735, 68461, 335859, 278238, 43148, 92623, 60935, 90598, 267596, 325642, 231450, 293739, 165399, 456850, 26512, 480519, 130581, 425503, 122916, 89716, 291063, 399827, 287865, 199074, 237796, 326035, 284024, 159861, 218935, 381680, 71285, 477505, 387416, 349128, 318558, 447029, 107140, 131501, 416016, 439668, 496232, 3813, 218401, 279990, 230072, 162886, 289874, 451733, 267538, 269129, 58157, 338990, 330701, 315669, 38837, 164854, 245118, 441752, 372212, 104734, 342376, 261165, 120077, 176248, 153564, 137877, 139957, 32974, 179766, 333760, 331994, 278236, 424408, 384211, 189514, 3573, 145793, 151956, 389384, 436467, 111205, 258646, 199878, 292273, 458291, 21274, 481594, 293188, 236977, 264435, 155069, 241618, 13756, 401048, 161694, 454368, 117477, 483222, 226101, 397995, 60842, 13793, 215600, 288951, 459701, 423516, 182319, 1771, 222521, 285123, 356457, 325758, 380333, 465663, 298432, 349727, 4422, 492649, 369017, 341915, 258123, 292388, 249905, 162005, 358686, 365923, 294565, 492572, 425411, 399197, 460055, 483210, 36418, 238531, 297130, 430433, 218777, 360033, 147883, 131405, 299862, 2692, 75548, 451569, 379493, 385830, 42185, 365338, 18284, 114914, 336694, 369330, 61657, 482706, 444684, 288281, 312040, 19647, 161092, 455194, 363312, 438269, 249621, 329348, 410701, 275248, 260774, 358940, 206781, 284949, 355201, 72650, 461089, 321036, 423934, 358168, 494060, 100036, 411776, 359291, 344619, 114816, 66404, 398218, 88658, 34383, 192476, 399589, 345032, 292867, 202751, 26790, 164055, 7469, 365486, 149578, 275183, 369066, 32574, 328697, 3717, 230460, 31451, 359340, 457058, 446596, 173971, 385160, 174711, 483798, 477207, 140579, 440513, 435244, 274352, 150670, 341508, 237972, 111394, 361387, 259728, 218715, 245225, 242771, 426169, 385488, 290320, 118154, 282507, 472518, 246754, 198662, 90192, 156755, 412866, 169263, 23949, 459393, 286278, 349198, 99837, 312871, 123044, 349148, 102377, 185192, 267718, 323461, 263735, 368823, 361077, 476102, 341506, 495156, 365406, 446316, 99764, 149406, 196398, 128847, 281690, 70895, 175855, 145334, 375274, 406607, 7765, 113221, 240332, 311433, 493702, 477203, 353347, 234592, 90377, 418073, 304705, 467331, 187946, 229100, 270725, 189713, 237649, 211844, 263920, 214999, 194168, 443399, 348267, 31638, 284536, 60959, 121879, 402337, 466975, 476914, 74525, 272375, 319571, 166250, 67415, 213240, 74137, 5407, 224793, 381380, 427876, 103782, 97379, 243245, 283097, 429635, 171825, 308737, 28387, 188704, 295252, 275647, 403872, 211174, 377881, 53690, 35177, 266557, 226631, 346772, 313944, 144318, 405435, 441699, 369728, 233937, 77119, 159079, 296905, 318842, 54569, 241800, 62216, 85886, 266872, 180890, 366689, 173884, 145719, 165653, 484016, 335854, 1595, 56703, 428995, 63577, 209138, 180702, 336407, 337743, 78800, 244331, 405407, 471991, 291299, 388242, 74412, 492862, 32839, 343379, 375038, 125382, 109469, 485526, 141957, 348772, 441645, 99613, 281457, 312848, 375052, 215186, 84251, 254401, 470539, 174029, 268366, 86659, 306316, 77991, 408101, 277019, 306812, 453040, 73529, 176500, 104044, 404247, 456853, 244463, 142755, 363903, 492037, 379900, 212015, 341456, 249953, 250052, 16759, 212911, 428633, 225909, 168217, 121717, 172327, 116777, 453666, 293834, 229593, 318390, 19420, 198198, 327663, 419424, 381836, 163907, 107424, 296457, 60425, 469344, 414423, 284137, 39282, 166657, 88285, 345028, 43584, 402112, 272312, 147178, 401928, 449550, 430231, 46349, 351235, 30934, 367681, 58701, 306909, 262749, 402846, 45009, 345343, 291138, 486698, 323086, 3473, 26049, 486942, 210004, 352634, 99697, 423685, 181151, 161094, 434147, 392977, 378586, 252370, 186573, 400020, 137475, 30386, 89354, 222811, 27245, 446433, 422850, 185910, 368016, 261606, 495390, 18447, 276332, 23999, 272197, 395774, 451552, 58658, 495176, 344361, 376358, 319908, 145768, 37816, 182608, 101183, 390540, 471264, 63063, 284132, 184733, 2770, 145733, 98700, 281136, 137904, 275311, 295791, 96009, 263345, 490490, 191006, 173380, 187999, 272832, 150005, 283296, 17968, 331883, 120705, 47521, 423981, 34223, 256142, 50948, 439200, 122431, 13797, 375615, 146854, 354671, 207343, 400354, 79152, 227256, 213048, 291658, 124793, 411275, 155011, 342748, 474363, 284149, 242638, 289117, 59571, 394425, 264064, 381480, 481220, 192971, 483692, 370447, 495520, 24849, 290684, 71978, 443710, 356116, 176529, 440058, 404592, 493311, 298919, 394016, 242027, 205251, 303527, 197805, 95823, 458722, 347789, 189310, 127338, 107018, 43825, 64305, 49659, 208366, 137999, 44242, 72732, 105732, 214360, 43540, 247630, 172515, 183011, 112989, 5759, 246164, 428424, 196187, 319163, 155639, 85368, 459212, 428000, 8430, 186141, 379927, 370380, 56083, 267018, 172710, 281013, 376550, 421252, 263948, 494949, 306563, 164606, 439070, 397622, 143696, 439181, 297211, 496579, 136188, 79963, 16990, 383308, 394552, 486418, 331873, 309982, 306868, 446579, 13023, 346095, 219644, 59388, 87736, 437744, 252375, 422690, 304624, 75437, 158829, 89784, 399951, 174856, 142796, 40695, 495575, 350228, 209186, 267754, 284101, 438843, 495559, 61265, 123547, 240362, 254280, 37580, 273963, 177196, 210084, 140550, 167777, 491143, 188181, 209146, 347554, 489604, 46736, 272560, 236296, 13478, 177313, 109707, 227752, 361401, 399436, 70368, 351845, 119223, 384681, 100937, 449686, 216688, 272537, 416910, 210717, 240774, 210273, 228948, 460497, 127032, 266677, 216097, 433280, 295517, 380041, 483542, 138563, 306203, 319228, 90069, 420538, 387418, 210956, 216149, 147841, 94967, 120671, 362409, 24279, 142269, 78195, 32293, 14325, 421351, 460765, 188244, 195591, 258635, 2818, 367237, 21571, 131152, 218694, 365221, 494831, 398292, 370587, 473294, 169329, 343919, 65364, 257912, 420434, 264569, 261448, 10174, 83640, 256464, 51985, 481816, 76509, 366608, 356566, 222294, 471872, 433050, 185216, 236472, 445496, 481988, 43178, 51271, 327653, 56467, 203495, 79740, 234220, 182010, 243514, 331010, 10655, 190114, 218991, 447384, 222039, 232909, 186584, 240908, 75325, 463541, 34098, 456699, 363526, 178194, 54631, 486668, 432792, 394293, 349579, 466917, 147134, 12777, 281883, 371636, 190841, 320026, 83347, 267115, 151427, 76337, 59028, 192823, 206442, 485139, 34439, 306656, 462717, 18912, 76297, 374187, 462044, 262384, 292937, 35201, 382353, 106142, 58344, 354164, 115666, 125178, 380071, 132911, 252669, 362358, 312040, 481289, 469815, 291494, 199382, 263448, 205221, 413054, 119213, 156061, 456216, 157395, 260309, 409223, 328010, 228333, 491981, 449786, 332413, 36351, 211506, 412279, 434014, 413844, 437892, 202270, 100522, 81072, 151983, 299901, 445409, 376659, 209566, 171770, 186720, 369094, 374714, 328199, 452437, 258035, 431800, 275724, 155419, 334887, 239823, 7135, 412831, 339730, 8535, 467839, 376826, 277706, 461505, 309193, 428040, 145086, 316645, 143281, 73127, 486242, 215090, 16361, 2107, 479169, 28114, 249190, 299554, 409158, 1297, 43034, 165428, 375101, 107765, 109385, 494585, 273787, 286864, 295102, 373510, 233359, 408980, 13360, 432047, 270370, 353922, 491399, 104494, 139242, 91751, 110305, 437813, 91749, 94718, 30326, 403621, 470282, 392436, 106080, 384717, 454624, 240785, 28445, 329584, 493124, 478812, 378813, 343652, 259612, 331236, 456035, 474894, 144569, 214025, 33429, 458035, 80198, 342270, 496940, 131697, 305152, 403747, 235476, 150988, 353490, 57117, 417567, 384360, 283161, 256028, 322225, 211573, 382513, 115700, 310952, 139337, 281427, 363444, 250949, 468284, 23913, 385269, 310615, 193692, 199144, 78732, 352999, 33918, 369261, 127213, 6588, 256570, 435977, 168293, 103093, 329202, 196767, 35065, 154682, 343819, 148687, 358785, 40029, 274759, 185304, 132045, 482704, 155724, 448400, 51236, 150846, 135389, 441817, 109208, 415415, 454604, 3194, 225664, 415906, 376770, 162561, 109628, 263833, 207530, 252727, 206642, 325725, 360465, 218879, 448810, 491465, 168581, 41298, 21059, 471524, 387851, 427106, 481285, 52370, 477041, 138529, 199577, 364232, 97479, 379895, 411151, 144819, 212890, 187348, 74981, 295392, 9983, 486389, 349353, 222241, 397470, 275035, 306755, 428191, 405856, 466751, 84645, 349025, 467115, 268917, 269551, 92677, 101058, 251632, 254871, 353647, 100592, 141750, 271675, 466345, 400257, 391657, 2244, 241343, 201196, 176345, 226495, 313348, 190206, 172052, 484875, 425756, 477919, 471213, 91254, 248600, 440766, 131206, 46202, 109617, 164481, 141609, 157915, 150135, 212375, 400441, 49374, 366477, 97180, 44680, 367111, 286314, 347165, 165399, 436688, 485563, 486208, 208504, 230421, 334313, 180624, 380761, 197824, 341908, 190802, 290507, 280198, 129626, 58535, 73321, 47487, 401016, 62336, 181222, 219900, 119024, 493375, 425603, 83567, 283645, 261927, 39257, 351861, 449420, 233687, 112524, 165382, 405587, 92943, 1290, 257916, 278414, 52024, 334695, 11049, 148779, 119371, 132358, 486249, 323936, 280823, 95097, 365451, 82565, 197032, 216666, 158314, 21851, 49890, 305503, 93533, 359414, 434291, 21438, 82146, 117919, 198063, 173728, 22750, 155307, 176138, 130757, 83086, 183401, 351082, 381389, 203661, 251764, 465499, 73388, 359936, 256243, 691, 253808, 419867, 346656, 432588, 392269, 232640, 129144, 167106, 273211, 383569, 429791, 59905, 330057, 92040, 123287, 189266, 286845, 426788, 433311, 20715, 89349, 294302, 100198, 113189, 203887, 286808, 296414, 362235, 318347, 52550, 448117, 199260, 225964, 368083, 97363, 424940, 118437, 40292, 354521, 181723, 208719, 483503, 145982, 196114, 275122, 318326, 343942, 488499, 110043, 219342, 9260, 418934, 304602, 287207, 160891, 358172, 332773, 305337, 247352, 64053, 31270, 228506, 202584, 200498, 119500, 451379, 330520, 294766, 456590, 340264, 153616, 380880, 67253, 317909, 229415, 194919, 92530, 389367, 123278, 55928, 56719, 149155, 268503, 45300, 66486, 389875, 197753, 194080, 174464, 350437, 462706, 186088, 61888, 428066, 430413, 190690, 61716, 158832, 453639, 254698, 400762, 131276, 261344, 277532, 316382, 51398, 96185, 276018, 434393, 104335, 193462, 301335, 104910, 403368, 129430, 337537, 188733, 101513, 305416, 378543, 122327, 267791, 217458, 175706, 428827, 324098, 204433, 155190, 45124, 290877, 363836, 361127, 358002, 391359, 433609, 205459, 376950, 284827, 246036, 248240, 107586, 135981, 48642, 310094, 113381, 287128, 149630, 215043, 106952, 200681, 29074, 425064, 78380, 108335, 475482, 279206, 175121, 79690, 14952, 310890, 343418, 263920, 484204, 489985, 52185, 458252, 456193, 312266, 93938, 470780, 94854, 444357, 254070, 149741, 268460, 96785, 344112, 229588, 454168, 438679, 410326, 466251, 104841, 441157, 234891, 86293, 308846, 114570, 26394, 366469, 169948, 369305, 179917, 81908, 281082, 180198, 439099, 381954, 418236, 163801, 202880, 436731, 180072, 482858, 270891, 301670, 369052, 213263, 182320, 141629, 395490, 219037, 235343, 144883, 127712, 22335, 308457, 26603, 193681, 307814, 458857, 300289, 481436, 407006, 405419, 167935, 421755, 35732, 75027, 442110, 293786, 269741, 26185, 368151, 226445, 400426, 63186, 410212, 126505, 9132, 434076, 325440, 129288, 275114, 65115, 499100, 425223, 308933, 277934, 81814, 442329, 73773, 246369, 175222, 54197, 152247, 367397, 414796, 247502, 214066, 304616, 457764, 135329, 311417, 349630, 211371, 310725, 410858, 45180, 434991, 30823, 398998, 374982, 313129, 26507, 199202, 163727, 39468, 376088, 452867, 136800, 424468, 212345, 388398, 264601, 217622, 171224, 345969, 167990, 195229, 342243, 50985, 137696, 82730, 355171, 395468, 150438, 164237, 147003, 320998, 479359, 428483, 161280, 489372, 426751, 124123, 9817, 271288, 214718, 291287, 322109, 38570, 427997, 32730, 215813, 456105, 318312, 199440, 392132, 415870, 241117, 244934, 16541, 100966, 451979, 261854, 174412, 159615, 485081, 88607, 460925, 275016, 412888, 225444, 181447, 494546, 484349, 93461, 487124, 251403, 152817, 120731, 252991, 191091, 337573, 236639, 459305, 154575, 2748, 274881, 189944, 359535, 242289, 3302, 393426, 476152, 448380, 450013, 424476, 192942, 166335, 495006, 240878, 275872, 24284, 355755, 328867, 488241, 56801, 248927, 104708, 418021, 352908, 85812, 406784, 4916, 277816, 221080, 74871, 176385, 439491, 497733, 203167, 238066, 404552, 287769, 154326, 20767, 333794, 156343, 424736, 495269, 179080, 1044, 108873, 108831, 200395, 432979, 84648, 121248, 303272, 285617, 324839, 78239, 176350, 430807, 448180, 217244, 232734, 72743, 195346, 403214, 115645, 50279, 196268, 438382, 325750, 246449, 52227, 343887, 422992, 161697, 70918, 434860, 23879, 191888, 482980, 291489, 317735, 445690, 154632, 300294, 124766, 438185, 250332, 341660, 459802, 232497, 231377, 66001, 461313, 147137, 335123, 274372, 136027, 169902, 172551, 284317, 53744, 39157, 111667, 397285, 4294, 306326, 349720, 499707, 310075, 460205, 26677, 242549, 375152, 377795, 177628, 493992, 24788, 353244, 47165, 79382, 403328, 466177, 206063, 61694, 343239, 180173, 292912, 202333, 498013, 15334, 276883, 61984, 213336, 271064, 170541, 185738, 379303, 438664, 209301, 223358, 391219, 194404, 253991, 88938, 447688, 48669, 324975, 422659, 175473, 51170, 242110, 430958, 422607, 140538, 476249, 295957, 23862, 29850, 440293, 470071, 229614, 444, 90120, 206547, 442665, 263447, 228847, 374598, 305447, 404738, 34287, 143995, 394971, 142198, 482348, 200073, 493619, 131394, 8433, 442358, 75524, 381580, 83958, 439815, 363628, 492214, 473167, 246651, 433684, 218005, 14189, 467179, 132404, 245541, 182549, 232928, 294249, 132408, 117308, 235806, 383030, 411957, 306989, 340635, 108511, 364012, 279250, 185367, 278995, 278734, 488305, 396091, 10682, 131, 130691, 122903, 214388, 420134, 86381, 17070, 403052, 435216, 131227, 237952, 201158, 30790, 346984, 458327, 430373, 409814, 317228, 415525, 13481, 281474, 252862, 392529, 132309, 452291, 202920, 437611, 101409, 237067, 19526, 245179, 79551, 374015, 51526, 111387, 349016, 321632, 119835, 174458, 5968, 293299, 85269, 258565, 481240, 266691, 413056, 46305, 221694, 264842, 388297, 142260, 15703, 36750, 60266, 143912, 280382, 382028, 265286, 102180, 406213, 421812, 315710, 305672, 26870, 230254, 241756, 179809, 127856, 233041, 282711, 397586, 108863, 65330, 206843, 456913, 454027, 412836, 225147, 41214, 290653, 493536, 17321, 335421, 173600, 379889, 412152, 155301, 402918, 225833, 29376, 208926, 163934, 132585, 247783, 154388, 178767, 99400, 35120, 461219, 477433, 338003, 401247, 272100, 56460, 92115, 491029, 26226, 208861, 309344, 467694, 15955, 495902, 266813, 176865, 323144, 483866, 231485, 411823, 477210, 381792, 276061, 104671, 165362, 355519, 122510, 196402, 82609, 237228, 491048, 137310, 239611, 363078, 78219, 266957, 297873, 152278, 144267, 294282, 76081, 352817, 284083, 392928, 392864, 190072, 107118, 48576, 5552, 212002, 361131, 93306, 322080, 353088, 210675, 373507, 256407, 250892, 378529, 1066, 37954, 335435, 35556, 20119, 440911, 178992, 449654, 394226, 259010, 351800, 109340, 32045, 256128, 301804, 159320, 15204, 58708, 228044, 24601, 397499, 264165, 370544, 159249, 312763, 432396, 263238, 22881, 75329, 397839, 436663, 429581, 18615, 127644, 463851, 118509, 190836, 435016, 45596, 380866, 460238, 269813, 275396, 125489, 198895, 427659, 14886, 174937, 326640, 209184, 496968, 461351, 27694, 177557, 489307, 148505, 53201, 283111, 174910, 351414, 7406, 125536, 14870, 75174, 260189, 136433, 179562, 272266, 410138, 399740, 53809, 399754, 188128, 127491, 226258, 464371, 321129, 223168, 488103, 54810, 386653, 392896, 152731, 397171, 260408, 216058, 224712, 421745, 450441, 6919, 393924, 444622, 139787, 335057, 54466, 269506, 43159, 409044, 476494, 364325, 267028, 106557, 109404, 409077, 222994, 296813, 490838, 358553, 474757, 78620, 204403, 171731, 50459, 250323, 282672, 346373, 409354, 289467, 408319, 87325, 377168, 5782, 186290, 218860, 420305, 350525, 306869, 31029, 370530, 17085, 345657, 277466, 368506, 120488, 336484, 225842, 475351, 38848, 285582, 407379, 483157, 307867, 411949, 168379, 144404, 213322, 246053, 282753, 66176, 476283, 361400, 471654, 66033, 392459, 182439, 238182, 68673, 363923, 77040, 483867, 229772, 260220, 306459, 346400, 387586, 52325, 421768, 313351, 34323, 443669, 88660, 112660, 368778, 86928, 132605, 499726, 266392, 179183, 358790, 296890, 23626, 347801, 495677, 261880, 444754, 158516, 236774, 395241, 360902, 142197, 134820, 297423, 46671, 275026, 498285, 214102, 22007, 481451, 256177, 167856, 206139, 80945, 252219, 391008, 330828, 461793, 230845, 484921, 450017, 144270, 270796, 324325, 353845, 366083, 101277, 394415, 46657, 409486, 316397, 151841, 351938, 153079, 61599, 157995, 113971, 464001, 410820, 303536, 372790, 185049, 421623, 338331, 191997, 485553, 119976, 109545, 473211, 317832, 63240, 241084, 210147, 301385, 481321, 95416, 154917, 359502, 393483, 406051, 8671, 363214, 404016, 196214, 309094, 110331, 22149, 469279, 75151, 337874, 207344, 377752, 298637, 45951, 78071, 198737, 7246, 384576, 127782, 291095, 463710, 230676, 493836, 315619, 440172, 148122, 125036, 392030, 63027, 152225, 22824, 150768, 229376, 171308, 413187, 305127, 52118, 216137, 22638, 138930, 158564, 373790, 286106, 156740, 91552, 109875, 452443, 271128, 300652, 132407, 372305, 489026, 58563, 226111, 344494, 395041, 358371, 386062, 109057, 4592, 146198, 252928, 248309, 46412, 79510, 213853, 89531, 231251, 220881, 380345, 329529, 468818, 208166, 150497, 132650, 74712, 278167, 252481, 231181, 363038, 375765, 310167, 92914, 82003, 215130, 5677, 497742, 289817, 150476, 95251, 32745, 454423, 174162, 254054, 431983, 361207, 383208, 245283, 16453, 18410, 361499, 382085, 107835, 313396, 174453, 199227, 177212, 6349, 163162, 448197, 421214, 338570, 158762, 242688, 316247, 280658, 326573, 381891, 65010, 172863, 265212, 438087, 100310, 383566, 62558, 11724, 232047, 207829, 140766, 417117, 425280, 445749, 4145, 295965, 249553, 346244, 128090, 175651, 144456, 181363, 43703, 299435, 479128, 56836, 35751, 219455, 247083, 304711, 214816, 353536, 1066, 465469, 25283, 425371, 438041, 181078, 464079, 132271, 275059, 416383, 471759, 346214, 314539, 159681, 161850, 327884, 372140, 104032, 223191, 739, 20424, 322674, 359197, 217820, 372040, 144634, 194960, 121629, 220227, 287315, 186165, 179268, 311665, 286536, 425943, 427067, 131546, 311409, 175216, 178295, 35414, 324378, 166314, 262183, 404336, 126637, 238085, 163927, 417002, 112047, 395665, 490283, 373012, 385335, 33220, 152740, 258702, 166891, 125062, 304709, 20916, 17557, 34747, 331173, 43037, 356204, 421792, 379954, 347634, 108749, 356038, 188094, 410232, 459321, 346572, 45058, 266111, 467832, 446003, 14572, 98629, 292091, 33131, 145723, 242138, 104739, 132079, 233719, 136573, 387704, 315305, 79483, 144296, 408570, 373739, 39795, 121913, 330625, 185524, 293193, 157960, 108366, 457502, 497160, 250297, 322453, 223574, 462758, 127317, 264888, 274176, 53355, 270878, 111751, 59290, 427, 304719, 454811, 331386, 393956, 158273, 138526, 427508, 447550, 354434, 83992, 484817, 166777, 385965, 224633, 402780, 298098, 93747, 453427, 139227, 213202, 62616, 348222, 470845, 418667, 83094, 312644, 283340, 346911, 118493, 65963, 314459, 43768, 313334, 310486, 239760, 410607, 455390, 421727, 488812, 398112, 379010, 221914, 489028, 116744, 259667, 91357, 495357, 445437, 9333, 434593, 9264, 126027, 482591, 493314, 307287, 191938, 146389, 26943, 271146, 488097, 380364, 3111, 271607, 238527, 325380, 464117, 463164, 57672, 147642, 215115, 120613, 60141, 451034, 177020, 81051, 397962, 340745, 425811, 104796, 443218, 339914, 492613, 276405, 38359, 412514, 403291, 353208, 227487, 378740, 170379, 100508, 106727, 234296, 189532, 356076, 126737, 80908, 65684, 72328, 248813, 413360, 396382, 470651, 145921, 122826, 464207, 472757, 351854, 475246, 406005, 267254, 9366, 254876, 255514, 166377, 468790, 376790, 485720, 63463, 361827, 99589, 373626, 139292, 15849, 488154, 107571, 491683, 301013, 185866, 334287, 87378, 280595, 419522, 60570, 62837, 433540, 155693, 470564, 192701, 52959, 211993, 3988, 300689, 124096, 421994, 125259, 381298, 149191, 387984, 164121, 2425, 94494, 135289, 273466, 473952, 426815, 404624, 157199, 30143, 49726, 194827, 204883, 21370, 159041, 215535, 332767, 485798, 35853, 394832, 107678, 360837, 463703, 225355, 490198, 426381, 57413, 302422, 178973, 288644, 444222, 451050, 69145, 70998, 333840, 219465, 239660, 239213, 488302, 198131, 214577, 205324, 198563, 407982, 95413, 303926, 156441, 333506, 413828, 384805, 362472, 246129, 176016, 455723, 493485, 94057, 450596, 189944, 436563, 458689, 365341, 196614, 342545, 238047, 386022, 15873, 451018, 158566, 347369, 192052, 424182, 56454, 161388, 174243, 161447, 255196, 76921, 272428, 18010, 106924, 411708, 395846, 19109, 32308, 443147, 88782, 72563, 311656, 260261, 225390, 165851, 65262, 209021, 12361, 217483, 444680, 34206, 46239, 318817, 76696, 276895, 209577, 456134, 368733, 36078, 459792, 159692, 307447, 438552, 425347, 153194, 175118, 399180, 361708, 189342, 199044, 86348, 397869, 94059, 187249, 482673, 155560, 334923, 5538, 82100, 470090, 117312, 50121, 307765, 167654, 59822, 158246, 416590, 77663, 148654, 134522, 237052, 302582, 115460, 339250, 341867, 250582, 211423, 206901, 432130, 203221, 63224, 68925, 349861, 341043, 458178, 130160, 39792, 237356, 165102, 6002, 72069, 12414, 336512, 179516, 282553, 268943, 140957, 422814, 266644, 259325, 41740, 187407, 10158, 359520, 143216, 322714, 32262, 453287, 219737, 365097, 178850, 427525, 280775, 395031, 50045, 406274, 154446, 94145, 116454, 164818, 377809, 258026, 467187, 324582, 58811, 88432, 29075, 418453, 306895, 118583, 395220, 66283, 320854, 462025, 354708, 474350, 239922, 94289, 205777, 66067, 258987, 173552, 125399, 275276, 184579, 360740, 154500, 389722, 314504, 46230, 497313, 156767, 16656, 496926, 482489, 153953, 38060, 354380, 190410, 340877, 403491, 138550, 316900, 20350, 378722, 52865, 133878, 32239, 143829, 58323, 24701, 250851, 2081, 206798, 400357, 459848, 266778, 256158, 199687, 272933, 485813, 458121, 56710, 363371, 82605, 176928, 446590, 422043, 288420, 86458, 14502, 179186, 358604, 401861, 417243, 478895, 468623, 229363, 340501, 108298, 334247, 19468, 463384, 94169, 102013, 259296, 217516, 157355, 169809, 378405, 21541, 272364, 364024, 300082, 481704, 16054, 328607, 101184, 158148, 383483, 164856, 415778, 273582, 107990, 402181, 423269, 462292, 362783, 383393, 334476, 443760, 289452, 487976, 179997, 441437, 1419, 4044, 202507, 2872, 404417, 291434, 278620, 321880, 321343, 114021, 82153, 20351, 477533, 217736, 35269, 444207, 449969, 90999, 318811, 160827, 145380, 107808, 109147, 431706, 435034, 427520, 360555, 332609, 400242, 25034, 12910, 15116, 119283, 73661, 371136, 478550, 370334, 481147, 38494, 484799, 143907, 389266, 1477, 108121, 471976, 483611, 254482, 222277, 338700, 430793, 206608, 458973, 54471, 230014, 3984, 270028, 281397, 226266, 70314, 166861, 88875, 255391, 386389, 498008, 239741, 270886, 229682, 192918, 299695, 15482, 384603, 166981, 5124, 289432, 249347, 227510, 298211, 138222, 2467, 338417, 32200, 382037, 497391, 260241, 320248, 422749, 299103, 289448, 162617, 101841, 83439, 197527, 64039, 70891, 406268, 320668, 305782, 196138, 138535, 377445, 35380, 429983, 66738, 121556, 431016, 339590, 78511, 3347, 216963, 180785, 286364, 333723, 368457, 276542, 359485, 218635, 236133, 88337, 169835, 274336, 128406, 452660, 31606, 297851, 386895, 483174, 17973, 217377, 153112, 139741, 131931, 446044, 84152, 33501, 131182, 388972, 207526, 357458, 41453, 443408, 179831, 121581, 41354, 497112, 37824, 296219, 349379, 496, 219740, 106574, 153988, 416725, 202688, 358657, 24197, 32329, 30608, 272053, 336207, 479629, 446766, 107554, 397002, 216981, 445444, 464712, 18370, 420286, 275568, 5361, 11009, 283635, 459336, 479942, 212027, 193170, 161855, 369499, 499195, 416067, 412338, 462161, 477415, 332488, 356339, 59896, 104315, 475888, 215764, 285570, 474389, 270411, 33182, 207735, 237749, 85016, 118579, 208380, 119302, 437569, 202914, 224057, 376315, 260234, 201197, 494302, 197042, 471430, 153194, 168475, 17599, 76166, 76721, 87613, 264757, 401546, 316116, 297863, 291089, 145023, 377215, 499871, 198678, 298628, 435355, 123940, 112372, 179937, 226289, 311, 200353, 422304, 112270, 453395, 220718, 124661, 77619, 19799, 478265, 94307, 471090, 481082, 408614, 451979, 116648, 383767, 52361, 435640, 393095, 411989, 418688, 135833, 158157, 266792, 110719, 398715, 466686, 393500, 181837, 152307, 432141, 359059, 127282, 79469, 90172, 22008, 372969, 211247, 362599, 192850, 93974, 165287, 334589, 444586, 338921, 180700, 437799, 116558, 379353, 167020, 424068, 269423, 354921, 147531, 421555, 232596, 178868, 29936, 345260, 156542, 168723, 467793, 323939, 46427, 91921, 333309, 411084, 104959, 332657, 498684, 234328, 325217, 72765, 237552, 145237, 106734, 248561, 321061, 33476, 197892, 104232, 364546, 376279, 217403, 60717, 421632, 27755, 429216, 39071, 319807, 52598, 108801, 15740, 221165, 430822, 77973, 104296, 56511, 400415, 243024, 212049, 450402, 327765, 209751, 56135, 6563, 3333, 112366, 265632, 52016, 96967, 43774, 173209, 214995, 129031, 261597, 468377, 252527, 94766, 77368, 463447, 471559, 113240, 345491, 83151, 206700, 331687, 61202, 327901, 350946, 287238, 10653, 397871, 435566, 18167, 152357, 89419, 146503, 349075, 169734, 394654, 89907, 284013, 40908, 471511, 322902, 334734, 239481, 304283, 222355, 84929, 350791, 53660, 250191, 347751, 285923, 122503, 470678, 340933, 73842, 425379, 423946, 182472, 239287, 429838, 153501, 137529, 270984, 90159, 271334, 331428, 223553, 107883, 478808, 429603, 401573, 458631, 416219, 332240, 472517, 243345, 289326, 78849, 27008, 166277, 17548, 69522, 420495, 197707, 272054, 489029, 35660, 15651, 22659, 231737, 339883, 112462, 63001, 323113, 70195, 386652, 396724, 102663, 235523, 37363, 276864, 243007, 451921, 354830, 179745, 230581, 489348, 215841, 64500, 102432, 137200, 105501, 303194, 236981, 140051, 197472, 96862, 281310, 70421, 135930, 327933, 303519, 353495, 383528, 392237, 378254, 3215, 217065, 158489, 440754, 492430, 390376, 171200, 122916, 143560, 206677, 496890, 40465, 287176, 342480, 484137, 244818, 211031, 316633, 281171, 104507, 52645, 18157, 233269, 72953, 295331, 334778, 217620, 166146, 25442, 352900, 261769, 231230, 150718, 406809, 277860, 31584, 280745, 480950, 100597, 9388, 157598, 223757, 339530, 251495, 409318, 156258, 332309, 442313, 97940, 55553, 188164, 462330, 106705, 365391, 135053, 57512, 165436, 352255, 436938, 391288, 335030, 487344, 483132, 189218, 150251, 155600, 193253, 342548, 259974, 65849, 240001, 162249, 371678, 228601, 496316, 89283, 286677, 67119, 330251, 366299, 336316, 98182, 344891, 107378, 418470, 117059, 423634, 374809, 359332, 271452, 23691, 462289, 440626, 47575, 157425, 376501, 387862, 329695, 83572, 97644, 462698, 266302, 18803, 78336, 175196, 271054, 387619, 250684, 390117, 108974, 4252, 46836, 46543, 373675, 342783, 99004, 481721, 202539, 1604, 55423, 310172, 50614, 96501, 377867, 238881, 221501, 81627, 296072, 302243, 460390, 275551, 318942, 364643, 377887, 235770, 9548, 416711, 415446, 494039, 15597, 270468, 268194, 225015, 47933, 464155, 215679, 62569, 301004, 345110, 16340, 350743, 133082, 320029, 398281, 4731, 120352, 490169, 371950, 318367, 270447, 226923, 79072, 224828, 173280, 403845, 452052, 140238, 488609, 216850, 376657, 198473, 208813, 23941, 350123, 417893, 18001, 240454, 194209, 211846, 425856, 150825, 276499, 490716, 24565, 461259, 201193, 132748, 192838, 212773, 387410, 1930, 451269, 233401, 388, 245223, 218705, 256811, 331318, 158198, 471222, 243608, 223701, 478564, 330141, 187547, 180429, 449950, 101650, 204054, 340961, 136348, 421821, 89603, 275366, 345537, 75232, 203584, 357116, 142608, 76374, 278314, 311176, 362490, 377156, 401697, 313069, 254515, 184151, 33484, 176539, 269721, 201070, 323475, 224500, 9953, 369589, 204598, 473475, 127566, 498186, 422085, 101702, 119991, 186293, 81568, 26900, 220526, 494945, 95193, 124984, 183013, 439346, 25210, 478995, 399236, 35610, 484087, 360850, 306522, 94097, 353655, 399899, 90700, 175911, 339856, 294640, 188082, 49226, 236869, 491661, 403311, 169025, 279950, 350851, 272683, 47858, 73155, 454382, 220079, 297287, 89188, 75505, 204502, 294901, 40573, 52440, 454693, 7409, 187217, 100305, 234754, 484623, 253210, 78324, 466634, 78852, 421576, 9576, 366742, 280446, 325662, 445238, 400189, 177980, 444993, 76577, 108536, 431100, 495295, 62223, 74202, 3972, 331346, 102553, 26610, 397805, 217784, 164719, 305182, 357142, 356766, 257735, 472645, 232283, 181884, 27341, 130702, 255715, 489741, 429503, 47186, 187989, 273093, 58892, 36441, 437761, 242397, 13265, 216433, 197164, 353504, 106671, 32115, 68068, 483341, 187723, 213039, 293993, 45106, 392515, 493033, 59775, 35848, 96121, 281490, 464693, 260177, 277243, 90590, 151322, 235825, 125990, 408639, 356272, 163974, 206640, 430182, 323448, 222778, 283630, 412754, 495509, 412880, 218970, 438756, 416661, 11296, 469341, 331401, 142493, 48966, 218658, 131687, 257269, 291423, 233465, 238485, 100703, 117851, 233875, 428694, 111375, 327193, 176562, 312344, 152307, 165687, 215180, 229052, 111927, 39467, 174333, 125396, 499695, 37228, 345283, 44571, 266060, 315563, 282341, 236365, 139617, 173508, 397998, 402865, 179095, 423178, 419818, 285033, 286124, 171764, 68444, 438878, 225551, 25307, 492689, 495351, 301741, 79064, 21589, 79561, 197848, 154069, 74755, 119585, 488985, 141508, 430865, 4022, 294684, 269947, 372902, 243339, 421830, 225982, 383702, 163435, 287370, 403152, 124476, 296017, 495184, 110702, 227001, 376797, 51126, 413295, 204463, 331830, 477776, 306728, 330788, 142138, 383626, 433664, 437055, 233830, 321282, 391269, 158853, 208876, 74448, 475361, 110006, 344117, 98077, 307548, 184294, 460925, 491491, 97484, 455012, 312808, 446276, 317533, 115210, 358423, 39360, 88024, 335860, 165779, 60542, 36086, 498007, 145757, 323109, 366782, 180924, 445203, 138850, 101374, 29101, 186534, 342690, 164152, 489513, 444538, 335613, 146312, 340186, 58138, 265089, 486802, 179086, 268925, 466120, 466549, 338082, 422714, 440532, 465483, 319213, 149956, 405187, 467244, 427768, 285305, 171936, 487564, 350699, 466079, 374732, 205395, 341277, 305932, 11187, 28871, 12610, 21648, 200998, 251260, 221095, 383307, 156839, 109596, 316191, 241001, 314528, 330171, 397320, 211760, 390060, 169514, 106501, 180255, 446151, 305407, 69594, 485424, 307674, 139047, 137253, 380057, 425050, 493934, 381866, 186526, 139825, 434430, 137671, 455068, 167105, 358777, 375192, 444108, 410941, 410000, 404666, 128786, 129035, 270764, 243347, 408467, 396268, 199263, 152956, 91430, 68672, 268434, 396984, 336485, 147222, 130268, 83912, 278188, 191927, 193853, 391381, 201778, 85737, 192078, 403781, 387287, 895, 413713, 388281, 162652, 200409, 26573, 496071, 459796, 70948, 242452, 143767, 141185, 478928, 413608, 166525, 89979, 293774, 417665, 420121, 378607, 65612, 316996, 244318, 363741, 406308, 302232, 30018, 35656, 295446, 74654, 269183, 59515, 161489, 229780, 169919, 375633, 493426, 432801, 285236, 445290, 380511, 451064, 116779, 174326, 45415, 429352, 248753, 280555, 181063, 144657, 124632, 38591, 53266, 236645, 437451, 114258, 392850, 321248, 108009, 291467, 272325, 425425, 436218, 123260, 215831, 129731, 451300, 75506, 41034, 161155, 231001, 128349, 78588, 288290, 127206, 317090, 103033, 231898, 394591, 105820, 214514, 32966, 55073, 169117, 177823, 59387, 351486, 453272, 130897, 261497, 322330, 90081, 306946, 195349, 177653, 473749, 343648, 2319, 257981, 152421, 170739, 313387, 74114, 204730, 304029, 336494, 35019, 417363, 258319, 460804, 103426, 148094, 402258, 195465, 278605, 188692, 358209, 134644, 137880, 389750, 223823, 323216, 97866, 32994, 311347, 120972, 217581, 219502, 44355, 223974, 295734, 408856, 286125, 162347, 117037, 287982, 472361, 19212, 275504, 294734, 416819, 49916, 389017, 130713, 409183, 47032, 172319, 458345, 381046, 17947, 92750, 328005, 305187, 403799, 95989, 304751, 139443, 114122, 191143, 32824, 478599, 374896, 499258, 481154, 414033, 251092, 294515, 460051, 190422, 187964, 434762, 34066, 311445, 242244, 199270, 116732, 347360, 385666, 69922, 124455, 344353, 205115, 153330, 436246, 40431, 481517, 221305, 315737, 92050, 123998, 162610, 319194, 115115, 29545, 67751, 461464, 413700, 168740, 282144, 385575, 102535, 154879, 332415, 119789, 78822, 88811, 478246, 151606, 3527, 99008, 251810, 435438, 272220, 491429, 293610, 263243, 456167, 350679, 216297, 417400, 364677, 252429, 36956, 115119, 427873, 140746, 264907, 335535, 368906, 80951, 102421, 31119, 101453, 340402, 466765, 276866, 459426, 390431, 227307, 378895, 431642, 391797, 94591, 372968, 236791, 388764, 208741, 490473, 136933, 163416, 193247, 400061, 319023, 117788, 184301, 127493, 381230, 200026, 261436, 325061, 489068, 425568, 224916, 293282, 285039, 393767, 442480, 108160, 469081, 316725, 70466, 285224, 97370, 295885, 467850, 417237, 55749, 437914, 41961, 239436, 31759, 413018, 68888, 305695, 427541, 92881, 22844, 43288, 398661, 36650, 386642, 398584, 387659, 441635, 69778, 264078, 246822, 231203, 429961, 311172, 252039, 438537, 334393, 404267, 293708, 373229, 266810, 334330, 53752, 209089, 265142, 267751, 268005, 212827, 382747, 158378, 143792, 313853, 38690, 405627, 328443, 69942, 290223, 496997, 275462, 367117, 278744, 35509, 490465, 445015, 381920, 22471, 157330, 163001, 299250, 263585, 186757, 313795, 356466, 222253, 313548, 98378, 58499, 409040, 314104, 191715, 191857, 190934, 448476, 303220, 195305, 121965, 303157, 191880, 349186, 239734, 285380, 177434, 419549, 264152, 42541, 465579, 414896, 380483, 110408, 337698, 482195, 93064, 465981, 202035, 304797, 360023, 85364, 464829, 490992, 227843, 132473, 75312, 138330, 233488, 390679, 228935, 282475, 388115, 113756, 134462, 94120, 49983, 187343, 477294, 303616, 478407, 498803, 338110, 318622, 169342, 784, 321458, 241793, 109585, 399078, 346760, 408417, 134647, 493958, 374149, 319064, 90553, 82091, 332423, 168097, 377010, 180764, 336486, 142409, 62812, 20988, 336997, 351927, 94896, 45895, 21842, 170203, 497643, 131947, 332068, 317873, 295658, 98538, 39588, 465105, 474203, 400681, 336914, 104914, 422703, 119921, 487886, 223882, 152845, 44991, 470904, 112815, 486405, 97266, 393430, 72280, 296819, 45833, 437402, 259016, 461652, 245199, 352132, 124981, 270130, 300832, 351158, 150313, 272762, 329562, 317062, 194514, 168887, 405883, 255125, 4190, 320573, 240772, 183916, 367977, 102999, 314281, 245537, 314738, 476110, 130083, 301137, 440673, 362056, 499697, 117567, 148728, 80844, 446789, 1062, 329627, 256629, 18051, 396268, 492045, 45286, 146611, 176119, 9171, 414904, 327827, 334650, 448308, 204954, 73975, 342450, 82528, 113751, 142606, 104467, 242766, 325535, 59330, 46421, 358608, 77849, 162951, 148443, 95156, 188300, 232777, 72138, 331341, 227277, 477975, 83025, 169089, 1711, 40152, 304039, 112005, 471250, 131830, 308324, 204946, 173316, 175713, 97364, 260334, 13188, 68413, 164269, 326331, 291954, 138095, 54488, 110529, 43769, 479625, 378772, 443921, 156912, 456039, 236165, 129368, 381040, 108572, 413701, 294419, 384251, 259137, 383273, 300965, 215729, 480710, 19754, 72564, 59036, 223169, 360852, 477354, 116242, 10751, 188281, 470324, 159826, 348622, 452246, 177190, 264352, 81349, 166276, 101778, 217187, 347448, 356118, 173022, 362809, 302921, 357429, 111353, 374999, 120835, 218059, 58446, 395345, 192484, 208143, 451309, 170170, 492431, 224543, 307846, 273688, 436481, 231578, 394407, 216057, 383116, 355786, 492964, 22158, 318667, 301483, 8443, 101726, 391635, 108738, 415796, 412014, 58396, 125502, 335466, 205325, 75862, 344773, 482458, 64378, 189943, 12004, 259825, 475442, 164223, 114346, 300238, 466998, 36646, 315654, 495112, 487328, 489915, 45398, 15468, 309887, 146802, 131353, 140587, 329062, 277878, 82010, 315601, 350325, 494131, 123913, 130728, 146169, 172212, 304304, 145120, 72410, 68161, 20102, 474401, 111360, 385801, 13684, 310714, 282769, 250304, 16153, 211981, 420664, 178357, 381649, 41717, 207713, 494714, 474532, 130916, 492244, 304733, 117151, 445492, 29063, 463414, 197244, 8210, 470585, 101100, 180330, 40628, 198902, 135412, 87575, 348526, 410539, 168160, 135984, 20166, 196361, 49151, 108089, 105362, 160783, 197308, 149958, 79284, 75424, 80538, 305340, 208485, 38211, 298135, 375820, 215967, 474969, 424728, 472859, 290089, 119340, 389471, 223522, 365913, 233485, 406892, 329474, 454324, 92968, 399288, 112471, 261594, 288792, 448519, 196551, 188871, 475847, 46108, 291073, 313760, 459807, 255625, 438460, 397853, 71014, 158049, 238960, 137906, 95881, 220338, 61266, 466391, 188155, 338493, 194102, 117773, 291856, 244651, 410098, 104768, 9388, 48584, 193471, 26507, 25702, 314772, 195163, 176501, 483305, 326172, 294479, 99175, 190923, 427955, 358219, 490517, 125384, 123769, 205149, 382055, 164468, 275946, 220806, 127912, 463160, 262136, 275879, 73325, 252258, 487541, 307795, 416517, 31945, 101375, 426646, 351635, 257278, 377268, 6158, 461493, 95071, 465214, 406436, 332678, 373416, 473305, 10141, 271567, 334546, 36374, 83047, 164961, 3020, 253600, 47723, 390701, 438789, 223889, 439405, 90553, 160656, 361575, 432916, 75145, 377701, 436403, 279974, 489746, 191612, 286466, 358302, 420053, 460097, 142740, 303430, 50302, 116820, 223004, 466113, 347421, 454768, 121075, 182286, 47500, 261789, 307515, 392158, 438511, 475071, 151766, 240571, 297792, 420517, 106018, 162749, 16989, 474102, 150143, 267280, 167060, 162462, 16731, 394980, 138787, 253877, 253251, 473366, 240282, 121243, 379920, 385160, 364391, 450806, 484521, 20921, 179723, 481011, 170084, 133968, 269547, 257682, 77309, 36085, 474347, 286706, 203302, 244687, 380833, 23714, 100849, 28991, 318393, 423946, 159378, 14476, 307802, 345003, 100302, 453530, 111959, 469494, 49728, 440493, 488236, 405569, 492728, 115258, 398292, 424190, 279258, 223460, 273782, 211723, 123075, 256903, 193329, 122164, 270921, 304518, 470381, 216442, 454618, 303326, 450270, 164905, 163683, 100630, 412348, 30045, 68444, 383979, 12664, 171521, 53469, 266726, 120268, 149462, 213057, 217576, 77211, 70683, 234033, 83956, 153000, 177387, 254255, 309563, 228633, 239411, 196015, 145310, 86484, 3319, 479826, 480252, 446499, 80133, 64775, 353114, 52949, 396774, 276900, 42234, 389321, 217420, 281758, 139406, 148761, 52447, 376509, 132373, 67024, 107741, 55721, 290962, 126994, 450035, 481538, 206030, 322868, 48812, 196218, 428201, 306465, 251940, 198100, 205945, 53192, 79671, 383547, 149185, 406559, 56950, 238785, 82196, 162906, 367601, 60535, 305922, 231277, 383937, 149643, 356370, 101975, 175474, 314521, 467305, 114549, 315985, 484413, 101814, 169906, 379667, 433922, 54077, 374024, 227993, 400146, 227713, 346261, 321330, 376088, 279981, 19079, 267614, 319543, 307846, 21181, 225924, 390761, 497410, 52519, 436031, 366964, 146478, 249286, 262734, 349455, 426866, 363818, 20572, 46278, 107685, 325903, 231954, 160413, 248309, 153212, 463425, 281749, 325919, 313272, 403730, 154207, 235443, 56248, 364905, 442237, 202128, 477559, 29581, 105676, 124895, 490697, 229728, 318120, 481258, 455070, 100098, 402787, 382800, 232998, 338749, 486521, 282206, 176260, 429781, 73864, 300450, 37226, 124039, 198658, 186369, 1690, 125153, 462615, 318506, 362935, 59329, 141966, 166555, 226132, 124715, 104782, 124984, 16203, 92475, 219331, 246523, 207134, 152464, 253599, 214156, 200683, 196281, 152659, 252491, 409904, 48266, 19832, 208208, 154163, 206963, 38425, 465931, 31994, 346552, 191362, 481741, 280495, 387620, 422531, 382303, 478209, 315885, 213703, 269841, 255925, 363545, 325838, 408263, 346006, 177978, 305610, 120266, 320635, 260829, 117071, 147400, 19677, 385947, 42416, 231278, 445178, 164733, 72587, 179315, 423126, 498641, 178695, 447507, 431586, 235933, 222654, 385417, 157732, 92157, 164150, 384376, 231733, 220028, 251902, 87128, 470618, 269380, 109002, 45493, 59089, 274834, 70280, 27865, 438944, 70481, 159482, 377096, 414132, 190189, 156286, 428329, 123517, 310419, 239940, 22051, 57560, 282266, 454159, 187526, 487348, 446647, 463156, 233645, 138623, 219320, 490314, 435237, 119863, 397791, 243252, 159347, 367858, 166955, 224501, 82793, 127510, 337083, 233081, 416150, 437279, 26535, 458158, 106735, 275115, 306585, 421629, 95038, 166107, 300710, 344917, 340248, 446484, 48388, 404611, 460920, 94582, 3092, 104736, 139856, 425671, 435863, 129791, 181130, 360086, 221287, 126666, 267973, 92955, 405815, 433125, 346758, 4009, 106162, 3182, 184533, 448988, 15825, 220432, 95487, 168984, 216561, 349342, 407492, 71427, 315959, 145138, 350370, 408166, 96103, 218527, 302540, 470790, 150928, 379420, 243977, 363401, 457517, 267376, 179546, 433922, 76885, 155506, 163232, 285421, 173381, 462119, 481709, 182524, 396245, 343865, 252747, 91590, 234950, 307503, 331279, 152945, 330034, 276818, 235303, 22449, 254609, 71256, 261316, 412769, 387867, 122970, 354926, 261742, 98483, 273526, 337868, 475518, 200422, 379639, 308620, 20411, 164727, 13215, 203921, 345883, 34033, 66886, 244957, 493487, 425530, 332796, 272430, 53625, 45311, 448284, 408308, 475860, 173364, 455442, 269008, 165399, 97620, 230004, 423120, 457621, 73239, 73344, 234768, 252837, 471744, 286604, 122533, 39071, 286228, 285238, 376087, 413956, 475411, 136032, 228577, 128196, 448702, 12392, 256751, 67791, 158575, 10959, 341894, 468141, 208284, 206437, 36565, 225392, 438869, 55870, 15981, 104874, 215374, 411448, 299720, 20629, 328254, 61333, 266353, 296463, 368865, 498350, 315418, 11871, 364584, 348019, 387751, 173727, 415327, 41538, 259492, 102390, 66444, 248848, 191648, 360828, 63999, 208500, 449426, 479070, 124337, 343015, 419618, 164138, 266819, 359754, 440210, 384539, 115907, 297831, 193997, 354703, 209388, 213115, 212503, 164161, 342366, 50557, 191899, 491791, 279322, 495260, 108523, 18992, 404129, 1451, 56629, 183384, 32076, 365186, 485660, 346657, 2852, 370903, 364706, 104412, 98459, 248141, 392199, 129318, 264695, 108922, 415762, 32866, 429487, 457286, 229043, 272259, 320242, 362280, 241756, 274338, 402995, 85697, 384332, 493678, 110038, 69346, 222022, 370875, 369568, 39316, 120881, 132128, 449936, 127523, 439753, 321697, 37352, 104895, 219781, 446037, 43866, 484540, 156477, 94315, 420061, 394, 292478, 262116, 215195, 297445, 360870, 267279, 249197, 375373, 412432, 488207, 66915, 259366, 50930, 204978, 362593, 182774, 238492, 71829, 73365, 184932, 196656, 219792, 101272, 482758, 447355, 438957, 447260, 68939, 228887, 405439, 229283, 224068, 163612, 134037, 97345, 289357, 400542, 233606, 392936, 438799, 378461, 291591, 93691, 109240, 86232, 147529, 491029, 109269, 499481, 339953, 195390, 325977, 119124, 352233, 227296, 311926, 171071, 249511, 256176, 3643, 114265, 96770, 472665, 360069, 417462, 128555, 35581, 49082, 49762, 23538, 240790, 209776, 396668, 318552, 37193, 11966, 55142, 408567, 197402, 319412, 255820, 402404, 454558, 142449, 30007, 365895, 99287, 311175, 199391, 321690, 124443, 109482, 371561, 222842, 300538, 135090, 425708, 460470, 135200, 81252, 116474, 340104, 319031, 43026, 473738, 399414, 483563, 77200, 454710, 325362, 461311, 144137, 90163, 139172, 234976, 21280, 178200, 361521, 366286, 233192, 179955, 336118, 475930, 241187, 342142, 169106, 55461, 322355, 448018, 15033, 347255, 95180, 35773, 122837, 51198, 48089, 144891, 87063, 36899, 251318, 95797, 431429, 449419, 179438, 382394, 224748, 23740, 301205, 390601, 466264, 3410, 479844, 230493, 189675, 146394, 183922, 19804, 99947, 231324, 57663, 295579, 144463, 372972, 212455, 127865, 487445, 449495, 203244, 247004, 366316, 192779, 69074, 335101, 243124, 464122, 258709, 4868, 341773, 397451, 475374, 424903, 191364, 473339, 119045, 101325, 426303, 299583, 6818, 354704, 98038, 339282, 440475, 125786, 459679, 411812, 457068, 72628, 307228, 324256, 443313, 98608, 423343, 115371, 289096, 271740, 317880, 309374, 38035, 39288, 36218, 250005, 276123, 178320, 440200, 133508, 383415, 429547, 64624, 17261, 145031, 379443, 229516, 95867, 121071, 19448, 393442, 348911, 230055, 388514, 295474, 189892, 32838, 135580, 109278, 28115, 378210, 420338, 328716, 424668, 313405, 419046, 308152, 111281, 79627, 428666, 259310, 114301, 46868, 204164, 298407, 461338, 270720, 65210, 396974, 214031, 86189, 236901, 301537, 379703, 327431, 465372, 14842, 345842, 217156, 64393, 67917, 312586, 423153, 142513, 106734, 432355, 250211, 386038, 190894, 268288, 60594, 119504, 43165, 490398, 217841, 100897, 144134, 276393, 478127, 373418, 299653, 300254, 191270, 419859, 396483, 325472, 320403, 454741, 314928, 218481, 132034, 112370, 213530, 162383, 238525, 331663, 411951, 86083, 210587, 212234, 417061, 342949, 368519, 372598, 186582, 306464, 132415, 349861, 313924, 84359, 93478, 135707, 13837, 433289, 219470, 360492, 20753, 436119, 73157, 151655, 162636, 320264, 169877, 428109, 298012, 348823, 217240, 365793, 10798, 48761, 94029, 269369, 226071, 341322, 27064, 109372, 362208, 106951, 15741, 169069, 71204, 366703, 301409, 375305, 445737, 150789, 186, 88883, 470506, 408889, 115353, 491540, 195837, 495994, 209978, 622, 161184, 458159, 150616, 223547, 307861, 174904, 213309, 13489, 483935, 416021, 231491, 42545, 426898, 255313, 349003, 32202, 447884, 310046, 177625, 453861, 313554, 389294, 419264, 237286, 359847, 217854, 171947, 411874, 30299, 394913, 477149, 346307, 419167, 1576, 213567, 181459, 233453, 499811, 410359, 166117, 497051, 438973, 394337, 64134, 237707, 262581, 401845, 227641, 215210, 265745, 417659, 392077, 265865, 450397, 53858, 77052, 324712, 405174, 92819, 75944, 459757, 370133, 499544, 317904, 494382, 467022, 427182, 337536, 487576, 417727, 287428, 64638, 444885, 16521, 328005, 360513, 150367, 283955, 445693, 94363, 301500, 44577, 75067, 331552, 477791, 271101, 88306, 327155, 74389, 365436, 52867, 246985, 316001, 138685, 77758, 410280, 59496, 255485, 430322, 128078, 64346, 25304, 289100, 229814, 483260, 417941, 163907, 227477, 317567, 213396, 47848, 373110, 55571, 355466, 197792, 375631, 220591, 328846, 118656, 467921, 105343, 325721, 294039, 413298, 74268, 122891, 66527, 327303, 64007, 107677, 243650, 171708, 429265, 357514, 59119, 492883, 113884, 47405, 188587, 470359, 170389, 145151, 29374, 225595, 209974, 67700, 454734, 399809, 332829, 263544, 476111, 5971, 189461, 360393, 88511, 188928, 259411, 227682, 298688, 449984, 61682, 298913, 398449, 259523, 71125, 145291, 74206, 47696, 228812, 413541, 312869, 89505, 430716, 315661, 127368, 179560, 98099, 102850, 31444, 202799, 84895, 462935, 362905, 410556, 299123, 435044, 73375, 466048, 275454, 121185, 396866, 317212, 206024, 338474, 122972, 479789, 411221, 367628, 321484, 106556, 58517, 36336, 433494, 153708, 190391, 114104, 206946, 230825, 323335, 395428, 404625, 72482, 66590, 223046, 190080, 277682, 41266, 134118, 350537, 157256, 314263, 304319, 171476, 362568, 189685, 472586, 353793, 474798, 108239, 230560, 113159, 112484, 120566, 28019, 228989, 333581, 321707, 124656, 206422, 322503, 237651, 372202, 289368, 330457, 20604, 341066, 368031, 157128, 452646, 137569, 368808, 493383, 129487, 485108, 374488, 415968, 488509, 45090, 43369, 72134, 69816, 353406, 22976, 106505, 494523, 240627, 235336, 122662, 202850, 437147, 14472, 331617, 31429, 82354, 13471, 173849, 206258, 389521, 336105, 427504, 15348, 178842, 236450, 31798, 444012, 200179, 245419, 83178, 494280, 265020, 337458, 345779, 227031, 202449, 279774, 330470, 421150, 308486, 74886, 274913, 182726, 329425, 483294, 458963, 9783, 182284, 213038, 42170, 177151, 374045, 247228, 292692, 15423, 375156, 391063, 325629, 278283, 287181, 150730, 321340, 24022, 490853, 392734, 453301, 88061, 406424, 330922, 421689, 145045, 16901, 419165, 196401, 191004, 452097, 310536, 328390, 114939, 101180, 170676, 484198, 385132, 34457, 284346, 114596, 421603, 68749, 241711, 99708, 352741, 361102, 204847, 384382, 37069, 404850, 412593, 16119, 291009, 224494, 144078, 468568, 146692, 91921, 449103, 37590, 84748, 409190, 416747, 411235, 258494, 83896, 416730, 411681, 8201, 364245, 75533, 378200, 2693, 145321, 405047, 405204, 269696, 111051, 56491, 66008, 220422, 124735, 209370, 66144, 316328, 41136, 231929, 51472, 298444, 313559, 409561, 454653, 189250, 79973, 3240, 187394, 7005, 200770, 386903, 360802, 325923, 3359, 277091, 199217, 455675, 356713, 92443, 202390, 496763, 74992, 480126, 260218, 26094, 48266, 267582, 399520, 19902, 308283, 89780, 138370, 462655, 346391, 140912, 285733, 240384, 371960, 136258, 405892, 127029, 488535, 118096, 423397, 132825, 339451, 462623, 68107, 237888, 58057, 431780, 352514, 479994, 287466, 205224, 219651, 477003, 469040, 493984, 73879, 40241, 130477, 370817, 27532, 237471, 158584, 9160, 75930, 450122, 481604, 334340, 377737, 20776, 279398, 405780, 427494, 387801, 137322, 62712, 488370, 133540, 344058, 281739, 482984, 244180, 25455, 39863, 202329, 362935, 289536, 299070, 458442, 332072, 226291, 183042, 416429, 159268, 88899, 210553, 470381, 147401, 84180, 250700, 258725, 128531, 460983, 411831, 110924, 55722, 259266, 322527, 277833, 85167, 381305, 19052, 23441, 28966, 218898, 214784, 394019, 349331, 236321, 464115, 14286, 317390, 248797, 38879, 81360, 139985, 373885, 277545, 293049, 474015, 212895, 215445, 214966, 187798, 237026, 199406, 463157, 246693, 327808, 213213, 92439, 44746, 183490, 327865, 201383, 68922, 208901, 178351, 266403, 392036, 207165, 142623, 154007, 142156, 350424, 467559, 165159, 312283, 433969, 283858, 117974, 290615, 416198, 228936, 268844, 403938, 376891, 272322, 361445, 164673, 369009, 230139, 38126, 365955, 74004, 88686, 136228, 238576, 418097, 381376, 407311, 351706, 79117, 383644, 381986, 266527, 483053, 381444, 428408, 317532, 117945, 78769, 17291, 365359, 61609, 263020, 157336, 139151, 351063, 394419, 288518, 256546, 160618, 487012, 436173, 227996, 471003, 77926, 194258, 400960, 89588, 160993, 448258, 33724, 415565, 18440, 445108, 359078, 55173, 402145, 46574, 291142, 487273, 178337, 233157, 64879, 427847, 305158, 114721, 373896, 86512, 435458, 444800, 154191, 52262, 163888, 108260, 53523, 385990, 98067, 395211, 151315, 390543, 489659, 430111, 1742, 78097, 193004, 99219, 481467, 2644, 310259, 102200, 122115, 23686, 409546, 253471, 444092, 164429, 32556, 285233, 291909, 199941, 344108, 115040, 188137, 423613, 452000, 431870, 232137, 205390, 33709, 311713, 226985, 240392, 417432, 156643, 249791, 481319, 314643, 35995, 431523, 380775, 266856, 483453, 103120, 327310, 44660, 71073, 400898, 401028, 166196, 30954, 424393, 423964, 440862, 395685, 322878, 250498, 49585, 461144, 477310, 94932, 158812, 379608, 4019, 99177, 151705, 60461, 424446, 362166, 7854, 350010, 471239, 344580, 281372, 409100, 154633, 452300, 235895, 343586, 29960, 113090, 93554, 177412, 146624, 5851, 288552, 223626, 459767, 221298, 99478, 295150, 203378, 272426, 452256, 36584, 451444, 305386, 472331, 366634, 483103, 60599, 300420, 195402, 354716, 345102, 8990, 407625, 350726, 353250, 183868, 473146, 91596, 281805, 185138, 383689, 159534, 169797, 247408, 269374, 50083, 171632, 138916, 158524, 430518, 479973, 106129, 199365, 445359, 78302, 493397, 103940, 266433, 393848, 396300, 43333, 264466, 202490, 202007, 266049, 455199, 378833, 156035, 378039, 194923, 150819, 149624, 456893, 264397, 371463, 168134, 281900, 268395, 316278, 299574, 399000, 424662, 202068, 88281, 434970, 279722, 32761, 151391, 358345, 333993, 284697, 285794, 431286, 5534, 324824, 266018, 239543, 431969, 279670, 30520, 11781, 110073, 226450, 323824, 487970, 285306, 220629, 419462, 280232, 40038, 50287, 91322, 241393, 335180, 404339, 353339, 444143, 277214, 94523, 196930, 136550, 478090, 64593, 84309, 327189, 20069, 51568, 26402, 259232, 225038, 216234, 341752, 323593, 68924, 414622, 165303, 39426, 90464, 357349, 391985, 302887, 38040, 128458, 300132, 440985, 245493, 146657, 271851, 153727, 229125, 196335, 215697, 325685, 216839, 185537, 275506, 414717, 328932, 81524, 490621, 366848, 113527, 443124, 28783, 468686, 372, 339246, 280255, 369482, 126527, 483499, 399536, 15690, 166446, 470396, 300514, 212087, 472171, 423415, 7518, 35539, 377898, 65176, 439016, 257322, 178483, 268863, 138777, 310659, 359084, 35666, 638, 23908, 325107, 95868, 338692, 73785, 480802, 411286, 222350, 229570, 72676, 452420, 205204, 136002, 380008, 497590, 46966, 370460, 438450, 211573, 496664, 451891, 391008, 477718, 254351, 343430, 118880, 113906, 116205, 49365, 170674, 283476, 310223, 496729, 447085, 210479, 345581, 320812, 165146, 471247, 350949, 234540, 457311, 479456, 15954, 498278, 166462, 400071, 208728, 273565, 114250, 428121, 113142, 324040, 85050, 475165, 479284, 219316, 402849, 119335, 53591, 189567, 441429, 66830, 156356, 359077, 195759, 387895, 14291, 245636, 455433, 215537, 116298, 37170, 369346, 447568, 497549, 125296, 485120, 324806, 128759, 235569, 187180, 286457, 67360, 312093, 386855, 224941, 243532, 15456, 440510, 430960, 26711, 416976, 482445, 52213, 294899, 387127, 77247, 165615, 242224, 172666, 315816, 304454, 451202, 297505, 349370, 272638, 287709, 300435, 292649, 221264, 37944, 177929, 45101, 117738, 135202, 434491, 427476, 58215, 3219, 179642, 28378, 239013, 4726, 140095, 278365, 462882, 494812, 472635, 467434, 85101, 202462, 91002, 42396, 196482, 185718, 189426, 138089, 364867, 366349, 168710, 420631, 369371, 85480, 351117, 277525, 211655, 291458, 12056, 47950, 458053, 177463, 58431, 411129, 26225, 357144, 382316, 254078, 212080, 300017, 345376, 204376, 461887, 53247, 384093, 110462, 456508, 210097, 81672, 351228, 313485, 419618, 249715, 173201, 188750, 219123, 111743, 381143, 446665, 283924, 447042, 460861, 328337, 77644, 184540, 285043, 79608, 399654, 392393, 120170, 380733, 116027, 34296, 292480, 398058, 195781, 438558, 401253, 344704, 274672, 444139, 280664, 91865, 273291, 61185, 49961, 153933, 197306, 329321, 309990, 227268, 56337, 384023, 172388, 166479, 276828, 30248, 380001, 61670, 470973, 221589, 385247, 80173, 283033, 463053, 425619, 60953, 93093, 98966, 462228, 436365, 276833, 383087, 241492, 195631, 198728, 388297, 126561, 231772, 357588, 123662, 137571, 78414, 288115, 449420, 320927, 426100, 183496, 209137, 67472, 51323, 50539, 456551, 396529, 495348, 287951, 108011, 321840, 339612, 75569, 223570, 373597, 225643, 106308, 299197, 125468, 480048, 38716, 476927, 382676, 435772, 403504, 65184, 455834, 425498, 77483, 62434, 103937, 445711, 127591, 405146, 316209, 438851, 242738, 388827, 159217, 100884, 395643, 121296, 248697, 40861, 273552, 476002, 119000, 40827, 443099, 327363, 193504, 416459, 75709, 175105, 251008, 397323, 388895, 54315, 390142, 192019, 370385, 472014, 280099, 427952, 124965, 395518, 312645, 348291, 438730, 108098, 346113, 262461, 209156, 112987, 249024, 321112, 130455, 217060, 124982, 289964, 422395, 468381, 402454, 429873, 137276, 482630, 105615, 102457, 104785, 387519, 281676, 24625, 432082, 321142, 278836, 153267, 143757, 415323, 339746, 399014, 339851, 439735, 414901, 296585, 72301, 421332, 34278, 318687, 62233, 131960, 342316, 66438, 109415, 25636, 257936, 198765, 62587, 483367, 310618, 25493, 315827, 121549, 396142, 76560, 241480, 312259, 57269, 381962, 286073, 100183, 353591, 188713, 284941, 333881, 223361, 337202, 474669, 295387, 254122, 111221, 244296, 254988, 482383, 484275, 150540, 201938, 453769, 485391, 362625, 240991, 316944, 463818, 270972, 78553, 287164, 286012, 246629, 480337, 67535, 315771, 314941, 353058, 3293, 405397, 460449, 323734, 455571, 102894, 207939, 109494, 281908, 122731, 400902, 272523, 438412, 121948, 273150, 431504, 492245, 173697, 105794, 169976, 68056, 312762, 240922, 197472, 241325, 336081, 394469, 317923, 166843, 499517, 185613, 184720, 311463, 76679, 140014, 336296, 383367, 347490, 227769, 394346, 343525, 472576, 180170, 397817, 68811, 439995, 475456, 40194, 385956, 128517, 40518, 428679, 220865, 205509, 387824, 459860, 286165, 391921, 395156, 319348, 325749, 346130, 6387, 275365, 248773, 248505, 173074, 170382, 48713, 433482, 59027, 407351, 445688, 237009, 72401, 446352, 354418, 159930, 460402, 340657, 210809, 147291, 10308, 243828, 219365, 68088, 87731, 243906, 37687, 354814, 12743, 190475, 148001, 192624, 65857, 370689, 360266, 402136, 116543, 211323, 481554, 80824, 122307, 65015, 132004, 350299, 83594, 112146, 448059, 135335, 439770, 467868, 225275, 81399, 477563, 377459, 345518, 206605, 180479, 405731, 341655, 29921, 463445, 259968, 124767, 239686, 165359, 336204, 305713, 58882, 14987, 245087, 362596, 486670, 41154, 171160, 171818, 270756, 483056, 377085, 76078, 372223, 287707, 440725, 377780, 352709, 32947, 446549, 342511, 333040, 89574, 109670, 127158, 290247, 16675, 453390, 431537, 278641, 117449, 181665, 407681, 408591, 377253, 7120, 2655, 254248, 218297, 372107, 341191, 8263, 326387, 389169, 451162, 116003, 163104, 216059, 299110, 128029, 47417, 67517, 4408, 66312, 463948, 428072, 78046, 412145, 363172, 230970, 5648, 329643, 144355, 148977, 416632, 458479, 494279, 441320, 15431, 26800, 203961, 113040, 476937, 169283, 394808, 362640, 473851, 200756, 171778, 303630, 356532, 474899, 309007, 315422, 207496, 243010, 31621, 150345, 317684, 253495, 414871, 16468, 223715, 124134, 53482, 55052, 74444, 416747, 286922, 457964, 406357, 140806, 108257, 207333, 152759, 332494, 42207, 281997, 284002, 94192, 337101, 366509, 215142, 498138, 238610, 333414, 30672, 465354, 467345, 472576, 37257, 438311, 19217, 313260, 70813, 60694, 469085, 62377, 120075, 171194, 489944, 459631, 161479, 331365, 454847, 139133, 246475, 126144, 432779, 330945, 98318, 176801, 394743, 28150, 91648, 15074, 246647, 487068, 191061, 459771, 395360, 387763, 489445, 35913, 81112, 360116, 429115, 85439, 481882, 375771, 122756, 297812, 137244, 423746, 372586, 369108, 498834, 145447, 261251, 440123, 66638, 437917, 495116, 133766, 354319, 279936, 188839, 369135, 59165, 161924, 206443, 499149, 400516, 426987, 382294, 359684, 110562, 32360, 278043, 47899, 486637, 42950, 90984, 197802, 469250, 295116, 247249, 225782, 64442, 210216, 166475, 57998, 14233, 314244, 191518, 102212, 48498, 428063, 408977, 55068, 446647, 385103, 274618, 382694, 73581, 153059, 41649, 444582, 222727, 233140, 94477, 334789, 298722, 339062, 93795, 37195, 150330, 352427, 375420, 427313, 320069, 48559, 147139, 134451, 125486, 252084, 15498, 228522, 145992, 323136, 8334, 404729, 124176, 44593, 237198, 435980, 262585, 471949, 49767, 150865, 245054, 189294, 180879, 218195, 479406, 214317, 287490, 31328, 383884, 310248, 6882, 252182, 228339, 149644, 35588, 141801, 122141, 448059, 386497, 125647, 403215, 45131, 275344, 163984, 5075, 499290, 78663, 125539, 473524, 480220, 131419, 20750, 157111, 21429, 396141, 455965, 483207, 281103, 48645, 232236, 493809, 224447, 28868, 406515, 116038, 302220, 73597, 135797, 475210, 349732, 47857, 315475, 245527, 359424, 408085, 164564, 419868, 311760, 221858, 30039, 77370, 197155, 311129, 34933, 302060, 388230, 464219, 436830, 380745, 183672, 450165, 257530, 89236, 378189, 133319, 35956, 374083, 421641, 281024, 371601, 185234, 262965, 146620, 328173, 387869, 149840, 388078, 499102, 58769, 321086, 363591, 2088, 217261, 457905, 364373, 75871, 375187, 33941, 272964, 227057, 262966, 384334, 370247, 389435, 58687, 233836, 484146, 388809, 62057, 172908, 387315, 160412, 176194, 374058, 115578, 203349, 49026, 331389, 137408, 242621, 186776, 451880, 489499, 217302, 283, 163449, 39526, 232024, 158116, 241880, 70353, 411131, 434606, 268840, 485975, 436543, 146148, 132732, 141239, 196620, 459156, 54412, 434935, 271219, 250728, 284190, 373067, 401546, 445325, 363412, 155108, 468213, 22569, 454813, 419919, 210696, 161192, 135661, 477766, 488748, 298100, 297785, 358629, 149179, 369752, 58608, 320737, 9479, 289630, 131839, 90916, 96952, 424465, 424225, 480676, 61734, 302424, 396036, 97724, 462405, 496162, 326477, 333184, 69766, 6836, 295733, 102238, 464125, 374713, 164182, 383677, 99290, 114248, 412505, 322727, 315717, 30865, 367767, 400809, 430017, 44186, 481947, 265022, 143458, 94843, 242944, 31191, 463223, 329800, 482718, 1822, 446680, 315385, 430440, 56888, 322238, 102329, 304892, 270278, 116446, 277557, 17510, 375732, 463622, 302832, 115175, 481610, 250713, 45839, 76300, 8132, 126996, 122657, 21930, 47557, 27714, 327429, 159484, 312648, 112273, 469939, 192110, 375542, 388112, 269287, 349067, 106363, 418007, 110694, 416553, 314007, 170347, 248963, 450921, 126700, 72767, 26912, 142971, 176732, 191050, 82312, 271987, 416402, 297146, 253644, 375102, 418473, 342604, 251856, 370988, 127132, 80337, 26769, 136980, 186863, 129591, 426444, 146186, 459967, 105730, 273184, 37351, 304804, 113345, 18314, 46336, 43830, 253826, 357528, 149464, 352914, 468611, 444880, 436847, 117877, 248462, 293717, 448311, 382371, 207794, 79100, 205879, 22245, 116956, 253124, 449829, 62616, 305885, 45206, 395542, 465022, 231773, 163420, 386884, 272689, 211639, 71371, 481235, 366775, 368072, 384524, 415910, 20565, 31481, 453034, 424861, 406565, 410610, 367438, 194584, 252987, 129877, 303764, 389682, 318398, 1115, 290214, 17477, 268219, 381373, 210427, 437322, 113939, 65499, 424344, 422284, 153706, 280315, 82132, 48977, 154726, 446034, 283500, 185054, 349678, 459558, 453588, 118881, 346446, 311927, 186270, 71349, 497315, 266258, 335335, 187513, 231302, 338740, 467020, 201847, 368085, 44371, 30400, 108061, 412425, 486908, 82136, 484992, 196498, 81507, 281134, 386293, 399022, 202606, 208265, 23585, 434016, 48344, 156049, 79410, 28148, 75112, 153618, 236964, 467082, 172864, 438185, 201004, 385016, 68378, 466815, 53081, 2030, 463907, 219566, 181913, 4225, 317319, 34979, 264464, 423183, 497651, 456374, 410001, 24677, 429451, 234305, 69740, 463749, 130272, 27817, 398854, 217026, 375284, 427358, 98557, 310255, 14885, 143887, 376712, 485949, 465253, 146601, 435697, 130012, 199785, 31219, 139938, 88087, 120073, 238687, 208804, 394423, 155715, 81585, 108554, 451839, 420570, 499640, 90076, 496714, 182655, 230490, 478690, 260536, 322948, 249603, 116101, 465090, 10498, 489793, 128492, 428567, 417087, 309413, 479199, 308326, 41200, 183580, 322070, 421980, 48254, 477937, 112136, 390900, 344422, 6625, 427787, 163026, 283965, 87739, 17142, 448094, 122645, 60693, 370705, 371315, 253172, 447927, 368867, 51652, 92437, 201057, 192538, 353818, 347272, 398324, 398980, 331907, 38225, 154747, 334256, 196669, 431120, 67117, 222060, 377259, 137019, 271437, 88372, 202831, 347817, 30090, 211679, 339882, 308975, 238356, 364074, 94751, 225624, 484705, 164635, 385536, 154220, 290083, 155800, 149820, 420441, 269960, 294228, 218430, 23049, 276959, 189390, 498845, 325262, 332139, 173816, 293791, 490891, 37936, 95123, 449327, 96550, 235881, 188479, 406554, 317308, 246148, 327378, 138645, 496439, 404650, 63875, 384356, 265377, 188860, 90075, 476003, 443700, 163115, 140690, 101326, 215153, 252132, 452138, 427007, 320058, 157876, 73101, 479340, 31112, 248575, 70146, 430747, 355345, 438794, 194689, 415113, 97643, 22091, 474366, 240751, 94585, 481049, 316893, 199540, 91484, 159831, 489153, 394917, 159007, 277684, 453440, 91264, 108821, 9051, 190235, 155885, 454871, 229024, 441496, 176825, 211434, 4397, 228070, 252876, 68523, 364681, 20165, 213003, 455007, 238364, 310748, 464531, 10992, 70224, 272841, 431938, 329738, 81173, 101559, 248870, 12275, 495511, 35474, 478288, 125383, 252978, 187179, 311211, 251533, 189331, 109651, 159745, 92403, 290388, 175552, 121470, 223074, 160709, 382568, 206663, 406534, 145416, 235679, 478850, 389118, 460320, 194667, 322711, 177259, 317293, 276603, 141995, 409273, 325466, 58193, 259508, 340128, 409723, 295188, 312789, 76804, 468796, 48230, 190630, 113033, 302818, 112990, 183108, 149363, 262028, 129120, 232576, 74281, 341976, 146180, 466292, 405779, 238708, 178858, 35050, 435132, 286686, 359372, 102839, 60002, 264134, 300164, 385268, 343969, 228568, 273461, 393287, 148411, 121435, 223230, 142764, 228814, 264832, 433993, 438209, 391361, 275497, 420344, 150626, 108484, 230487, 226746, 309270, 295152, 328149, 480109, 87411, 64925, 207727, 249031, 147437, 358689, 399085, 407138, 290868, 391416, 142306, 334380, 263358, 264623, 194781, 66187, 354949, 481388, 107871, 120055, 126505, 302492, 453930, 194211, 331255, 491523, 108600, 493022, 101864, 20876, 386188, 394744, 299156, 145203, 254149, 235992, 451926, 414222, 27187, 76968, 283507, 157020, 412826, 187116, 164022, 403238, 79764, 120956, 196937, 419992, 357896, 393763, 160592, 254559, 81602, 287369, 29481, 340858, 48096, 52099, 453824, 387304, 421680, 374965, 264558, 409093, 487972, 460899, 349185, 282483, 103316, 98132, 294315, 124428, 328593, 361165, 43190, 479166, 156226, 386380, 429404, 333422, 363929, 16698, 467513, 480023, 19370, 253332, 449181, 138434, 217990, 467518, 237583, 130105, 116781, 458560, 15509, 349146, 71427, 151538, 323709, 10090, 323224, 105233, 324139, 43011, 299754, 402579, 247439, 104024, 490760, 314151, 347962, 298117, 245684, 181348, 195177, 382002, 337797, 27043, 316286, 86920, 93868, 380185, 226644, 163979, 231768, 340546, 316720, 164847, 15737, 491557, 107179, 95355, 271613, 300442, 39381, 105408, 16556, 306572, 345952, 203927, 479439, 349390, 331729, 260546, 280354, 219333, 55719, 197943, 325719, 309202, 485469, 17831, 55130, 320757, 333482, 355166, 39152, 459650, 168311, 68458, 194413, 446469, 94961, 23045, 172623, 340550, 73940, 48617, 183393, 361916, 323985, 449983, 432475, 398346, 428183, 178864, 3908, 107766, 192161, 341385, 165999, 42856, 357518, 64465, 392620, 305030, 119791, 83821, 40681, 299719, 94022, 54502, 416412, 115577, 103527, 436834, 1117, 382331, 316082, 146997, 340875, 326805, 366327, 157953, 256, 123748, 389654, 109333, 462551, 324744, 102263, 83689, 158570, 456199, 68795, 447751, 450534, 334835, 2082, 7387, 434217, 242770, 344124, 194600, 254461, 315009, 486400, 269581, 220892, 13516, 93368, 330300, 464055, 322279, 83943, 82766, 130982, 99830, 479348, 446228, 208395, 329727, 39050, 381319, 450804, 275318, 183227, 333484, 62377, 178768, 161482, 308870, 419844, 54444, 156260, 249736, 33607, 305546, 154331, 32445, 155232, 347740, 117237, 158218, 301539, 208074, 427513, 376468, 339802, 324639, 357979, 491395, 376336, 163173, 234518, 429759, 370769, 8820, 153518, 337753, 128955, 397934, 469974, 337388, 175973, 88657, 241388, 23543, 438437, 335846, 41170, 418528, 223191, 360040, 471858, 65817, 252793, 402146, 435927, 208542, 173774, 33883, 486007, 493517, 31281, 160953, 438214, 31506, 287380, 101429, 17379, 452635, 459354, 241024, 218675, 310436, 44131, 139680, 245941, 237914, 142042, 94368, 486268, 408401, 363974, 328691, 363662, 234798, 229335, 382436, 86215, 353977, 214729, 113393, 65245, 2252, 485888, 295109, 246618, 214214, 206110, 470531, 345201, 497954, 394470, 209154, 42673, 447804, 287426, 101146, 436735, 407044, 217527, 318922, 100512, 177954, 353995, 251852, 296273, 346117, 400762, 448627, 377242, 342474, 493575, 107842, 263241, 281682, 413823, 55649, 91375, 72032, 130426, 172500, 290090, 438839, 473307, 437055, 40442, 284269, 263939, 416530, 108639, 178787, 222995, 305364, 99326, 327419, 23036, 483269, 67018, 300570, 271011, 68765, 399950, 346508, 203213, 198150, 385992, 326301, 381671, 327832, 395257, 63877, 265155, 244232, 212955, 146069, 354866, 431983, 82718, 386084, 397293, 187238, 118526, 168078, 373876, 108431, 160691, 225536, 310416, 412126, 223639, 464369, 488514, 492454, 4886, 209167, 364645, 404717, 492094, 354379, 105106, 57326, 37102, 71499, 445228, 198366, 100989, 338570, 23625, 366120, 49707, 38157, 441076, 436256, 101224, 243417, 461277, 347649, 272176, 173204, 479095, 173334, 209628, 393511, 425498, 25177, 10305, 61216, 81992, 302798, 374511, 405102, 295539, 238372, 155640, 479872, 345942, 432460, 451016, 162653, 395329, 110007, 497959, 320530, 369601, 159019, 467834, 586, 89907, 74716, 332041, 490933, 160753, 423163, 321401, 194407, 127803, 346945, 120754, 38648, 422005, 348229, 175934, 349307, 92952, 23807, 408890, 353821, 25622, 317730, 354755, 217, 65136, 210102, 173364, 321248, 230644, 158201, 361992, 8500, 137404, 253843, 488092, 346987, 318205, 196205, 358281, 42431, 49229, 213562, 299584, 86264, 473163, 133755, 463351, 496615, 199680, 277494, 382859, 347856, 218708, 423536, 296859, 465341, 132530, 376151, 20362, 34696, 482297, 327738, 393675, 14008, 78942, 233063, 388162, 419685, 242506, 357994, 223061, 6972, 349105, 141354, 318305, 73850, 182490, 213341, 184566, 112885, 479260, 246680, 194424, 391929, 249810, 131138, 39189, 251220, 288456, 460797, 251747, 208532, 99626, 422116, 294965, 19533, 337632, 451500, 246365, 158967, 424970, 62797, 287522, 307837, 171199, 47509, 153465, 486950, 469314, 346410, 331280, 274377, 338060, 176371, 467591, 429873, 347022, 204292, 147419, 436603, 92285, 374265, 43693, 123683, 266066, 4355, 300831, 268420, 25793, 251485, 48125, 464699, 261047, 159721, 222780, 141670, 344918, 89291, 205198, 123704, 486561, 459015, 99247, 34655, 167609, 425687, 180132, 498909, 233669, 408158, 462749, 67524, 39898, 2254, 274860, 45365, 389978, 461235, 399379, 201261, 161229, 42888, 155689, 322311, 178576, 68637, 14478, 399709, 292062, 159101, 486368, 310425, 460292, 198646, 451593, 52828, 495043, 406333, 240878, 220881, 392472, 471918, 307210, 60811, 277505, 322161, 18231, 127137, 427353, 327125, 105392, 371325, 234220, 355118, 66116, 325345, 26770, 398371, 414516, 124675, 60605, 375640, 276767, 294931, 279177, 332069, 384151, 21229, 11589, 483007, 139134, 11459, 149664, 89922, 327302, 378424, 105354, 8113, 225476, 427861, 372931, 302046, 335353, 250928, 179115, 455271, 110161, 251142, 34795, 249644, 473708, 292724, 127278, 298072, 40051, 467028, 46538, 391090, 253974, 59664, 432521, 464767, 389784, 279780, 74904, 10487, 150994, 391519, 222994, 68383, 194253, 446664, 291336, 397963, 2353, 361072, 382563, 456768, 431230, 13985, 297919, 143075, 6720, 416857, 225481, 471296, 85549, 175182, 418670, 410048, 64473, 386273, 24351, 119297, 21965, 2210, 491148, 448550, 239029, 2822, 416467, 464197, 54350, 116547, 87382, 493685, 243465, 416517, 385891, 161311, 391854, 216763, 479606, 40796, 162819, 144112, 62022, 347523, 477288, 411890, 326912, 246834, 240735, 32558, 129170, 157476, 71580, 490013, 21309, 65363, 225743, 331454, 34413, 188442, 185778, 115322, 51588, 110473, 62202, 165121, 224465, 499841, 50813, 22187, 311605, 18715, 303769, 365121, 260136, 347709, 266761, 135848, 319358, 84623, 229982, 412472, 180231, 106777, 451315, 365320, 411127, 208843, 265579, 29298, 333506, 393160, 383001, 393267, 403675, 367604, 96301, 380617, 390441, 319441, 491055, 450327, 15727, 400431, 440532, 96676, 31163, 310710, 201353, 376868, 399355, 395643, 271109, 482699, 286607, 130434, 217534, 7008, 109120, 217733, 337204, 136393, 19611, 20913, 61024, 80767, 412356, 223702, 7316, 59756, 416851, 326360, 446854, 370521, 29512, 255915, 203387, 227592, 351375, 81359, 102223, 285713, 51808, 95571, 216319, 86895, 417057, 421072, 210045, 306642, 157424, 330296, 34024, 497531, 254068, 221945, 380305, 273098, 414767, 188288, 434743, 460686, 405486, 313732, 420558, 155610, 399778, 308941, 471146, 23135, 192092, 45989, 354487, 424062, 12708, 345573, 203023, 16226, 91594, 98644, 221926, 198253, 243269, 265445, 154111, 462029, 132551, 39302, 8625, 467212, 405829, 195268, 112182, 152258, 242802, 313006, 326834, 229127, 246385, 432537, 53482, 185691, 431571, 483310, 258306, 191112, 135228, 472312, 78400, 485564, 55554, 403282, 81158, 311303, 94870, 382315, 483598, 78036, 127389, 120096, 268816, 277418, 149824, 208840, 234804, 179636, 488859, 312771, 360814, 44418, 318311, 207721, 442905, 233575, 322464, 183418, 53639, 173963, 309167, 83958, 3852, 239302, 340234, 472887, 358845, 137533, 246289, 195917, 176725, 255446, 31058, 448193, 264035, 430888, 314587, 272796, 177197, 301310, 460274, 394080, 182741, 91838, 487298, 496384, 437417, 319824, 421960, 20090, 176411, 475519, 394272, 392211, 158022, 76140, 421912, 193554, 170243, 329115, 278737, 274884, 431982, 228820, 478472, 374226, 298516, 180530, 442090, 110200, 101384, 272007, 176784, 46292, 499381, 361058, 202391, 203173, 273092, 223591, 431501, 388437, 481567, 256232, 406383, 453454, 418380, 127411, 444407, 446100, 409798, 310335, 289275, 193474, 209450, 193756, 123041, 418848, 123273, 388143, 189478, 423794, 168768, 414015, 2609, 464120, 396167, 194449, 61030, 215354, 96584, 112611, 160535, 14855, 386990, 118907, 11348, 491253, 8713, 261704, 373717, 54746, 304737, 143146, 475758, 492706, 276190, 17723, 427097, 234697, 451072, 213015, 262325, 225509, 315873, 40295, 150668, 449716, 254618, 203581, 399938, 138611, 223600, 178101, 171555, 187530, 394752, 342236, 135913, 203286, 122776, 347665, 193145, 243788, 444328, 137005, 133989, 278157, 307094, 3111, 242643, 349935, 233703, 399752, 310460, 443344, 128434, 85689, 101415, 391107, 33877, 186575, 499233, 475198, 470124, 345057, 290082, 432465, 178196, 32857, 304613, 178179, 261698, 139236, 432207, 389988, 322431, 169298, 469787, 23665, 360449, 185323, 88597, 164058, 407099, 495757, 121688, 496476, 470366, 28626, 112483, 84681, 306341, 281334, 10016, 72872, 150220, 127619, 488658, 273552, 22834, 328906, 138690, 40272, 351935, 473581, 221159, 449786, 136450, 259765, 362862, 190168, 452952, 246260, 370721, 79457, 415169, 231053, 356282, 10864, 65774, 11217, 169424, 137769, 460665, 357487, 226708, 493354, 272418, 410503, 127573, 345526, 259843, 94840, 106822, 423246, 36502, 23035, 350690, 197497, 123390, 80929, 402374, 36263, 209765, 317165, 22703, 462649, 313576, 475603, 268386, 338091, 200324, 158844, 139548, 439522, 84808, 354985, 201877, 402613, 84391, 68346, 289066, 119343, 198267, 379606, 360598, 245333, 464511, 267458, 249477, 192608, 443543, 181821, 290681, 280408, 345075, 99166, 422409, 154539, 495815, 168828, 55853, 211723, 438038, 326626, 449306, 177348, 206323, 6533, 181599, 351667, 288358, 149228, 253850, 389872, 242254, 324526, 191776, 188802, 286285, 453237, 452431, 131329, 245650, 377435, 189393, 381760, 498868, 75440, 269131, 370020, 42005, 62701, 81474, 401536, 228071, 124706, 430011, 294927, 9043, 367907, 456426, 125533, 387934, 370812, 208219, 70838, 279671, 37368, 426900, 403485, 264049, 13475, 194846, 102680, 287919, 444299, 89872, 163225, 85009, 394941, 34132, 18215, 436536, 495892, 93513, 55827, 210004, 275614, 377716, 212931, 131699, 114240, 132562, 6383, 445232, 151202, 352580, 26885, 94881, 320605, 348409, 258149, 387346, 240132, 52619, 448064, 173048, 313153, 203526, 448878, 51808, 200694, 300031, 359572, 172523, 246849, 341780, 170011, 164165, 136143, 26785, 207834, 377580, 291111, 498920, 14924, 451715, 53988, 454375, 469946, 207198, 25297, 435616, 447682, 258163, 343679, 314807, 213390, 175734, 40799, 240784, 443897, 374475, 228644, 263362, 127765, 303648, 42251, 116685, 479662, 129359, 97156, 430546, 73301, 323195, 102415, 280682, 421778, 419142, 696, 107344, 349944, 434401, 426869, 467817, 24278, 453199, 6820, 269776, 457202, 460002, 62517, 386946, 443040, 291525, 60137, 174069, 333546, 492545, 129557, 153607, 231125, 465901, 308769, 145918, 181263, 321609, 105148, 375911, 459145, 208633, 444993, 103870, 270086, 203228, 360648, 484176, 163289, 41923, 412008, 312841, 144365, 281719, 7571, 243744, 90395, 104358, 288191, 76089, 206929, 410973, 397223, 205745, 111591, 25961, 58352, 375035, 11723, 100025, 479544, 381827, 497579, 369799, 216158, 177767, 107592, 341134, 226165, 133140, 296315, 94612, 384840, 63888, 14276, 322079, 363505, 220717, 344104, 280050, 337524, 351991, 298198, 117408, 17543, 72555, 316169, 387979, 289488, 430744, 449669, 360208, 292308, 447736, 244912, 466073, 245364, 229323, 484415, 493995, 164790, 170906, 190912, 281741, 153729, 30224, 136376, 144995, 389820, 333424, 227193, 349859, 240741, 66806, 115609, 435306, 200260, 120822, 481448, 139180, 476600, 461384, 436605, 167602, 439571, 197315, 797, 135420, 301052, 31272, 482116, 119688, 93686, 261304, 306187, 453157, 110081, 109177, 383069, 370566, 215209, 194091, 225326, 64518, 183892, 218739, 14550, 463496, 123247, 295794, 281998, 30925, 176765, 268854, 346225, 16478, 184255, 325532, 207087, 191530, 141945, 132480, 117849, 297490, 103313, 68024, 64154, 480749, 379662, 272478, 149035, 318260, 289015, 276786, 143692, 331389, 285293, 404916, 231046, 155666, 487632, 406786, 219897, 55488, 5385, 309070, 493747, 282889, 268005, 384660, 436791, 97963, 339209, 87146, 25365, 473852, 410606, 93606, 113015, 211653, 155986, 237470, 308575, 155710, 336489, 434491, 409806, 197937, 290109, 252453, 247579, 70290, 455379, 279868, 16659, 171205, 494074, 273939, 465087, 308837, 463303, 263360, 444993, 455256, 78935, 473054, 231401, 48768, 442623, 192630, 320162, 401920, 370957, 98557, 419121, 1720, 252340, 446719, 137907, 351962, 108100, 19747, 179498, 295747, 402411, 387894, 77373, 76336, 54270, 114818, 497916, 123350, 9187, 51168, 237017, 19414, 339190, 279759, 459219, 258604, 115032, 43850, 231663, 116224, 454828, 266212, 145038, 45232, 171768, 192903, 379307, 379575, 144945, 127836, 133981, 315186, 5470, 297078, 192228, 491591, 326804, 346413, 60653, 32071, 355647, 262728, 11646, 458665, 383998, 22135, 487485, 29637, 376856, 260339, 317681, 379045, 208319, 457160, 29943, 85772, 43790, 67940, 356050, 62942, 419672, 39214, 224501, 297278, 108803, 360076, 165264, 355556, 141916, 212621, 204596, 225694, 468739, 126101, 236094, 39637, 284565, 309012, 58105, 247239, 115190, 55024, 360193, 60539, 323112, 480811, 20365, 3015, 292429, 36552, 32060, 474644, 420980, 322335, 20124, 208200, 362594, 344777, 471703, 252318, 218770, 102231, 443451, 282364, 459680, 434817, 302154, 104786, 22401, 455016, 169834, 385016, 181311, 186350, 375041, 245403, 412642, 264740, 387336, 30530, 206437, 479506, 492901, 159155, 355503, 419221, 304164, 400378, 201191, 43402, 84309, 439028, 243688, 241326, 307500, 290418, 458885, 4932, 190265, 129810, 253344, 349347, 367708, 340543, 4051, 139810, 456484, 28542, 277811, 378291, 381008, 214426, 12705, 342879, 159990, 20509, 390419, 57908, 344486, 351999, 444314, 438842, 90753, 322554, 440702, 293507, 174635, 360940, 401691, 253430, 72162, 137419, 228932, 437588, 154990, 372851, 29966, 412572, 414022, 156782, 454213, 476496, 227999, 483128, 256672, 235847, 187949, 463129, 54451, 272050, 319604, 136033, 368294, 481495, 412194, 304359, 354543, 163858, 153815, 84548, 464300, 488036, 463837, 409358, 496826, 406598, 18942, 134549, 130769, 56211, 282055, 324636, 131330, 105538, 167607, 181596, 459853, 111735, 171870, 77337, 15615, 177649, 441999, 225326, 77314, 329408, 33734, 158522, 456623, 470750, 376543, 278609, 55223, 260984, 7309, 115037, 386857, 410143, 481066, 363584, 316806, 216870, 21762, 57242, 490684, 291800, 316130, 114204, 84907, 172116, 290429, 241264, 63682, 148238, 367857, 233870, 346535, 263299, 118763, 216190, 289022, 196544, 369104, 71878, 381460, 193935, 121689, 211394, 301751, 297124, 282679, 318069, 335604, 131069, 356147, 272547, 338047, 185123, 471584, 496383, 416148, 206968, 142333, 59186, 462632, 161159, 143463, 54798, 125656, 387546, 223239, 281233, 498564, 482118, 495895, 175125, 343819, 337383, 482809, 373578, 166028, 139649, 463288, 362934, 393964, 209489, 70581, 497180, 161246, 101082, 46496, 237912, 244449, 169243, 474092, 109299, 427122, 18534, 248125, 102963, 251822, 228982, 300544, 404214, 128963, 43755, 370748, 33133, 483276, 151378, 74215, 3647, 49822, 457531, 235201, 318230, 151072, 150581, 290823, 109020, 283097, 57568, 349932, 99878, 227558, 381190, 423842, 494228, 486372, 273362, 490672, 176558, 148185, 482183, 157627, 137174, 218686, 168409, 185619, 123460, 253235, 494982, 217215, 318296, 288755, 145048, 87742, 483691, 11805, 468455, 444744, 22391, 239952, 151375, 390324, 494193, 391442, 259857, 478752, 92726, 390678, 197725, 80554, 284718, 240941, 479763, 210786, 123800, 304091, 111950, 73619, 41970, 373161, 176976, 274923, 67411, 44954, 443085, 448086, 318472, 295823, 392471, 34223, 446297, 145411, 252126, 487338, 24293, 376804, 164379, 193122, 190807, 170196, 221438, 201793, 14570, 252961, 462565, 302204, 66502, 272240, 341922, 319302, 193022, 299664, 455231, 175699, 284436, 37516, 308622, 475779, 128718, 89497, 290987, 112497, 285401, 433813, 188608, 80794, 24529, 275069, 167359, 444427, 70395, 442050, 249148, 60207, 363185, 20183, 316194, 248644, 371135, 319582, 10667, 180385, 430145, 88979, 327787, 261642, 481040, 378177, 339731, 164542, 244779, 416525, 266109, 460780, 54787, 203468, 438598, 157333, 52427, 497479, 42933, 116154, 272641, 468004, 205450, 204647, 33783, 106181, 107706, 283609, 138455, 86487, 255182, 193152, 451449, 317612, 184218, 408050, 483404, 389336, 450996, 215713, 35301, 499691, 127266, 498621, 391275, 419928, 484175, 273354, 171285, 487445, 317838, 59065, 367872, 46304, 155497, 416744, 423405, 199557, 355275, 189808, 227058, 202027, 218150, 235523, 188468, 397688, 364953, 131808, 288680, 204449, 38724, 382306, 222419, 328939, 155497, 172502, 331046, 185879, 65190, 237407, 446525, 497170, 330682, 15439, 355600, 461432, 413102, 178644, 82439, 78337, 109304, 435474, 18979, 309306, 86934, 252815, 438613, 53176, 456366, 173588, 172888, 127802, 212305, 287251, 110417, 161120, 116893, 484918, 395265, 352213, 437713, 412276, 188481, 208364, 300480, 297750, 280634, 120312, 335400, 387985, 118593, 172079, 311814, 311288, 167838, 291408, 3574, 24652, 474556, 399275, 270084, 339172, 7352, 376510, 127569, 347847, 72212, 476321, 44395, 29672, 195388, 223701, 284065, 443421, 27822, 430385, 199774, 358845, 389873, 306203, 315070, 150940, 265138, 156777, 382036, 216164, 267538, 367689, 237769, 43047, 413238, 328546, 467637, 131090, 351311, 317101, 316688, 407765, 289610, 72613, 374809, 7581, 316661, 246727, 365001, 475849, 73835, 14329, 366219, 188581, 490656, 489282, 353305, 429241, 483714, 167099, 423291, 106051, 39449, 213441, 448967, 370966, 397505, 182270, 315680, 114587, 453663, 411316, 106274, 377025, 442831, 253900, 440955, 163556, 308887, 319506, 231546, 401370, 114166, 187984, 499241, 411532, 51585, 68406, 181946, 376855, 30568, 297158, 285493, 251475, 32413, 344249, 36080, 68155, 265974, 94242, 485387, 36008, 326696, 26586, 385086, 171521, 289935, 148354, 138361, 402283, 176607, 263914, 101309, 257010, 388189, 137068, 311931, 279091, 415215, 205329, 256324, 225501, 125326, 3408, 312760, 392256, 273370, 156632, 323471, 48995, 486964, 299234, 455506, 145743, 183014, 199278, 102154, 272454, 157324, 120163, 82719, 215474, 173723, 170731, 279190, 275937, 450695, 67437, 325268, 22993, 9049, 322058, 485837, 81123, 84041, 133052, 389801, 5580, 456887, 32192, 372624, 290019, 138705, 260865, 438465, 12424, 192139, 154839, 496872, 391544, 449370, 485295, 151657, 185893, 168305, 461507, 215871, 122935, 455833, 328033, 116705, 499981, 161341, 271430, 26430, 298023, 418991, 243919, 78075, 103569, 193476, 128807, 324367, 387372, 462483, 447827, 449692, 245337, 91052, 424566, 203812, 32869, 276695, 150081, 456182, 181665, 251948, 73190, 40882, 281956, 205496, 375958, 433927, 245300, 432272, 145503, 71860, 173762, 436410, 27987, 352761, 118162, 123496, 261479, 119760, 379723, 183129, 347558, 270827, 408688, 85822, 167895, 46873, 386310, 434950, 92463, 226589, 434712, 213267, 70427, 412850, 147748, 314911, 466958, 175518, 311965, 330888, 90570, 114209, 323538, 254385, 109554, 466236, 164520, 80209, 75817, 168909, 168330, 493037, 38085, 79932, 449365, 497979, 32536, 68971, 440645, 162080, 416429, 51087, 249335, 94995, 402170, 320442, 485386, 13341, 129736, 326298, 499834, 82508, 249067, 308909, 130558, 289190, 407548, 273352, 256955, 379191, 41981, 212402, 487141, 69049, 473609, 444101, 75612, 371852, 391792, 182521, 208505, 487606, 214428, 253738, 493202, 172178, 321224, 402773, 74115, 36600, 127646, 118864, 241076, 436802, 469919, 71844, 279507, 336290, 279353, 96796, 70318, 120815, 153165, 25877, 332672, 121316, 363173, 404219, 188308, 286575, 343594, 180896, 122089, 181279, 95178, 262674, 10004, 453983, 58306, 329862, 349363, 345088, 64061, 134826, 175206, 375117, 434736, 202166, 214021, 415949, 311330, 490009, 295064, 414420, 42522, 325403, 496869, 223821, 342033, 1519, 404803, 456692, 282108, 332490, 499658, 337945, 404783, 483684, 243157, 219283, 166124, 241914, 396009, 98738, 63475, 150887, 311650, 36626, 314469, 211441, 10093, 376027, 74955, 315858, 405989, 324504, 318910, 443081, 226694, 128474, 402409, 181884, 56159, 237217, 341565, 110129, 276668, 470113, 416438, 120176, 172882, 453085, 424392, 94576, 80855, 325838, 113702, 493408, 64831, 140469, 123806, 468076, 136382, 286869, 220830, 393610, 92354, 298640, 255692, 442289, 259492, 4987, 347245, 443822, 38628, 217154, 472155, 330168, 459408, 273, 336129, 211386, 387221, 382038, 350918, 22112, 386037, 40345, 414420, 109782, 349744, 343516, 231326, 349245, 44591, 75820, 253294, 275830, 279153, 171926, 315076, 89393, 317384, 99282, 228296, 134775, 230706, 413149, 253694, 11884, 492675, 355123, 213999, 194741, 326639, 419992, 97034, 223508, 450130, 477038, 40566, 447253, 268125, 300404, 73842, 169206, 393049, 322351, 220267, 133733, 40059, 264605, 338544, 198947, 424442, 138426, 173157, 139986, 397147, 492474, 195377, 217486, 353669, 266844, 48007, 420386, 284868, 20582, 374797, 349881, 248675, 184961, 312400, 411818, 13096, 495607, 446305, 69063, 132706, 272085, 238717, 269678, 49381, 247123, 62970, 213598, 211967, 342667, 151915, 269871, 105058, 180922, 49104, 303300, 314607, 368010, 120701, 246855, 252715, 87935, 293307, 186778, 60311, 421810, 97775, 44738, 334947, 451242, 345237, 470307, 441952, 68145, 46758, 369008, 76091, 94408, 239816, 415988, 195049, 28998, 418842, 259377, 195659, 146767, 489792, 110826, 185962, 258364, 295262, 237663, 440502, 77183, 194343, 477904, 493771, 178999, 166220, 28923, 346116, 265446, 486085, 56471, 15129, 305230, 413127, 117954, 343710, 272075, 413585, 338604, 358995, 11032, 235857, 347979, 311304, 230347, 94697, 275171, 388636, 113908, 89433, 275052, 285931, 30142, 344275, 236950, 290331, 87633, 69956, 212033, 261029, 230323, 301720, 377749, 138664, 6688, 386226, 240750, 105036, 388259, 325470, 374637, 207676, 37346, 104739, 433563, 341961, 435947, 291682, 178606, 332464, 57643, 30906, 334269, 265375, 127869, 394411, 297781, 161822, 330318, 57808, 427769, 127108, 198188, 176824, 318228, 422526, 82104, 189918, 39647, 379606, 50247, 69210, 366004, 371883, 129575, 38091, 88012, 136852, 706, 74020, 150151, 76728, 94396, 247553, 72631, 83641, 344590, 470569, 213669, 4358, 288416, 191991, 301659, 129851, 13434, 254958, 22286, 185169, 191152, 300362, 303490, 395378, 167593, 66044, 358790, 85853, 352925, 163666, 102320, 322341, 154100, 254231, 426259, 205270, 355653, 387887, 73647, 56738, 213704, 71305, 65512, 492141, 103977, 61205, 155854, 473125, 158359, 185003, 216887, 363828, 243002, 43719, 27903, 486346, 65706, 13473, 195247, 102656, 390063, 499974, 454493, 272362, 317994, 364004, 438718, 254351, 127206, 86058, 440212, 346635, 498966, 64944, 262156, 487961, 457591, 448247, 88807, 473929, 288958, 463811, 343067, 156096, 447617, 452290, 497558, 206163, 345329, 497813, 88714, 378640, 467069, 316814, 221015, 38475, 65494, 120620, 188846, 303230, 165872, 169352, 124096, 173032, 90727, 40199, 72106, 308351, 111570, 101307, 238603, 496515, 357319, 475496, 326171, 194732, 290896, 60591, 261630, 440927, 349835, 245490, 330367, 205555, 367735, 155916, 451587, 348146, 89285, 390003, 321262, 288954, 334352, 295325, 462381, 281171, 141971, 83563, 304321, 396253, 269423, 259398, 265110, 169462, 150350, 237321, 173860, 58784, 472557, 200185, 386921, 123781, 240812, 153903, 163517, 140377, 224718, 257534, 454611, 325170, 337681, 458199, 484839, 160666, 156771, 349028, 474916, 437838, 363604, 450364, 295615, 394396, 297747, 139570, 38013, 358152, 274839, 79364, 454857, 466688, 460471, 96493, 488438, 291662, 418205, 183026, 8263, 337210, 50215, 356365, 28350, 458263, 82138, 7258, 373731, 410280, 417489, 122598, 422704, 262848, 173554, 495165, 248924, 65530, 290737, 349336, 382601, 402109, 374344, 135763, 202788, 72334, 75124, 168244, 330916, 66194, 418908, 99970, 125706, 106533, 416642, 71471, 6109, 69507, 242852, 115490, 472236, 384440, 287559, 317277, 64382, 2496, 266649, 267945, 469601, 127868, 373465, 499684, 247087, 198418, 432022, 47667, 76409, 395564, 123308, 109912, 232142, 90095, 333732, 124774, 359862, 86577, 120719, 483207, 259686, 284165, 421067, 438593, 229954, 404286, 185611, 103689, 399857, 450421, 145859, 126787, 446464, 8041, 10770, 495947, 202541, 245333, 273621, 488458, 203696, 305543, 348507, 434977, 388110, 34082, 477141, 307964, 482917, 158012, 119609, 176626, 51669, 70641, 457771, 200231, 242535, 73912, 339161, 266605, 115388, 310315, 416869, 439585, 195521, 391051, 215964, 135345, 280020, 186379, 59246, 456423, 179523, 371376, 30368, 183417, 132522, 54057, 253535, 270642, 194664, 254730, 318183, 386398, 221224, 84642, 8774, 433014, 430477, 458272, 160093, 328635, 31699, 3371, 130700, 384953, 195672, 452291, 255433, 76587, 12430, 85178, 121041, 271635, 145752, 160346, 396098, 112851, 8769, 439856, 42789, 229528, 29665, 358937, 79703, 287340, 155051, 43344, 76859, 237090, 342652, 296746, 472156, 50670, 311332, 92873, 376787, 258120, 400892, 231255, 269857, 191535, 496386, 147435, 238746, 290210, 161757, 181069, 50912, 109500, 404452, 22537, 412414, 161037, 245748, 236584, 128902, 207413, 398231, 128900, 139235, 454044, 293089, 46724, 17517, 259685, 221593, 54714, 476161, 297613, 445387, 179360, 93362, 392215, 217618, 344636, 80071, 395942, 146839, 177107, 454785, 358161, 72436, 314972, 179559, 61856, 417207, 2349, 153038, 359631, 338293, 475628, 319134, 308715, 198114, 321182, 365243, 349221, 90402, 415350, 443848, 77711, 145230, 26767, 362160, 438018, 405586, 236597, 376230, 449615, 311282, 105533, 256910, 371049, 438577, 32919, 288100, 427815, 34166, 479585, 104623, 177857, 459559, 410288, 392271, 186161, 103615, 166328, 468970, 320623, 325309, 347510, 774, 302261, 96380, 366450, 231046, 227779, 212012, 101719, 266465, 91140, 150565, 367637, 44865, 311941, 257648, 94303, 472682, 288318, 464091, 18686, 24763, 424654, 70669, 277793, 220889, 447596, 238086, 32912, 377700, 453923, 55122, 179334, 39322, 127912, 96579, 477395, 120864, 363860, 418994, 333733, 140099, 112422, 328302, 198922, 59415, 480455, 428175, 429849, 378282, 340364, 441733, 248881, 116406, 392088, 154357, 465494, 219351, 342958, 59344, 397081, 470793, 460607, 63789, 269886, 362327, 476408, 219637, 134716, 157885, 153248, 255128, 20504, 59058, 452369, 346799, 321157, 191865, 237616, 369358, 264608, 345823, 70121, 493498, 42343, 185337, 266053, 209170, 166073, 60463, 268460, 221740, 251089, 187366, 203915, 119221, 484522, 441830, 119565, 263507, 134201, 245581, 340163, 377096, 211759, 443664, 178781, 235770, 261207, 440841, 134735, 318003, 400039, 361503, 20602, 263870, 448925, 66734, 135438, 268494, 241623, 387382, 427462, 247727, 254165, 312978, 297793, 132432, 470166, 17192, 127429, 57544, 373209, 142679, 19575, 476083, 498655, 139565, 277922, 264588, 228837, 350630, 91360, 142676, 442480, 239949, 69157, 219227, 42200, 87628, 378108, 480455, 181178, 155093, 418193, 254025, 118765, 140077, 329596, 396724, 209379, 149729, 439631, 245600, 442226, 82481, 475197, 479493, 369961, 35249, 203985, 356901, 465124, 161858, 386120, 390721, 364801, 383052, 434982, 97674, 195081, 230183, 304765, 388439, 63847, 113244, 77998, 57372, 427734, 70332, 279666, 258360, 232567, 25386, 260995, 323771, 184141, 366837, 55609, 197138, 327133, 193487, 521, 480156, 396465, 262397, 224606, 440463, 426655, 360906, 166835, 327226, 489639, 392829, 466899, 307429, 75053, 380258, 441016, 105801, 334646, 27443, 82483, 375566, 405328, 453149, 201227, 275270, 261559, 69892, 68218, 413364, 378281, 156935, 48424, 221003, 145165, 450641, 195072, 433670, 67264, 462637, 400222, 388656, 312611, 91949, 350759, 385915, 101908, 330069, 137576, 348059, 163201, 253888, 291232, 71715, 193204, 391611, 171232, 449350, 226019, 33313, 380545, 412307, 324962, 177919, 438556, 201436, 288777, 266740, 459454, 8770, 26953, 207953, 319637, 186162, 39817, 123134, 228463, 463367, 419411, 255168, 225792, 456561, 229730, 76102, 169565, 279453, 28612, 279726, 460072, 251030, 81054, 471618, 145401, 203855, 114984, 311910, 51627, 182456, 177885, 8410, 451195, 66438, 270015, 310710, 161525, 199521, 167134, 343946, 488661, 100530, 458650, 3767, 346949, 411698, 406616, 462414, 490391, 200558, 28317, 296227, 175037, 108465, 155275, 415522, 253902, 187398, 152070, 227924, 435771, 206711, 281608, 236924, 369990, 53013, 302271, 295597, 349286, 65912, 168649, 333952, 83737, 120854, 405286, 247474, 20067, 353745, 346153, 111649, 418971, 382061, 376116, 87926, 212401, 73445, 68418, 374972, 93304, 111182, 122640, 53525, 344774, 438724, 62781, 253001, 215863, 208419, 377313, 418896, 118630, 280904, 55211, 445720, 229709, 272020, 96960, 417083, 490468, 346077, 101236, 489695, 227239, 124399, 289993, 325169, 226943, 232225, 33113, 265438, 112638, 281965, 375327, 246655, 284728, 225967, 26471, 203166, 212261, 474507, 430132, 31583, 189001, 284891, 274301, 497845, 265916, 169021, 98382, 267032, 269780, 348090, 405984, 329433, 24502, 297218, 457360, 187621, 392702, 195220, 206164, 419776, 196398, 399432, 296397, 253508, 404241, 157146, 276353, 185223, 234880, 388930, 128451, 183414, 250414, 485423, 33614, 19182, 275878, 442871, 488706, 321408, 129907, 449187, 210590, 301990, 38464, 439814, 237123, 275773, 251750, 384201, 19502, 474355, 459501, 484581, 74067, 40398, 197000, 340585, 413131, 24685, 159676, 133534, 392464, 358383, 213036, 324031, 300942, 257147, 261525, 142859, 94366, 3536, 354780, 43666, 251746, 296292, 45293, 365887, 264783, 268931, 298088, 99132, 194493, 170991, 293356, 217127, 286904, 446940, 429027, 223151, 126321, 462505, 367094, 334473, 9058, 181002, 376004, 124038, 432844, 216028, 70012, 110385, 58199, 60896, 431000, 15673, 62265, 13248, 1210, 392413, 319117, 227260, 306925, 4740, 415101, 459329, 441785, 283051, 169879, 194639, 467938, 494813, 230838, 203536, 223248, 65701, 2505, 362596, 296187, 283535, 823, 141388, 449209, 220258, 66122, 447352, 81579, 247479, 135410, 349847, 18559, 486797, 362547, 107083, 162923, 62135, 448793, 96665, 321250, 338447, 212607, 199804, 30149, 493815, 220895, 339634, 190447, 277048, 237558, 87021, 133310, 337636, 449169, 271214, 85, 84490, 109351, 429017, 475211, 421830, 238574, 134515, 22965, 282507, 432902, 262581, 85334, 97552, 351414, 403821, 347864, 16715, 408410, 3763, 390566, 313188, 110836, 54949, 252946, 367841, 359589, 308072, 478241, 284048, 284162, 339818, 137729, 229526, 83510, 490946, 94924, 228642, 164644, 106617, 458971, 299672, 244854, 347720, 52670, 235830, 62898, 276093, 190294, 282114, 255843, 43526, 59072, 359204, 368989, 188381, 267340, 376409, 337976, 232528, 91316, 340682, 111379, 100974, 140595, 160914, 406323, 226816, 74052, 455053, 28305, 209880, 272037, 311029, 265695, 18929, 221456, 343869, 196513, 439758, 355222, 104909, 197172, 370275, 343237, 356925, 410870, 382070, 434308, 462118, 172215, 487033, 353802, 94026, 213232, 304322, 16878, 101367, 68167, 368327, 413575, 324778, 130341, 42187, 433362, 4704, 474546, 146304, 89431, 335016, 159900, 271748, 59673, 384353, 485613, 196588, 384054, 308552, 262772, 346616, 130711, 219097, 232250, 227870, 58242, 170171, 118174, 467059, 54635, 54569, 29790, 433880, 13575, 63269, 43837, 461258, 137213, 106535, 475139, 200814, 423996, 305389, 266956, 163569, 158824, 246378, 478649, 404407, 193855, 61795, 73072, 66829, 182877, 20932, 41242, 65896, 164936, 414326, 182453, 127158, 25389, 413340, 428988, 1360, 284761, 332272, 77761, 146871, 397449, 29972, 248852, 288290, 397973, 33574, 448167, 385655, 194260, 460847, 398336, 207104, 461676, 498516, 207092, 53488, 155252, 2794, 108354, 316411, 380812, 246424, 436977, 105132, 247135, 283840, 49359, 53888, 524, 214600, 17703, 303465, 29652, 426336, 63121, 313588, 93819, 310104, 63068, 244449, 410413, 325609, 169119, 342292, 199961, 95704, 288853, 491465, 54096, 289487, 498380, 334602, 288546, 172152, 164534, 122409, 302905, 42634, 470029, 448003, 315070, 38609, 312377, 357223, 116914, 13429, 5193, 2484, 476184, 489583, 443241, 120722, 26240, 144475, 260810, 118316, 30146, 207800, 32062, 320836, 455259, 413363, 380045, 471703, 476418, 34759, 34262, 144938, 192468, 247221, 4810, 215566, 430969, 304352, 387872, 418213, 455730, 437358, 480247, 52476, 129650, 114760, 418389, 24611, 473670, 202884, 209327, 489218, 424095, 235807, 23410, 221505, 288386, 317478, 16124, 273400, 324291, 38053, 179771, 273541, 84661, 487130, 221660, 416097, 490175, 119412, 133760, 118032, 171872, 47326, 104599, 144756, 38180, 439689, 402422, 247917, 85091, 471992, 87365, 136487, 91214, 253356, 69762, 168951, 284066, 475065, 348737, 392715, 491572, 467414, 114219, 119035, 33156, 35548, 370955, 296388, 365650, 226601, 111535, 197748, 155710, 19589, 186434, 434541, 410675, 467919, 19253, 330747, 282240, 173546, 159072, 196690, 79280, 99208, 389845, 216963, 363855, 248478, 183134, 127584, 295253, 244777, 67711, 192589, 54494, 266067, 311559, 104088, 189376, 449253, 66230, 196231, 202298, 309569, 429349, 481697, 372178, 415355, 324087, 441943, 141958, 223752, 226641, 341370, 488607, 203991, 391603, 376532, 461803, 172511, 245090, 421598, 403892, 40088, 202280, 151852, 75691, 119873, 252169, 357644, 163565, 246988, 44392, 10954, 483735, 474330, 461331, 486768, 353463, 216389, 107636, 412049, 299612, 338741, 346936, 127137, 291714, 220900, 314513, 282964, 45345, 335985, 120160, 317373, 10513, 430244, 482964, 214884, 320248, 56910, 193781, 363951, 265846, 41860, 419621, 230379, 284718, 437186, 355236, 306884, 238058, 108105, 246201, 425677, 42096, 159558, 55485, 72240, 182014, 448484, 460329, 202365, 33782, 91176, 467227, 93030, 192649, 105596, 146421, 462737, 242117, 172445, 180990, 467407, 81084, 333383, 223021, 292795, 100898, 352913, 358283, 471644, 495898, 457760, 247311, 56116, 441718, 225037, 142799, 333845, 177418, 237920, 495747, 397924, 340934, 87406, 335482, 265480, 411172, 289013, 424079, 487380, 383102, 214094, 32228, 45892, 51704, 150806, 394089, 356994, 234500, 361735, 85965, 389683, 167673, 126413, 189571, 349385, 217805, 292741, 13440, 69881, 74022, 360804, 86037, 478483, 21632, 224018, 211091, 292331, 42745, 147058, 427345, 466792, 464919, 46412, 291312, 22579, 384850, 381440, 285841, 338444, 328367, 4644, 318723, 106230, 188465, 122920, 192871, 413153, 312730, 289677, 410686, 148732, 170846, 96994, 8323, 365995, 366212, 450796, 30030, 50160, 236124, 458951, 345853, 228687, 310614, 232200, 290603, 189984, 257810, 441538, 90613, 346029, 136028, 243884, 6285, 319859, 277448, 329083, 242037, 186030, 272422, 344854, 339880, 55722, 386628, 439206, 40425, 495773, 281610, 58501, 362765, 136415, 498462, 351428, 475551, 274541, 262610, 240651, 161454, 29210, 98325, 380087, 276834, 295799, 95419, 422661, 154317, 95399, 494070, 108241, 355807, 40012, 173316, 241747, 223392, 151816, 74303, 286206, 457483, 488794, 43780, 113803, 21287, 89760, 47503, 248868, 240839, 76965, 105949, 110368, 318542, 193378, 436399, 94455, 141314, 45559, 71543, 358402, 358909, 341202, 456421, 270219, 317373, 488380, 39544, 338126, 390814, 256366, 420076, 116225, 188574, 465166, 140325, 383093, 224563, 254510, 154345, 150606, 49823, 399842, 408442, 477986, 169396, 369031, 432932, 110449, 475535, 477261, 465946, 253874, 214123, 456825, 323845, 124663, 45706, 48639, 297971, 302662, 227092, 461710, 193031, 10678, 184656, 169117, 82520, 344158, 305679, 204705, 387594, 72298, 269928, 466403, 24613, 41996, 286727, 432842, 431145, 82992, 32684, 472294, 131382, 388120, 425349, 327493, 240691, 59706, 399200, 485330, 366340, 63604, 474732, 311802, 335441, 301135, 477898, 310021, 245629, 96074, 409861, 7830, 79571, 344922, 338938, 390197, 484586, 383976, 330883, 125957, 204628, 473071, 287719, 437707, 446622, 376755, 202739, 4371, 260041, 155654, 211075, 415043, 45684, 216405, 67432, 77457, 498734, 249514, 289658, 32520, 423562, 147219, 175663, 1495, 339873, 160949, 364851, 211769, 7467, 305493, 172535, 397845, 449763, 221001, 4542, 434196, 159019, 308064, 316681, 153544, 95802, 383027, 426581, 135772, 382662, 34907, 148679, 89322, 469447, 435430, 291987, 417940, 377661, 168895, 91940, 121016, 97560, 4775, 275920, 214983, 404436, 394144, 270456, 292230, 123113, 492537, 430961, 125989, 343572, 475855, 464012, 409386, 376004, 415437, 350294, 287014, 464347, 462569, 485239, 7644, 349205, 131907, 493091, 330732, 328194, 276185, 156390, 338755, 468093, 232430, 222203, 108803, 472926, 176209, 150742, 420730, 46235, 288479, 130213, 426197, 314457, 483679, 301665, 318457, 110623, 377393, 466487, 451893, 162532, 81310, 67, 470857, 414728, 437213, 358695, 196712, 113458, 20219, 84142, 429763, 369102, 221111, 159133, 333547, 477229, 180070, 237581, 107640, 448713, 326276, 493365, 436263, 144407, 121314, 246888, 312520, 250195, 105378, 445607, 110423, 1544, 16677, 53927, 364565, 197460, 359886, 496870, 231624, 325759, 201386, 24455, 303949, 107870, 109598, 157040, 387533, 145200, 274282, 327238, 262969, 382820, 21601, 423679, 101400, 44319, 301678, 499283, 49951, 498966, 59186, 380001, 185609, 52286, 187132, 251754, 223781, 169257, 436171, 358892, 273565, 143489, 185141, 499416, 211249, 137023, 199641, 322768, 349110, 184396, 417224, 240231, 490956, 117965, 290759, 447139, 190182, 173871, 56783, 22136, 75628, 394379, 254296, 278531, 301903, 295197, 473383, 236671, 395626, 88127, 448702, 350917, 185887, 143893, 11951, 241343, 304918, 164852, 426726, 95367, 126695, 15609, 201807, 323078, 418464, 237525, 72821, 432442, 427594, 407498, 122378, 227071, 173704, 432190, 145608, 200403, 412823, 290820, 403161, 311906, 91144, 402462, 463395, 143252, 490012, 167261, 226678, 106583, 211960, 4714, 136814, 334599, 128795, 351510, 196577, 75176, 333085, 452900, 370151, 56092, 316979, 294394, 135187, 85895, 488184, 302225, 407341, 489445, 197084, 88722, 404611, 172292, 58408, 174610, 39538, 83450, 35638, 248334, 113262, 94225, 373578, 472905, 118219, 175687, 393128, 468657, 274872, 335621, 149083, 144008, 337376, 120412, 116391, 199185, 384956, 188780, 56071, 158624, 87850, 175769, 23243, 270530, 42711, 472849, 203080, 405598, 361017, 131548, 446903, 146817, 353048, 455422, 94307, 160846, 107762, 295264, 399816, 188127, 372992, 392060, 406849, 50667, 31388, 250770, 122426, 181634, 186389, 354520, 137632, 37754, 230533, 151129, 294316, 422559, 43727, 327264, 453249, 131521, 107838, 1282, 366323, 478713, 191416, 261282, 375443, 361290, 410297, 359844, 211916, 77528, 127197, 377277, 281577, 383340, 343889, 83421, 154570, 190527, 495679, 36375, 409490, 311474, 471468, 341089, 44682, 106817, 57644, 208772, 493721, 140298, 220404, 476612, 50945, 125506, 113615, 168703, 159667, 83420, 220748, 430252, 410617, 83358, 372893, 161272, 83694, 113246, 190757, 218910, 29910, 210792, 450020, 178303, 484733, 463080, 226657, 200399, 494878, 433061, 85027, 443172, 492390, 142820, 32116, 208980, 193347, 63276, 105078, 306648, 106976, 212239, 208844, 438675, 472800, 339037, 345942, 322903, 300871, 50741, 394459, 99527, 95335, 372468, 426586, 430211, 294508, 225948, 346540, 71643, 314556, 403539, 375094, 248646, 45708, 466251, 94773, 404486, 130275, 68175, 208978, 24091, 106733, 219199, 264033, 457199, 183427, 22557, 206388, 127239, 231717, 313204, 285849, 209302, 152184, 49365, 446077, 6128, 317203, 495114, 23992, 174675, 152067, 404557, 162174, 54818, 250620, 296945, 261749, 123719, 362606, 461641, 276264, 146814, 496795, 341471, 15164, 158287, 142746, 158280, 149568, 169620, 379701, 244554, 372129, 382976, 66487, 394641, 96374, 12312, 292105, 76204, 372483, 433729, 171878, 111414, 208513, 181241, 189380, 66956, 306363, 464591, 301359, 280171, 314299, 135076, 73692, 140558, 293794, 196393, 393658, 132483, 353729, 185851, 271345, 400967, 3709, 22356, 364226, 389875, 406546, 356257, 341755, 255192, 403442, 396698, 457241, 265574, 453798, 327377, 55267, 110278, 268669, 258866, 125161, 111843, 322589, 163762, 414281, 115238, 149690, 278263, 458525, 266860, 369639, 90611, 337448, 46506, 203064, 484608, 77627, 116848, 223151, 151372, 159073, 449853, 282985, 58424, 321860, 259144, 413124, 73589, 209938, 155116, 239798, 342833, 278553, 126305, 97584, 37475, 335249, 350251, 172005, 89295, 95665, 306458, 203626, 435187, 151414, 76279, 70248, 181343, 310475, 48025, 490716, 145702, 372656, 178802, 12573, 391893, 298436, 154182, 301788, 180833, 339192, 216435, 94753, 498298, 113483, 240930, 460016, 68016, 489958, 333465, 167524, 425109, 158634, 178176, 220323, 224427, 246498, 67728, 134936, 140086, 453968, 183253, 416296, 175140, 496199, 415219, 361814, 318288, 417896, 245457, 225527, 139878, 367176, 484031, 97508, 246547, 131469, 49919, 416648, 93079, 498633, 9764, 68705, 373436, 299004, 9037, 240428, 378195, 378673, 348684, 147076, 170284, 58689, 292289, 179278, 373897, 371616, 345327, 417873, 491495, 113005, 160168, 24567, 230263, 212196, 358145, 372553, 63973, 125857, 138810, 136437, 229389, 460788, 91205, 333656, 73155, 228039, 419056, 76240, 249955, 435233, 331113, 280002, 419892, 367759, 482032, 327647, 367017, 32470, 420634, 452303, 222288, 253256, 214002, 277235, 338469, 406776, 310189, 143295, 299298, 441612, 222733, 331229, 45420, 258430, 170911, 167126, 96471, 136690, 287074, 476250, 306512, 389005, 390436, 229880, 217082, 424598, 493285, 498474, 432014, 446642, 20536, 170185, 324102, 338919, 190218, 378185, 199359, 465898, 254330, 263136, 47197, 1575, 442288, 336648, 490916, 479882, 191791, 53342, 426318, 382170, 125647, 201817, 290976, 3079, 296532, 136292, 68067, 101661, 171801, 207858, 214735, 251348, 134118, 102353, 279069, 415214, 50519, 315120, 216750, 155986, 313058, 326478, 267573, 490114, 50024, 75014, 297960, 151082, 28237, 190007, 393138, 112966, 253212, 248956, 95651, 185847, 98532, 35311, 393098, 220417, 461573, 225559, 482350, 278705, 371778, 45865, 382836, 77431, 473169, 451895, 237103, 391019, 453935, 254980, 11478, 354474, 109976, 93114, 243626, 483142, 213402, 273605, 477692, 467698, 118611, 189866, 131895, 244491, 235884, 129653, 310338, 75677, 492300, 437035, 56213, 44035, 404651, 211920, 291816, 478079, 479544, 386686, 465909, 72234, 102695, 222524, 450099, 58548, 107632, 394481, 179404, 144927, 315130, 294964, 313626, 378343, 52992, 360928, 345403, 255521, 368583, 471142, 214894, 383432, 244476, 461820, 42417, 276351, 456359, 66412, 261695, 12643, 354216, 403965, 455487, 351893, 87412, 64574, 71917, 332367, 75270, 278930, 277429, 131522, 270503, 97626, 336381, 145181, 449637, 99439, 78266, 416222, 317546, 260716, 239604, 391456, 477960, 62512, 496715, 412080, 35832, 161514, 27134, 39344, 441198, 300600, 71648, 39875, 354155, 418257, 182177, 432226, 392541, 283883, 292830, 23302, 411179, 126091, 329948, 24974, 322290, 300219, 396628, 139110, 309539, 48542, 468440, 150276, 180863, 58238, 430184, 228640, 217472, 463750, 186455, 370217, 462404, 139599, 232766, 385540, 99912, 10739, 154033, 317018, 309294, 150563, 446822, 443338, 417791, 40305, 32973, 89631, 164434, 428767, 467736, 450781, 147758, 402343, 196476, 45315, 499334, 364393, 432858, 26695, 361888, 48556, 262189, 131280, 425689, 399909, 125033, 256945, 96147, 234188, 172990, 42, 351042, 437430, 162072, 265766, 306930, 42010, 89789, 99238, 485180, 311753, 27289, 193006, 208233, 314942, 449479, 331478, 400479, 416535, 460685, 36018, 334900, 341367, 106449, 367639, 318994, 358122, 433012, 150322, 410831, 385141, 324118, 347531, 307286, 314514, 107214, 304913, 320693, 90524, 474733, 185606, 316288, 340325, 32511, 32380, 160999, 335964, 202083, 446320, 5719, 216126, 138034, 195592, 100833, 213236, 219688, 468367, 123727, 366451, 376946, 248527, 439810, 380818, 444238, 66464, 490932, 431358, 361125, 98900, 440240, 342321, 468216, 295206, 423912, 418801, 298276, 240730, 95802, 241393, 376583, 314732, 421558, 216100, 239317, 280172, 361236, 33144, 272104, 246970, 37227, 112174, 133485, 365022, 233618, 105955, 229666, 261504, 134486, 71048, 212851, 365726, 124009, 424223, 274458, 430638, 113482, 362144, 306127, 59735, 72386, 21999, 162248, 163957, 115056, 273294, 415867, 284555, 191244, 35960, 205185, 489042, 56036, 330861, 492947, 499905, 109019, 19313, 358826, 190818, 212893, 144668, 328901, 19331, 108527, 55256, 209121, 28192, 388650, 235909, 389703, 141299, 238568, 248289, 417851, 230072, 384572, 260915, 449655, 275722, 453945, 364674, 464501, 104188, 415465, 62828, 344682, 235664, 440289, 104232, 276524, 387516, 121613, 334185, 315047, 185132, 165516, 498294, 370673, 177801, 475941, 60976, 140345, 206143, 322383, 424153, 406221, 165833, 359796, 293119, 426322, 128406, 663, 136637, 154923, 313522, 192814, 63381, 47605, 397576, 159108, 396434, 73905, 363405, 474418, 348797, 359756, 111527, 229871, 302657, 409492, 129693, 277932, 280010, 179942, 381852, 280186, 183615, 422645, 376768, 352608, 247968, 335555, 150922, 19138, 41539, 186705, 454087, 126695, 174287, 130602, 269798, 118148, 422097, 427654, 268162, 441248, 435710, 64927, 427506, 59723, 33863, 345635, 343424, 235233, 284520, 128327, 214441, 260601, 364714, 244404, 366634, 497463, 35170, 96667, 493957, 291282, 37488, 303199, 825, 180957, 464699, 109516, 294247, 233278, 279039, 325921, 457266, 487340, 292765, 202470, 128360, 174411, 462156, 468152, 23460, 465495, 459354, 30518, 62375, 350555, 84370, 121574, 322511, 272554, 214891, 414311, 158512, 329279, 324596, 319380, 483566, 281576, 143600, 17868, 463346, 376581, 122454, 202154, 290188, 9766, 238537, 267257, 122823, 305022, 274254, 158495, 148696, 451450, 32854, 304034, 367395, 98387, 386056, 1762, 185136, 177713, 202003, 170189, 174575, 189582, 37289, 210920, 22478, 255374, 419755, 282809, 277251, 488441, 233679, 442262, 475982, 297755, 490793, 182439, 47207, 422026, 472806, 29826, 14780, 75742, 174913, 137027, 445232, 175227, 423134, 49410, 88053, 183875, 362255, 300436, 153666, 104142, 44449, 252461, 467214, 218956, 255154, 429838, 392318, 414771, 329531, 106455, 382996, 448168, 224070, 230680, 27348, 367618, 157543, 109473, 277964, 324865, 491440, 346876, 176073, 182419, 282779, 2313, 9612, 265920, 450157, 339402, 386548, 243286, 480875, 435420, 394642, 464958, 287122, 485508, 475798, 309765, 360968, 214543, 419902, 202949, 454568, 381132, 247613, 452046, 345102, 371305, 48131, 292102, 459772, 414915, 150450, 297070, 17120, 496691, 318593, 21636, 93356, 57758, 289942, 175132, 335073, 376649, 270778, 211787, 100437, 153647, 351674, 447102, 88191, 81284, 494614, 311855, 293409, 341413, 70716, 288347, 485526, 487840, 2443, 218628, 150336, 429410, 431320, 302275, 329268, 66412, 160002, 215161, 106757, 451860, 85337, 200783, 12715, 114770, 123464, 134272, 282210, 298028, 367652, 5313, 415509, 280836, 317526, 269218, 221267, 341421, 405366, 350227, 332896, 296201, 86838, 58323, 475598, 195979, 22834, 251090, 246393, 451828, 419304, 25884, 96860, 365040, 327793, 328770, 293649, 175015, 440989, 147322, 93481, 350690, 212571, 113871, 305607, 117283, 490786, 361688, 43433, 12884, 102139, 227320, 322091, 176564, 299192, 220069, 238066, 370488, 427394, 140324, 285582, 64902, 110120, 72369, 113701, 330609, 446054, 102055, 19149, 210961, 493843, 427238, 168912, 47266, 130388, 413443, 392155, 452578, 408283, 17119, 479251, 476465, 113303, 434782, 409555, 186119, 130140, 436505, 276810, 113694, 383768, 271969, 375309, 444946, 257822, 490868, 56483, 292122, 440741, 318327, 102638, 64502, 468232, 217151, 458430, 250393, 202167, 388463, 399535, 261112, 262856, 451522, 79495, 326526, 367537, 304271, 239102, 434828, 474103, 406929, 93107, 412151, 207958, 339954, 86452, 433777, 116723, 127906, 231332, 469701, 381105, 364664, 79102, 111834, 4791, 311899, 131620, 299962, 427716, 290875, 486662, 256499, 4338, 279165, 492151, 360173, 451118, 237497, 42632, 404600, 454953, 86576, 330401, 47767, 399898, 218077, 339254, 359335, 465617, 499863, 315894, 342440, 62316, 197000, 205463, 57612, 19247, 396786, 24931, 255108, 317582, 388954, 475516, 6813, 253058, 96085, 360783, 497552, 138243, 61756, 412605, 298643, 240277, 490869, 476410, 161062, 141365, 424021, 171870, 115638, 116368, 69025, 75494, 169449, 37753, 125170, 393885, 404566, 352852, 137793, 362220, 286785, 77354, 77686, 335911, 24752, 344979, 265357, 100725, 156842, 283220, 293878, 11680, 87124, 360047, 358740, 432609, 464770, 476457, 475013, 212562, 430076, 32046, 412364, 364871, 361589, 415383, 394879, 292750, 283328, 263420, 41448, 274107, 333640, 14915, 259902, 366838, 95966, 491523, 399941, 4819, 48475, 62224, 217834, 404681, 404879, 237088, 44434, 46314, 368433, 26097, 351700, 51400, 360056, 158159, 465732, 401268, 131192, 361214, 331485, 47524, 44050, 88572, 310131, 336958, 284838, 279146, 5133, 258727, 436766, 185521, 172863, 79725, 324498, 304606, 197350, 216490, 187996, 368186, 15891, 327426, 325788, 70455, 249483, 284564, 327625, 158951, 259182, 346840, 223422, 192957, 414910, 488234, 19959, 121450, 225015, 58888, 328588, 258300, 239538, 29037, 445677, 143276, 407212, 231819, 247779, 310334, 380453, 99399, 93814, 427839, 185897, 434328, 458024, 169597, 269107, 202792, 290902, 237942, 442555, 276256, 38460, 349535, 333949, 91332, 283111, 66615, 450871, 393033, 189328, 278587, 494552, 319166, 236843, 232229, 439447, 90074, 297537, 468060, 79805, 307401, 259733, 56690, 412832, 318258, 201224, 485520, 115443, 383566, 455926, 339837, 150122, 408965, 227986, 248515, 252760, 272817, 287202, 131013, 384921, 450516, 383848, 237698, 411187, 364411, 175924, 267573, 106349, 401178, 7383, 202072, 433346, 109421, 410542, 228051, 9621, 489, 418866, 452012, 338370, 206522, 9816, 339515, 45409, 225627, 10957, 10301, 132174, 110866, 249538, 114622, 313031, 89955, 272552, 209753, 118371, 19388, 216003, 202483, 32229, 223711, 320108, 280711, 385991, 458123, 120407, 272823, 193009, 473504, 115065, 122011, 371100, 72782, 387762, 398490, 103678, 150321, 162628, 148604, 7946, 421237, 96712, 10709, 176987, 54284, 299925, 334004, 324787, 394081, 317517, 343886, 166663, 298387, 160433, 264358, 35181, 179190, 10536, 188813, 465078, 109632, 70395, 359406, 419213, 106441, 283584, 86036, 404231, 230558, 78082, 187088, 140803, 31639, 489101, 53543, 374507, 337674, 350624, 52456, 155498, 115823, 93042, 461445, 38039, 69180, 143427, 211994, 378770, 275770, 344194, 59194, 385533, 449713, 269822, 188380, 488203, 417586, 493594, 259043, 113639, 130217, 209921, 296072, 147074, 85373, 246009, 450436, 52678, 311419, 277156, 113817, 311086, 274103, 202971, 248936, 466291, 88232, 468332, 182423, 267495, 68599, 82316, 28982, 395180, 401037, 434984, 295356, 308420, 415384, 149902, 418521, 41719, 445849, 241707, 265828, 85641, 241215, 42889, 389418, 391383, 196656, 458459, 425897, 58765, 426475, 259957, 108751, 429123, 473650, 362866, 427582, 452505, 135178, 324783, 319423, 326409, 454824, 342102, 62928, 86168, 350470, 481196, 308385, 248869, 312999, 124389, 383327, 357396, 193547, 34534, 133150, 168223, 330292, 341999, 399520, 340251, 352432, 338153, 383795, 189588, 36985, 122742, 160129, 499761, 294788, 270982, 426148, 298510, 254274, 221481, 309994, 345634, 2178, 90151, 84139, 128135, 67793, 490365, 13494, 435188, 389445, 165944, 165853, 198747, 164643, 99873, 479814, 342520, 294884, 420637, 22618, 309693, 187707, 61661, 7829, 144324, 441170, 193655, 142915, 394269, 233323, 132611, 482471, 409221, 62334, 251771, 349741, 230762, 239915, 39074, 330474, 339222, 359578, 212928, 353942, 316367, 146543, 359847, 223510, 302185, 6086, 227205, 482113, 317201, 351070, 224270, 43328, 288221, 273685, 238312, 469853, 92425, 455548, 169893, 341555, 367087, 325431, 269362, 298807, 43961, 82574, 275903, 108364, 290428, 54621, 12082, 365727, 235380, 114227, 354282, 140977, 491100, 438929, 275526, 156839, 320439, 231753, 85051, 165934, 51721, 146909, 117191, 263362, 157782, 93506, 359139, 209342, 375016, 491148, 114454, 10856, 235372, 284308, 417220, 108497, 235891, 42250, 153652, 206033, 245615, 196684, 256368, 64070, 195901, 455283, 290997, 142959, 265376, 176265, 7116, 335, 110662, 18831, 249453, 148700, 376271, 229050, 111666, 465020, 82120, 1142, 307551, 39643, 282482, 420683, 270401, 327768, 110089, 358097, 77110, 148491, 161069, 484637, 72671, 464233, 209750, 178319, 61995, 382572, 222996, 323315, 224860, 392025, 180177, 25656, 187833, 24148, 408900, 265032, 393468, 161496, 420709, 319437, 218998, 61208, 462103, 74227, 164962, 332410, 284348, 247508, 90898, 373179, 263419, 185052, 13677, 119175, 63083, 194170, 175465, 199505, 406913, 141580, 258519, 126967, 67324, 341667, 478421, 287109, 452009, 154021, 19902, 214020, 210566, 39624, 177059, 154822, 321424, 55027, 122856, 408652, 40707, 285795, 414023, 474594, 357695, 56664, 281433, 285649, 490347, 459409, 473376, 438360, 316367, 24528, 42635, 227973, 246005, 307390, 105695, 253732, 418927, 284148, 481039, 188485, 426977, 123486, 324572, 137543, 247485, 231737, 233434, 359656, 262724, 494825, 436636, 415546, 294586, 286290, 119344, 316904, 462433, 217788, 31835, 208395, 123565, 93906, 377655, 91536, 36895, 90864, 17086, 278890, 171177, 426132, 461759, 227368, 158159, 267977, 162125, 169682, 93484, 222547, 69247, 380531, 472639, 353075, 305326, 472570, 103251, 1888, 311239, 400644, 342096, 72183, 135672, 274925, 41681, 245441, 23939, 443840, 72319, 407360, 170014, 260275, 294929, 170124, 129195, 191346, 179224, 176579, 40351, 104829, 276786, 456831, 33870, 176416, 224972, 481194, 377366, 432676, 171716, 180539, 57445, 464454, 42210, 455421, 353936, 159511, 381414, 117934, 40321, 426053, 98810, 498857, 416855, 499251, 71678, 471137, 320778, 155439, 259585, 357495, 124969, 161727, 51998, 369744, 296821, 413011, 193270, 230711, 395391, 337040, 328119, 252428, 247585, 65576, 189984, 300771, 111180, 102411, 208960, 445065, 460754, 123317, 491690, 12863, 71207, 261080, 76160, 302657, 396121, 114352, 278277, 63988, 477506, 92638, 378224, 267346, 117008, 401595, 122064, 441218, 360361, 131599, 402514, 461309, 250211, 47527, 111019, 207055, 115576, 298117, 216053, 305595, 25741, 25598, 407568, 396843, 40622, 354803, 319850, 205516, 378630, 9692, 380071, 124362, 266224, 291772, 214155, 417622, 223321, 141395, 47098, 243684, 166988, 327751, 394767, 302133, 287826, 205008, 218444, 61567, 72896, 499123, 111911, 278357, 7485, 115434, 455303, 100112, 274937, 141913, 220687, 430726, 481386, 274936, 135689, 469760, 206195, 71097, 203093, 343259, 444590, 191614, 424022, 444446, 341875, 353819, 146856, 383305, 70159, 381433, 88775, 133896, 170608, 27683, 435360, 134856, 464087, 338095, 23823, 215136, 115284, 445664, 391262, 53717, 481389, 117216, 116174, 417810, 380534, 91544, 364244, 384378, 78682, 159540, 147584, 376632, 66918, 289354, 323757, 473903, 69285, 361537, 292859, 400466, 265364, 427784, 224930, 124923, 450158, 97955, 9384, 82704, 270653, 17900, 19105, 86289, 224202, 183705, 56745, 220277, 482459, 80536, 436867, 271251, 378219, 46433, 275599, 250892, 320269, 314271, 426846, 382275, 408543, 52191, 410419, 431939, 200202, 264360, 123074, 358253, 201354, 450749, 153718, 149521, 353073, 246022, 111664, 119546, 361630, 451003, 28988, 402699, 482857, 202080, 327656, 283514, 2064, 114796, 484978, 259700, 296636, 109671, 381516, 356501, 246157, 178385, 210416, 473790, 385900, 314193, 188144, 328131, 494332, 312400, 322524, 161029, 39328, 194632, 484216, 325103, 416801, 394093, 182473, 149499, 55769, 43796, 13220, 429983, 263261, 27611, 24088, 450599, 137240, 197115, 379511, 428228, 114408, 133792, 405822, 454787, 55964, 378988, 210763, 470400, 167482, 191493, 71327, 156313, 430165, 173985, 316816, 112670, 416946, 471286, 37939, 257865, 364983, 471082, 486895, 471499, 453434, 387354, 315853, 262670, 495022, 359771, 481175, 281391, 436856, 223392, 371613, 302445, 174062, 151908, 259224, 409810, 430544, 156404, 419090, 201787, 230925, 30065, 235538, 393709, 410174, 403489, 271597, 88621, 394239, 184055, 380910, 474532, 83843, 372520, 108833, 275097, 443170, 385088, 314890, 141817, 78193, 439465, 248330, 386408, 73516, 258770, 378091, 211223, 441513, 59411, 138779, 326796, 458341, 108329, 395916, 332722, 493787, 437117, 197745, 150685, 76614, 225194, 359824, 369701, 276146, 403182, 391078, 112269, 333572, 178622, 371077, 69861, 3508, 314374, 359912, 197830, 186455, 129012, 273938, 477030, 27005, 100626, 303867, 336741, 441352, 150411, 228993, 218438, 373259, 236447, 295023, 80933, 78213, 152868, 447856, 336529, 265899, 91265, 283787, 220913, 353541, 118249, 434465, 22965, 324676, 254891, 185760, 379867, 229878, 75910, 381325, 36887, 158204, 366561, 410113, 494504, 317279, 196418, 9565, 449711, 143481, 47764, 69379, 38574, 378890, 358579, 138665, 80997, 437157, 343554, 209811, 64326, 359595, 315747, 106278, 250931, 396706, 334255, 246209, 78978, 422285, 46638, 317010, 244929, 406604, 448004, 249361, 206957, 133385, 462741, 6935, 300622, 379735, 192033, 302242, 72967, 229703, 245982, 17973, 405778, 297618, 67750, 121786, 79174, 271507, 239913, 330674, 109431, 431630, 374857, 255158, 317713, 80427, 201975, 480498, 151803, 479313, 459966, 121895, 128166, 453457, 329552, 337922, 388869, 467172, 463397, 228580, 483891, 79916, 135053, 352085, 189059, 6597, 387595, 463987, 499589, 65338, 182062, 31439, 246993, 395907, 413754, 221274, 436398, 334275, 451248, 402936, 132475, 138562, 220671, 123649, 469715, 342637, 487812, 310220, 192048, 65623, 140901, 228183, 329929, 57632, 221728, 293336, 57090, 402755, 108562, 114261, 3976, 123293, 75187, 3459, 124583, 165200, 357619, 448589, 343903, 391547, 397646, 115246, 47179, 421035, 108163, 255811, 91639, 332310, 320669, 29446, 187821, 289886, 372908, 88669, 240625, 280906, 410348, 448533, 374820, 200122, 220959, 166907, 344355, 431996, 472568, 296687, 393857, 220656, 303785, 230582, 164546, 487164, 411591, 297544, 99001, 185921, 80044, 84434, 473321, 27603, 498790, 13232, 496923, 239606, 158508, 289785, 262430, 206449, 270248, 165744, 22046, 86315, 356699, 307258, 307591, 350388, 356442, 240179, 302903, 149835, 437661, 351694, 109390, 387608, 412061, 344436, 200222, 207481, 79853, 233616, 240604, 112713, 66558, 454572, 80278, 238940, 433881, 360024, 463468, 24002, 372813, 143414, 76124, 447107, 92612, 14684, 436249, 146202, 365960, 12821, 349660, 75901, 157411, 160847, 405751, 8422, 265193, 392390, 131020, 400364, 64738, 210103, 133923, 132747, 313797, 355178, 135004, 277985, 120046, 204357, 384271, 341550, 361508, 115906, 315423, 292855, 4710, 360627, 129365, 320091, 67527, 368128, 58820, 355812, 75487, 52995, 359846, 464584, 110781, 271275, 303328, 292468, 158816, 93448, 205356, 236719, 371675, 298961, 491810, 200638, 311737, 249173, 290353, 434217, 446121, 439941, 199323, 275081, 404708, 154307, 429057, 355917, 316120, 127554, 157890, 433622, 257758, 13593, 182480, 355299, 312364, 95936, 104791, 117862, 140412, 176541, 119677, 221458, 15124, 134735, 383387, 45879, 95208, 339257, 81382, 169292, 184951, 104271, 117531, 360044, 111959, 343579, 203933, 163864, 175465, 497283, 203693, 38925, 273740, 215914, 223802, 189674, 30141, 338858, 104531, 464855, 142508, 456119, 467038, 334590, 157344, 412427, 304841, 191591, 63508, 97741, 53495, 187991, 183042, 30446, 190951, 308278, 247114, 31544, 458106, 311703, 168925, 161743, 134997, 337095, 407470, 130015, 10433, 300678, 233751, 468283, 426626, 50697, 292178, 347817, 246799, 360113, 360814, 45879, 6960, 64173, 284203, 237385, 47595, 303018, 103950, 115559, 340676, 281708, 439002, 209042, 441020, 349660, 86608, 22057, 10844, 396543, 100795, 355633, 154265, 153675, 145866, 313160, 8155, 52976, 327287, 311867, 361679, 309388, 91744, 142646, 79438, 120047, 84850, 134862, 417283, 62828, 84458, 276328, 142867, 242458, 344399, 459931, 239466, 266306, 71374, 118786, 260001, 76112, 8608, 199099, 341404, 379714, 449954, 260164, 473564, 462714, 265790, 444567, 401116, 310742, 290456, 359716, 184837, 304274, 108160, 32905, 493327, 210925, 5009, 412877, 64538, 53351, 489154, 373821, 356072, 63776, 495764, 387818, 281246, 415166, 385379, 380226, 348262, 81202, 169430, 435043, 54612, 172560, 228421, 22661, 167633, 31424, 300783, 432104, 473235, 222310, 467241, 416347, 213058, 435767, 299532, 472288, 417092, 86859, 386183, 235682, 27390, 387862, 336588, 312780, 485467, 90465, 259534, 25237, 107980, 492197, 458551, 323389, 344671, 98600, 248880, 57113, 108003, 324166, 329563, 150570, 4223, 280149, 52258, 331166, 118248, 191883, 101379, 102375, 354366, 375406, 374596, 216137, 63410, 309238, 254896, 9358, 31889, 330690, 257074, 367840, 67722, 364188, 61128, 162683, 176008, 24774, 105628, 303876, 314706, 275972, 18224, 324474, 357653, 337691, 244320, 34235, 295096, 484620, 3465, 197299, 162823, 134651, 372379, 456162, 218772, 144725, 382648, 264939, 11423, 474344, 12648, 52336, 259687, 130005, 129199, 335038, 415836, 165564, 52417, 234262, 24255, 349741, 32404, 430930, 26066, 151026, 441488, 269871, 284414, 205999, 71608, 256219, 217500, 451521, 219249, 370830, 262320, 488987, 281460, 349931, 54457, 4089, 240865, 79608, 207600, 231830, 46819, 488855, 343375, 465322, 274618, 81622, 399813, 474291, 323633, 478253, 86641, 247891, 183249, 103405, 361209, 315346, 157671, 56396, 208889, 156739, 251170, 122624, 417948, 383113, 215500, 363096, 25996, 366437, 295315, 377105, 305862, 458249, 322577, 19978, 145931, 387882, 177889, 210274, 232833, 419576, 17000, 229370, 467373, 258050, 441184, 345738, 200550, 362947, 110722, 457612, 91147, 17663, 67601, 235124, 39653, 93294, 239808, 110675, 201538, 271010, 5984, 367530, 286565, 26964, 373570, 60702, 283704, 118843, 257483, 156054, 395762, 497550, 257355, 482905, 463731, 476726, 171325, 196928, 6746, 25835, 235904, 427719, 232369, 50013, 229622, 297005, 73778, 19768, 496798, 154667, 66554, 180269, 119021, 372907, 102060, 23510, 84105, 191873, 10326, 235062, 387393, 387569, 414641, 417407, 278766, 75352, 179084, 309469, 101818, 81618, 70248, 168801, 401119, 134082, 348837, 176180, 7678, 100040, 452629, 433799, 139182, 163446, 182279, 10355, 351674, 268766, 84744, 181955, 320307, 441864, 170631, 319240, 208885, 325755, 237126, 167177, 42171, 144254, 422468, 379746, 417099, 173673, 44175, 188574, 244795, 96009, 161645, 160813, 127852, 281976, 55725, 449392, 73079, 84032, 279341, 177659, 41807, 35660, 393696, 20455, 318324, 98909, 24795, 459191, 312285, 144136, 223287, 76575, 82639, 252234, 476254, 315656, 303407, 317940, 51407, 123255, 412621, 426270, 45058, 212273, 228607, 211652, 203168, 467556, 10591, 198730, 135712, 14620, 284203, 65053, 351789, 194498, 192802, 263007, 161349, 81064, 150495, 476774, 463474, 33987, 101805, 316816, 184344, 162552, 176767, 429279, 217763, 309784, 489956, 386256, 484130, 103137, 43368, 165445, 5490, 53733, 769, 383370, 367330, 307479, 416277, 119485, 376032, 394895, 1883, 269697, 364952, 55845, 171551, 219066, 83701, 429325, 383963, 470260, 132445, 475595, 404309, 453260, 182245, 352142, 255555, 464240, 83106, 368672, 23268, 317765, 190749, 3548, 254609, 397428, 324134, 69701, 162645, 461651, 445298, 89380, 269937, 50771, 495697, 178568, 405992, 142839, 290963, 287557, 251709, 402920, 390233, 95777, 384423, 211743, 283810, 47165, 72686, 50379, 343325, 316103, 268989, 368185, 308480, 135173, 78761, 278125, 316885, 286282, 50026, 298167, 259375, 337592, 198952, 207047, 225427, 11434, 339611, 418263, 413064, 255567, 355511, 285619, 232501, 204756, 311273, 486066, 209722, 326890, 370146, 199347, 356604, 340738, 188404, 175679, 75085, 79403, 359555, 490864, 423753, 380636, 199477, 207797, 165903, 193007, 498296, 122582, 492743, 495289, 78080, 288300, 348129, 418587, 496395, 136063, 276272, 9402, 224895, 1317, 429102, 390726, 68376, 100992, 297139, 258360, 271949, 349408, 393237, 185537, 170672, 348332, 131759, 64200, 282080, 344186, 29490, 131224, 257645, 410807, 85273, 422292, 270888, 241190, 199222, 192779, 420728, 4283, 291539, 55046, 42260, 450874, 378107, 198310, 390889, 64903, 41732, 52370, 381642, 420186, 420599, 92503, 166724, 276016, 279554, 439627, 168924, 427958, 318374, 109728, 477401, 335199, 84129, 134040, 51385, 346318, 60933, 198939, 420281, 54007, 68232, 375999, 74458, 364366, 188900, 449983, 256087, 383378, 106532, 196530, 462055, 251520, 363497, 198173, 126206, 156748, 269746, 133425, 312363, 396869, 338656, 92912, 246961, 110228, 311335, 40185, 72902, 54459, 262951, 426708, 346516, 343869, 123890, 166625, 171661, 188169, 143504, 16005, 376998, 425466, 387804, 348237, 295064, 192312, 354945, 17133, 80813, 32173, 499944, 47721, 258165, 44024, 18535, 249774, 380133, 155051, 123377, 181663, 30538, 116506, 376098, 267849, 202182, 365462, 374604, 85110, 422735, 434588, 377351, 355679, 374524, 194284, 289870, 475433, 471659, 176557, 444108, 43441, 84683, 431086, 430128, 6775, 361731, 151680, 230430, 248207, 220068, 365312, 443822, 415231, 480271, 108081, 160690, 57157, 485543, 461191, 168701, 480834, 194907, 299747, 416490, 78861, 318828, 474961, 164365, 222768, 428585, 493598, 353242, 88938, 22120, 86268, 290364, 155736, 66508, 322056, 322823, 119747, 96676, 116549, 151991, 167995, 373095, 132007, 489282, 241537, 204947, 420840, 146658, 384614, 338266, 241266, 132453, 20184, 468723, 77731, 410916, 474122, 17185, 214739, 498048, 364517, 109070, 90220, 223302, 338523, 233038, 105765, 453361, 323661, 111564, 64854, 230653, 448935, 135772, 54661, 432781, 383605, 100228, 323297, 474236, 473758, 97924, 391462, 192876, 438373, 144062, 342599, 44668, 221048, 231314, 165670, 131700, 289543, 376107, 461944, 25418, 50722, 418164, 134552, 373159, 358159, 287385, 75270, 264717, 327077, 126881, 212673, 150479, 439219, 22386, 218469, 122933, 448608, 130585, 30234, 167633, 156265, 366728, 79824, 120217, 38647, 451629, 435318, 179425, 213298, 130598, 339442, 322370, 84189, 283299, 72622, 208353, 346094, 122006, 431421, 290337, 152102, 174523, 168763, 254087, 452039, 122157, 219820, 21729, 439335, 358044, 249541, 109018, 54578, 441679, 152213, 277515, 313220, 60651, 265508, 24539, 366442, 83461, 134958, 336719, 281098, 446954, 36760, 389292, 243409, 424998, 371483, 179969, 95152, 19171, 146539, 342014, 332359, 433299, 429031, 333158, 428138, 281837, 18437, 306469, 101655, 61699, 161851, 15058, 56655, 84272, 215981, 354015, 184916, 69360, 192295, 182703, 344858, 194093, 200260, 467523, 98532, 291585, 292049, 156084, 374095, 302973, 315888, 99323, 154836, 219148, 469375, 329743, 292074, 479967, 341492, 416433, 218735, 388686, 18930, 133242, 72106, 325420, 482897, 192768, 469330, 491461, 221576, 334927, 85557, 25360, 57485, 264931, 398870, 172046, 263749, 90847, 113413, 22979, 71024, 439525, 12494, 272969, 228801, 171473, 203721, 41078, 73021, 428659, 223777, 310949, 48, 441192, 195451, 9424, 468406, 8777, 297318, 363265, 453570, 86851, 81749, 214451, 236238, 445145, 96519, 207089, 277776, 4512, 157177, 174659, 368313, 398090, 139553, 137946, 343377, 43762, 368485, 443195, 351599, 450941, 282403, 438184, 3561, 183156, 306830, 334883, 395180, 474469, 9981, 37932, 128692, 48814, 425446, 397978, 322562, 496362, 391697, 181195, 80847, 314241, 331924, 287161, 338833, 497769, 179091, 241601, 37623, 292396, 234934, 486977, 224030, 159546, 132933, 73766, 11721, 200272, 180123, 98017, 462293, 178188, 386361, 7680, 488384, 105092, 15829, 495963, 254072, 151827, 171613, 220709, 99795, 340264, 24887, 215035, 370336, 464626, 177186, 468582, 130481, 106905, 215815, 207753, 234357, 486695, 159617, 130529, 79650, 497877, 110767, 427715, 182711, 93347, 358257, 155114, 429564, 114786, 224563, 159176, 227850, 227518, 435278, 418116, 408152, 179237, 335555, 354647, 373029, 460937, 257306, 332456, 2043, 12412, 13674, 475716, 413041, 285384, 378276, 348151, 418429, 79579, 488929, 480839, 2684, 414972, 54138, 455543, 250770, 191378, 206530, 188384, 256591, 443919, 462626, 30276, 24956, 374445, 110826, 330719, 480643, 331508, 282660, 137979, 137486, 313913, 437819, 191166, 170050, 11361, 53738, 217980, 148543, 151667, 71179, 105655, 152692, 336644, 70403, 415016, 212965, 232950, 267565, 406975, 135562, 287637, 110599, 495638, 301251, 3550, 443594, 124211, 69764, 61557, 407117, 269445, 432849, 351568, 82054, 107357, 215338, 206277, 473768, 152691, 70920, 480013, 67920, 280898, 433551, 151715, 352329, 276133, 186280, 164171, 489911, 396140, 298207, 79502, 416372, 297762, 443235, 34102, 322520, 118198, 255074, 110586, 8203, 240778, 96621, 473783, 390171, 6994, 416654, 361165, 184903, 479526, 130760, 166283, 229826, 213056, 270509, 207534, 240383, 415619, 386506, 391622, 279099, 295639, 155985, 264640, 288858, 418695, 61557, 42100, 379452, 369749, 205027, 360035, 20038, 138542, 44065, 430072, 406340, 293356, 300946, 400993, 488117, 58148, 235892, 83955, 302891, 373391, 200034, 151007, 184632, 406512, 334506, 296876, 77140, 182591, 421187, 271955, 363160, 294141, 338150, 46912, 179829, 212191, 391888, 115998, 331861, 438193, 188707, 87953, 434401, 236397, 114768, 293185, 245211, 308171, 320333, 350639, 154442, 260017, 423482, 321433, 137458, 414908, 331219, 34941, 78569, 471936, 225790, 419021, 180742, 345679, 70048, 251857, 427373, 146615, 169769, 253341, 21014, 250083, 145786, 227905, 2678, 244474, 103068, 65126, 292354, 382546, 439973, 316785, 81259, 436325, 286473, 87937, 397492, 225039, 195583, 288214, 136264, 230092, 155799, 21745, 24380, 292429, 149223, 154367, 360983, 159737, 78539, 59558, 192878, 410865, 254903, 360159, 209599, 447324, 406118, 393606, 149523, 258009, 186116, 405143, 145794, 429771, 469827, 102565, 224306, 464962, 98884, 204945, 353203, 457319, 4414, 321697, 35075, 406443, 264348, 477904, 116449, 258256, 52542, 450121, 384643, 110739, 197732, 282156, 274575, 440243, 375809, 300218, 278494, 492482, 63843, 294700, 497318, 390562, 310115, 126895, 206120, 108759, 12972, 479960, 291095, 320919, 363724, 172410, 145200, 483483, 383297, 131639, 230097, 187605, 44627, 393849, 237926, 160075, 362985, 332604, 350255, 20133, 435312, 362782, 231890, 305448, 48705, 307144, 112487, 168661, 335520, 431149, 117488, 418981, 473902, 191491, 354517, 144570, 127293, 127968, 417756, 261557, 447944, 321434, 244862, 172683, 256248, 160642, 336736, 177732, 301326, 291442, 90504, 113256, 311996, 329161, 241715, 401699, 236332, 141198, 68625, 45346, 155610, 25349, 311337, 9548, 36810, 235064, 9914, 267552, 105856, 20609, 285828, 206459, 484882, 20109, 412993, 8404, 333518, 492938, 437082, 332497, 70186, 75391, 57119, 281112, 235138, 362625, 281027, 78183, 133161, 422479, 14518, 9422, 186325, 415266, 247465, 63592, 49292, 73029, 84998, 71980, 356198, 272789, 488726, 180611, 369745, 307237, 460253, 229855, 451706, 297335, 128212, 260916, 51244, 272517, 349375, 169709, 341211, 190094, 95112, 26113, 275526, 370175, 370676, 212144, 360139, 219456, 317253, 491369, 446380, 97457, 308975, 474410, 105255, 117243, 368883, 62068, 330236, 70891, 372376, 303562, 290372, 272172, 4044, 214180, 418971, 37091, 71917, 426783, 393870, 333047, 98306, 310504, 261834, 195304, 398458, 316788, 395829, 185846, 33560, 239065, 340907, 382880, 82590, 121836, 452734, 179048, 357112, 344670, 113289, 495039, 390545, 50629, 146074, 190911, 406644, 433736, 403843, 1478, 131607, 345553, 50903, 41121, 442366, 79778, 256094, 224224, 10790, 492495, 395419, 456796, 134721, 362974, 392480, 361825, 178923, 125349, 413541, 24952, 170374, 21478, 332371, 274720, 162886, 236658, 262484, 355571, 16764, 380804, 402660, 384645, 306184, 242738, 76424, 207989, 258690, 65744, 192789, 183137, 304293, 269890, 39809, 223616, 14182, 430863, 14661, 237788, 82062, 56335, 426316, 73802, 318013, 262098, 47618, 98529, 201674, 411993, 340080, 164263, 111746, 284355, 412250, 343000, 421688, 483787, 143444, 44325, 483397, 127204, 219589, 320922, 270336, 285171, 430176, 257318, 468710, 308164, 137619, 225811, 432736, 424830, 352340, 452104, 305872, 368217, 271648, 268230, 120221, 227340, 401454, 449389, 74538, 477697, 455186, 456076, 177241, 450767, 391311, 10470, 98411, 70396, 35270, 260107, 216823, 425905, 339942, 365807, 220639, 379887, 408420, 325262, 23323, 376592, 215229, 219189, 234521, 455210, 242468, 146700, 202283, 81714, 391895, 70873, 289255, 240809, 399487, 475065, 58731, 355050, 408244, 194877, 165565, 468659, 376275, 57065, 321107, 494219, 152713, 414165, 487617, 163588, 223185, 361207, 104940, 394627, 412152, 105730, 78707, 352195, 241049, 377726, 124247, 111649, 451760, 126441, 117661, 195898, 456689, 98833, 38382, 144340, 15163, 346131, 293437, 298681, 341726, 82806, 131886, 371903, 357078, 28851, 458991, 310811, 332077, 113109, 313182, 88437, 54518, 198232, 44805, 96191, 444630, 321957, 239650, 376041, 97243, 291548, 131156, 169902, 154564, 27831, 358833, 144067, 392138, 71615, 51474, 263661, 15082, 173878, 152323, 378050, 469878, 44103, 166195, 154297, 83474, 146288, 172792, 172779, 210921, 280388, 328679, 482608, 36022, 158489, 206247, 29249, 280505, 30787, 345631, 482452, 70582, 302968, 196565, 285717, 76887, 493936, 337791, 87768, 209892, 379803, 235545, 448154, 492307, 87153, 296280, 30372, 288656, 221684, 378407, 482433, 337455, 35206, 17832, 33122, 163072, 81759, 286878, 131495, 214711, 90033, 53691, 79069, 170613, 5878, 148806, 258387, 247394, 24025, 451089, 475690, 173401, 59094, 418129, 463677, 371278, 318391, 432524, 460859, 141280, 114990, 209188, 280447, 3439, 132467, 159814, 111283, 184951, 318713, 470423, 434234, 6956, 259905, 200870, 459535, 252807, 158458, 212846, 181769, 162282, 251510, 43987, 249125, 241461, 296009, 172280, 131326, 15162, 458178, 136839, 343897, 358517, 234807, 450163, 113247, 216398, 407492, 21514, 490867, 433677, 370275, 54800, 15820, 213332, 48271, 441641, 345352, 236544, 179012, 317681, 470291, 173773, 278619, 371401, 416190, 361319, 51159, 171687, 362793, 378897, 331220, 27739, 162967, 4794, 184442, 277555, 219418, 259477, 27580, 235728, 257853, 471179, 84649, 442313, 62833, 257511, 242040, 79949, 90031, 468388, 71055, 421791, 236264, 457766, 410186, 44486, 229693, 488351, 484142, 241620, 86587, 215242, 326740, 432267, 494478, 278423, 259881, 365041, 441080, 436857, 128528, 240529, 205065, 307392, 401964, 488582, 318854, 469820, 354937, 236090, 182379, 234220, 108251, 39649, 101626, 131588, 397691, 91978, 309832, 485802, 388872, 375578, 434783, 58753, 205630, 76333, 241722, 432412, 409615, 86730, 328442, 176308, 78028, 267726, 448649, 495803, 496390, 60012, 210307, 210846, 337652, 38560, 324778, 476668, 104442, 324420, 488628, 34097, 304594, 47553, 124614, 475631, 484506, 58373, 231607, 498542, 163125, 484054, 459273, 488803, 428697, 399708, 342962, 81535, 120189, 15686, 257014, 51780, 475349, 246288, 12239, 139723, 80226, 370515, 153718, 20063, 127334, 378415, 246932, 171116, 73227, 316353, 322568, 378674, 18486, 92003, 361019, 74364, 103410, 406852, 446559, 489165, 431664, 161987, 143140, 197744, 193404, 122394, 305950, 253004, 134384, 475652, 248843, 364821, 366991, 291706, 384717, 205390, 112674, 341014, 167401, 384488, 143645, 427481, 214675, 486743, 371763, 498466, 39335, 123520, 218150, 259759, 25033, 355851, 250457, 337378, 435723, 378826, 292291, 103603, 320940, 271874, 57712, 17765, 66374, 461557, 495278, 489248, 283966, 118388, 174236, 473732, 82249, 7171, 19076, 98603, 298976, 122185, 245854, 246627, 397829, 216265, 467703, 415205, 482143, 450644, 126500, 93942, 66349, 481483, 220389, 312959, 283332, 218555, 264215, 312287, 316046, 437267, 242525, 199472, 168067, 151721, 88699, 47040, 100471, 82754, 121249, 202520, 292371, 80989, 24816, 160588, 142777, 168128, 309602, 443844, 84601, 407196, 412832, 159938, 378626, 472077, 30632, 385146, 373831, 301051, 257747, 312447, 132825, 53838, 101277, 72463, 316402, 130702, 231235, 175036, 29545, 398568, 464294, 124751, 497712, 348030, 411839, 161836, 106638, 210332, 381456, 280939, 164477, 13827, 22380, 89910, 253938, 487933, 75510, 308524, 379421, 15318, 117270, 4265, 364963, 391531, 199622, 472728, 244097, 222122, 378955, 41517, 61123, 412527, 392102, 348540, 51907, 494123, 417696, 152395, 272111, 394451, 325546, 418640, 376217, 108159, 138691, 281824, 126971, 472543, 228721, 198991, 129072, 151881, 263592, 207455, 470779, 113100, 370410, 72367, 8124, 170136, 174286, 216619, 301032, 210591, 286084, 228465, 179698, 320972, 354813, 180725, 226981, 24885, 110508, 64123, 40026, 268674, 43159, 391214, 261462, 91835, 248926, 438413, 141560, 477071, 475201, 360118, 193443, 258287, 425422, 408703, 201225, 293411, 110706, 363362, 161526, 453033, 427564, 467468, 361075, 68194, 370061, 124916, 427608, 23026, 60711, 183122, 20049, 70649, 75737, 74227, 173642, 35686, 329007, 499937, 395399, 244874, 420285, 343652, 344302, 397825, 48267, 434092, 106993, 83045, 27984, 440868, 436637, 495993, 324869, 56662, 460341, 113094, 481754, 320680, 397004, 207027, 16913, 70198, 332372, 139176, 279981, 23319, 486511, 496610, 348388, 48115, 470952, 292155, 70962, 48601, 326569, 332268, 370190, 475056, 448148, 427719, 59551, 456964, 83169, 438837, 140721, 306850, 462437, 194203, 268371, 482185, 423914, 300192, 85919, 261582, 57881, 214694, 428648, 172114, 337047, 79443, 151364, 140410, 100671, 398187, 254404, 335521, 73092, 403165, 7387, 185570, 316058, 461773, 110131, 202902, 314699, 101613, 269521, 284932, 179642, 106112, 311668, 383379, 485550, 316731, 397061, 409427, 154907, 111480, 163985, 298698, 381808, 408289, 20527, 140365, 368101, 31327, 143508, 442067, 356804, 316905, 61850, 493870, 224556, 381382, 428800, 189702, 53171, 147789, 90929, 249562, 1804, 479536, 391784, 61548, 46663, 130096, 118350, 83216, 316566, 343907, 450893, 200440, 154246, 420272, 302261, 309645, 76233, 495127, 68586, 114738, 57115, 227210, 371452, 183952, 321898, 110013, 427444, 461403, 147248, 116070, 483867, 409867, 108102, 348215, 336806, 357144, 212985, 358093, 420286, 57936, 129642, 73637, 276426, 158083, 74904, 235109, 492906, 314376, 20914, 33560, 292990, 135850, 239483, 115270, 367997, 266269, 369687, 194389, 468579, 137790, 21168, 20049, 457239, 398343, 428043, 140172, 493098, 293021, 482205, 83720, 8071, 106340, 73074, 404412, 151664, 276376, 351406, 215635, 448359, 449136, 410340, 324119, 343720, 392491, 127280, 333400, 190970, 275459, 59609, 357515, 350924, 439801, 131915, 471753, 413443, 474980, 353909, 467173, 433080, 353366, 53729, 255854, 498370, 178302, 154870, 212940, 137667, 38450, 420337, 251881, 103416, 85495, 51814, 301261, 288889, 268636, 99120, 454889, 374955, 387262, 419721, 92828, 324554, 346367, 109657, 109803, 344754, 475189, 378106, 483255, 463074, 40026, 122909, 90689, 325884, 137164, 87509, 39412, 123746, 269649, 78170, 194039, 126085, 229224, 126624, 88760, 414755, 68917, 109279, 390595, 68691, 437292, 372114, 232784, 338627, 400817, 330684, 252967, 74079, 43976, 345033, 66223, 96976, 380208, 236199, 198973, 393185, 23688, 328967, 274338, 87266, 335427, 7434, 386956, 490505, 119520, 80730, 448037, 205703, 397558, 308495, 482985, 130753, 416303, 299496, 68301, 420249, 425080, 499803, 303406, 83377, 336535, 389013, 36722, 89965, 462282, 56862, 436019, 17706, 269071, 81870, 118766, 317920, 342426, 73658, 471824, 102380, 472638, 28617, 426114, 89393, 145460, 278793, 397808, 196909, 290688, 453145, 222748, 156343, 316189, 281247, 212906, 245617, 237058, 265046, 272453, 209208, 60485, 495471, 89110, 34608, 256595, 117312, 255937, 92952, 233404, 145187, 139557, 483031, 335677, 296460, 111330, 393663, 285476, 388781, 237188, 248143, 164626, 347450, 219275, 480765, 2641, 237507, 201694, 438757, 309968, 241466, 347309, 162882, 100294, 174526, 237914, 363748, 171496, 427809, 76951, 335921, 118321, 286287, 471832, 104876, 128985, 67551, 232112, 103238, 350762, 39242, 268434, 409999, 187516, 141995, 496640, 187522, 350857, 479072, 454832, 298801, 56923, 315519, 282960, 471180, 86209, 160988, 365561, 237054, 84434, 454287, 497880, 325754, 451940, 460305, 105987, 21729, 467587, 156110, 447467, 412946, 313969, 254559, 30116, 275401, 413963, 1202, 274572, 391914, 3478, 391714, 339938, 198841, 366634, 61817, 405130, 326906, 203803, 244623, 49973, 240378, 129281, 335975, 387632, 185838, 55653, 24156, 151802, 436750, 353527, 24653, 119375, 427214, 487627, 42025, 85942, 213653, 72812, 436825, 395107, 46703, 386581, 21843, 185720, 32274, 460415, 387447, 310172, 47393, 247503, 370388, 242875, 104511, 444513, 311196, 65914, 304869, 117324, 14036, 305839, 258945, 158922, 370961, 464730, 358285, 391317, 498848, 391129, 179978, 213222, 469935, 32642, 341095, 184074, 277180, 417362, 291292, 154110, 261210, 125242, 223814, 368827, 473586, 362873, 99459, 494303, 256548, 141599, 194017, 229842, 42524, 297017, 449077, 194932, 446503, 285133, 125337, 248227, 346102, 280373, 218517, 143908, 426819, 229594, 35123, 446459, 251154, 237282, 331827, 54742, 402088, 395498, 398443, 54670, 283203, 470876, 404657, 101111, 45739, 412038, 246869, 270513, 286194, 311698, 485560, 89572, 176588, 227625, 7588, 24675, 27031, 179081, 377388, 415373, 165101, 230171, 350822, 304962, 88375, 272036, 96416, 431538, 221188, 153788, 169065, 472899, 157208, 327207, 33937, 217000, 94677, 456420, 311540, 157093, 218851, 406586, 433480, 404771, 266993, 481378, 147, 107602, 459240, 268333, 154140, 324041, 495598, 124788, 384557, 405185, 53908, 25109, 150469, 269973, 205015, 320288, 221520, 145573, 187649, 304981, 201476, 64042, 229301, 16963, 317842, 455870, 404010, 401514, 156435, 469211, 26925, 253820, 204734, 134877, 410784, 290083, 437204, 150254, 181202, 145884, 360182, 368013, 25058, 499043, 137264, 286868, 471640, 202312, 273955, 62566, 417984, 182031, 57290, 82767, 187941, 208400, 67656, 108789, 34389, 102097, 129411, 31177, 132561, 389760, 85749, 173522, 428670, 309353, 334615, 313477, 18701, 12826, 328382, 94968, 479956, 376096, 19747, 155090, 339147, 205825, 185833, 320147, 422253, 15402, 362608, 50825, 367902, 373597, 101264, 132324, 292448, 427263, 233099, 343567, 168083, 118828, 167932, 94343, 67723, 227689, 483796, 165581, 191968, 282780, 18173, 187833, 288203, 134045, 121658, 193223, 292021, 176772, 234468, 407449, 28654, 84444, 346630, 124362, 49992, 103689, 65991, 42668, 4162, 458571, 29377, 15900, 443156, 221242, 386384, 479461, 4670, 230578, 271447, 10869, 194120, 276072, 236140, 26465, 254638, 109266, 100371, 98178, 75715, 170345, 120444, 255295, 282950, 306823, 119172, 146889, 161650, 112385, 269200, 452743, 369335, 457847, 498706, 197830, 183571, 318283, 211547, 76842, 242592, 273994, 8559, 339071, 430283, 282594, 457722, 83589, 166229, 219412, 164923, 488794, 441863, 454465, 127446, 87910, 9520, 137093, 158184, 197182, 297503, 403846, 416761, 456130, 128502, 381217, 227606, 258873, 212231, 153872, 166909, 450644, 490902, 499273, 216655, 2387, 109946, 328857, 249422, 218891, 453524, 195635, 122083, 433009, 93634, 143104, 104315, 487659, 92718, 319826, 64697, 486352, 243134, 320774, 254967, 473697, 475411, 496284, 265733, 60681, 425393, 291897, 460954, 327655, 68647, 87282, 466177, 184526, 417178, 316447, 323564, 383862, 335739, 489626, 492525, 325449, 302875, 333107, 319611, 286432, 364539, 128217, 168240, 304697, 108291, 317388, 333951, 39200, 273366, 129762, 346253, 66718, 188524, 152622, 225841, 402833, 138513, 229310, 466587, 30729, 269312, 430255, 326772, 386379, 292331, 293356, 19932, 268730, 98340, 211292, 28251, 92484, 20350, 266655, 216620, 59555, 473175, 433755, 201063, 36442, 76017, 437915, 278501, 208973, 69607, 77527, 102531, 479522, 482257, 201573, 349537, 197301, 195791, 309607, 5533, 17207, 365004, 444529, 137135, 68874, 227985, 152816, 489320, 355562, 6423, 389933, 40030, 237744, 244268, 475493, 474052, 385182, 328046, 108994, 482856, 72836, 376746, 113291, 487099, 360781, 396739, 178219, 445393, 258544, 323007, 94665, 286386, 186674, 143191, 355650, 136150, 154625, 358904, 191200, 118125, 46477, 470940, 493449, 471732, 138413, 165545, 246420, 441966, 192691, 266346, 209779, 106831, 381403, 275760, 295696, 163083, 332847, 240897, 456837, 86710, 239615, 136277, 388184, 239914, 457608, 499659, 469640, 163571, 365424, 68243, 448309, 32889, 441710, 343546, 42661, 38198, 31243, 399575, 311412, 190684, 361231, 133272, 220677, 486700, 212634, 470165, 224147, 467744, 321121, 471708, 34324, 152261, 283660, 115342, 466306, 221718, 332053, 145319, 254690, 449579, 225977, 320894, 158685, 330371, 320652, 177009, 134487, 1177, 238032, 134773, 366078, 4612, 249021, 91629, 97335, 55044, 199863, 188106, 213387, 293630, 499791, 235241, 423154, 187828, 444524, 33957, 231390, 84586, 262223, 263677, 279114, 18891, 41804, 180766, 365640, 146976, 280628, 166916, 29508, 357220, 342197, 251892, 223259, 149243, 298708, 282577, 367547, 321165, 478205, 108396, 451176, 239200, 135892, 359902, 210601, 201066, 187519, 197560, 430360, 210281, 96173, 318790, 12931, 423612, 61909, 13638, 394025, 436626, 328743, 83629, 214119, 304166, 221283, 167675, 365934, 431759, 132333, 387822, 197374, 274835, 453466, 152000, 380446, 329865, 55998, 292967, 166641, 57087, 414795, 261141, 303397, 295292, 222162, 145240, 291585, 239379, 326831, 424057, 40119, 65352, 284816, 256304, 89498, 338362, 371109, 306312, 39882, 338245, 232112, 50132, 85810, 335770, 187259, 225034, 455139, 141105, 407322, 38416, 367559, 285323, 345003, 85568, 472011, 227351, 435902, 29468, 154074, 409686, 212941, 116839, 265071, 469910, 167006, 419939, 401007, 163146, 497166, 416295, 60261, 484772, 285278, 6542, 87078, 391582, 202111, 211599, 102693, 36433, 481594, 495199, 28296, 244601, 411903, 61941, 31598, 453644, 63000, 45318, 18249, 177603, 198597, 45623, 389182, 63603, 344154, 414655, 256747, 101555, 477899, 38451, 383096, 178153, 400067, 176145, 49508, 182511, 189322, 71371, 308397, 50340, 206050, 448714, 52065, 92214, 100990, 402537, 31555, 405622, 352954, 78278, 494373, 241213, 71634, 99577, 188222, 49864, 40291, 303638, 49326, 425839, 151140, 238380, 478795, 9286, 353436, 374059, 448419, 10207, 326174, 302611, 364094, 110307, 186448, 23118, 214784, 272189, 479328, 69929, 267785, 40917, 470646, 327445, 47031, 347720, 257995, 184226, 118104, 425770, 419130, 271483, 20516, 368393, 465800, 422921, 34945, 99130, 70958, 307351, 184206, 172195, 169673, 43354, 312904, 248060, 398503, 61838, 246866, 284299, 320562, 89782, 212424, 117228, 405211, 104359, 353170, 419347, 499279, 237591, 385622, 42069, 309826, 22889, 413883, 65811, 146057, 142124, 48327, 37287, 302351, 105353, 353644, 1813, 133743, 59647, 218121, 369333, 305858, 5226, 353998, 387606, 249537, 342047, 329539, 323763, 77347, 124754, 373177, 181303, 310232, 250949, 422992, 178426, 481471, 147726, 243808, 468735, 10020, 342400, 132625, 258268, 230551, 482309, 358423, 196246, 110830, 458732, 126543, 52500, 223021, 353297, 254895, 211616, 377072, 366534, 257917, 68483, 288844, 481820, 152385, 196792, 167212, 136029, 395864, 221556, 312496, 70306, 342325, 203329, 114680, 208554, 316735, 291828, 261732, 94850, 69342, 10856, 112676, 116459, 203087, 2754, 443736, 426177, 289006, 375516, 340373, 465838, 131816, 306693, 246706, 74975, 335940, 311124, 308148, 344124, 3209, 292748, 368544, 381251, 133057, 481213, 393201, 364496, 234958, 55678, 460084, 73999, 262778, 180771, 277512, 481006, 95698, 225887, 132258, 246821, 235318, 152280, 178006, 66974, 73387, 14446, 438706, 168276, 432446, 146959, 463798, 165140, 11390, 157731, 445154, 252465, 243207, 437696, 46363, 244306, 191184, 443447, 273441, 333953, 71911, 32016, 82695, 439791, 472973, 389255, 289197, 160759, 221641, 431569, 357582, 381962, 82828, 322897, 244567, 127029, 491726, 171066, 237757, 367910, 256854, 153940, 163622, 241724, 151710, 462999, 176929, 111890, 20977, 337419, 73944, 456577, 339590, 48632, 252888, 230830, 470721, 383729, 337547, 31196, 133829, 80405, 65411, 96395, 239713, 440863, 340227, 164486, 370957, 70436, 489711, 261940, 429126, 149294, 474785, 332861, 133069, 124238, 421548, 264971, 75019, 461416, 242827, 364187, 489835, 261765, 384365, 385598, 330280, 384769, 131531, 223113, 109894, 275667, 175765, 168692, 214950, 498239, 251090, 293277, 95328, 312077, 4368, 95527, 130746, 111518, 192118, 117597, 351448, 415037, 486235, 272774, 31979, 153674, 398977, 304923, 175121, 305659, 488142, 460150, 292248, 292307, 32689, 421918, 452312, 430603, 5676, 147000, 172524, 414221, 9527, 266764, 22527, 296120, 405889, 431706, 206849, 499723, 10815, 335919, 66103, 376957, 78750, 169661, 446641, 134874, 320852, 432758, 169656, 347936, 33639, 365461, 47735, 13369, 462507, 486682, 427816, 158982, 167988, 387397, 393378, 120088, 88511, 21875, 479046, 139502, 391008, 337673, 207806, 41366, 496181, 195465, 100015, 139656, 435656, 33848, 27934, 241165, 410078, 481374, 401752, 359738, 47346, 408978, 133694, 411381, 126693, 32447, 79685, 86597, 21058, 326336, 429655, 99336, 358796, 499691, 126060, 358517, 167343, 258745, 53426, 54808, 255406, 64643, 305330, 304869, 259718, 243993, 486345, 306146, 182977, 336689, 474462, 57597, 219960, 62415, 380620, 25555, 231055, 480942, 11844, 424207, 479561, 151238, 257226, 355017, 439413, 487594, 445951, 108950, 441660, 23395, 495541, 310399, 222516, 159847, 442328, 360249, 418093, 214144, 477289, 95057, 243767, 468802, 291949, 99423, 71748, 193306, 36553, 367289, 284555, 355010, 64261, 97322, 232102, 393246, 86227, 319292, 458837, 488370, 205543, 471881, 428802, 82235, 451603, 54499, 402861, 328883, 112558, 241008, 453964, 38292, 119372, 415206, 2351, 405131, 433928, 21496, 61873, 72949, 467491, 60198, 140723, 388590, 8637, 190508, 442044, 83543, 179129, 490399, 427586, 490226, 195784, 90283, 214333, 263688, 401290, 352777, 54191, 109628, 75702, 205212, 184421, 321248, 287610, 145037, 347956, 447764, 298055, 133836, 447247, 15977, 393057, 295672, 16216, 321800, 31517, 467884, 175427, 279171, 187959, 125736, 268519, 342110, 141682, 280531, 177042, 479800, 158853, 272350, 318048, 289854, 41331, 17599, 84974, 32623, 492089, 322130, 249114, 479442, 495797, 457522, 488467, 384437, 426212, 390152, 241608, 438313, 10924, 246183, 270735, 459758, 112470, 52858, 365372, 459517, 259778, 15577, 45188, 344646, 24354, 112872, 235148, 444280, 257208, 478288, 74962, 79418, 44602, 159256, 160698, 353960, 320126, 81005, 447625, 245554, 51587, 216331, 215954, 114172, 435788, 60949, 292747, 12554, 2449, 473001, 126721, 145441, 155425, 41079, 196617, 367771, 252050, 355423, 447969, 422924, 326399, 14664, 176231, 137799, 32558, 119783, 489056, 238005, 235245, 11929, 325115, 345788, 119697, 144131, 288716, 190369, 351069, 32645, 487611, 146074, 217588, 468529, 49773, 304621, 151004, 329510, 200953, 413483, 196734, 419221, 125995, 291384, 305193, 275806, 25949, 350381, 152084, 318815, 406689, 491243, 277973, 391737, 12043, 85035, 109098, 219019, 231641, 336114, 88139, 244326, 36147, 85824, 47490, 283021, 8808, 86537, 200776, 329030, 205291, 337142, 408110, 82736, 83984, 92966, 86601, 23225, 301017, 383826, 434980, 441705, 265963, 82642, 418165, 292116, 460224, 229323, 464172, 383751, 210147, 58445, 198430, 467040, 144174, 12189, 442555, 272465, 71373, 305580, 163683, 308344, 446900, 299896, 401003, 323761, 322584, 300449, 486321, 154728, 390316, 24710, 444932, 119121, 306270, 435875, 30096, 239489, 264345, 254349, 118381, 452491, 227617, 311545, 460868, 290031, 479545, 132860, 187222, 301024, 228711, 265256, 192210, 353751, 109952, 255138, 246655, 101118, 361895, 409816, 262546, 97368, 152506, 178898, 358273, 397276, 207830, 373293, 490836, 411070, 462756, 103990, 269844, 418496, 69994, 213698, 154729, 235934, 209365, 421060, 22980, 457096, 441873, 388185, 93317, 363258, 124687, 217891, 49034, 438886, 442119, 222830, 282264, 218291, 420960, 39082, 157960, 203971, 306558, 372861, 112920, 445984, 431304, 187206, 215288, 73943, 97395, 207366, 491483, 146567, 35911, 382310, 344456, 323633, 42536, 332097, 341828, 297028, 256773, 50118, 291297, 238043, 248884, 200355, 314383, 499796, 351261, 290299, 391946, 56532, 80373, 392746, 341304, 124151, 96591, 165614, 321718, 161904, 137265, 460917, 53980, 236116, 303265, 383056, 305147, 426001, 89864, 380998, 453942, 356100, 240593, 195379, 280, 186389, 44678, 357953, 273811, 229369, 125121, 148163, 327407, 343954, 287871, 55917, 179579, 138217, 23852, 320286, 323832, 450861, 89895, 152155, 385808, 204039, 244318, 253583, 314770, 143413, 214120, 419339, 193296, 490498, 332494, 323462, 190740, 188239, 346332, 239659, 146789, 96103, 229376, 486151, 201609, 301702, 492028, 413337, 324566, 261426, 74218, 419412, 148295, 395107, 141645, 183826, 245332, 36621, 283386, 438156, 161856, 94551, 128745, 443202, 5858, 237710, 468539, 365340, 9821, 47294, 349679, 96185, 182130, 462292, 66953, 147641, 82622, 128356, 89051, 1917, 368104, 99043, 161019, 474341, 138262, 405380, 292474, 439871, 194054, 408693, 241521, 107745, 240735, 202490, 456267, 412664, 144044, 132946, 92161, 144938, 126885, 255246, 30037, 297151, 66963, 127797, 442878, 120379, 461083, 240923, 425911, 206888, 214267, 134332, 455213, 448835, 432981, 496214, 255795, 276195, 408040, 382844, 208053, 303127, 59695, 430614, 304869, 281306, 37844, 399106, 149184, 477937, 228970, 425320, 423847, 159320, 425435, 118904, 92570, 268887, 488343, 5863, 100930, 336684, 153105, 420549, 120830, 358775, 337429, 77983, 225370, 233548, 10512, 468003, 88607, 406471, 450591, 98573, 306597, 148807, 54192, 163136, 438681, 160391, 27095, 26656, 100789, 499829, 92481, 406194, 45422, 255738, 58759, 322927, 47372, 239684, 325027, 496483, 405712, 69665, 491552, 231337, 92219, 414893, 407210, 422786, 116425, 376808, 15413, 173406, 384763, 367318, 281653, 299583, 45974, 374038, 13153, 457535, 69992, 319381, 394099, 466792, 350302, 462414, 370247, 102226, 79516, 253024, 7876, 325832, 347875, 148956, 445234, 388515, 239916, 41714, 241217, 246153, 455492, 235765, 154308, 25207, 202887, 407048, 441543, 268920, 492747, 49565, 36597, 390618, 236584, 264811, 156980, 389545, 142044, 180583, 75400, 480371, 174212, 416013, 493360, 421571, 473159, 205580, 118922, 443824, 66750, 9578, 167168, 80058, 434802, 472926, 215925, 391761, 409037, 216616, 324057, 205769, 391802, 308174, 106832, 115008, 258447, 409895, 101099, 373393, 130412, 263694, 430159, 341949, 187484, 168873, 313685, 435101, 20800, 185058, 323548, 469788, 3069, 126558, 369410, 284226, 289390, 349254, 19071, 39455, 7698, 59708, 53757, 269950, 49690, 332263, 111338, 419470, 32653, 199073, 475137, 114950, 110315, 185783, 371780, 370752, 206797, 80378, 373982, 465899, 293795, 453996, 263644, 304365, 373318, 436902, 76202, 47254, 439107, 401634, 430364, 445255, 367945, 219203, 34678, 45540, 305567, 16903, 140588, 64122, 473731, 27434, 156018, 87457, 57984, 114165, 390018, 245371, 261106, 270665, 66592, 352462, 399801, 145401, 73106, 228116, 23076, 242577, 95545, 456869, 461196, 421132, 48424, 3794, 407262, 376515, 193479, 489453, 301844, 308538, 195842, 381988, 113963, 399795, 158529, 83733, 229643, 45463, 181905, 251305, 157406, 464745, 289507, 247756, 392743, 50599, 158259, 122474, 256340, 121659, 317273, 430378, 328767, 150519, 234047, 407861, 271540, 371847, 405391, 343751, 116045, 364247, 361076, 319627, 285771, 67035, 483443, 299231, 353645, 325240, 453236, 4628, 97109, 377719, 15184, 342271, 167309, 140967, 484808, 479285, 19554, 182942, 497776, 499925, 107644, 232243, 93792, 308153, 207999, 348272, 245877, 47473, 219757, 183886, 258020, 311793, 57199, 461081, 443337, 286565, 461104, 267995, 186203, 239162, 666, 299490, 490780, 362765, 162682, 493477, 25692, 265948, 205252, 135459, 213702, 93018, 242751, 468707, 46307, 156864, 20882, 246173, 226250, 360389, 368846, 85026, 57871, 314436, 116038, 32938, 119054, 306455, 206212, 61452, 101174, 443339, 438464, 163457, 415453, 199468, 258267, 158216, 443669, 396176, 46266, 212912, 468922, 395355, 475505, 177155, 170859, 281738, 104743, 2385, 138859, 207341, 207275, 157205, 476063, 158082, 332347, 381752, 26837, 50968, 204922, 363685, 117503, 36163, 50049, 37459, 124308, 374648, 154275, 87830, 365901, 69170, 415932, 378628, 104191, 463362, 176037, 3108, 221545, 337916, 359236, 131965, 191307, 211304, 212557, 363509, 383382, 107392, 477256, 147057, 313936, 292954, 116043, 430991, 241226, 106469, 161121, 210637, 84065, 36893, 166815, 408719, 449768, 416143, 288692, 336093, 190497, 109480, 251183, 227032, 50575, 144607, 395788, 373358, 23364, 229169, 157614, 195502, 103737, 440877, 229169, 452754, 6322, 98186, 421087, 284648, 308181, 415269, 207181, 294192, 422373, 432934, 447296, 429536, 140367, 34902, 470698, 53366, 494086, 106562, 53578, 146447, 89592, 463203, 132917, 167439, 396763, 133204, 163277, 389034, 61388, 251516, 239559, 144877, 246289, 210468, 119930, 471515, 372343, 22011, 230981, 473724, 316861, 244786, 92814, 363462, 345936, 468486, 122740, 205630, 94358, 81899, 437197, 79207, 106500, 127156, 430486, 348972, 274468, 237032, 122586, 108294, 3725, 164541, 368362, 209897, 495009, 331085, 382583, 152208, 111738, 225826, 68730, 40202, 198230, 47455, 483509, 411495, 43966, 173153, 49275, 340145, 148545, 258107, 175481, 1889, 44671, 283205, 309090, 66381, 251051, 366250, 118827, 190015, 269749, 24766, 93868, 49533, 328653, 55025, 468826, 219185, 5172, 452954, 1103, 89112, 479451, 102077, 259868, 259230, 384935, 9435, 359785, 134810, 375030, 182533, 292086, 40822, 233089, 147519, 11690, 166927, 85686, 94231, 215141, 229027, 65691, 499267, 367530, 123321, 28586, 450920, 256016, 320483, 232673, 467606, 306352, 226280, 432484, 487007, 230058, 290164, 415565, 96853, 325044, 20870, 345094, 154444, 110078, 376864, 251707, 374264, 136533, 411962, 452494, 486919, 271256, 491995, 61490, 65446, 317945, 49140, 305860, 314548, 181485, 436610, 240459, 217129, 413962, 431122, 231661, 56099, 368444, 421256, 105250, 200410, 422134, 317877, 74514, 452151, 234445, 347265, 187568, 498073, 345186, 384023, 305681, 367413, 475111, 202710, 7247, 380023, 132511, 10195, 125721, 365987, 478415, 340669, 206997, 150093, 41557, 223228, 47656, 279103, 7626, 181269, 459627, 2491, 75634, 469938, 498199, 32877, 435792, 457031, 397234, 372928, 313058, 206162, 383518, 34562, 291375, 263310, 162970, 309307, 201397, 380773, 278476, 88260, 482008, 122920, 454900, 52778, 123938, 204205, 419571, 129440, 19490, 143532, 413561, 352665, 484771, 382195, 167846, 273024, 369824, 209171, 430059, 77282, 370008, 135480, 155610, 279435, 275414, 80630, 352707, 60431, 340175, 239455, 56501, 369810, 67666, 193806, 124045, 316875, 375597, 381578, 47483, 204225, 161378, 448284, 101118, 439398, 472549, 125578, 39401, 125377, 24818, 377276, 56013, 206217, 47859, 126694, 284370, 356808, 38264, 356473, 76662, 475537, 371471, 398258, 322174, 174721, 331432, 2019, 319841, 299775, 461249, 351464, 2765, 483675, 98926, 220379, 170045, 71504, 285070, 164432, 331412, 300891, 380294, 283078, 474782, 87942, 432983, 54996, 3582, 272921, 303993, 144094, 180405, 236500, 205, 112909, 231528, 251791, 483727, 27311, 343934, 345350, 463103, 426744, 263077, 49694, 153202, 445183, 392203, 124030, 355971, 355154, 45881, 173501, 131344, 375798, 80738, 126506, 278795, 460455, 186682, 54833, 156104, 480530, 288357, 61382, 89619, 451603, 416827, 198238, 109779, 248723, 4591, 180289, 242448, 452388, 479680, 90699, 144657, 57741, 28948, 410609, 295744, 16181, 218269, 480049, 310104, 431539, 186658, 11354, 295771, 348948, 381348, 487415, 118327, 377702, 447463, 169183, 436446, 156575, 497137, 364777, 218941, 150633, 210099, 459946, 144066, 301270, 415478, 302655, 472886, 425113, 97159, 136404, 191266, 122208, 111507, 449391, 19432, 351976, 2881, 38601, 232351, 331829, 348834, 193342, 317045, 371921, 481117, 315241, 321142, 16261, 450370, 68630, 318563, 427283, 112353, 471876, 278706, 114388, 468184, 322570, 25251, 30398, 401201, 480363, 66413, 437841, 323772, 221100, 60236, 331216, 263509, 167261, 45777, 2835, 321609, 42862, 180704, 341647, 271379, 260701, 158161, 256039, 370518, 469251, 95850, 256894, 1143, 229407, 328010, 376201, 60080, 217215, 48174, 19265, 104918, 91389, 51109, 450790, 190417, 456779, 89802, 163018, 102547, 367514, 151771, 248453, 100654, 47570, 355722, 392949, 105691, 215965, 357538, 232620, 157139, 176006, 307945, 118504, 42729, 427840, 153758, 89618, 356983, 184660, 498190, 383251, 441133, 47917, 171640, 498727, 325340, 426864, 272206, 96451, 166274, 409150, 309500, 119802, 330327, 325609, 249520, 205184, 276408, 219419, 280925, 290646, 245884, 190367, 334757, 164630, 144625, 63101, 35908, 152499, 55913, 62201, 32923, 239691, 295342, 269115, 160179, 201720, 51018, 420329, 455392, 233017, 430993, 290748, 253927, 267043, 185651, 203025, 342747, 477723, 294017, 125365, 487052, 287574, 436354, 7391, 386439, 364744, 469792, 116269, 222278, 219705, 496949, 294725, 458283, 490837, 105874, 117726, 147857, 136380, 451230, 88131, 10540, 29503, 110973, 442880, 45185, 455666, 368340, 174219, 82611, 137502, 226895, 253799, 397271, 152608, 428569, 105221, 435431, 328337, 481630, 452024, 331997, 473541, 269934, 266756, 207737, 452182, 250179, 459833, 312820, 315041, 392478, 25890, 179443, 252264, 236470, 306323, 216259, 116153, 102641, 253417, 203412, 244932, 216798, 15228, 367998, 244476, 167803, 26117, 477174, 113365, 94173, 82791, 299864, 174667, 104017, 423883, 360025, 384344, 423124, 329168, 476261, 411632, 495646, 151130, 171816, 368256, 257752, 285917, 374219, 289972, 449221, 429288, 441833, 201812, 366478, 63002, 466430, 104881, 115268, 82066, 98061, 349997, 226573, 160423, 38779, 104112, 273743, 118597, 381105, 457403, 383553, 339469, 427054, 68428, 270647, 326141, 374803, 170855, 258430, 419519, 294989, 480938, 199811, 437284, 18124, 495626, 291122, 381711, 418542, 294022, 244918, 81584, 252964, 419350, 418590, 109738, 490126, 396108, 415318, 174243, 297485, 198664, 88417, 124855, 221878, 209069, 166293, 228323, 285079, 69287, 211697, 385399, 448293, 284200, 32772, 333087, 131774, 162, 316101, 488077, 123896, 231384, 117554, 274491, 90713, 232193, 434892, 371914, 84867, 436031, 265538, 291710, 477754, 121551, 63119, 361345, 417524, 87796, 339058, 116003, 182649, 9629, 310777, 133226, 40273, 216706, 378874, 86489, 295113, 27437, 54076, 133459, 394914, 210840, 499236, 110979, 140804, 169171, 401190, 69745, 210713, 120137, 441255, 370524, 46417, 168399, 456823, 361876, 343890, 469701, 4463, 375875, 38177, 249984, 235347, 226160, 123502, 306832, 221150, 134656, 421815, 334199, 13505, 338619, 463173, 57331, 242421, 379346, 261523, 9082, 111705, 472127, 281923, 334565, 112771, 165481, 133718, 305868, 30400, 374357, 191021, 140759, 197829, 207749, 493474, 124792, 338827, 425335, 477745, 268629, 138939, 118241, 452377, 138098, 447438, 74607, 176978, 278165, 662, 185853, 469299, 392621, 25582, 491012, 24331, 73462, 477224, 334857, 283556, 91708, 404302, 410838, 314677, 290837, 381800, 44807, 417001, 168034, 161086, 424063, 21911, 300319, 144573, 392303, 58522, 72391, 421084, 363606, 140425, 349976, 113638, 14095, 363532, 408055, 268168, 119700, 477086, 399694, 360772, 370167, 291146, 429755, 482777, 300356, 181110, 263728, 215019, 157782, 421690, 233959, 246758, 101685, 144430, 121164, 239590, 317397, 104842, 369347, 68016, 50114, 345349, 363857, 341864, 421279, 51671, 460711, 33344, 217118, 290086, 325181, 86615, 141055, 391633, 167168, 15396, 468026, 455790, 345678, 138002, 192415, 217533, 126763, 341511, 53833, 350273, 456481, 448168, 471606, 257207, 468169, 57025, 490848, 258057, 406779, 289707, 67225, 207833, 420284, 114657, 78124, 499447, 54001, 354480, 206994, 277128, 323929, 123392, 406669, 135474, 109433, 445071, 65237, 380242, 402480, 66439, 375573, 216103, 316985, 122829, 191253, 362144, 34615, 420110, 328927, 27465, 145295, 329741, 236002, 172195, 489722, 143803, 117392, 487455, 255204, 299395, 235843, 166847, 112097, 107348, 174700, 337426, 114669, 280094, 341955, 225006, 311981, 494705, 66722, 43164, 208878, 188399, 243572, 423489, 216799, 233519, 137309, 136955, 108182, 211695, 272653, 199336, 345628, 57723, 209827, 372523, 70759, 439474, 351556, 278246, 116121, 198736, 21231, 219031, 486150, 249643, 363531, 53548, 326853, 405408, 353933, 153085, 437684, 481251, 125921, 269815, 199469, 117766, 333148, 115204, 60232, 454882, 467166, 452174, 393865, 97729, 479194, 195752, 360129, 266067, 75008, 435986, 341597, 440907, 225334, 131672, 214094, 390572, 266960, 331541, 233705, 89239, 107384, 268787, 331285, 266003, 439397, 242447, 383093, 291564, 213430, 17260, 115623, 47752, 407105, 443221, 121506, 103685, 259757, 321538, 289956, 493815, 306091, 286035, 193948, 121503, 72364, 476303, 89879, 460042, 27534, 231291, 152612, 342716, 121727, 330417, 160176, 465667, 67958, 256036, 423677, 82989, 387391, 194275, 121757, 242274, 271995, 337763, 150961, 323581, 466102, 334373, 434859, 249459, 208635, 149588, 432510, 71416, 93424, 308338, 267937, 415963, 486292, 341507, 450463, 136546, 363379, 345669, 98145, 1977, 114261, 27328, 468503, 165016, 404780, 247521, 171244, 1133, 396480, 318863, 350139, 116969, 107445, 89465, 202660, 157653, 88550, 265924, 480700, 407031, 141819, 347392, 452271, 92416, 381912, 70324, 114796, 288774, 28012, 311913, 422964, 323645, 464715, 413651, 229564, 32407, 313462, 421602, 283150, 94377, 468202, 281703, 87790, 58427, 185383, 422101, 393326, 184807, 101440, 217629, 226203, 330553, 8491, 250191, 94811, 453331, 124763, 444714, 409225, 491344, 430103, 246698, 66642, 355396, 225468, 476107, 455757, 385032, 166196, 16222, 86993, 450812, 333275, 309524, 300312, 162994, 167304, 110674, 195518, 198027, 317196, 152395, 463635, 251802, 5526, 372730, 369731, 235686, 90390, 20460, 470073, 292901, 141040, 187022, 192011, 73378, 279239, 21153, 160019, 273154, 64269, 192536, 159367, 170992, 250046, 265295, 282339, 473988, 201591, 462351, 403492, 222431, 461800, 36505, 231775, 421634, 498952, 326883, 329637, 363225, 33893, 75014, 405915, 51918, 295791, 150564, 428920, 243344, 288053, 177948, 491982, 146274, 313605, 441430, 218863, 32196, 277319, 291552, 261034, 499993, 258320, 69087, 401805, 105448, 18988, 452735, 427380, 351880, 13774, 240051, 31844, 322230, 499807, 386773, 495186, 309683, 367330, 72542, 321805, 415465, 439004, 71856, 361622, 200472, 299695, 430743, 113608, 441463, 343074, 6830, 407629, 144977, 20114, 7562, 342148, 457729, 406041, 75318, 83937, 113814, 155404, 123559, 1233, 31239, 453809, 67377, 437345, 430406, 382451, 428599, 242628, 314527, 329709, 431022, 320074, 359327, 242034, 191175, 239254, 207207, 18004, 245139, 323548, 245634, 224428, 288407, 151874, 301942, 295526, 218525, 333456, 308615, 436887, 441890, 319846, 50138, 347998, 364406, 35074, 34280, 112040, 227622, 421357, 179709, 118319, 242577, 284992, 448944, 209709, 88872, 65403, 271568, 17957, 279993, 228011, 154714, 348351, 137346, 137781, 394114, 381732, 34694, 198273, 95981, 433990, 487171, 287685, 477655, 127906, 163686, 4438, 351078, 35154, 219970, 224896, 321910, 388248, 485887, 241320, 404520, 8756, 285935, 399229, 156278, 495873, 167056, 376115, 433000, 333273, 425862, 47882, 441490, 356973, 140433, 194814, 167277, 86066, 149175, 131172, 412789, 414209, 444546, 244554, 466707, 333537, 391902, 97811, 212433, 273721, 56171, 15491, 122070, 45934, 410449, 463297, 206312, 204438, 123689, 224431, 490212, 48549, 123888, 346634, 143154, 469108, 352495, 337782, 32642, 435160, 225828, 165698, 318133, 238572, 477137, 283027, 180966, 138903, 58019, 164595, 197357, 35249, 188927, 12134, 485429, 249105, 136154, 77005, 451010, 250365, 284063, 281901, 475912, 144576, 114432, 427152, 335332, 254494, 179200, 57499, 258149, 76155, 310599, 265341, 494774, 32142, 276390, 332300, 196622, 225265, 272516, 36086, 263467, 314529, 168268, 393137, 356402, 280095, 267944, 66689, 73823, 88314, 413866, 25450, 366894, 424583, 334624, 18723, 492067, 108200, 171196, 305201, 337690, 413811, 176133, 314839, 296838, 398713, 469338, 418705, 265346, 315198, 9605, 293415, 211515, 148315, 307257, 3111, 222356, 396759, 488919, 341208, 425500, 477386, 353167, 222588, 480898, 152320, 365408, 353651, 173151, 338201, 298252, 168630, 35499, 163246, 201942, 441249, 233840, 78970, 432998, 398524, 289229, 254509, 342585, 77162, 287880, 498684, 179918, 497634, 126522, 326137, 38601, 232667, 164726, 247274, 173219, 391472, 213831, 128456, 79371, 196121, 233383, 334436, 1423, 191094, 475619, 212062, 418520, 467799, 186684, 481550, 478683, 226707, 344681, 11126, 496306, 258565, 115193, 71464, 318783, 239544, 8732, 242581, 303440, 313985, 41856, 233114, 460001, 138158, 217675, 395155, 418950, 44197, 314460, 404117, 131906, 277405, 254402, 345609, 463907, 55831, 163254, 146254, 218499, 134285, 12548, 478699, 220818, 36184, 47541, 224912, 237623, 131542, 100636, 99822, 153367, 58652, 415307, 364769, 218791, 134278, 59265, 133672, 41576, 91032, 386825, 312869, 315875, 432815, 58555, 126711, 365360, 494528, 279078, 269395, 360511, 78063, 209077, 297182, 254399, 161807, 200238, 308441, 66075, 256817, 233424, 282298, 295321, 97554, 77740, 311660, 246326, 272013, 135485, 252714, 326370, 227288, 82668, 18136, 132649, 110882, 36714, 312775, 202312, 118997, 70888, 232457, 492110, 460862, 329248, 454972, 9969, 218855, 390203, 120350, 131146, 14166, 205074, 423138, 350957, 337247, 360505, 268236, 343949, 150609, 294669, 64819, 441667, 84660, 219696, 469603, 400880, 484663, 108298, 266823, 192601, 126211, 330030, 336703, 110603, 179434, 104808, 402252, 344366, 124645, 187335, 463757, 255670, 166553, 204244, 106404, 61670, 333118, 245754, 228246, 420026, 334304, 363465, 25548, 438607, 24226, 53245, 420028, 466251, 303513, 85597, 440606, 408617, 376558, 109254, 172815, 132937, 345234, 77767, 339446, 15121, 360314, 173144, 483015, 315309, 188410, 454379, 64968, 337501, 175450, 97836, 184351, 355089, 309615, 176287, 156436, 247616, 162405, 128547, 227541, 420187, 116667, 142946, 194693, 357561, 177564, 499598, 58157, 397543, 279786, 453796, 88070, 108994, 395330, 155998, 464628, 62481, 144890, 93887, 448834, 117608, 265764, 301542, 28413, 311573, 258201, 158482, 125750, 240742, 334769, 207256, 240012, 175406, 99927, 312574, 317521, 420781, 371693, 104409, 221912, 144311, 370129, 64072, 471451, 248074, 120719, 130756, 89751, 78652, 71626, 154591, 90745, 273189, 186382, 456594, 383984, 354717, 20653, 81038, 252203, 254105, 143826, 229407, 50664, 13404, 267138, 71843, 170623, 449988, 192498, 164540, 483969, 183948, 113190, 445466, 356349, 164978, 9671, 168406, 361415, 257477, 188215, 148696, 136094, 37117, 147600, 37627, 228268, 308170, 450290, 316176, 438215, 135933, 47205, 156643, 133521, 148608, 487299, 150698, 465764, 72227, 286382, 120061, 329046, 409171, 463758, 72414, 86906, 210552, 25548, 305595, 122739, 147224, 234632, 191074, 309246, 398427, 12958, 324682, 244906, 149961, 35336, 492671, 32404, 388902, 333386, 425083, 276905, 454702, 39906, 333549, 160063, 303182, 401925, 411952, 338358, 95880, 226468, 364971, 256193, 453960, 275264, 158557, 293994, 177834, 12798, 444349, 74955, 481305, 291989, 99324, 93656, 146806, 21925, 146902, 48578, 15348, 68498, 216956, 362150, 392995, 255005, 271732, 57285, 51567, 34753, 72737, 210031, 387375, 232369, 143588, 310426, 164592, 173020, 169796, 312753, 257100, 201037, 376510, 282111, 36378, 346088, 364859, 377995, 353823, 411678, 272866, 145781, 8641, 366612, 241462, 257666, 436072, 247042, 41332, 139560, 418122, 204848, 37852, 85015, 220159, 246401, 384096, 219830, 174989, 453421, 274492, 383195, 382570, 228778, 460584, 318431, 328678, 250389, 394499, 418209, 265346, 43802, 352067, 338059, 461643, 72138, 474358, 307068, 207624, 374521, 404804, 33586, 88684, 319019, 3778, 51124, 90696, 360092, 265003, 151845, 327158, 24001, 381301, 33737, 108075, 267305, 174659, 137896, 88298, 415689, 443283, 379995, 161180, 484921, 22639, 12313, 15320, 41748, 336208, 475803, 145774, 492445, 204856, 136538, 24301, 11423, 201677, 254194, 101176, 476154, 302246, 204657, 441974, 373948, 430963, 136543, 391695, 63600, 183924, 152546, 172994, 440970, 21938, 234076, 59394, 120753, 16286, 264388, 220099, 44632, 35821, 203719, 54299, 80744, 373058, 93669, 132086, 328876, 155923, 495350, 220713, 145613, 240397, 106278, 29321, 327072, 455292, 213535, 196233, 455928, 269414, 123390, 205295, 379226, 86586, 162472, 192340, 352419, 94031, 134586, 446891, 184283, 279615, 496021, 163241, 337837, 186664, 418675, 273773, 198296, 319038, 375498, 141633, 40855, 101373, 311628, 389191, 103239, 57207, 275181, 458974, 127996, 415, 132547, 100389, 298637, 443296, 222155, 316329, 302220, 107777, 473365, 223305, 416704, 21424, 223337, 376632, 28538, 63509, 106491, 53461, 469144, 246430, 39768, 60337, 207653, 57920, 61618, 125542, 274835, 182982, 184131, 230940, 57162, 32958, 484635, 453165, 121661, 426964, 201737, 34477, 435543, 388236, 342018, 275798, 398628, 429285, 218464, 249107, 179960, 404521, 419881, 226947, 70609, 13246, 360507, 312623, 250048, 295519, 101780, 227139, 475784, 498947, 212206, 450684, 6811, 490492, 333871, 367054, 140336, 496, 324298, 358657, 70367, 320009, 223906, 161898, 315781, 276376, 180275, 463234, 352423, 265153, 141027, 436784, 32193, 435034, 447670, 410588, 296548, 319943, 180354, 310853, 402078, 196261, 143412, 180420, 21835, 340991, 87268, 167758, 284172, 139793, 426227, 318902, 108427, 318790, 381890, 416378, 82409, 440703, 281141, 254503, 331272, 475545, 43101, 429094, 451471, 468119, 338699, 391139, 372415, 178323, 418934, 201446, 340718, 62168, 76830, 382363, 76738, 476849, 95150, 9282, 396570, 176971, 403270, 3615, 278433, 270242, 18340, 285847, 455607, 23885, 412081, 95621, 25038, 22250, 41219, 334787, 186604, 56402, 4022, 64940, 465857, 236442, 146616, 272847, 286421, 33395, 378479, 321366, 39862, 243763, 67009, 43977, 447011, 216925, 32253, 261925, 98288, 15580, 421074, 332538, 221573, 12741, 260077, 24800, 126124, 30799, 254916, 460609, 192765, 216738, 28990, 167819, 27658, 478642, 151661, 496616, 29833, 340168, 115494, 61767, 356790, 277575, 368404, 1686, 4345, 389223, 140166, 223911, 400790, 319710, 174902, 482299, 372021, 140841, 48595, 36150, 140980, 257066, 344223, 268253, 115563, 35722, 120960, 98590, 63030, 90876, 423920, 94133, 339756, 119817, 287562, 243615, 50515, 218093, 337909, 5463, 191043, 283116, 401093, 317534, 440578, 113790, 285323, 132197, 281526, 261346, 437143, 220643, 15758, 194112, 430462, 200185, 19856, 23499, 288152, 407909, 295779, 436959, 175847, 167145, 303997, 126948, 178467, 450888, 12748, 52412, 388978, 465544, 377440, 162289, 370705, 283660, 471178, 306699, 125479, 443563, 347763, 415454, 305297, 259428, 311891, 102362, 280143, 331269, 416470, 371387, 350512, 363930, 345740, 363423, 360215, 192706, 105590, 481633, 153401, 342529, 397109, 295776, 477691, 172512, 106953, 198752, 447946, 30509, 300243, 363197, 95927, 360773, 15372, 165364, 108158, 78530, 129392, 292894, 361157, 333753, 410411, 59422, 156816, 106241, 43685, 303234, 59524, 310862, 344724, 190316, 74157, 22271, 46822, 454945, 173211, 470452, 487585, 357226, 490946, 176339, 4264, 107017, 221502, 212747, 300349, 492525, 471547, 12829, 231154, 322961, 33229, 470285, 284645, 84174, 456642, 127625, 434067, 325496, 145312, 322865, 339799, 245385, 229001, 83241, 227954, 38854, 408736, 475901, 237380, 351015, 144120, 292539, 454777, 6938, 108015, 92398, 226708, 281000, 21985, 171264, 19794, 430876, 63221, 47138, 15680, 254946, 90454, 145182, 121653, 476045, 109675, 136943, 304379, 32514, 196732, 435568, 425018, 137523, 334195, 496762, 215422, 361815, 89226, 201936, 388737, 157237, 291367, 407199, 497176, 57739, 94397, 363816, 107844, 426049, 276229, 138519, 386440, 248509, 305474, 65612, 15010, 371871, 44944, 492094, 261457, 496443, 191618, 374802, 313247, 315944, 349768, 311304, 238573, 489680, 326116, 46782, 682, 277812, 110946, 160782, 324545, 129746, 180421, 159234, 390307, 110877, 70106, 339509, 411698, 133089, 363551, 155611, 63939, 325750, 215352, 493052, 42699, 295776, 318585, 99862, 102218, 132279, 260564, 212759, 71645, 457248, 438701, 266056, 471138, 325662, 252058, 417933, 258368, 166895, 129321, 461416, 311415, 219107, 229181, 291543, 247681, 381918, 345999, 214950, 170593, 64471, 184898, 258081, 412413, 339983, 341306, 388443, 237659, 387723, 117453, 359619, 95860, 82597, 99810, 307994, 348992, 480648, 471461, 165839, 444158, 476800, 259688, 342606, 376044, 106559, 5650, 482989, 454180, 67975, 246092, 197927, 263955, 174654, 293477, 139157, 285154, 51216, 482435, 455810, 115173, 493594, 354860, 66114, 126109, 276272, 485798, 131367, 491285, 112964, 15809, 224017, 127020, 441796, 166878, 244542, 86538, 1839, 172180, 103803, 483925, 252725, 146885, 15174, 257137, 347141, 331776, 241002, 349026, 392643, 128490, 461478, 66826, 60183, 496821, 98819, 471631, 53620, 486852, 163771, 275299, 281274, 322597, 201222, 228591, 282648, 315835, 10905, 115530, 52760, 18350, 225652, 306056, 277638, 424388, 412843, 456525, 423540, 58820, 187199, 20742, 53767, 339649, 485634, 320046, 14468, 114352, 491552, 390342, 119432, 496216, 478294, 419015, 60829, 12718, 312743, 483624, 174922, 290391, 51270, 195553, 353908, 257876, 469594, 357357, 494215, 74178, 90487, 155717, 297135, 234391, 119842, 451548, 399424, 313936, 125582, 26399, 19589, 358597, 453562, 246947, 81537, 24794, 349000, 422130, 381945, 401909, 238879, 14255, 278502, 485088, 218553, 217882, 437069, 488755, 286462, 481392, 185481, 489941, 91948, 375513, 472449, 53804, 106842, 300162, 282551, 352009, 26401, 439480, 105470, 385903, 290533, 418050, 155848, 169469, 115659, 328412, 274969, 297891, 117422, 46139, 476851, 421500, 170598, 274844, 180150, 91326, 109874, 123513, 230550, 220664, 445106, 285649, 20737, 139616, 313541, 47739, 114123, 253943, 189757, 498836, 78701, 304007, 34700, 231810, 476589, 291454, 69897, 101193, 4187, 353712, 44930, 28080, 176839, 340673, 426383, 165895, 77654, 404316, 265244, 361022, 176612, 252231, 72299, 133562, 382246, 126967, 276096, 287106, 106672, 343140, 264453, 58184, 408404, 60277, 430038, 449829, 95790, 54943, 32682, 165973, 137733, 182975, 316750, 228643, 35656, 160555, 182405, 68226, 119815, 45581, 240770, 396121, 128302, 35345, 272013, 377985, 400848, 215053, 173208, 467930, 489770, 498426, 74724, 483885, 269223, 308804, 483948, 55144, 191118, 475759, 351649, 250370, 97846, 483147, 215957, 198247, 30793, 180371, 319346, 5635, 270584, 254777, 82573, 249199, 132280, 464970, 390680, 442679, 87336, 24439, 135975, 131702, 182517, 184990, 436368, 474642, 134742, 356684, 102981, 265206, 44089, 287994, 122349, 387831, 121507, 412154, 417847, 112946, 95885, 452523, 1366, 310836, 362305, 426078, 91510, 247224, 306222, 201910, 142139, 253900, 323920, 77517, 145627, 47946, 80238, 240576, 56829, 193233, 45255, 270094, 433876, 248339, 72557, 112426, 65852, 417832, 122173, 212818, 63496, 337095, 124919, 205293, 358721, 346010, 465742, 200374, 23701, 88938, 494061, 479859, 167387, 181599, 87444, 378477, 445353, 193198, 267893, 25099, 229685, 287586, 269605, 166260, 421865, 419999, 142809, 338369, 474392, 270530, 112697, 25617, 463354, 222106, 27695, 481745, 117091, 331039, 298873, 70943, 135210, 484104, 251848, 25360, 335542, 446015, 193222, 497902, 280710, 70417, 405723, 286923, 338157, 103527, 55433, 134593, 123384, 239813, 182605, 349387, 4617, 377617, 385555, 10374, 303109, 174203, 78159, 7836, 287817, 432839, 106089, 313859, 109652, 391083, 342908, 460649, 288139, 4193, 45351, 150014, 133094, 259585, 98137, 405967, 402694, 211364, 441280, 478419, 487002, 216877, 40309, 190946, 170053, 280795, 459198, 119830, 190893, 367872, 59951, 462834, 123065, 194146, 85827, 83106, 364764, 101619, 400985, 250080, 369595, 278408, 155037, 397083, 430399, 151559, 428160, 220741, 142492, 406764, 356213, 101980, 231865, 135514, 384641, 42601, 318027, 78794, 68427, 133189, 256193, 253985, 32777, 369776, 146692, 213478, 401126, 35524, 422833, 389175, 74070, 360124, 324884, 199225, 268603, 91506, 386523, 322127, 156458, 220873, 165681, 90985, 418279, 279236, 73312, 142562, 155218, 360229, 300497, 474554, 283649, 277051, 79006, 335357, 220751, 76450, 430844, 79864, 355693, 279466, 469559, 496558, 288635, 462274, 203894, 233112, 398440, 131413, 132259, 225049, 404845, 30124, 115212, 92730, 203229, 388025, 314933, 200735, 414527, 406673, 455362, 261236, 369821, 101618, 141504, 195141, 250138, 399175, 210644, 278888, 368496, 48289, 373495, 141259, 418920, 214106, 329745, 352464, 58463, 321763, 314657, 233849, 408440, 96760, 221953, 371295, 105928, 121899, 443455, 114551, 220178, 237529, 20979, 134720, 146143, 142119, 328918, 106905, 97417, 322775, 447736, 423332, 264733, 336142, 121748, 74289, 261671, 144032, 57359, 663, 284306, 266098, 213935, 354586, 271722, 281413, 113460, 110646, 187124, 481169, 428460, 43771, 222905, 170741, 308386, 55230, 461771, 313876, 37322, 340995, 303137, 94993, 336484, 478572, 140741, 231754, 175020, 274060, 333438, 456945, 49872, 76256, 199740, 283724, 321323, 10199, 158117, 62948, 246176, 15951, 260008, 236734, 26014, 149284, 326249, 119486, 309227, 278296, 161979, 387766, 179976, 275433, 62375, 82086, 497872, 342203, 399207, 347182, 140679, 13983, 388683, 29883, 314615, 177826, 233142, 458044, 307153, 302098, 212520, 215862, 471480, 323726, 448344, 160507, 155360, 214184, 191222, 110313, 456434, 399584, 470613, 107660, 324717, 279569, 316235, 28436, 129009, 473086, 498528, 493979, 112560, 229598, 257292, 487288, 229100, 399182, 51261, 309202, 418982, 17077, 66256, 405194, 381247, 486696, 312629, 146952, 232212, 338709, 394636, 190025, 407359, 489741, 89664, 55280, 168323, 14226, 99212, 159010, 425416, 8806, 454141, 493369, 486833, 157425, 445168, 280107, 489240, 292083, 301299, 155465, 172224, 238956, 341924, 346662, 223492, 329736, 364695, 423346, 40542, 220645, 496417, 51415, 237555, 167271, 64613, 328961, 134730, 16923, 17706, 258534, 217935, 231045, 337783, 153395, 54019, 154360, 347031, 247286, 347055, 175426, 413404, 98191, 455727, 95846, 422190, 209960, 377534, 93465, 359855, 52628, 325841, 11960, 357332, 99477, 339922, 387248, 2538, 57431, 97225, 15026, 286773, 406447, 352910, 69101, 445913, 222575, 84731, 136594, 357386, 963, 449035, 94576, 334056, 332941, 285279, 350551, 103576, 296712, 275941, 105876, 296923, 202614, 168521, 396664, 181743, 233238, 476331, 323688, 42159, 246819, 26429, 25079, 356571, 240755, 20672, 88273, 446509, 280864, 96795, 448084, 237727, 218615, 239937, 371229, 472238, 214488, 309306, 52336, 30850, 468412, 326902, 141687, 455567, 51422, 36297, 73036, 249665, 65524, 491638, 435991, 192333, 18264, 125427, 197772, 51764, 384596, 135945, 305617, 205314, 284114, 420002, 305650, 433646, 356536, 2941, 439081, 199439, 296262, 221707, 152650, 415113, 23577, 190675, 267097, 428437, 429375, 303897, 49509, 38240, 123823, 115789, 87242, 418666, 115452, 148976, 371444, 295396, 439142, 109544, 472297, 298871, 407582, 54192, 156851, 124700, 377304, 322335, 272285, 317385, 446696, 377970, 478919, 75861, 235082, 439310, 5702, 485631, 432096, 464500, 67141, 70854, 111997, 19060, 275621, 1032, 205909, 223829, 90473, 126375, 164258, 235087, 60579, 75925, 455908, 408398, 261765, 151353, 499653, 254618, 270438, 94734, 326226, 325445, 229502, 160386, 125480, 106346, 438928, 95266, 132754, 362567, 312248, 378889, 334510, 363328, 61827, 322011, 372352, 445863, 376395, 375851, 295968, 215944, 487027, 380796, 222938, 464479, 105343, 277352, 412318, 466623, 336810, 238917, 175380, 419052, 468610, 90140, 37372, 222533, 151776, 207393, 234043, 243170, 388572, 184945, 471717, 152423, 86085, 394571, 22639, 93190, 50168, 34587, 365376, 430338, 277809, 409444, 466969, 349022, 49739, 381144, 391862, 268733, 22339, 234461, 464990, 56933, 319513, 187398, 452086, 433339, 465741, 143855, 482124, 151140, 337174, 414456, 313194, 246625, 241959, 140631, 271166, 210517, 352144, 482399, 487955, 262181, 42210, 231319, 359290, 126405, 391162, 93263, 152437, 188259, 443687, 130429, 167628, 124205, 316561, 285816, 36390, 135584, 101773, 460578, 85457, 151778, 461591, 172379, 207838, 244627, 155229, 407, 443176, 299041, 110224, 146042, 237716, 206923, 92959, 255804, 154483, 310480, 316110, 168512, 271850, 227583, 401384, 308078, 427485, 125170, 76964, 198094, 184890, 247189, 69532, 95935, 412791, 217263, 431219, 332722, 486101, 6347, 460620, 403213, 65220, 170232, 197148, 325787, 242624, 256334, 374356, 197307, 433997, 5513, 390824, 171121, 325751, 49176, 215648, 380051, 337861, 158438, 360909, 453598, 446880, 318771, 121354, 384363, 174581, 183160, 442259, 477234, 262741, 86463, 464088, 332324, 453704, 137523, 73336, 471984, 160166, 114770, 156421, 439073, 238746, 5600, 15125, 281734, 1661, 143834, 318090, 111085, 472624, 171423, 477726, 221812, 444475, 191743, 478546, 190442, 385749, 259955, 17812, 218906, 117039, 298328, 8933, 261178, 183444, 137384, 445055, 158166, 327975, 119934, 99662, 162774, 410242, 329645, 338584, 177968, 459447, 176064, 76172, 422662, 51178, 117161, 19374, 288602, 60111, 474592, 161607, 333485, 436555, 395229, 114951, 491158, 17817, 207050, 259637, 461018, 122287, 373409, 375162, 250679, 38103, 398777, 291793, 246799, 210211, 484899, 435111, 60768, 249386, 285027, 198701, 371739, 315278, 381673, 93026, 244139, 421521, 70, 237471, 410600, 451476, 58649, 376346, 114555, 188733, 372, 373774, 256226, 111754, 397398, 485142, 415408, 272833, 329325, 215143, 392847, 409051, 241771, 92408, 199258, 246117, 300317, 236558, 400432, 140026, 333545, 223509, 305220, 11718, 414152, 104805, 418544, 383385, 204160, 217611, 347699, 81688, 129968, 229083, 240188, 73302, 144826, 244568, 368381, 393954, 409625, 157463, 344151, 437962, 37231, 462620, 422385, 461883, 93325, 78055, 91863, 327266, 382783, 17397, 139761, 118680, 345675, 357029, 321313, 162344, 459535, 97073, 294253, 349936, 244481, 333213, 99720, 42907, 96556, 364446, 383606, 84086, 486283, 109938, 387733, 428148, 397991, 42389, 741, 338039, 457001, 221303, 106651, 167186, 349538, 17899, 467356, 82990, 402505, 461281, 239896, 168945, 414889, 26156, 271490, 55845, 217865, 344318, 412070, 229534, 494791, 469747, 158534, 415952, 263514, 318508, 41863, 486813, 460570, 146888, 328862, 37376, 473195, 28294, 7669, 189125, 432160, 81885, 17884, 318996, 374020, 355474, 221334, 301703, 193206, 58633, 405772, 319211, 467339, 432478, 72174, 368384, 191817, 280113, 284754, 493674, 336784, 365793, 428403, 140161, 192130, 231650, 173398, 493981, 110687, 99608, 460323, 289091, 456138, 104749, 215280, 96368, 54244, 172934, 466463, 149631, 68190, 285246, 312195, 111719, 392296, 65, 30337, 289203, 395562, 479314, 482237, 362459, 275471, 271831, 455221, 446850, 465030, 462594, 302482, 482799, 256645, 128452, 106731, 295746, 388002, 23492, 225799, 462232, 197285, 159782, 452976, 214950, 83769, 369454, 432627, 208185, 380932, 293425, 440045, 131305, 267200, 214921, 120239, 310268, 400923, 120773, 389915, 294484, 89659, 285549, 62450, 389634, 464769, 298789, 436855, 413670, 210478, 437501, 160169, 219698, 373539, 126887, 312300, 176656, 294811, 389732, 275744, 209233, 473161, 142596, 27056, 140062, 367401, 397559, 70127, 191633, 357147, 492255, 216064, 475640, 136405, 211412, 206544, 205556, 213423, 413163, 219060, 54180, 398794, 467513, 297468, 130227, 180826, 298419, 69929, 315517, 90874, 499848, 311592, 384314, 355596, 176616, 323291, 476379, 172986, 12086, 186208, 165886, 470463, 268744, 122613, 207780, 434173, 103903, 370489, 465826, 108845, 50256, 51674, 460975, 218512, 261750, 324133, 152220, 474613, 497672, 223533, 94823, 396761, 398319, 121034, 245825, 21684, 312463, 423278, 333271, 61342, 452026, 30709, 463931, 177039, 453352, 342153, 297542, 246391, 57358, 225072, 233612, 210267, 128572, 16689, 83381, 142746, 177984, 412038, 395431, 318898, 466515, 281818, 354976, 203715, 122144, 352409, 270267, 72123, 18159, 170910, 225632, 57584, 256520, 10376, 437279, 428961, 259127, 472241, 221999, 480591, 345062, 458986, 354932, 142856, 392946, 74262, 317248, 278979, 383245, 240742, 47104, 183782, 18504, 390448, 122763, 130282, 97307, 297070, 95245, 91035, 230115, 492479, 71060, 169775, 18104, 383001, 19333, 452659, 264991, 223111, 49518, 29844, 151976, 225670, 148116, 215614, 367983, 289494, 338604, 212541, 192240, 116400, 33192, 100146, 192782, 100711, 453122, 153610, 489185, 309448, 149239, 183190, 20412, 247872, 39461, 459943, 322887, 489879, 281939, 383142, 287837, 212236, 174484, 422838, 348959, 356976, 75266, 451363, 48586, 435727, 139211, 140234, 462389, 234887, 32500, 291875, 241036, 39437, 243470, 469575, 11309, 50214, 485738, 122017, 210008, 17849, 117785, 403549, 491741, 150143, 247362, 423125, 499488, 435159, 471583, 32437, 452051, 290361, 459984, 267034, 465241, 149547, 304970, 328983, 300070, 363744, 180638, 232054, 23464, 1875, 343184, 287021, 196828, 112548, 361695, 359841, 454650, 131404, 339485, 470308, 348241, 165144, 151078, 146917, 56367, 346823, 402328, 13254, 448051, 174193, 463939, 299675, 66895, 258364, 181102, 398015, 69187, 121900, 202170, 118905, 447058, 135701, 94804, 157656, 219204, 12023, 370639, 160685, 234563, 474134, 281720, 364149, 140211, 384027, 283005, 101246, 369599, 34262, 70216, 388757, 273794, 37480, 221869, 53925, 363850, 448243, 108797, 52193, 496264, 276345, 204734, 8259, 417429, 246811, 350537, 286188, 102078, 336650, 345968, 417658, 471204, 165347, 58045, 248715, 481308, 275024, 178833, 302600, 480607, 55312, 285211, 13407, 96891, 189608, 126880, 323486, 195197, 41847, 9500, 386587, 439582, 118017, 348487, 244879, 214074, 229040, 52161, 447852, 389953, 494148, 335417, 479444, 39353, 45799, 432923, 266158, 41567, 270436, 392075, 214213, 445841, 101527, 273846, 364567, 456404, 260315, 365253, 102074, 71041, 235813, 353717, 147230, 422581, 452986, 362173, 387082, 434115, 499309, 174513, 423919, 289628, 465984, 352010, 420257, 32560, 54957, 412912, 420612, 255347, 102958, 82184, 246058, 469549, 167656, 79387, 16704, 442593, 404438, 30044, 461069, 208106, 495987, 309759, 263330, 198586, 415836, 487406, 31526, 442407, 362700, 73350, 214740, 225343, 483290, 164317, 401709, 121367, 43777, 357992, 356788, 63615, 390371, 345202, 189472, 381952, 400776, 97218, 314277, 125456, 489483, 293624, 4194, 340255, 168017, 267259, 204343, 265277, 107864, 313544, 7805, 24684, 140599, 387678, 282428, 142072, 351197, 300559, 426649, 170745, 345107, 176189, 224627, 257361, 194081, 191817, 264036, 348500, 436959, 378257, 187157, 167196, 212231, 237092, 488272, 145931, 439865, 41962, 438804, 442729, 456695, 412286, 357403, 466762, 79541, 242371, 14162, 373002, 401981, 180307, 95841, 392, 458651, 291886, 168896, 75165, 243020, 274829, 436027, 258162, 281224, 127122, 354243, 169049, 280286, 379578, 428862, 335763, 157695, 216441, 473377, 130926, 130550, 317982, 472456, 234316, 385122, 124286, 77847, 421926, 260673, 28290, 415623, 349715, 296075, 4841, 12748, 242257, 221196, 463755, 337693, 236836, 212419, 64406, 210890, 36051, 48802, 373297, 33643, 472236, 245950, 347431, 460147, 60218, 309090, 59256, 451220, 182978, 29511, 291146, 478578, 51030, 469166, 328385, 283785, 204125, 29718, 372657, 164815, 50065, 1145, 445576, 482088, 86513, 82033, 378547, 341626, 456560, 152153, 101238, 107247, 9258, 307080, 334113, 19400, 392712, 427452, 371607, 257066, 277769, 37183, 451865, 484004, 425384, 102187, 336211, 102595, 200393, 35515, 369315, 88196, 364472, 139828, 63639, 85773, 11197, 7171, 110371, 415795, 292633, 93010, 57046, 358024, 379111, 21066, 389395, 349449, 413921, 414938, 218965, 295315, 339851, 220855, 403900, 272768, 406233, 326674, 86100, 347206, 144820, 59032, 285134, 68850, 145625, 398581, 233583, 71452, 87154, 50108, 374697, 452432, 274655, 232386, 448952, 341921, 37941, 455334, 177369, 217246, 427250, 177952, 216499, 81597, 273546, 481203, 336164, 401068, 444747, 65324, 328781, 142073, 45303, 31601, 139390, 313011, 227455, 264625, 325588, 356034, 388631, 312261, 401259, 201173, 474330, 293474, 28332, 181429, 42542, 313907, 213581, 177120, 348415, 114442, 306668, 177424, 180910, 227226, 404582, 125150, 23051, 220856, 370189, 156780, 51032, 20711, 260540, 298120, 111157, 186853, 60139, 45209, 302461, 16000, 316619, 102338, 424784, 437687, 417879, 3642, 10416, 198332, 496068, 382819, 293847, 414572, 295052, 322385, 261613, 63644, 449146, 107856, 325830, 1622, 171317, 200641, 145451, 252746, 133459, 122818, 266301, 324969, 89806, 34873, 202887, 183974, 40018, 403450, 104161, 305121, 147871, 186555, 422765, 441288, 122962, 284278, 4329, 39457, 404287, 308573, 344565, 333775, 126435, 167610, 464080, 101347, 212745, 390480, 154122, 107700, 193135, 193473, 424834, 148473, 301159, 430474, 481181, 55427, 465185, 235939, 342792, 348466, 217181, 201280, 133656, 50493, 109006, 54858, 88859, 286961, 457155, 7582, 293452, 56213, 431582, 26601, 269880, 237361, 194826, 146896, 87901, 228772, 475890, 310436, 226479, 378729, 206800, 443404, 108587, 292918, 198896, 89608, 61627, 84045, 99581, 277945, 297975, 71461, 159955, 217510, 76075, 463550, 432879, 171166, 847, 200559, 127811, 304857, 313105, 278123, 162828, 456633, 406350, 187917, 406087, 244600, 455020, 230238, 285444, 226341, 208932, 144688, 234625, 84407, 480440, 463627, 270964, 166212, 24479, 471988, 219440, 408830, 287749, 285738, 215847, 415154, 100256, 208203, 470468, 133462, 62394, 291523, 235756, 264817, 315120, 406133, 10759, 244225, 442749, 232921, 219457, 281040, 390821, 157770, 352153, 85652, 391263, 390859, 468633, 290816, 417233, 40638, 197941, 442046, 488279, 108755, 34305, 50490, 289769, 474941, 314365, 326089, 330608, 164191, 327026, 101714, 163183, 464177, 468879, 393135, 174579, 48065, 2052, 39519, 475602, 188182, 417292, 318850, 59791, 498122, 305845, 107231, 472020, 278075, 282512, 370669, 177829, 498204, 110062, 377862, 228199, 475147, 131454, 81499, 6330, 153837, 397109, 480405, 204966, 52793, 135567, 292702, 238139, 287418, 443856, 278168, 461295, 325278, 13057, 165807, 234061, 457814, 2891, 493203, 488068, 455549, 368520, 442080, 298569, 412177, 279418, 223842, 224029, 320209, 292531, 132241, 152886, 306554, 46609, 92239, 448583, 257362, 85156, 56604, 397934, 371894, 9494, 475139, 176373, 391279, 110882, 233068, 163721, 428087, 491614, 23748, 19729, 314288, 400470, 480418, 365550, 294119, 248632, 112387, 459160, 303176, 129204, 491037, 439376, 325293, 240172, 417182, 384387, 306785, 244302, 399602, 377071, 477461, 436460, 18545, 333287, 185399, 168431, 185841, 486048, 148873, 166977, 361860, 155752, 359082, 497278, 366599, 140269, 122323, 128553, 467626, 249474, 453279, 195984, 14858, 399784, 439092, 220756, 210338, 133177, 410617, 25188, 169904, 236708, 281841, 186494, 321811, 165031, 214614, 2335, 254131, 344348, 255297, 413491, 64400, 78886, 343833, 246089, 407725, 53570, 199806, 81735, 347063, 237427, 191077, 332204, 307392, 448486, 178434, 387231, 179220, 430231, 418071, 159509, 73438, 279477, 202277, 332927, 161529, 363469, 439400, 444455, 167426, 265579, 69543, 237332, 117409, 208722, 173726, 87641, 219620, 6100, 38165, 86926, 343229, 336749, 51834, 59691, 238904, 181902, 459809, 319017, 50904, 366906, 476731, 488165, 453107, 235180, 182589, 101706, 320025, 285944, 307301, 472817, 396009, 194371, 494922, 223771, 348900, 214605, 367689, 326785, 428888, 298110, 61739, 122266, 388253, 389801, 115264, 341470, 106952, 66442, 256294, 417668, 171867, 308089, 366919, 180027, 493387, 293636, 195559, 298022, 51279, 61475, 429875, 256396, 129206, 262873, 79263, 55159, 133166, 473455, 99702, 194790, 243914, 173845, 155457, 104661, 482482, 249328, 7847, 348700, 247670, 114076, 355946, 340028, 18657, 61058, 154040, 201401, 406658, 127390, 402130, 394139, 308870, 159944, 349574, 151567, 127993, 243384, 60034, 217433, 207178, 118225, 442676, 123598, 3379, 336637, 8633, 153098, 103173, 231386, 324230, 156904, 144256, 137408, 449619, 143513, 426681, 444174, 3300, 284234, 381938, 161272, 323136, 229473, 80031, 355252, 335981, 258472, 243146, 458631, 79231, 459526, 243716, 252297, 243033, 144945, 352210, 220733, 435783, 129081, 372752, 250560, 371249, 229436, 475468, 295943, 407498, 253534, 32347, 129139, 281912, 343983, 52247, 81560, 92739, 241343, 66186, 206901, 429603, 481332, 458481, 152481, 61560, 133217, 471210, 30571, 385125, 420287, 239269, 12595, 494567, 164521, 373386, 262194, 255373, 54849, 115872, 153460, 69942, 292338, 388855, 286680, 247937, 408534, 32483, 365756, 231209, 371234, 362990, 135186, 111968, 403527, 380890, 273738, 181350, 159334, 290207, 281011, 441807, 273206, 8677, 52118, 320944, 358344, 132495, 450723, 36760, 312401, 135097, 190031, 23984, 260633, 475420, 51794, 180393, 262688, 497643, 468492, 324624, 176565, 73238, 49233, 350493, 65892, 412014, 136182, 210695, 67232, 421418, 233978, 71889, 105175, 457310, 284343, 332411, 253831, 30703, 185506, 117360, 11364, 70883, 240634, 248182, 393712, 11347, 73562, 335730, 386431, 283897, 105053, 352296, 191575, 187917, 334588, 433011, 422214, 49539, 211196, 59141, 184319, 146652, 399176, 113645, 13388, 174502, 211235, 397233, 357662, 334694, 445192, 380943, 39863, 370898, 149498, 449562, 264596, 31364, 243678, 132698, 9649, 416470, 144772, 222637, 96845, 197063, 337907, 237779, 211013, 278832, 492372, 234839, 90814, 126253, 308812, 426036, 234288, 108753, 305020, 431284, 316991, 352366, 7883, 387454, 300132, 173219, 100028, 350824, 477563, 231234, 19072, 17718, 349030, 116325, 313966, 296069, 360678, 320049, 86569, 146166, 473071, 236902, 290512, 212947, 134182, 475142, 412018, 168906, 149952, 281193, 469511, 407598, 12612, 32220, 296977, 272979, 166638, 140548, 154046, 311527, 316375, 337710, 329722, 319948, 108042, 93612, 65108, 223423, 141682, 292256, 51919, 93014, 296635, 412807, 4697, 18859, 226185, 71700, 128007, 491104, 254024, 127890, 492051, 180297, 479359, 93336, 177941, 447609, 431815, 471796, 376946, 496071, 10879, 126583, 146338, 128441, 269405, 465350, 353964, 417676, 37642, 26316, 93552, 187376, 176776, 149920, 406580, 140115, 392181, 202382, 176882, 400876, 245151, 164605, 218719, 253584, 483431, 314668, 203858, 281918, 499263, 239874, 100210, 183443, 252208, 34892, 392170, 81782, 140671, 475845, 322227, 489357, 218245, 123026, 429266, 296396, 34300, 477782, 304192, 468213, 473841, 20901, 481510, 169942, 378484, 354341, 275445, 164752, 37877, 92244, 404291, 245363, 447365, 8137, 265133, 141263, 121247, 340462, 30062, 218274, 127708, 479739, 111484, 372144, 439402, 236849, 181700, 71690, 465630, 13254, 228304, 436658, 9948, 260999, 475598, 471351, 167793, 110388, 138497, 432830, 380618, 90868, 216087, 325074, 400420, 279146, 433673, 90857, 475280, 311123, 297476, 345409, 153963, 159723, 491550, 242823, 358258, 127226, 10520, 15253, 305208, 107446, 73419, 73542, 5150, 174179, 469961, 282692, 234351, 156619, 488493, 138306, 319616, 149522, 148898, 343298, 410549, 97182, 185167, 332202, 5930, 322518, 353187, 75739, 220318, 386305, 404822, 373399, 127200, 417519, 302061, 251095, 191197, 484727, 471542, 397541, 324114, 381181, 341493, 145187, 126569, 12620, 190436, 177806, 312752, 427317, 498700, 11697, 464732, 110669, 233174, 177669, 114717, 156490, 187122, 155932, 287059, 266283, 377093, 184054, 250135, 192107, 83460, 202548, 493995, 477558, 364696, 217942, 173687, 226231, 159855, 30032, 249418, 385970, 26342, 484630, 216511, 227935, 208925, 246540, 116548, 172513, 123444, 383286, 454609, 342101, 281483, 365875, 98313, 246322, 374435, 446525, 100770, 102854, 400264, 13266, 61485, 261082, 83054, 408414, 48503, 159838, 472458, 28349, 194563, 382750, 23502, 69051, 336030, 366729, 194881, 328482, 237910, 442986, 161090, 387424, 360538, 394510, 466566, 15949, 104530, 234454, 400938, 115223, 334862, 209293, 408405, 408673, 89303, 395285, 274798, 836, 297108, 144324, 148089, 166025, 408328, 63777, 339539, 77129, 410991, 357584, 40664, 400361, 17736, 61197, 108906, 364527, 240322, 187329, 50222, 193027, 133420, 457953, 124391, 180940, 252199, 425778, 345679, 433230, 336036, 96568, 117735, 181293, 286024, 273112, 259268, 107626, 421025, 384644, 330648, 406881, 62733, 493705, 191707, 227005, 337312, 83401, 159922, 43583, 339483, 493746, 336061, 10329, 67650, 494369, 499969, 494586, 240589, 106506, 415699, 386768, 486121, 315990, 318218, 479445, 95825, 389185, 490595, 75478, 179510, 84874, 94145, 283140, 403489, 436168, 293819, 480095, 489124, 222674, 27788, 16538, 140395, 85982, 497434, 281910, 388638, 96749, 338281, 468356, 316243, 246258, 265348, 61296, 115157, 275494, 344643, 124550, 292478, 420931, 370472, 194787, 74133, 429588, 56834, 347126, 56496, 448419, 104406, 261799, 358607, 234568, 88282, 390128, 188250, 81243, 7415, 332338, 117774, 17545, 464391, 275248, 364217, 95298, 94288, 438062, 173740, 469354, 231952, 56405, 396137, 281875, 149131, 307339, 241017, 221587, 232077, 373858, 371847, 408010, 220335, 303654, 452409, 209563, 23562, 295963, 477560, 359069, 468874, 284350, 311211, 64184, 33907, 396900, 257125, 118274, 106503, 124475, 66318, 274949, 385004, 365830, 304815, 248317, 69069, 77679, 86341, 152983, 484792, 360037, 421021, 317554, 392639, 140412, 5166, 318025, 283037, 201128, 395440, 11247, 212546, 310188, 237697, 314972, 432587, 273629, 168703, 265175, 254162, 469034, 322889, 334671, 155224, 157697, 263738, 240603, 264390, 6566, 36305, 205825, 363053, 117115, 397489, 62453, 474675, 215359, 422003, 304710, 413815, 266470, 355616, 379446, 274843, 411914, 463437, 208339, 198893, 153276, 257502, 469080, 314046, 192665, 16006, 14225, 199624, 189012, 289931, 252643, 276857, 179346, 389258, 488710, 350690, 454459, 260002, 488058, 10306, 33358, 1569, 335763, 164766, 182739, 36526, 207728, 399780, 253449, 383718, 321993, 36449, 19780, 447355, 132205, 470767, 368036, 489953, 225733, 37642, 239054, 382649, 440713, 125372, 479609, 40865, 284491, 259369, 120472, 285983, 105747, 343368, 137606, 108286, 109920, 370191, 12372, 368467, 84083, 484969, 381935, 303886, 115813, 489294, 84403, 335492, 115725, 17855, 343894, 33788, 30018, 235588, 183317, 484332, 428835, 456767, 77276, 431164, 233078, 230357, 390670, 186192, 308779, 160234, 7341, 339153, 312279, 414348, 478716, 474540, 141716, 330461, 422823, 9343, 58199, 112224, 79124, 295595, 481052, 254920, 56454, 227037, 335925, 388053, 392819, 325459, 129206, 374862, 490362, 117682, 227471, 284449, 380591, 274365, 33045, 108174, 16521, 224083, 129332, 264721, 99462, 411734, 12502, 447739, 410810, 434430, 228005, 284078, 345979, 119073, 246414, 414484, 282679, 389929, 433944, 39656, 264704, 375328, 92762, 226581, 391802, 493665, 201486, 73745, 472772, 126800, 317025, 60365, 308464, 285228, 277136, 181571, 392698, 480690, 346706, 164769, 52372, 312268, 280561, 210035, 420065, 333393, 389058, 388863, 261514, 381684, 314226, 67428, 11893, 234534, 394491, 197862, 204906, 369862, 18107, 112010, 79210, 270453, 95396, 106197, 136895, 104888, 422566, 235733, 317635, 153351, 47314, 255548, 463715, 104188, 283723, 22599, 156726, 175749, 124412, 483065, 220492, 241236, 376489, 85768, 117362, 493524, 290013, 431576, 190816, 45774, 148493, 169077, 109119, 291343, 325129, 250422, 157566, 110678, 249038, 144448, 115737, 447778, 364011, 192844, 159820, 18174, 37457, 121134, 143359, 480081, 351020, 277700, 477762, 398660, 340924, 354513, 221769, 362869, 74740, 329806, 67845, 367124, 436562, 83747, 151887, 479005, 307219, 177952, 337572, 293115, 37583, 449945, 394472, 186636, 211439, 84814, 19394, 169041, 213922, 85861, 327482, 320868, 249965, 21368, 335364, 346615, 56262, 2490, 250795, 265962, 258132, 421139, 252474, 132556, 54152, 176164, 84886, 393611, 338010, 478044, 335217, 60042, 352000, 137077, 388081, 235679, 138252, 365322, 178330, 283626, 88962, 259505, 240240, 205974, 484932, 411357, 291274, 218082, 480884, 46473, 354408, 424079, 232137, 114732, 360824, 333673, 62209, 433459, 456275, 58874, 405799, 200328, 318090, 105645, 255169, 67513, 283009, 162866, 319761, 154038, 469248, 40638, 142868, 392200, 341054, 97028, 311827, 349777, 371712, 98560, 266440, 396813, 60800, 217540, 101010, 93681, 404546, 134670, 311355, 302326, 58636, 157880, 126510, 377057, 33093, 330081, 168689, 53466, 150462, 36436, 161755, 182784, 359890, 47586, 395779, 490442, 475847, 488765, 283555, 402690, 75947, 391684, 9081, 170359, 318598, 262329, 241851, 11813, 322423, 324629, 380, 243588, 101733, 350892, 213856, 57479, 409238, 478934, 301787, 36267, 258205, 256378, 285385, 416938, 73374, 90151, 11233, 224712, 246878, 189184, 30070, 26832, 4018, 442663, 470585, 410309, 83634, 358713, 175523, 492972, 267427, 195368, 165160, 92092, 326569, 425511, 325689, 495193, 125016, 199549, 10930, 307192, 373627, 316237, 15727, 283877, 334848, 425597, 390678, 252625, 410098, 73730, 142562, 164046, 264727, 388054, 104824, 68872, 1991, 430446, 98671, 310210, 437573, 177558, 187963, 490656, 259604, 139174, 346189, 58354, 343167, 227630, 135586, 233234, 362674, 364338, 10115, 21088, 343318, 396995, 38709, 196148, 132047, 304523, 423128, 172856, 362893, 467458, 382252, 47917, 13849, 458025, 69288, 403855, 198744, 290003, 445630, 367191, 346037, 488138, 287095, 371447, 51395, 38130, 398007, 140873, 161525, 19238, 315443, 2338, 112420, 429302, 181651, 444899, 299093, 48469, 435720, 355714, 354343, 20030, 337491, 87190, 47978, 376797, 338871, 370276, 346475, 292808, 455898, 174220, 5355, 45362, 306783, 408411, 23639, 20968, 451038, 212917, 21312, 284072, 402714, 495200, 288840, 42175, 298813, 368697, 282155, 372315, 450747, 414522, 355393, 31896, 205315, 496285, 312422, 262058, 442251, 490298, 289504, 154984, 344957, 289690, 46394, 170927, 211921, 331493, 181415, 77145, 432106, 463414, 258827, 296197, 463881, 18483, 89988, 53884, 4969, 244876, 397773, 334739, 14264, 79307, 413748, 462795, 469571, 322081, 58161, 152119, 363130, 259134, 38543, 257968, 450898, 209634, 191935, 370534, 409067, 151658, 100478, 495860, 356711, 72290, 461549, 197278, 142165, 140332, 473828, 51348, 433494, 120099, 352665, 133507, 278662, 341982, 84050, 265575, 498874, 487829, 239902, 97827, 26322, 439691, 46978, 479646, 217976, 398085, 223557, 68621, 285402, 353800, 122476, 295085, 422887, 129258, 447306, 427519, 20556, 387901, 184611, 473330, 73671, 117811, 438040, 270971, 42295, 238631, 319120, 433976, 365807, 5246, 266462, 289755, 350265, 76515, 5115, 488710, 436884, 115178, 144832, 342612, 465260, 116212, 81662, 275700, 202927, 166091, 219108, 307233, 370741, 218115, 351956, 82589, 267076, 164383, 308084, 261954, 401925, 344939, 24982, 374835, 24648, 82534, 390660, 433864, 63712, 130223, 140869, 340062, 283367, 447662, 39326, 130245, 95827, 455311, 286057, 265289, 471811, 2574, 435478, 7601, 444303, 125980, 442735, 374558, 397319, 59818, 441143, 333421, 153184, 81366, 461432, 19137, 325143, 325024, 431369, 91016, 150831, 469349, 386031, 427066, 231710, 259891, 4814, 411933, 362865, 494607, 287376, 429283, 221304, 408093, 188540, 292787, 498231, 23526, 356635, 124455, 89464, 134069, 153868, 418576, 167470, 454556, 356945, 87843, 403282, 144724, 119767, 289230, 192389, 380476, 474302, 219239, 129032, 230167, 353509, 144044, 211480, 139804, 91816, 207726, 262562, 173168, 430631, 363582, 456721, 112646, 60339, 395159, 218542, 51061, 281937, 194102, 145478, 87132, 454302, 334345, 56376, 247776, 407162, 77968, 493821, 149384, 128137, 382759, 212989, 175920, 274858, 175519, 258315, 206453, 251539, 237387, 14670, 126637, 397423, 352268, 461443, 147915, 5029, 104725, 7123, 119562, 234628, 259936, 330693, 476249, 169708, 471220, 223497, 383295, 250445, 481602, 38323, 75218, 167887, 445652, 441006, 309129, 227343, 183231, 38833, 299924, 171855, 412781, 239052, 447267, 86423, 63888, 237644, 390106, 352571, 189128, 67795, 204815, 363245, 457531, 77306, 131713, 74163, 306319, 153347, 18729, 3517, 174829, 177135, 29162, 454495, 324290, 434207, 253228, 321851, 461499, 353988, 363936, 80280, 434908, 449039, 474999, 188350, 243834, 92330, 115451, 205820, 428557, 345360, 482390, 411608, 392386, 2260, 305641, 29906, 495786, 382309, 442272, 422124, 135149, 138567, 191928, 31757, 273841, 34227, 299987, 45100, 6054, 239487, 349770, 372590, 137049, 195397, 212934, 12181, 152513, 277866, 279200, 465082, 199234, 216557, 339058, 441808, 392317, 24575, 326304, 279178, 135287, 362210, 315776, 345224, 92611, 463250, 62683, 354658, 153530, 247010, 299737, 280176, 15970, 110972, 166389, 497441, 343513, 273579, 214001, 441610, 323352, 10051, 162414, 418107, 188688, 10875, 55302, 42217, 105636, 307557, 316682, 134264, 336112, 146790, 288893, 83699, 280819, 16000, 102700, 41503, 28818, 101876, 76753, 99528, 295355, 114804, 200182, 386577, 434826, 445024, 488035, 85270, 430009, 25708, 285288, 495782, 193730, 67423, 46258, 61725, 184262, 111083, 170429, 481332, 372504, 495604, 120718, 148338, 353119, 284695, 175830, 469436, 393743, 158531, 424343, 186913, 294381, 360772, 190044, 183981, 90504, 457464, 146447, 127196, 410956, 494970, 78154, 141631, 46649, 491544, 68288, 507, 83425, 6892, 374451, 263124, 123328, 126570, 90898, 161170, 73978, 148368, 327891, 146719, 391907, 167608, 21976, 405210, 456869, 165550, 276454, 332708, 20299, 74202, 483828, 215761, 388160, 69707, 47092, 113296, 355809, 54462, 373400, 163708, 197247, 61143, 44773, 352562, 310034, 118987, 289950, 305127, 200326, 194644, 41198, 147136, 401427, 111294, 111069, 173559, 309362, 212499, 399718, 371805, 326787, 347971, 264176, 84883, 127070, 224513, 203704, 409789, 200881, 429073, 424789, 192490, 259951, 167606, 133027, 318413, 335435, 67776, 248993, 57417, 130299, 26062, 49906, 408872, 373275, 448581, 374240, 238951, 45650, 141134, 417799, 287742, 438783, 470774, 244408, 127968, 452602, 150287, 86676, 368200, 210027, 341335, 6964, 141032, 465220, 119513, 411140, 171535, 182810, 289249, 76798, 218456, 391798, 111451, 237789, 158265, 50248, 398697, 448390, 13643, 473613, 406979, 121205, 249607, 342984, 357107, 28560, 247531, 353762, 348879, 13046, 72125, 15862, 472441, 205710, 185622, 491352, 399972, 2014, 266906, 99913, 310675, 313971, 408359, 153725, 66324, 244836, 162172, 322277, 180495, 495014, 270559, 230845, 312985, 375983, 45392, 155082, 236339, 412501, 371047, 130647, 156724, 322359, 383057, 55358, 181110, 36840, 67532, 223416, 119697, 12440, 310629, 231920, 15199, 44639, 71403, 246893, 494228, 484315, 401411, 254193, 449961, 182093, 282084, 77209, 41177, 228765, 410233, 237119, 372616, 40780, 199716, 395370, 99060, 88555, 332570, 106386, 55766, 299841, 81350, 398998, 271385, 307752, 397896, 266318, 322984, 177656, 207214, 433597, 154680, 280479, 173641, 398709, 318370, 200412, 351795, 410569, 370648, 72272, 247175, 30109, 102512, 257822, 185414, 279112, 169731, 59084, 122513, 400704, 21883, 241389, 166841, 72826, 329438, 333959, 111362, 25649, 194666, 415257, 399309, 279905, 300920, 176621, 125319, 452855, 350625, 289387, 365443, 459865, 310836, 249072, 133675, 347400, 268049, 300624, 2435, 201944, 163854, 326013, 109377, 481306, 290914, 65463, 477477, 350732, 450946, 464619, 267943, 147306, 342875, 291290, 5848, 428628, 87334, 386203, 454894, 271603, 221386, 251292, 372752, 8558, 53043, 188955, 244552, 339042, 488243, 30957, 429342, 480807, 469392, 12546, 11498, 103128, 382490, 232812, 374311, 86575, 250206, 403865, 279500, 303895, 495084, 311584, 449962, 403330, 285551, 70801, 106392, 335207, 305670, 175898, 381884, 272616, 150571, 39474, 174119, 350258, 454398, 102621, 96678, 22344, 31514, 19739, 275007, 401786, 378262, 245960, 120846, 365649, 166337, 211484, 481833, 294299, 219253, 293007, 139198, 62930, 406756, 113139, 410328, 390075, 334130, 454408, 200587, 64894, 111929, 387094, 83060, 402759, 22396, 170521, 8525, 318045, 329746, 313041, 89105, 484972, 118580, 208468, 247724, 375189, 271082, 376910, 439561, 269716, 240524, 227805, 319791, 363704, 38137, 441111, 262734, 102790, 190217, 367120, 386601, 406276, 171973, 133957, 150042, 167015, 231413, 193034, 343099, 442478, 308914, 298027, 366306, 456772, 411470, 284767, 250674, 479109, 400699, 338996, 202369, 248649, 435613, 435900, 414569, 82821, 5219, 2219, 318252, 48425, 220001, 81977, 377621, 292489, 391192, 127538, 21917, 60011, 217830, 496711, 457173, 112593, 41748, 77626, 20052, 339755, 214151, 369252, 276280, 135648, 419353, 23460, 304081, 2261, 319304, 475047, 86780, 238474, 55891, 57553, 440071, 374205, 282696, 466948, 271211, 278242, 114868, 94864, 465195, 255231, 71878, 275093, 371370, 380219, 305896, 173389, 413842, 52716, 404017, 11776, 349854, 164991, 401203, 210186, 172597, 457139, 43812, 448839, 137624, 379405, 470437, 285171, 182669, 233351, 34084, 108372, 492340, 243375, 383686, 45888, 483077, 40168, 417949, 486027, 392251, 470820, 348518, 281186, 267098, 385361, 69038, 453804, 385183, 253753, 186651, 124017, 19376, 40864, 490503, 105524, 4942, 137538, 157342, 333501, 91686, 74788, 196010, 246370, 725, 362513, 442532, 32382, 129384, 403112, 123351, 223057, 492728, 481381, 331004, 450288, 197356, 189776, 316131, 402125, 151384, 352549, 90140, 419570, 131134, 306849, 499386, 263134, 351550, 100840, 166559, 131038, 137978, 157247, 228848, 140419, 70264, 353737, 185885, 252310, 359611, 127902, 261199, 158426, 376892, 197480, 287949, 327183, 2107, 157780, 274129, 369912, 473752, 352993, 221565, 473901, 393343, 115331, 445078, 405590, 172312, 81840, 51986, 253421, 214281, 230887, 352408, 272121, 255548, 284561, 494213, 187683, 53521, 60052, 356758, 392391, 21405, 150469, 479758, 62388, 1273, 295161, 214055, 224649, 95788, 272433, 472263, 311612, 387445, 71547, 393559, 350553, 376365, 373959, 68836, 188506, 113158, 433924, 55271, 367507, 463276, 142259, 42688, 259994, 430274, 21957, 122290, 229847, 469444, 168370, 21207, 291666, 450793, 196154, 447983, 380162, 287707, 223545, 58143, 12092, 423210, 109822, 94956, 57617, 18018, 480511, 458953, 58747, 147625, 416505, 131949, 389916, 115261, 149698, 381619, 272577, 6244, 449688, 228367, 461067, 205405, 315415, 74305, 101634, 465847, 201640, 309367, 73475, 268549, 418643, 363793, 490878, 246829, 346746, 370226, 498488, 110351, 265205, 387946, 387293, 346769, 119768, 81936, 174234, 54123, 384756, 432127, 475410, 321722, 235444, 85350, 156933, 140705, 117847, 182735, 95009, 82304, 395086, 189967, 167985, 307711, 271099, 99956, 347982, 374985, 336377, 329693, 373139, 439020, 458700, 399468, 206204, 347769, 16822, 155521, 417126, 45171, 301211, 256341, 466184, 179093, 427554, 163713, 84533, 286063, 231422, 49044, 286094, 325279, 442572, 40087, 360552, 212368, 322529, 15542, 236822, 231344, 15456, 444123, 260897, 78484, 9803, 302928, 357769, 23902, 278119, 152236, 403745, 181497, 343586, 163818, 277205, 77842, 435882, 486988, 230622, 202515, 19883, 492597, 421411, 440524, 212542, 363313, 205172, 156030, 396750, 5178, 133646, 35126, 111693, 78495, 388884, 355510, 123854, 236887, 135529, 220125, 444131, 373475, 65543, 219671, 45583, 499477, 444474, 237879, 311992, 338062, 374519, 4988, 292691, 490085, 413922, 469616, 269925, 432496, 94318, 225856, 42047, 197219, 367262, 284291, 357990, 227498, 431256, 1165, 148851, 298783, 400470, 58336, 393708, 189379, 50716, 275515, 18770, 72756, 154580, 484914, 104388, 58080, 391619, 403087, 222710, 444551, 91985, 3587, 155756, 351880, 121797, 409181, 229619, 386231, 487526, 67619, 104114, 451938, 446407, 15107, 184093, 459465, 371307, 414929, 27582, 196093, 18877, 138000, 155773, 60619, 360648, 426229, 186775, 14246, 119549, 496121, 361743, 122897, 488392, 37891, 127814, 307936, 319540, 421072, 13810, 176808, 492789, 169725, 471086, 300858, 306140, 33917, 48592, 410356, 492651, 360134, 116541, 230502, 35457, 27661, 441720, 478064, 175742, 115837, 132029, 142089, 330096, 276414, 234406, 395943, 354271, 232462, 291516, 310246, 226679, 385489, 295280, 127297, 203402, 374347, 421390, 232413, 217340, 433218, 159925, 413070, 203405, 253555, 84104, 278159, 407921, 33914, 191883, 133258, 35249, 345271, 173424, 314974, 291683, 482780, 7815, 264061, 432724, 266580, 17855, 446361, 472240, 404149, 464517, 78378, 171930, 336441, 435736, 241655, 177598, 427719, 456279, 178285, 173192, 51465, 221455, 447190, 396468, 137903, 354055, 134225, 65032, 460395, 77682, 186227, 248010, 354350, 189408, 58728, 432328, 98516, 404158, 485807, 230746, 408113, 274912, 282095, 102741, 261384, 318811, 60466, 338457, 445501, 18822, 213845, 446465, 152327, 399962, 468896, 435095, 377944, 231619, 131229, 395408, 69987, 416930, 144118, 222803, 34884, 158936, 277845, 477729, 216550, 237306, 129878, 376168, 101517, 241266, 343223, 192779, 38551, 354376, 424926, 314978, 146463, 299944, 236371, 312853, 5613, 466760, 75104, 307770, 51072, 8092, 439132, 107890, 462665, 98229, 312856, 412808, 196719, 194506, 64382, 352642, 465219, 410234, 70826, 194798, 338993, 375812, 20972, 349230, 466778, 240829, 451141, 388174, 387480, 452935, 268693, 322686, 66426, 482256, 320728, 428413, 416483, 206394, 382065, 191055, 275591, 46650, 454886, 459246, 242359, 207799, 85659, 218036, 330335, 80801, 340310, 205006, 430662, 395697, 59891, 186106, 112770, 273548, 128458, 30209, 82681, 285881, 165615, 488335, 25706, 469117, 21681, 81287, 128682, 254577, 392129, 361438, 432674, 447375, 438717, 353078, 338040, 325623, 429549, 163996, 472137, 346556, 407965, 469049, 52824, 37488, 73367, 124858, 337718, 441602, 8584, 166381, 341234, 239274, 313203, 230787, 403671, 87180, 445959, 80413, 340983, 79933, 400517, 474382, 84652, 130031, 447559, 104775, 420372, 115253, 482930, 229662, 266259, 102630, 8728, 130502, 435269, 41841, 289614, 432026, 454405, 428476, 429658, 295957, 285920, 250170, 283079, 150628, 374397, 133090, 297694, 104561, 95614, 417894, 304832, 411944, 16397, 84680, 94430, 156566, 363781, 181513, 3086, 296111, 166890, 292385, 41504, 292605, 12023, 488983, 152406, 482403, 209727, 19729, 216809, 492948, 24304, 164115, 38908, 155315, 47532, 62260, 388141, 87784, 82594, 43287, 160771, 381502, 319224, 106335, 65175, 209538, 125484, 173020, 409393, 16824, 27836, 3825, 257336, 169393, 310475, 450050, 312579, 486067, 228581, 252875, 102, 286066, 486803, 367789, 332374, 361024, 59925, 283225, 247656, 478641, 98194, 458321, 102046, 246531, 386075, 165456, 219823, 363264, 83055, 413472, 238537, 407352, 297831, 2903, 202956, 459145, 465313, 2008, 289543, 283112, 126346, 55852, 375054, 117672, 215, 451617, 435286, 321051, 103437, 21185, 360582, 278167, 178002, 206089, 161738, 343417, 389378, 250696, 314306, 268945, 252043, 384975, 263872, 443400, 388709, 390284, 339211, 248982, 97238, 369844, 466617, 466607, 347332, 170628, 374, 376511, 74780, 349193, 197216, 393353, 381856, 410844, 176238, 106301, 266969, 118105, 261743, 476052, 353583, 130683, 79318, 300712, 326895, 76623, 124886, 239395, 962, 49917, 4086, 385223, 349472, 79404, 471708, 472085, 166711, 388146, 100614, 425808, 315134, 284929, 498783, 49047, 480984, 95935, 24079, 84349, 74380, 44648, 33444, 496378, 105400, 139591, 451985, 194248, 221941, 476140, 174351, 263547, 214089, 484719, 199599, 64613, 399413, 470110, 371705, 150048, 38988, 296730, 93342, 40360, 479250, 418778, 421308, 266336, 159770, 54859, 279534, 356604, 385644, 99768, 409715, 125516, 183993, 225588, 195719, 458667, 335016, 201467, 487437, 302898, 337264, 248350, 265003, 27000, 323524, 233069, 29178, 202129, 203090, 346293, 271734, 154657, 114616, 189489, 416301, 91855, 302799, 53605, 13458, 465679, 444513, 327527, 342413, 25438, 279499, 214905, 177519, 177310, 467945, 156598, 77818, 415433, 62473, 426816, 250968, 96466, 423698, 264596, 168870, 31981, 376815, 445135, 19920, 494631, 247151, 356371, 262308, 163633, 95043, 266934, 78564, 250309, 486050, 66331, 353842, 230893, 324793, 329581, 21499, 149148, 61651, 319842, 17067, 273187, 222135, 479344, 470058, 152737, 379583, 158915, 459473, 147746, 4469, 66030, 112696, 166813, 248584, 364468, 190645, 135445, 213646, 288780, 73418, 414998, 76578, 472668, 470320, 26072, 68857, 249123, 233778, 19498, 179868, 66820, 390865, 498613, 294542, 432361, 39905, 344066, 115284, 30395, 357072, 168056, 361953, 30369, 219165, 483858, 237211, 305332, 217836, 483541, 371997, 131455, 167051, 189599, 445187, 417979, 95476, 361669, 60161, 351118, 484869, 314859, 324684, 224185, 96191, 166627, 101745, 121124, 446652, 137754, 141946, 156558, 121410, 385724, 303527, 46082, 208771, 444811, 468361, 121844, 69052, 46565, 178046, 364388, 48566, 321869, 165727, 371986, 97163, 86542, 329758, 2878, 213360, 288299, 104639, 51793, 458965, 247552, 336106, 488956, 462339, 150049, 214755, 401644, 347667, 317787, 344479, 386934, 195064, 429489, 484028, 35318, 258612, 109950, 363594, 448101, 250416, 77027, 296094, 423189, 340038, 398102, 211915, 17990, 97284, 425946, 138102, 190969, 58282, 366911, 60663, 112733, 349628, 327903, 283796, 374825, 207995, 383339, 69050, 312610, 284015, 316866, 291355, 28610, 203780, 318437, 175771, 216320, 10476, 265006, 53849, 297623, 186818, 408873, 206061, 245610, 96887, 224586, 439855, 34740, 419766, 375210, 48471, 397331, 416241, 408097, 399141, 110972, 359421, 344435, 146156, 104299, 148448, 150704, 201738, 266247, 36580, 207080, 125628, 376426, 47487, 474367, 278602, 280877, 409754, 69953, 98873, 261709, 405922, 163597, 399404, 71646, 431250, 24636, 172100, 433479, 55731, 430361, 305287, 462701, 144757, 389002, 344199, 202818, 11733, 426730, 60653, 224438, 176484, 167724, 56621, 205318, 227575, 452363, 176152, 406726, 310854, 123025, 45744, 232236, 200904, 240502, 194796, 432239, 15115, 273243, 276230, 122389, 388108, 492375, 24595, 258533, 11727, 106533, 125883, 92986, 402595, 238552, 279904, 66034, 227490, 417770, 2153, 470192, 11130, 134638, 353188, 372383, 353328, 33875, 334789, 68306, 267462, 19760, 422260, 54263, 437640, 344446, 163306, 27145, 409560, 126306, 300602, 460714, 264800, 326733, 178111, 260985, 384120, 269241, 405295, 177829, 145580, 468841, 95966, 33756, 377100, 353407, 413311, 465966, 454017, 29236, 423797, 450367, 351550, 328991, 157621, 209734, 165098, 281242, 33034, 290146, 127299, 154185, 379195, 471289, 109026, 94901, 18047, 238860, 53485, 422502, 77061, 91314, 100984, 274120, 139105, 342317, 134069, 464404, 398901, 114211, 272363, 437176, 211180, 139651, 264539, 341213, 391313, 197451, 202695, 58778, 197389, 100299, 495401, 131587, 77049, 3264, 161967, 383278, 103989, 232538, 286582, 373764, 398508, 101822, 489766, 85812, 891, 469497, 103028, 31515, 344016, 312116, 240418, 147477, 162559, 356887, 292207, 369894, 338555, 384099, 399589, 247943, 329479, 117716, 367040, 57627, 313348, 235027, 124475, 45417, 195486, 275611, 187549, 331264, 153603, 116143, 411949, 124766, 103576, 265275, 132951, 379341, 152898, 221595, 140341, 84554, 283781, 141200, 69080, 141597, 248228, 278412, 187515, 31955, 62865, 257171, 71313, 311903, 214414, 95328, 288546, 23820, 29552, 484138, 19127, 55907, 289053, 237374, 150933, 270403, 442667, 178972, 474413, 211453, 156922, 155971, 226244, 276771, 413434, 423911, 78647, 134626, 222657, 362283, 117615, 446136, 58327, 330361, 477746, 441385, 264363, 71163, 156181, 156770, 115411, 483860, 495224, 179042, 242815, 79241, 286066, 49509, 334907, 124144, 271972, 378368, 155709, 149696, 322060, 397970, 132051, 170041, 434236, 399850, 221029, 362739, 66092, 339950, 76093, 83980, 56300, 403863, 374016, 21470, 473963, 126561, 309508, 48957, 42175, 70490, 56406, 259025, 101793, 479513, 94435, 315922, 446310, 427948, 449354, 371332, 228149, 217428, 113512, 315010, 330920, 499368, 192604, 409055, 291926, 325692, 353791, 27319, 227313, 122835, 472345, 78370, 194893, 411279, 402484, 379900, 357828, 25651, 246689, 346917, 148630, 59340, 82078, 464617, 310241, 13620, 417524, 144282, 269402, 250063, 302041, 305102, 21334, 149886, 493588, 153961, 146091, 284076, 271587, 343284, 295709, 456438, 207312, 403199, 340339, 138509, 339830, 153301, 369288, 288423, 108389, 235684, 215818, 132877, 206957, 276126, 87330, 437477, 204308, 443154, 213632, 387828, 29423, 35419, 90089, 90662, 468534, 99512, 61541, 384775, 335247, 463206, 172499, 216678, 341550, 38264, 351586, 422292, 452793, 477289, 184516, 147113, 46961, 390267, 185336, 203407, 242581, 196337, 150193, 31593, 237632, 36830, 460807, 341268, 13507, 64314, 262360, 449483, 393487, 24270, 411428, 437360, 194220, 463996, 350519, 126171, 435892, 129010, 347708, 35221, 282023, 233989, 303049, 146322, 253403, 340557, 23587, 393882, 109705, 200980, 299641, 488686, 483334, 25113, 322686, 302429, 108963, 145142, 337674, 308153, 274850, 302231, 282772, 454004, 361737, 63119, 177446, 378084, 339180, 250950, 217337, 183231, 369427, 357233, 76211, 96645, 493435, 92521, 303751, 287602, 117121, 352307, 355675, 80373, 174433, 301801, 67963, 494077, 386401, 270910, 12564, 248865, 349727, 489748, 245400, 453357, 422417, 436616, 6512, 257378, 245178, 470121, 213262, 26920, 177789, 177933, 166869, 390589, 157141, 5855, 122024, 46597, 91341, 380263, 96621, 110575, 275083, 104567, 452158, 86175, 30726, 273642, 483719, 138943, 292203, 264927, 234236, 273000, 446746, 216703, 433337, 14772, 281263, 164831, 200610, 92496, 466164, 157901, 393818, 177958, 490667, 103787, 101790, 88451, 367193, 310154, 319895, 186429, 127626, 130398, 431343, 323497, 94372, 261988, 243873, 370972, 83384, 327697, 146107, 451899, 247474, 499744, 140505, 202972, 486295, 143991, 413433, 213615, 444539, 343619, 431451, 423245, 22754, 227362, 154983, 87989, 52583, 44745, 358400, 446765, 121549, 142891, 206258, 73320, 456897, 471272, 451566, 342154, 390816, 35992, 245607, 170386, 257125, 464797, 230738, 450028, 92876, 58136, 426082, 86933, 283995, 118054, 301871, 19723, 172437, 30012, 167713, 249548, 351119, 29788, 487948, 353755, 101651, 73199, 422091, 421767, 34040, 387276, 268790, 12225, 129500, 443883, 169824, 29425, 321086, 468119, 336359, 465703, 260522, 353361, 412751, 114168, 413478, 465072, 468885, 249313, 281195, 340414, 46060, 144321, 147848, 297524, 188731, 291703, 496738, 475896, 260939, 99374, 421548, 372646, 141729, 178076, 356811, 170393, 145459, 95110, 401412, 163832, 266297, 67269, 340346, 429788, 338845, 15702, 425905, 83392, 376903, 403311, 180082, 416454, 84388, 318725, 438094, 436589, 140012, 1567, 209485, 35417, 429678, 16873, 313158, 302451, 423386, 140335, 46201, 253609, 183015, 310302, 129371, 159898, 154119, 417055, 222213, 346978, 418387, 152195, 407228, 30642, 113562, 336180, 161523, 323377, 116878, 432375, 380226, 466651, 134325, 225653, 353762, 480331, 117576, 343881, 32608, 493101, 165730, 395466, 189096, 387781, 383321, 489686, 399587, 186927, 194692, 236997, 278916, 208250, 275648, 444670, 46371, 456781, 437121, 349506, 377031, 302890, 483482, 14768, 212740, 198205, 150248, 456883, 495519, 157909, 172325, 80393, 422574, 190371, 426183, 195333, 456437, 103882, 461687, 219304, 220528, 61027, 483964, 154467, 291089, 99061, 213072, 171976, 129421, 101334, 485337, 231584, 25560, 431187, 491439, 125798, 297310, 135689, 245840, 410556, 90240, 282933, 478428, 112111, 68392, 248547, 480962, 387297, 63657, 341836, 276774, 352534, 464150, 451050, 458016, 130486, 64266, 60676, 151666, 224663, 88926, 123463, 381820, 116030, 396609, 386539, 209202, 243882, 358605, 414176, 145843, 67993, 22797, 230733, 424512, 20519, 283029, 463300, 108622, 362280, 200593, 351218, 394411, 491735, 338020, 321870, 467150, 480744, 499252, 183569, 436582, 289975, 178616, 278718, 88216, 64623, 479653, 80730, 171390, 106398, 161762, 480348, 173795, 247723, 354839, 215634, 333471, 423103, 28843, 489772, 335561, 321706, 132530, 321423, 476270, 366908, 77042, 375789, 83868, 358679, 166006, 290208, 455700, 223673, 188509, 442696, 134133, 264368, 447921, 449355, 454854, 395090, 352222, 100529, 404949, 392071, 98823, 460673, 224806, 259864, 178615, 258146, 214710, 22583, 296151, 251996, 109584, 13242, 487101, 42994, 92489, 297232, 172213, 212927, 345305, 163124, 316581, 117461, 434743, 319068, 358378, 262958, 337814, 313454, 426173, 147324, 1242, 425374, 130697, 481739, 495699, 448077, 214210, 49517, 350726, 367496, 187242, 144046, 175797, 124479, 346395, 6529, 468055, 59777, 267788, 160040, 309225, 76011, 284339, 155805, 33866, 364604, 114896, 11210, 292563, 11456, 215922, 81553, 147434, 78730, 10199, 467352, 90792, 436235, 340380, 6239, 236941, 476283, 161451, 478219, 367885, 180907, 330013, 333910, 374242, 426563, 38971, 224200, 152973, 381722, 217045, 313862, 412050, 374674, 396675, 69709, 131802, 143634, 383618, 218271, 221917, 440012, 206686, 367209, 130691, 363949, 354596, 435719, 51914, 498567, 170860, 2467, 375579, 141905, 41226, 56510, 400763, 151031, 430785, 474603, 72115, 345946, 414508, 103875, 18789, 409861, 331231, 405959, 281817, 388007, 388052, 454469, 499672, 323098, 102490, 493629, 140940, 138955, 121363, 202862, 291664, 259712, 50622, 351666, 396546, 425386, 470914, 57924, 395240, 146624, 59114, 101278, 171673, 68376, 24375, 73670, 162211, 487064, 297486, 493040, 257171, 439855, 159829, 401137, 348217, 234368, 142921, 8376, 346620, 414069, 373959, 348793, 433994, 490733, 285060, 366982, 218623, 398286, 188464, 289372, 303313, 400921, 480234, 84747, 195830, 135224, 64967, 270981, 174717, 174991, 375012, 296160, 313431, 352777, 315294, 232216, 100370, 320851, 236833, 155721, 164940, 354848, 491565, 52140, 380259, 188683, 61298, 309592, 276669, 319717, 127492, 7562, 359025, 367914, 487481, 24661, 5053, 6415, 40494, 3678, 71806, 382395, 444783, 247990, 131942, 167690, 21141, 382493, 468879, 356241, 177169, 225931, 247080, 106123, 51558, 347061, 472138, 450919, 212414, 3696, 481860, 487403, 274192, 166430, 198988, 141301, 183545, 386444, 37790, 66954, 41225, 484373, 28802, 474375, 124628, 242885, 485431, 379582, 70397, 249160, 246894, 37440, 376278, 218197, 187325, 454499, 151054, 415535, 284028, 196745, 199570, 151368, 471623, 280170, 371106, 320786, 80554, 170937, 483466, 189575, 227908, 301866, 64041, 301201, 23616, 13535, 110642, 484237, 358702, 207746, 75120, 448543, 416459, 49197, 268110, 60653, 351654, 68820, 155272, 229286, 29004, 31925, 392729, 474162, 337595, 123713, 334268, 163155, 172856, 41798, 196102, 358095, 142363, 357696, 160513, 108219, 329777, 432573, 240237, 496499, 191552, 208085, 479492, 352120, 245717, 198393, 272831, 75797, 138791, 300829, 456908, 462317, 195889, 157319, 47522, 330105, 487818, 269694, 94956, 141804, 239503, 492117, 27947, 436591, 366124, 57609, 47198, 144776, 334405, 117480, 164639, 494488, 245920, 425313, 110787, 190943, 471612, 280645, 101803, 251265, 97782, 416524, 112309, 332463, 233955, 145925, 164537, 442824, 53308, 161909, 348905, 146729, 348443, 132281, 421759, 219495, 365722, 476362, 213146, 246188, 143244, 404278, 160282, 10127, 248286, 155227, 229527, 466923, 332122, 348789, 376173, 211216, 86883, 498781, 259865, 59597, 95858, 86978, 140959, 410223, 230511, 200757, 150357, 448922, 464336, 318776, 173232, 6612, 177952, 400953, 176054, 322720, 178664, 444451, 333987, 332337, 283335, 329403, 306269, 465831, 125048, 359418, 314322, 389065, 362350, 279176, 451103, 463912, 485434, 155647, 156265, 452060, 296385, 169845, 231137, 240129, 448639, 73583, 361860, 83007, 275085, 443380, 122300, 436177, 389235, 253353, 282717, 18042, 479990, 291644, 209652, 151026, 125067, 405147, 140365, 359722, 74196, 285977, 284068, 313297, 467081, 400398, 252804, 499399, 238320, 456679, 47571, 5103, 85294, 125698, 385928, 325708, 172274, 71271, 148350, 437225, 260000, 3395, 417604, 163504, 27911, 194642, 33761, 209216, 222753, 84969, 322451, 25576, 10572, 120384, 66232, 335382, 449589, 303918, 99239, 284946, 330853, 350125, 299956, 410487, 39684, 258730, 209173, 446246, 218347, 346468, 228332, 300736, 414478, 240425, 145212, 270191, 240113, 476611, 474759, 312609, 8915, 35247, 412529, 298514, 438896, 124049, 418589, 408100, 442181, 11190, 205268, 472803, 339471, 420306, 266012, 69609, 271474, 174053, 390305, 219271, 432716, 146039, 9866, 135005, 483855, 231662, 93265, 406123, 445211, 256574, 333524, 337327, 443470, 375253, 490169, 101656, 343811, 8320, 245173, 374925, 468080, 267005, 475776, 474818, 403186, 185579, 448330, 73034, 138937, 406407, 366858, 374519, 74871, 194372, 178584, 137506, 463140, 6113, 128474, 169748, 94277, 114351, 259738, 475879, 201805, 20066, 240568, 157752, 318241, 144049, 169904, 47612, 304610, 409577, 350061, 232360, 189651, 470595, 493081, 158824, 23526, 21639, 491790, 128304, 400808, 94706, 363584, 219539, 451825, 301087, 483818, 488084, 279938, 116305, 499514, 456684, 176033, 368493, 225088, 359787, 379001, 86862, 172139, 231535, 471524, 80802, 447734, 469843, 98856, 9769, 361728, 433373, 315855, 420576, 134954, 498013, 320335, 163886, 333979, 49361, 6390, 46080, 138070, 267975, 284504, 258477, 344559, 38696, 102885, 491775, 379204, 169310, 375093, 373775, 229881, 436119, 131095, 32048, 444287, 207302, 278802, 441605, 397274, 399734, 179048, 13785, 352333, 13383, 458727, 243560, 49071, 457052, 317455, 68325, 288678, 289603, 390738, 117404, 494253, 279750, 14736, 168992, 71023, 271186, 39226, 218632, 32755, 35370, 215465, 348948, 31001, 405721, 171784, 206032, 470242, 303430, 330364, 207842, 19129, 346705, 54614, 137652, 416361, 163399, 39331, 19332, 31769, 53706, 439135, 92671, 288021, 212572, 63373, 205058, 238054, 215245, 95091, 352603, 277288, 160259, 28923, 173915, 489816, 94257, 144196, 103641, 116017, 203872, 160911, 484111, 25104, 440052, 452960, 135875, 416332, 7173, 460852, 276556, 305341, 488053, 170142, 470250, 330143, 228049, 56958, 75362, 15611, 313438, 189438, 460615, 438083, 320895, 497940, 29790, 280696, 159700, 458833, 311266, 415310, 496831, 263713, 133232, 245021, 349846, 126801, 452265, 253458, 194988, 49557, 469952, 144564, 43037, 283424, 205604, 401529, 105079, 273018, 112292, 12152, 185241, 81673, 117271, 357594, 65662, 480116, 291075, 355674, 295401, 414024, 395457, 249127, 162506, 45402, 63835, 438302, 478680, 185448, 344585, 55690, 409655, 85156, 254436, 79348, 215543, 349896, 354202, 45449, 335119, 269826, 276520, 465472, 163003, 75522, 290689, 313443, 142920, 341714, 102007, 254793, 167036, 171887, 44084, 4918, 93582, 457588, 192564, 361944, 459229, 39731, 91192, 188078, 431198, 82346, 459516, 203938, 158525, 487345, 359539, 746, 20455, 347908, 1454, 333318, 62924, 196653, 142101, 323280, 139451, 114012, 48899, 46439, 48403, 168601, 305710, 27734, 54473, 19660, 427634, 129453, 248933, 239874, 402780, 96798, 145930, 101855, 351959, 163615, 187620, 281438, 16673, 51209, 400182, 351675, 325513, 482148, 451479, 415590, 244107, 141781, 162007, 437418, 126695, 157134, 343064, 428975, 304200, 267210, 352165, 137061, 296039, 264549, 317332, 93035, 166967, 197918, 328004, 334547, 282145, 363993, 112325, 284257, 299715, 241218, 145666, 19704, 288858, 315824, 392915, 67686, 350624, 370869, 86142, 325608, 294788, 118771, 178167, 86162, 389478, 256680, 100699, 328709, 215362, 192708, 293249, 218822, 359452, 105746, 460746, 357732, 351718, 323002, 6952, 430933, 337609, 149223, 104516, 100745, 78312, 196928, 216373, 243158, 294680, 184556, 156860, 499528, 49243, 375542, 194956, 197062, 75377, 42599, 21204, 187785, 434847, 358772, 474916, 250816, 453609, 61855, 232445, 72482, 48624, 61670, 250399, 20493, 7607, 80670, 178965, 319504, 233991, 325744, 100928, 7231, 424063, 307554, 93309, 97166, 4000, 81562, 47388, 176148, 401683, 412494, 432158, 23355, 358783, 151190, 138518, 395784, 425929, 419918, 123069, 367934, 314073, 328894, 163071, 491191, 294142, 48533, 209448, 417124, 7473, 404234, 248572, 469948, 373661, 401189, 361576, 11453, 177837, 175371, 417683, 177579, 446278, 401832, 87976, 60456, 395401, 291166, 367616, 274240, 4984, 480567, 306335, 175952, 94402, 307075, 201031, 169478, 76991, 410131, 355799, 188118, 326580, 131149, 170184, 259425, 383019, 125508, 393692, 116887, 228960, 344422, 265338, 37993, 250358, 25630, 205365, 363949, 269688, 424018, 25274, 165610, 45302, 136208, 360078, 102775, 187834, 485823, 6431, 388737, 248664, 73770, 17754, 211616, 245199, 372794, 243301, 381953, 344642, 81513, 428236, 100203, 148968, 158924, 467235, 399928, 154662, 325563, 176906, 305917, 382127, 41448, 60665, 125819, 456651, 315765, 322992, 485553, 450585, 405576, 151991, 440591, 61406, 178047, 25546, 304723, 200410, 264067, 450186, 467163, 20937, 578, 47259, 418791, 263998, 332725, 499171, 293193, 446806, 372676, 442257, 65517, 167020, 99703, 424374, 310378, 112835, 497415, 368691, 494188, 309384, 486937, 365470, 307278, 40114, 278797, 438056, 258718, 223207, 455237, 418416, 271559, 318201, 156467, 46169, 122162, 413757, 397447, 359630, 132735, 472567, 310461, 222774, 131331, 312548, 403187, 58203, 413654, 224290, 254227, 150208, 437290, 134513, 75306, 381982, 211349, 43916, 85810, 79422, 405286, 93088, 99468, 192503, 491741, 293378, 450337, 144320, 90526, 212075, 291321, 252088, 33708, 120461, 31025, 368593, 172425, 130660, 351120, 116582, 368304, 33374, 379336, 174130, 325305, 50971, 177405, 325926, 263876, 99518, 198763, 203581, 285325, 188529, 145664, 289367, 39293, 459192, 422740, 400270, 203824, 303286, 280540, 98137, 443968, 71853, 134410, 221480, 469379, 326794, 12768, 178186, 241251, 386827, 103553, 49248, 268109, 112983, 173113, 254731, 142585, 399352, 389529, 246767, 438790, 497881, 299059, 326922, 130742, 265931, 391282, 300678, 237201, 452036, 495481, 53459, 474736, 203676, 425201, 136677, 456147, 65272, 49467, 450388, 419723, 371082, 464767, 67733, 498365, 333596, 313067, 209913, 444511, 137103, 329777, 430468, 91230, 498150, 261830, 10745, 171748, 207985, 30805, 211940, 4437, 403153, 465272, 312026, 296895, 356206, 215659, 177458, 475262, 111758, 19708, 203635, 474424, 202913, 17807, 50108, 361758, 149537, 1214, 168435, 434505, 204190, 254917, 267957, 227704, 45901, 454074, 327224, 82809, 323845, 19590, 425485, 253035, 57171, 66798, 364054, 322188, 447969, 489108, 57424, 135231, 201876, 18611, 228748, 419109, 271859, 93133, 236123, 175199, 380963, 449853, 133082, 176643, 434066, 203473, 415237, 374489, 257314, 87788, 19211, 407832, 100700, 488024, 476876, 176804, 261692, 63766, 204708, 78203, 104635, 24559, 163738, 233711, 250716, 79798, 277810, 182381, 16966, 456985, 294420, 362253, 430526, 125605, 224971, 230338, 313741, 429984, 232672, 375657, 32822, 111708, 457748, 147358, 369074, 133927, 326196, 283245, 340091, 78553, 319102, 469644, 456678, 83115, 26751, 23862, 20798, 257931, 319067, 377904, 118223, 119269, 116618, 320515, 195167, 102575, 223880, 398837, 366986, 72185, 383294, 76876, 363862, 89691, 461107, 409468, 440085, 51192, 248345, 351100, 477491, 430378, 121114, 223435, 496844, 210737, 175113, 239424, 121113, 318171, 127522, 407480, 178534, 72520, 425690, 365962, 260255, 476746, 434281, 77594, 203027, 372365, 102742, 17410, 309726, 4318, 441537, 107244, 208581, 91885, 482531, 369948, 173793, 138973, 88276, 385301, 101847, 184854, 180699, 404171, 170305, 238347, 416303, 272374, 199239, 438319, 283801, 376711, 49687, 377519, 442623, 110415, 186925, 292611, 278312, 161232, 427265, 314570, 255787, 119143, 181028, 341717, 383144, 475830, 99823, 387894, 238152, 163686, 105311, 243083, 489020, 403157, 120576, 307434, 236479, 128185, 105942, 304041, 254298, 410029, 77924, 206846, 481185, 48584, 159655, 375394, 4205, 199510, 315223, 400973, 218686, 100487, 379153, 491820, 322520, 282525, 391501, 403656, 183118, 229508, 426032, 198922, 46769, 302328, 334870, 164142, 237, 441247, 284821, 417297, 324252, 150092, 212389, 376119, 127891, 194267, 464576, 197877, 490661, 300747, 117875, 477443, 342809, 173424, 130474, 134391, 446881, 139235, 201853, 28798, 310752, 122481, 96054, 330034, 252596, 423358, 127675, 400726, 354682, 122225, 460260, 396718, 479973, 412206, 433982, 211153, 100226, 273820, 217712, 176670, 177946, 140529, 472815, 142718, 269976, 185674, 406819, 140946, 314182, 86324, 287437, 244837, 423066, 167716, 468890, 202604, 143203, 257501, 207209, 352035, 381552, 246263, 446471, 368629, 163393, 473110, 302168, 71295, 48910, 459458, 174282, 320731, 171214, 320362, 470083, 22308, 289500, 239847, 77018, 299627, 290043, 87005, 42451, 300677, 89449, 385239, 220612, 263967, 51932, 98500, 244241, 289777, 465762, 409104, 208776, 365493, 138668, 170926, 220471, 402987, 281705, 158240, 397218, 293049, 176891, 408252, 456859, 168389, 382064, 70988, 361613, 277688, 423019, 144300, 463647, 40574, 485511, 97866, 288562, 352303, 75129, 178628, 45766, 61542, 415245, 491579, 122945, 77292, 150493, 478902, 142068, 154615, 287393, 265273, 87811, 1758, 14559, 313081, 212303, 372336, 196150, 300561, 490077, 310727, 489972, 359009, 397222, 210733, 271547, 444676, 251711, 82124, 459102, 67860, 474207, 255702, 375946, 4043, 24883, 38263, 217205, 250, 41575, 398462, 45453, 185630, 120455, 401136, 145636, 171874, 317175, 485781, 318474, 138976, 26399, 458819, 194592, 336554, 361234, 324464, 99382, 136622, 347205, 188512, 96580, 320937, 101912, 275859, 201039, 318658, 461158, 110310, 441345, 194795, 289617, 184125, 276038, 274954, 217180, 18217, 313304, 113324, 454756, 25486, 235089, 454346, 298193, 143202, 356968, 423220, 193891, 310254, 422631, 448877, 270980, 47746, 48096, 41573, 144079, 212712, 351304, 334956, 128444, 164340, 23745, 315488, 26155, 187462, 29505, 250307, 399722, 244863, 233380, 478553, 12971, 403737, 19475, 166973, 97086, 173204, 403097, 3868, 306452, 211774, 117657, 245559, 11495, 123856, 395589, 309508, 393679, 332989, 115562, 137733, 300075, 52903, 50843, 290808, 300352, 146763, 223150, 139005, 411993, 127869, 137567, 212443, 352430, 235046, 362644, 41962, 118983, 219605, 316607, 426332, 421512, 39936, 288475, 455053, 158780, 321051, 159889, 351513, 272599, 339442, 235792, 42704, 335843, 13603, 183638, 401290, 418575, 205517, 128671, 191882, 345542, 402992, 353655, 153477, 406048, 367649, 152603, 376519, 370111, 388792, 176346, 94188, 272766, 152654, 3697, 282630, 2413, 145951, 127596, 49875, 32393, 93189, 408238, 37673, 220799, 136267, 75708, 494645, 134016, 130808, 359867, 426600, 76846, 393115, 363224, 45602, 236609, 179430, 45583, 232833, 281686, 249253, 341069, 143132, 292268, 257879, 480673, 267516, 156069, 129561, 138919, 394690, 337087, 291677, 389162, 8745, 253227, 172424, 395678, 373911, 178811, 292204, 296192, 342115, 63409, 343631, 342625, 174082, 328198, 27827, 367011, 88112, 383668, 206996, 164089, 427026, 263216, 58392, 121571, 289045, 263854, 110809, 201660, 352406, 473611, 327725, 476123, 419550, 40177, 358398, 345803, 11035, 70950, 470684, 177504, 342123, 37555, 478974, 201001, 437307, 35670, 397046, 353555, 239522, 269409, 22217, 469798, 178999, 357285, 254711, 146254, 405430, 372524, 359537, 364750, 384339, 304295, 285905, 365259, 355246, 43809, 53535, 276491, 126885, 105160, 34150, 392132, 339742, 344973, 80071, 459172, 370332, 406895, 263094, 117157, 286828, 427977, 386670, 260223, 289806, 313570, 221869, 87318, 26238, 34871, 460894, 82825, 174925, 382831, 378340, 439096, 178167, 88546, 31586, 208840, 73296, 29643, 382048, 401843, 237083, 93154, 444093, 226091, 47852, 468749, 1777, 21237, 169018, 264611, 350964, 401038, 335269, 414701, 465731, 243694, 199563, 289856, 204344, 473856, 117763, 204614, 457214, 148072, 303252, 66581, 284092, 284715, 462218, 203404, 82409, 120051, 274744, 461667, 407705, 419816, 200830, 320088, 15573, 332795, 314993, 314019, 365663, 240120, 30667, 439126, 57455, 204678, 297338, 487634, 352302, 346466, 306243, 392177, 183531, 440771, 265422, 337324, 372114, 395113, 229151, 2819, 449304, 97265, 329522, 277817, 204134, 309250, 457209, 197484, 319387, 407693, 164272, 224525, 418664, 44219, 272013, 421384, 24350, 235580, 97101, 465168, 455993, 127345, 400348, 205682, 175741, 100435, 472335, 103330, 259105, 16466, 235880, 334418, 165010, 206492, 480060, 174374, 40962, 332397, 234348, 388167, 167523, 419188, 19298, 21340, 277760, 142986, 170721, 308176, 274442, 425686, 382531, 39778, 204734, 170193, 319777, 285500, 19113, 372575, 154064, 277538, 21969, 141962, 91065, 402714, 419117, 47547, 311556, 325387, 157698, 367063, 330226, 461688, 180313, 218803, 328463, 373549, 396112, 481054, 295296, 285295, 289188, 126936, 220218, 471840, 415957, 148518, 357120, 392450, 293459, 39803, 435000, 43544, 353273, 31860, 335922, 63105, 339467, 414693, 321911, 105268, 352969, 410588, 126923, 463250, 155008, 360702, 38730, 367242, 453372, 101197, 443270, 427773, 133470, 97842, 166738, 427704, 457717, 368769, 52138, 144625, 64403, 460217, 327904, 188760, 472154, 144680, 446537, 113172, 371033, 453007, 181181, 21044, 360385, 319025, 311079, 329831, 19460, 452471, 326549, 263105, 122340, 278077, 254186, 412741, 416590, 372942, 118600, 442188, 493225, 270720, 342168, 388930, 13005, 404043, 385879, 66208, 485020, 278443, 306958, 259799, 450865, 335912, 480542, 158199, 61745, 233634, 12150, 33614, 158611, 343775, 320110, 103484, 180303, 15162, 478593, 479486, 207722, 118487, 104945, 90552, 490052, 157031, 368936, 252403, 469230, 283425, 262254, 421916, 292749, 435496, 207058, 363292, 406245, 211467, 375956, 168729, 217243, 438216, 33238, 175353, 367905, 342066, 342757, 284676, 138536, 459352, 251285, 110792, 269075, 2993, 42532, 201636, 237837, 326882, 200348, 272689, 102985, 52537, 404049, 286636, 369832, 119919, 84896, 48741, 435675, 12573, 483721, 74172, 460246, 44588, 163649, 462494, 109390, 67606, 333212, 447594, 115752, 129029, 258141, 468253, 9402, 436284, 418603, 322160, 309662, 90618, 332813, 189317, 231410, 250332, 440735, 167236, 323455, 5453, 115163, 495774, 56820, 434897, 435439, 131173, 184214, 90990, 231447, 301296, 18238, 491312, 119187, 101843, 225622, 326755, 146006, 284661, 119596, 410883, 385820, 143387, 278169, 293636, 151994, 354414, 327748, 43840, 34005, 386344, 320530, 389527, 325943, 496357, 321845, 36325, 132848, 132202, 341421, 20726, 428748, 444232, 40273, 322928, 47339, 465624, 151130, 409870, 92309, 411636, 77815, 131654, 333381, 481827, 163959, 83992, 32246, 213360, 352989, 212850, 234880, 1725, 275510, 303876, 419358, 385707, 15103, 107576, 202069, 363732, 102238, 291424, 195136, 16309, 129408, 445991, 345557, 296707, 454884, 82177, 236460, 154273, 314248, 7596, 363493, 469454, 467791, 206088, 409823, 196827, 32861, 253574, 209137, 413558, 5791, 364935, 55520, 313909, 219700, 355532, 414703, 9058, 152763, 490290, 28501, 235006, 474831, 54963, 20320, 436984, 414390, 200929, 276058, 330808, 263519, 136766, 407621, 142918, 106274, 374344, 32763, 255519, 227302, 156560, 199638, 250119, 337697, 90419, 248250, 483583, 121351, 163242, 444027, 168769, 76217, 461653, 133861, 31314, 176321, 39946, 246698, 342393, 308061, 271123, 343463, 267890, 386283, 207169, 446193, 332589, 191311, 320094, 11875, 141590, 365954, 65740, 489164, 463922, 260037, 478715, 102739, 191690, 265649, 406555, 341111, 14651, 43122, 329478, 486330, 120915, 415919, 433201, 332807, 73036, 276010, 98155, 260352, 27916, 318163, 184077, 15599, 204329, 425526, 139669, 107798, 284939, 341120, 244948, 39909, 441725, 492309, 308178, 286170, 16257, 272122, 171858, 324425, 48110, 217374, 373150, 306126, 400255, 259831, 174325, 258907, 339857, 369286, 224462, 395291, 126452, 12418, 469692, 294492, 327051, 111929, 249399, 44087, 77240, 297359, 3247, 420883, 124935, 53779, 273516, 416090, 346103, 254765, 79031, 494414, 210228, 370213, 442970, 293515, 260092, 105392, 469619, 400304, 417742, 241329, 117609, 232344, 129700, 272503, 452429, 14589, 469225, 255349, 234216, 277213, 471563, 152715, 260496, 2046, 480435, 117239, 183828, 353551, 310036, 49867, 39170, 370238, 419153, 438569, 277589, 386425, 352380, 16872, 482749, 395120, 199518, 406345, 250314, 161478, 203209, 88247, 81789, 25648, 492217, 187052, 146190, 307019, 167743, 123490, 436495, 415721, 338647, 5499, 35808, 456452, 128751, 382452, 34739, 261659, 376050, 261634, 157652, 44419, 313818, 441346, 303294, 141972, 463358, 393640, 372055, 213981, 87097, 102234, 431555, 324330, 325122, 182656, 378904, 363895, 155702, 419652, 441319, 175665, 454543, 188286, 20741, 87746, 109553, 457975, 109664, 75964, 409791, 411719, 126288, 275369, 391812, 319243, 450229, 247008, 441867, 432676, 19764, 41703, 263483, 392397, 223724, 401584, 489071, 487094, 311209, 331854, 383771, 74793, 11679, 213278, 449111, 190124, 52470, 90170, 232232, 120246, 219128, 298831, 235979, 119645, 4998, 8947, 420197, 483833, 85629, 56574, 178662, 475888, 343741, 379715, 270135, 336264, 116863, 401208, 64537, 426138, 99138, 100570, 225072, 347202, 255505, 363358, 353405, 30671, 325202, 229965, 399663, 252784, 492560, 260843, 77926, 290796, 250643, 488356, 119843, 176379, 215082, 282965, 331993, 229852, 72869, 385966, 55618, 453094, 349827, 254714, 138827, 383241, 190776, 303988, 361480, 22138, 497483, 137009, 27949, 365424, 169132, 265561, 279056, 304909, 433969, 10827, 433030, 182778, 499602, 440267, 417401, 379216, 89440, 491266, 54665, 111523, 49446, 423648, 494408, 454476, 360213, 128081, 338819, 273595, 66808, 205652, 473261, 248848, 426928, 105478, 364734, 377065, 265342, 488524, 407249, 298246, 395416, 430633, 435690, 147859, 177526, 213917, 276591, 427532, 82873, 1238, 130537, 16933, 198836, 415316, 28888, 21210, 469586, 124057, 450402, 207675, 363712, 319794, 398433, 488723, 371339, 312679, 107984, 336263, 141063, 353258, 105010, 396273, 41528, 264472, 113262, 211569, 70497, 491451, 468516, 351837, 155048, 430595, 451721, 416804, 465049, 30518, 148995, 259416, 302761, 310597, 36836, 220885, 437865, 117164, 216990, 210598, 224105, 212330, 226606, 75397, 347334, 49553, 162215, 120728, 403208, 483598, 439266, 314665, 207465, 139343, 132173, 12956, 392670, 248272, 418276, 350797, 350874, 187241, 189338, 136947, 394556, 55512, 375260, 16037, 128320, 116004, 304966, 345073, 265044, 324985, 177849, 49556, 92411, 419443, 466443, 398504, 264266, 402896, 189552, 289955, 274632, 194166, 85594, 322111, 4897, 309372, 115855, 446055, 403145, 464263, 229962, 292227, 379270, 353458, 236216, 479056, 488235, 20002, 199691, 171042, 268843, 379663, 115797, 217239, 261526, 327578, 485565, 223990, 478755, 433552, 336413, 318906, 450616, 122171, 174163, 142756, 312372, 444190, 329346, 223005, 182389, 113230, 296950, 241799, 354104, 260832, 294531, 362236, 112157, 18016, 238229, 330017, 245021, 220962, 97250, 144725, 489663, 36159, 309367, 469198, 373993, 279929, 161161, 190460, 211359, 483070, 234078, 368201, 470458, 89449, 59715, 327145, 213972, 54669, 186616, 99748, 96033, 346053, 347806, 404423, 301846, 272915, 333480, 328771, 230229, 321396, 54857, 33327, 164015, 486642, 375646, 341477, 50820, 132846, 337059, 367712, 150761, 72829, 384599, 254829, 300328, 263109, 221204, 118297, 323241, 456033, 452948, 220265, 86286, 305352, 113385, 312624, 322034, 27075, 181916, 442368, 466986, 186215, 264706, 232966, 319388, 146268, 262071, 160658, 435504, 49792, 225063, 363278, 167452, 25419, 492943, 168457, 394533, 492146, 174763, 45696, 216027, 491425, 456646, 178217, 280454, 354315, 62966, 403830, 341949, 134205, 246448, 171783, 287236, 150480, 278731, 372460, 460366, 386854, 199655, 283172, 181412, 391858, 123108, 10514, 181718, 405657, 110860, 422610, 102894, 486371, 391560, 479265, 211078, 118667, 10564, 403211, 455108, 71836, 327987, 383388, 302925, 289414, 1974, 162881, 120814, 228696, 235408, 248942, 435628, 142480, 474584, 419019, 158094, 388938, 376392, 470144, 109112, 159780, 69368, 442339, 62922, 310951, 319934, 192200, 274195, 430825, 282503, 209748, 464105, 292987, 410491, 289838, 393204, 274041, 209950, 427598, 10160, 345138, 203070, 217150, 226903, 233306, 168844, 423898, 178971, 225067, 201727, 197964, 489500, 478906, 57287, 292079, 181382, 65220, 247600, 428551, 354689, 240081, 180075, 348492, 204282, 85760, 317309, 196997, 179253, 282771, 248652, 218113, 120246, 94789, 210713, 393621, 186707, 329454, 313367, 314412, 58804, 146781, 290680, 378642, 477768, 178955, 59983, 470030, 127323, 385219, 404503, 413363, 311246, 396572, 39369, 475443, 59849, 390010, 162230, 138315, 126026, 456282, 233831, 429396, 484671, 43424, 481226, 19322, 221557, 218743, 68214, 444574, 335876, 395517, 362649, 16575, 48619, 79752, 194091, 239835, 465321, 142245, 9255, 94012, 462526, 47072, 450532, 432898, 3673, 194206, 347709, 62712, 411695, 281421, 105513, 151261, 292275, 322726, 435216, 281083, 285068, 134752, 139512, 424013, 70329, 497405, 211530, 431804, 342634, 430917, 200433, 91688, 4961, 73703, 182891, 208109, 191648, 1998, 447811, 328378, 133792, 304102, 215006, 114196, 144189, 379306, 396775, 333800, 424830, 499263, 220283, 163808, 392026, 384282, 475439, 404982, 206263, 494838, 349337, 415792, 460055, 21564, 463489, 183829, 23236, 414958, 218312, 34371, 42720, 387773, 492607, 386992, 8951, 89569, 19130, 135562, 18657, 74966, 489779, 427212, 87619, 169612, 352908, 204727, 161270, 174379, 454626, 274735, 139059, 215912, 71297, 287051, 41263, 394056, 421651, 245675, 348088, 459765, 209320, 156475, 145, 462561, 291543, 141182, 155227, 298287, 328074, 403283, 205481, 356244, 40124, 163958, 177219, 134749, 30457, 213084, 114658, 216499, 176713, 208971, 325882, 91111, 310652, 383902, 237405, 496828, 159693, 317780, 181176, 29283, 345999, 279968, 202488, 427781, 330057, 434881, 270907, 46914, 69452, 342487, 23103, 105120, 366739, 175975, 351110, 343917, 321698, 476712, 399789, 83206, 313308, 498829, 25762, 169140, 270605, 77205, 290437, 296269, 210775, 180079, 99204, 244876, 221422, 126998, 208346, 257238, 459297, 198083, 55391, 30026, 273455, 139810, 101722, 178956, 314478, 85189, 312282, 237222, 392462, 424650, 496204, 448430, 34839, 30047, 387463, 166954, 122243, 235689, 288022, 210548, 223289, 260037, 353428, 411169, 23023, 419440, 158761, 374923, 329451, 332746, 183352, 478623, 370179, 239007, 260285, 198767, 346953, 497705, 406907, 335370, 308997, 447326, 75125, 142766, 37495, 14831, 286863, 45926, 266157, 225176, 292424, 255271, 182302, 237903, 190499, 342171, 193974, 114152, 69584, 285080, 110995, 177361, 133919, 187439, 455074, 495329, 87845, 354963, 306614, 144498, 155072, 54061, 430537, 445461, 317969, 309678, 454237, 499993, 481194, 207558, 259553, 101311, 261746, 474379, 437522, 417669, 457778, 18370, 24267, 30029, 296613, 452800, 125221, 339138, 102593, 111375, 277108, 13076, 442510, 294781, 483023, 385223, 78622, 303170, 65379, 471889, 140973, 158889, 64436, 127559, 210572, 86959, 330000, 27689, 466343, 231197, 449117, 325935, 445869, 8093, 387664, 308269, 12133, 258584, 68067, 433286, 51804, 409423, 239818, 348260, 280726, 91909, 351673, 457012, 198956, 307561, 72822, 11882, 449823, 382577, 48335, 172159, 327210, 206905, 312693, 274618, 260719, 94256, 85448, 420607, 411704, 460465, 331606, 10377, 452670, 266127, 493423, 44672, 54073, 10612, 259422, 349235, 417640, 124310, 422692, 241177, 90, 64749, 448228, 178664, 281169, 96269, 122385, 447888, 7956, 80832, 341606, 240247, 249771, 18983, 292343, 64136, 96476, 128462, 111404, 255843, 33395, 255003, 20951, 82787, 29744, 457694, 312735, 430537, 458765, 59173, 182328, 200193, 2486, 398305, 379163, 212278, 497772, 279565, 329294, 149678, 241849, 348817, 356633, 444561, 356561, 308391, 153087, 154670, 200640, 259694, 389052, 412805, 145053, 293735, 197698, 213923, 20613, 108573, 136608, 284835, 232387, 8552, 30618, 242574, 304351, 221796, 290424, 283568, 125061, 467148, 15748, 393263, 187525, 27358, 269403, 483511, 370920, 190070, 305512, 499298, 343038, 246345, 443628, 376247, 143765, 444819, 81613, 212552, 24542, 356984, 147661, 9970, 497347, 150298, 115766, 63743, 295827, 134937, 385151, 402551, 20236, 305711, 401543, 352553, 23645, 206939, 84349, 409909, 53998, 220778, 307371, 495078, 142894, 65003, 297993, 213065, 336639, 20035, 39940, 76262, 290761, 6172, 410684, 269330, 204739, 431558, 243438, 131512, 250726, 144375, 201613, 179910, 42765, 268675, 130517, 264152, 395193, 339394, 267725, 166313, 440360, 1482, 232214, 296661, 224288, 359699, 233228, 62926, 218956, 463394, 150150, 275708, 301937, 58731, 55676, 279924, 159931, 495127, 218039, 85293, 350297, 6704, 292072, 484854, 402214, 128543, 477080, 78952, 372617, 446607, 172502, 478257, 232054, 102914, 256329, 189453, 331342, 52195, 100415, 180434, 386289, 495252, 302574, 264829, 148463, 116488, 260998, 62095, 151715, 355494, 205082, 167788, 241669, 26023, 367625, 277366, 314793, 202260, 175246, 3533, 52809, 56507, 413055, 237258, 163939, 109906, 392103, 287646, 300221, 64845, 212577, 165372, 354194, 44553, 171498, 473031, 20395, 137045, 128678, 338049, 262301, 21636, 34098, 466925, 159648, 56508, 331038, 1944, 103496, 140535, 133399, 82053, 44578, 377168, 123386, 247505, 484535, 180112, 180909, 382007, 167526, 172546, 423883, 197966, 41044, 39380, 333204, 317014, 100548, 309649, 221970, 46711, 102302, 425746, 314776, 222150, 488532, 319786, 75490, 92703, 400738, 298914, 488179, 233682, 165737, 386242, 74027, 208804, 152983, 117471, 204730, 201066, 358729, 289219, 279309, 360051, 239039, 146673, 221946, 112134, 205875, 55386, 346978, 153252, 86243, 102303, 489725, 224091, 20815, 29007, 28230, 421842, 489103, 325539, 97771, 20952, 198953, 410921, 204637, 260703, 149447, 49325, 25075, 133241, 114188, 104031, 481004, 243058, 208920, 347113, 268768, 227568, 192237, 257760, 217645, 85743, 336230, 167020, 4512, 268311, 159776, 414027, 332084, 473968, 6458, 21961, 164372, 75720, 419195, 323699, 231957, 38635, 90077, 129180, 148170, 53707, 400757, 150240, 477507, 440836, 267526, 257781, 354968, 409568, 197952, 477868, 495247, 480035, 4906, 279797, 201146, 313213, 89300, 23983, 36530, 54227, 202020, 445102, 54313, 51773, 217918, 214897, 490214, 461811, 466376, 477167, 458224, 442716, 65196, 44007, 375865, 482216, 293223, 490805, 363095, 37570, 129146, 392270, 358922, 32586, 194828, 54672, 314458, 174622, 14497, 55708, 20178, 405870, 294249, 131724, 100989, 234371, 478874, 394138, 110119, 454567, 52294, 345515, 41777, 207758, 414453, 289166, 173760, 204896, 194045, 303311, 201712, 151932, 8505, 71677, 351116, 320873, 255988, 34213, 128552, 97991, 19028, 498727, 152915, 466181, 357997, 441371, 195523, 235851, 300695, 89182, 263341, 121680, 280065, 77504, 120758, 115237, 185550, 246193, 316597, 107852, 273976, 433265, 459054, 95754, 445304, 35713, 253587, 414410, 239716, 136508, 45297, 316170, 444144, 404288, 293814, 5674, 493201, 481152, 97313, 301542, 427818, 1061, 251629, 51538, 287951, 424920, 151151, 468796, 182098, 398053, 72035, 299978, 193862, 301972, 112290, 181498, 156371, 196998, 70121, 366587, 251620, 340328, 398041, 104667, 3320, 346462, 139710, 383791, 438408, 302805, 2237, 111216, 416339, 323548, 28573, 24371, 255009, 284293, 183449, 490394, 445586, 13567, 241438, 190324, 160714, 87416, 304015, 141592, 13435, 340157, 85201, 95114, 130890, 470515, 467902, 220580, 258010, 467122, 176811, 329954, 187358, 452412, 410040, 486074, 247063, 63891, 93337, 339807, 388341, 330646, 105332, 180536, 34940, 38710, 146725, 185559, 111792, 124990, 460309, 53474, 83616, 62413, 242080, 57076, 10416, 29150, 207115, 134330, 319866, 440410, 100893, 13946, 234279, 132382, 366759, 4520, 495449, 37414, 442375, 353188, 414396, 390963, 415055, 395520, 429786, 30488, 451533, 378715, 13612, 425239, 302064, 402420, 28446, 8106, 148186, 332106, 418902, 148287, 274127, 111137, 372887, 178543, 186037, 303281, 272579, 111657, 63470, 125516, 50948, 321247, 66311, 409081, 119645, 329741, 299529, 480172, 212758, 342667, 276577, 198080, 211730, 216630, 221981, 112409, 266270, 239793, 177809, 180668, 467572, 274110, 110520, 32455, 433982, 443528, 403709, 229948, 86121, 246890, 496397, 409670, 241964, 99797, 24943, 130347, 114923, 433911, 89641, 81608, 303446, 329766, 290399, 353078, 182238, 348822, 152389, 367942, 328451, 148905, 281662, 87806, 477217, 177743, 383784, 170767, 164363, 40541, 197409, 452439, 23267, 236816, 463569, 30696, 37282, 163221, 210564, 301280, 88386, 138794, 353886, 301472, 280553, 163451, 49112, 365408, 315086, 170888, 313708, 3404, 114020, 170808, 291362, 38198, 238631, 245388, 240175, 132558, 112121, 323569, 316465, 119896, 105463, 319338, 177037, 242658, 312487, 77350, 493023, 9518, 119694, 410562, 496753, 126997, 353524, 432064, 227809, 100162, 345710, 207222, 258608, 88049, 243514, 156147, 127733, 64454, 200702, 31793, 36100, 310968, 252358, 282195, 238029, 483467, 65015, 22078, 447655, 220296, 474833, 3811, 65688, 27676, 71708, 155445, 99178, 136674, 388725, 212764, 227828, 409760, 375084, 462214, 131951, 480148, 431270, 36983, 314430, 437937, 341732, 302187, 273177, 282617, 176314, 405134, 359926, 26372, 55701, 267896, 406936, 207363, 328844, 5062, 343108, 296619, 360883, 192778, 402570, 203933, 137909, 364705, 292448, 274192, 431015, 160918, 40832, 399636, 341615, 54146, 403005, 252175, 377867, 401395, 389268, 378331, 187033, 420302, 166159, 12058, 437160, 266928, 72406, 175706, 176663, 121092, 142569, 329595, 196309, 223159, 236202, 79079, 230033, 348431, 58026, 31217, 232595, 36334, 405777, 346368, 320170, 440223, 437611, 486898, 161582, 254745, 64083, 449262, 120355, 420060, 398514, 228579, 311936, 11686, 267883, 11349, 80215, 103029, 156418, 136108, 13928, 95880, 176253, 391044, 283537, 375246, 46786, 125229, 453818, 252311, 308390, 492323, 383065, 1010, 261820, 90605, 384682, 449058, 33049, 357068, 492571, 9526, 416284, 320300, 203414, 291981, 139865, 289957, 104798, 485346, 324823, 346018, 25550, 430128, 272224, 372354, 123878, 139500, 473238, 454474, 217716, 192652, 187101, 414909, 370611, 93622, 246117, 370836, 1485, 403517, 492542, 10033, 394375, 126616, 386995, 489984, 170261, 169108, 495731, 417751, 284145, 461009, 136101, 369518, 393811, 290154, 309956, 74864, 366683, 388256, 224870, 222325, 464802, 377002, 451233, 44485, 355121, 218532, 472821, 232966, 144968, 344236, 112326, 442861, 33875, 150357, 305310, 149041, 243747, 80910, 379316, 466371, 140437, 129685, 258146, 339014, 179758, 25472, 131278, 95589, 358106, 389268, 406452, 326133, 221451, 322564, 481652, 489565, 218389, 209922, 451456, 260328, 55884, 31890, 203523, 457713, 218055, 484368, 210107, 90480, 469152, 401402, 245484, 115005, 355522, 80199, 335218, 263390, 102417, 157707, 484602, 9915, 146233, 475395, 172939, 391411, 434273, 45633, 376106, 305538, 386731, 465172, 38799, 98903, 16816, 423664, 118505, 270717, 382415, 277819, 459636, 299935, 262731, 351931, 445673, 70191, 487564, 257060, 89960, 209096, 344086, 255402, 218821, 183392, 380509, 45975, 486807, 359877, 161522, 273895, 122978, 105541, 290001, 195513, 433409, 342463, 416808, 463939, 214744, 196190, 110215, 200399, 274334, 457522, 398239, 360707, 194196, 489622, 221021, 149008, 223511, 105943, 129852, 336250, 144557, 370411, 352167, 74016, 113342, 283619, 265098, 96065, 115310, 84997, 65373, 70468, 176231, 452897, 461129, 12795, 442654, 182490, 481553, 275598, 486657, 334956, 361942, 339490, 137647, 233399, 47903, 58577, 199970, 61164, 27928, 365181, 355866, 307488, 124247, 98052, 98188, 387330, 80942, 358669, 51764, 347374, 434702, 370371, 258991, 7845, 480593, 189662, 318784, 241676, 301305, 226045, 453220, 460387, 496571, 81301, 77282, 457129, 91265, 466434, 149266, 377708, 7163, 498635, 31671, 275147, 413234, 357749, 470138, 305991, 62665, 383952, 353820, 385862, 5419, 3783, 292286, 312750, 358252, 477192, 353970, 183512, 283515, 227898, 227559, 84835, 436607, 18458, 296731, 124576, 198538, 363039, 492785, 107199, 292202, 458255, 214267, 333628, 308961, 241045, 362209, 314664, 223745, 151568, 388503, 423949, 327129, 309968, 446641, 457633, 193674, 360249, 375292, 248459, 356481, 379293, 201434, 423190, 261833, 490170, 193960, 36622, 29055, 167405, 156684, 354184, 475315, 29366, 10095, 239157, 58042, 253393, 158471, 141209, 496762, 27275, 87319, 492746, 192179, 179678, 227723, 460904, 414215, 465730, 392859, 442236, 60, 431932, 12670, 300523, 139508, 33809, 190109, 461937, 232097, 489107, 212858, 167872, 121787, 472323, 398239, 268096, 127314, 386721, 421571, 458901, 242285, 12223, 87695, 177260, 301254, 473113, 185776, 69567, 362074, 336698, 396116, 222481, 136197, 287637, 432089, 276733, 382543, 156652, 265268, 467970, 6699, 343304, 146905, 64475, 19858, 99689, 422183, 115523, 175364, 464166, 462115, 446955, 270722, 295884, 201011, 420350, 460580, 476155, 378314, 264161, 265348, 214928, 409164, 454294, 236863, 209683, 422674, 51300, 88916, 400096, 86328, 95795, 498791, 81063, 265336, 238180, 464827, 223160, 188071, 405195, 241382, 460319, 127867, 280674, 53632, 91053, 464756, 65628, 190162, 438188, 96774, 409387, 91297, 301517, 351741, 11582, 481385, 137471, 198918, 97437, 160973, 92889, 466011, 196034, 493791, 4695, 425073, 27148, 134727, 143069, 86949, 473136, 442319, 212542, 128497, 251373, 10673, 426916, 423918, 494540, 390611, 25213, 89980, 80050, 226956, 44788, 389215, 156148, 261920, 23483, 350996, 385490, 473440, 200009, 427487, 72775, 169349, 453794, 487255, 93303, 94340, 273591, 165807, 67110, 275001, 441354, 274865, 436135, 58811, 252249, 176762, 250399, 205750, 417446, 335337, 160302, 180390, 485172, 158269, 55347, 33356, 341993, 320911, 171343, 143509, 326498, 318440, 392845, 324890, 332332, 217652, 137544, 165996, 69860, 323393, 9627, 358103, 220734, 284119, 448538, 173423, 468549, 333809, 246343, 266539, 449908, 171789, 489066, 333460, 144159, 54300, 490916, 443628, 371484, 374368, 27386, 242799, 268846, 94701, 367554, 362885, 362217, 31772, 343443, 493113, 449972, 375487, 65846, 8691, 302860, 83187, 50004, 473751, 357190, 120707, 41166, 484318, 272228, 49512, 102721, 299317, 450745, 152806, 146437, 60660, 332743, 238386, 117729, 496418, 362022, 9853, 131782, 42936, 257727, 341364, 48610, 445602, 244832, 193458, 328342, 352926, 74984, 222432, 317644, 411888, 234756, 294626, 306142, 413490, 265295, 467366, 205002, 447896, 476528, 309804, 407967, 312137, 282027, 467935, 334140, 215573, 84634, 189163, 273227, 294063, 35978, 315125, 71488, 262533, 26057, 285989, 163375, 352294, 124151, 425510, 490133, 448095, 141578, 162659, 65864, 384470, 19313, 1401, 221709, 35065, 300626, 22567, 424146, 27633, 189121, 314620, 414068, 324752, 216500, 196442, 353741, 304222, 11897, 359196, 205895, 345226, 450713, 82256, 176300, 396550, 384880, 416555, 97646, 197170, 453057, 290671, 61816, 413884, 128857, 444512, 154018, 128382, 74097, 101088, 328557, 282783, 446657, 9935, 376907, 260656, 193811, 26729, 119461, 318179, 230759, 451560, 252972, 401217, 30818, 291026, 179674, 402683, 458407, 389130, 162975, 196452, 256630, 375175, 29526, 411056, 50726, 275979, 373528, 194634, 148272, 345818, 32050, 60511, 354332, 34579, 185720, 429991, 422798, 493489, 279476, 422852, 263416, 92293, 376901, 474375, 439822, 293597, 430248, 198879, 141048, 458493, 332393, 255084, 469484, 311682, 169141, 420180, 142067, 208463, 319733, 150461, 233906, 26492, 197551, 100417, 113340, 101212, 338032, 129107, 103905, 235230, 47389, 300242, 199850, 20675, 359834, 147407, 109954, 128263, 47949, 214722, 335297, 439384, 96967, 176257, 262222, 452876, 30469, 298236, 421191, 238566, 155936, 391120, 275034, 372246, 319187, 62832, 385844, 246887, 13427, 365116, 15789, 266744, 399576, 102601, 414384, 478179, 299955, 106590, 178561, 124765, 121020, 79224, 279630, 119497, 66261, 51223, 242238, 115594, 177848, 348956, 266929, 226981, 31660, 132057, 399816, 34810, 442452, 63364, 115328, 172230, 140443, 25196, 220069, 41558, 387240, 181113, 372972, 24917, 166835, 145841, 413710, 478921, 272436, 402579, 407418, 153564, 309457, 193705, 363964, 165614, 306115, 203238, 22838, 370245, 244062, 121140, 151436, 261013, 359566, 37003, 133985, 19863, 273180, 490125, 422352, 164858, 21926, 373101, 115911, 280565, 255573, 393931, 394779, 181137, 11035, 221818, 177725, 319840, 87255, 260262, 447209, 344563, 189477, 148471, 160071, 32875, 495909, 234614, 276248, 289550, 83113, 44907, 336797, 231832, 322884, 309835, 432402, 410693, 50595, 16456, 387368, 289560, 235970, 271900, 51625, 18677, 46632, 25749, 424723, 194430, 156441, 115138, 380501, 448280, 214633, 98022, 422527, 407984, 16479, 438999, 162678, 86255, 448275, 119956, 232566, 344236, 442168, 2654, 445351, 408001, 16982, 451279, 499832, 246127, 201342, 107304, 42484, 90792, 339799, 39074, 347164, 314164, 123383, 471589, 349856, 23617, 125734, 375260, 292873, 496634, 114111, 488365, 155236, 486801, 435031, 272048, 337543, 424738, 67612, 390904, 395966, 218429, 424388, 32948, 310703, 349069, 478066, 439617, 154853, 248167, 126637, 452123, 365297, 271916, 271277, 402151, 102556, 77231, 275246, 377090, 256251, 96751, 321475, 232779, 55578, 344666, 98885, 300084, 462896, 191306, 166581, 107378, 38028, 403604, 143101, 222879, 65614, 122583, 268028, 235111, 315986, 461028, 278095, 297618, 309990, 233509, 70055, 269912, 165596, 58230, 66995, 109855, 471706, 202496, 23480, 108536, 286883, 45389, 485432, 110575, 260906, 159377, 300253, 110628, 249146, 441437, 471301, 364853, 176888, 196711, 278618, 58757, 440228, 69311, 398309, 320995, 173068, 124753, 164867, 116855, 140124, 334258, 348823, 94891, 226308, 466624, 108399, 411557, 294634, 73342, 100188, 365990, 109301, 272464, 151701, 357921, 463765, 448510, 22478, 399759, 495586, 391308, 253299, 157665, 432093, 163326, 316391, 107099, 170316, 369206, 276085, 274472, 424269, 431249, 468249, 175620, 203008, 327498, 356058, 46664, 157785, 372093, 143098, 37181, 35463, 266576, 377861, 354840, 323058, 446470, 437576, 379016, 202717, 138432, 251837, 113463, 61613, 125022, 356303, 347267, 23684, 30023, 230119, 446353, 193286, 449272, 468708, 175779, 64162, 413205, 324466, 57924, 322183, 31494, 289033, 235585, 498261, 366965, 27978, 14335, 482573, 403143, 399256, 494369, 350631, 305956, 102961, 456851, 17143, 240709, 187226, 195941, 352344, 32905, 246088, 303520, 81297, 200944, 259836, 75002, 85495, 449175, 361641, 378981, 388534, 382637, 75296, 162394, 439198, 471947, 295994, 411581, 475399, 149042, 437948, 351250, 477789, 380701, 35531, 253693, 126929, 34268, 291181, 298831, 195973, 474519, 296763, 212958, 370430, 37364, 489761, 169125, 472121, 125858, 163958, 152419, 39466, 281804, 409995, 451537, 357754, 161239, 452886, 496994, 208054, 401402, 43418, 62315, 59473, 267569, 330568, 211741, 320317, 473055, 254698, 111643, 178102, 91162, 26578, 85085, 343490, 203038, 171147, 216596, 41901, 397043, 290059, 367611, 221381, 115160, 43409, 51176, 204705, 233794, 240605, 314626, 428815, 146357, 144656, 385868, 405696, 199102, 332986, 205995, 35361, 373366, 262495, 92055, 198064, 147805, 489893, 354630, 77720, 408924, 212228, 362382, 137018, 371343, 206527, 129612, 119300, 413026, 35624, 182717, 38754, 235856, 170320, 60173, 455425, 294447, 76873, 477390, 214219, 155822, 161795, 166008, 483737, 411635, 95250, 88154, 479322, 7560, 44891, 284484, 54163, 43857, 63573, 318610, 206432, 79115, 189100, 285408, 443051, 51148, 6220, 241440, 386675, 48811, 129730, 284032, 187033, 249134, 108902, 460381, 373610, 119472, 113452, 440778, 215141, 129553, 254846, 318324, 477893, 373444, 290433, 283897, 109091, 315824, 246920, 52481, 88704, 255861, 437438, 219207, 50535, 425656, 427399, 229671, 170123, 77573, 438179, 342107, 232424, 434011, 418596, 203171, 92478, 464648, 208330, 336201, 19652, 257065, 182801, 430227, 224933, 140098, 402381, 352431, 67441, 310773, 492077, 156662, 108059, 129120, 454383, 60816, 227114, 85541, 153699, 354625, 409609, 178328, 62567, 28230, 414165, 385664, 164144, 165358, 53242, 303375, 393968, 467761, 397741, 103724, 127641, 155807, 375947, 305158, 282739, 22722, 294239, 362476, 334945, 496023, 90836, 264715, 66036, 233570, 401140, 72601, 282895, 269949, 88662, 102316, 352715, 320725, 20964, 388423, 474807, 182734, 402776, 98317, 425957, 103106, 309814, 478534, 166668, 193808, 180292, 154032, 215214, 84901, 100132, 195382, 278582, 449769, 151525, 145026, 315507, 415982, 159367, 442793, 73931, 377269, 107178, 485585, 447408, 217098, 413285, 478, 34449, 321313, 151439, 59150, 427094, 9193, 347733, 38696, 129554, 146765, 16777, 85099, 195333, 141156, 256636, 33535, 182707, 358864, 249256, 410202, 316315, 225260, 43113, 218814, 223038, 412525, 76855, 66958, 498476, 217032, 322531, 268182, 495988, 348473, 488429, 471971, 17007, 403714, 330123, 415176, 183235, 293289, 230092, 168586, 112244, 211553, 186252, 162485, 264921, 329481, 170085, 305952, 181514, 277667, 450982, 33348, 189649, 203153, 441478, 332799, 433193, 427793, 38946, 458421, 476682, 423790, 332267, 466059, 473329, 176306, 26328, 491238, 486502, 427466, 194305, 189982, 477079, 349027, 193987, 91426, 191185, 182996, 173478, 336534, 372705, 437865, 155425, 394257, 215533, 344382, 335802, 91226, 413130, 26482, 387856, 94858, 133122, 464362, 89635, 18933, 174262, 22703, 150525, 54215, 352221, 370899, 155685, 245904, 238622, 489497, 30973, 499267, 49786, 309698, 62027, 471894, 299411, 418384, 165449, 247243, 92665, 16142, 241909, 245049, 290301, 167124, 278208, 469010, 243790, 8275, 292317, 291096, 58211, 388281, 274161, 324886, 276781, 240295, 151774, 149962, 160538, 52586, 15739, 77816, 158243, 428260, 325190, 484117, 146541, 495807, 434516, 187264, 277315, 335614, 409471, 285040, 460625, 214364, 25277, 304260, 118752, 459021, 240055, 205706, 469599, 198034, 22277, 197327, 388372, 357206, 396351, 441134, 262935, 342434, 113073, 364182, 167303, 487935, 120086, 194398, 160596, 24466, 259761, 280953, 272553, 428609, 451062, 478394, 74372, 23963, 107739, 185953, 399373, 324972, 382333, 116852, 224656, 149140, 436809, 423551, 403359, 444812, 315272, 190209, 203347, 312957, 127453, 432428, 383218, 197435, 151271, 328266, 22368, 414895, 78459, 477276, 489074, 49132, 96906, 56465, 42527, 294772, 392157, 242443, 443945, 452265, 437789, 415517, 107423, 300719, 77272, 161536, 366455, 238136, 53602, 446564, 123998, 353933, 492660, 92982, 485268, 7478, 248280, 83170, 124891, 372623, 488493, 357617, 222658, 258256, 354811, 237150, 167729, 474684, 120473, 364529, 436906, 287541, 75708, 129628, 362484, 420106, 82856, 461631, 425049, 121672, 300164, 376357, 354038, 460672, 372439, 379806, 180531, 220855, 273193, 330669, 185345, 339946, 473269, 385144, 242186, 24611, 49323, 149554, 373632, 42824, 59457, 271868, 168566, 370505, 467144, 77784, 424809, 86818, 200015, 200875, 104206, 195408, 209384, 165092, 444201, 111401, 301116, 400365, 201754, 314185, 242116, 4967, 466988, 253871, 398987, 346861, 268097, 409030, 373816, 184638, 183193, 405111, 5478, 490868, 126605, 262005, 50362, 6357, 314470, 272423, 471880, 387173, 293282, 424775, 411593, 43999, 342566, 36309, 95420, 87427, 126939, 338128, 245656, 103721, 141944, 97576, 397384, 488878, 307912, 372298, 79247, 2532, 63739, 491974, 400798, 54048, 404532, 237130, 474473, 85777, 34841, 298869, 56233, 161667, 419956, 237384, 251119, 335102, 374804, 73389, 474908, 353956, 330106, 233144, 397657, 337879, 25280, 327938, 31857, 36156, 114403, 367057, 56023, 64869, 308541, 473170, 206288, 421309, 498780, 483712, 401339, 231879, 80884, 73135, 244552, 190201, 200591, 164201, 224762, 390904, 132140, 53798, 468578, 37295, 285374, 180980, 335846, 487219, 141592, 242229, 63321, 184971, 187147, 109869, 455558, 382144, 145157, 309653, 395074, 315329, 166432, 379972, 169254, 91659, 448281, 23214, 480096, 215410, 100040, 243647, 280511, 396729, 107418, 145270, 179780, 227942, 219751, 380351, 478499, 36554, 272473, 441542, 215910, 104786, 465038, 415502, 464322, 204224, 210181, 375802, 402017, 87559, 37204, 295958, 467136, 120785, 268807, 13680, 116841, 31940, 31413, 499503, 226760, 53918, 476574, 26087, 446186, 420997, 47672, 434060, 393133, 301452, 486011, 136374, 85045, 286477, 409586, 76904, 6465, 61552, 232521, 383768, 163390, 380584, 43157, 376105, 440398, 132637, 280895, 109795, 251742, 466118, 167920, 285369, 45798, 487742, 217391, 83003, 184771, 524, 226377, 32828, 252009, 167385, 45757, 470913, 179892, 367821, 21797, 197572, 36412, 212434, 448701, 72232, 362210, 156356, 273346, 382344, 358839, 170051, 434485, 299607, 337040, 304550, 325648, 169939, 170756, 330555, 442629, 6233, 349550, 12888, 206838, 246430, 476114, 473054, 135295, 138968, 454651, 406548, 383358, 133887, 490103, 270765, 202042, 115824, 193401, 441568, 337084, 347808, 484722, 220767, 131875, 203639, 223682, 147047, 388125, 193789, 371720, 61475, 300982, 93792, 206357, 204765, 22091, 173473, 369955, 487471, 74445, 114421, 484773, 299649, 214947, 484734, 240577, 312562, 35833, 146535, 401553, 98661, 380322, 354900, 462922, 480660, 152126, 112832, 69934, 345878, 489272, 121735, 170710, 165772, 7386, 82099, 377529, 3739, 306409, 387084, 410633, 48770, 216376, 125713, 375244, 58409, 434516, 422988, 345647, 222703, 45708, 335681, 382407, 109377, 308320, 420049, 94014, 308291, 56736, 69774, 134121, 120367, 258002, 393906, 417822, 469357, 479202, 51639, 146849, 51953, 294026, 492722, 44365, 109123, 209087, 170681, 496436, 293580, 145875, 4294, 232570, 376432, 150916, 333469, 344298, 276249, 292080, 68, 173692, 332439, 78004, 468749, 199120, 221917, 45192, 354454, 332849, 440415, 210431, 389431, 185275, 32972, 221418, 246684, 492848, 453685, 102936, 295859, 348200, 165611, 396034, 440134, 369309, 242303, 411106, 204805, 324716, 448868, 427784, 411974, 451965, 55090, 359599, 420445, 451055, 281940, 388642, 329700, 360261, 131606, 242753, 378005, 52776, 102705, 497794, 388063, 325853, 94991, 307375, 335028, 183741, 5397, 54198, 226801, 424186, 331451, 368652, 408466, 77602, 137109, 473365, 125015, 182974, 252818, 341308, 8661, 293312, 469373, 95607, 174811, 238954, 379449, 67414, 323009, 367939, 9929, 336756, 363747, 484439, 472222, 38722, 140783, 225802, 247513, 496652, 133638, 181461, 49810, 292438, 225574, 261620, 20667, 153223, 38656, 282424, 248071, 450233, 219647, 19714, 102862, 407746, 470311, 319428, 369686, 428850, 133006, 297056, 111059, 186160, 231879, 480590, 187053, 233476, 395775, 472548, 373891, 147192, 205994, 359852, 432055, 272247, 493184, 414829, 196968, 242768, 430809, 254, 112173, 158333, 137310, 225841, 283462, 8246, 386486, 397893, 96928, 103492, 152346, 280153, 199938, 225189, 92084, 80992, 487008, 79197, 201756, 120712, 365142, 457359, 171400, 415177, 85206, 271883, 332312, 39581, 230019, 451712, 221325, 456836, 107613, 143662, 209, 238459, 268599, 339047, 449271, 279935, 217974, 230979, 184112, 433796, 349222, 180691, 373440, 476716, 47400, 317455, 427744, 188181, 129299, 19943, 193488, 451621, 183126, 394426, 98097, 270050, 321586, 234768, 85626, 119908, 452590, 85585, 141396, 1168, 99613, 366707, 262841, 282470, 74266, 283125, 412189, 27290, 307154, 378637, 465636, 326403, 54264, 488876, 491444, 426818, 196733, 369425, 68801, 148096, 15516, 499621, 227617, 448612, 28549, 459527, 152970, 328337, 337959, 324956, 345093, 156726, 83992, 331806, 126056, 413786, 31519, 55194, 22713, 274741, 66765, 43047, 166108, 242884, 331416, 2074, 365129, 485147, 454573, 117153, 397458, 16327, 499000, 277297, 293034, 390631, 146718, 287115, 165230, 419721, 284287, 413325, 65673, 440272, 372774, 459448, 217536, 477202, 87153, 183358, 268187, 111124, 497320, 56851, 304452, 173956, 191620, 363601, 324041, 243522, 439188, 47810, 200571, 136138, 72195, 362793, 413500, 495373, 9848, 337127, 147621, 122734, 31327, 27092, 36268, 288546, 402307, 148141, 310473, 377760, 90867, 488487, 450732, 29120, 341176, 180546, 381308, 440101, 458409, 41179, 114503, 262927, 182231, 289412, 177268, 453644, 191686, 497455, 340284, 360607, 11403, 12933, 193673, 305272, 38288, 140582, 2106, 143329, 206931, 464129, 318555, 101685, 414498, 491467, 364914, 405185, 122462, 444030, 22802, 131767, 312014, 452173, 387127, 332109, 377664, 242073, 72231, 176825, 298681, 493752, 69918, 338632, 407398, 107550, 214357, 213593, 145233, 499029, 386605, 93562, 203005, 12548, 352867, 272919, 113850, 463050, 239340, 461317, 392474, 453941, 431249, 466059, 464368, 190177, 218833, 285218, 52463, 454480, 260953, 465218, 257046, 148268, 141343, 436069, 260151, 150598, 191085, 202937, 69157, 480171, 454396, 112953, 151566, 313432, 211106, 349444, 53351, 36333, 39415, 397334, 103061, 24372, 9859, 196205, 84976, 86252, 399359, 125254, 499309, 297021, 458684, 398112, 447445, 109993, 341407, 497159, 398702, 242262, 229147, 131293, 125793, 285957, 48501, 337156, 490910, 196798, 186277, 288016, 491174, 480978, 465399, 138806, 129842, 102069, 51961, 382020, 3070, 15614, 153728, 205799, 24105, 25565, 77525, 455016, 303220, 125034, 412840, 269645, 138339, 381799, 162149, 274043, 75696, 105232, 138773, 254165, 76602, 469506, 221360, 194734, 115375, 28225, 108601, 486420, 301020, 159315, 88102, 10671, 45681, 229467, 452335, 133334, 268451, 481320, 123906, 278016, 87186, 149975, 136529, 224419, 411232, 288619, 420572, 447829, 14073, 307571, 308753, 271467, 89086, 434662, 457574, 417541, 295345, 24663, 229107, 23999, 132180, 483417, 447858, 228156, 315250, 357070, 140831, 83889, 331288, 395051, 154359, 74482, 398511, 79314, 294908, 224386, 265008, 62866, 174925, 327835, 267112, 183914, 456965, 57836, 14615, 263292, 206865, 310848, 124418, 88995, 245678, 208696, 487149, 46562, 151295, 180109, 82953, 242756, 430326, 404599, 469459, 450856, 144095, 328347, 258141, 129148, 287461, 257756, 310548, 112655, 327550, 247448, 237981, 151022, 77344, 151443, 374270, 233540, 147858, 277941, 239584, 463985, 319808, 75599, 127317, 80747, 96962, 370739, 337369, 284024, 232417, 333867, 461103, 121370, 288005, 325192, 355387, 475256, 44376, 170326, 456556, 352519, 12353, 337102, 222648, 391726, 24123, 66888, 95805, 125334, 413586, 105372, 261658, 382700, 307623, 26019, 151244, 91679, 315402, 309716, 112641, 240262, 228134, 383220, 447526, 293806, 401495, 240373, 434522, 471463, 327976, 476657, 21106, 174720, 64422, 120383, 425064, 369484, 494135, 86154, 28419, 49550, 295311, 351599, 194515, 234128, 393082, 12262, 24550, 336037, 315172, 83420, 429081, 106135, 214474, 19819, 216053, 251227, 330410, 299463, 197230, 37683, 396086, 121841, 70732, 285031, 76461, 266079, 443633, 11031, 239820, 471815, 497886, 273388, 104843, 160237, 478209, 283062, 148772, 170195, 272288, 164846, 227116, 494135, 76933, 268754, 12322, 304652, 402496, 479368, 314019, 77178, 415405, 316062, 5582, 379518, 398675, 430679, 138271, 97414, 173125, 106633, 202705, 179243, 103463, 85969, 159906, 83847, 480265, 190156, 220275, 71451, 120686, 442658, 314078, 278396, 124077, 244559, 399082, 142097, 159200, 313901, 252602, 88137, 206920, 360234, 246307, 138037, 165062, 370541, 143007, 364850, 365842, 283920, 249627, 495865, 101565, 55514, 424247, 454436, 406830, 211912, 344549, 254036, 350944, 280176, 411916, 237125, 124295, 467950, 32441, 161048, 382116, 270211, 371468, 29533, 375590, 171582, 172732, 280948, 325993, 467589, 458582, 311489, 432977, 489597, 446750, 119722, 161927, 60702, 146028, 139563, 263905, 427568, 161780, 426866, 248994, 146875, 52764, 495741, 496257, 151874, 335311, 286601, 151257, 457741, 131119, 212844, 361043, 428045, 263233, 232715, 65000, 109418, 213978, 57813, 440950, 244137, 297768, 387289, 387714, 352634, 217427, 498638, 152779, 223069, 307649, 158295, 296278, 452677, 436117, 99731, 86313, 356112, 436964, 481785, 313606, 155291, 223221, 375555, 299516, 456552, 461521, 118424, 3905, 195553, 249681, 13828, 34062, 396063, 155014, 13891, 4226, 476392, 31533, 374782, 271773, 161336, 93873, 238935, 29575, 301623, 263700, 155707, 74823, 80200, 52271, 150350, 452904, 390367, 156066, 457466, 236471, 161593, 267841, 339308, 430440, 28635, 488868, 474191, 390835, 96322, 76156, 224144, 450481, 320963, 28738, 450731, 41836, 343501, 305092, 188070, 493628, 464901, 300922, 425714, 153799, 380516, 86724, 180860, 193914, 218868, 402640, 291159, 388442, 87891, 102428, 342963, 473546, 53665, 314895, 57053, 91552, 400406, 312275, 246887, 122624, 218504, 430094, 328101, 420694, 80495, 36739, 144016, 183146, 437995, 404489, 288792, 470290, 458687, 62110, 235062, 452320, 142861, 395172, 116777, 5923, 47359, 61411, 407216, 487732, 418295, 264582, 334769, 475300, 15268, 269243, 461770, 80372, 393297, 337392, 127929, 76578, 188969, 320644, 56334, 362215, 203369, 399830, 203557, 151841, 19483, 396186, 54111, 46890, 400247, 476109, 2064, 45273, 368575, 237899, 485132, 125356, 349250, 352928, 395351, 141442, 357611, 321808, 454508, 279526, 410889, 206408, 5542, 169765, 104068, 222569, 143343, 213096, 182860, 456042, 353955, 494510, 404800, 10774, 208196, 32142, 307064, 428497, 139348, 213948, 427711, 178799, 390854, 75779, 57937, 449961, 11111, 378534, 122573, 188433, 45263, 275932, 406235, 290327, 458993, 33124, 301573, 294806, 11163, 205027, 81485, 68494, 230996, 498024, 51954, 247155, 104170, 368142, 105885, 202872, 101686, 11470, 249732, 112338, 222788, 59821, 154402, 462132, 350531, 5492, 352221, 154019, 27320, 356896, 63043, 261666, 141320, 404568, 208063, 303082, 483593, 406810, 89952, 274548, 93287, 386611, 107963, 134905, 452498, 457036, 122035, 125532, 331206, 324323, 140038, 69413, 346555, 47219, 317482, 163189, 55728, 108120, 419775, 391902, 67184, 150044, 30516, 266101, 176029, 19511, 279220, 44278, 2590, 154112, 206414, 42180, 221412, 157974, 2966, 223003, 397631, 405574, 169973, 76803, 98745, 318310, 366046, 32186, 264464, 305101, 6114, 138134, 447470, 398081, 161607, 96721, 460870, 79512, 86689, 256192, 42207, 400753, 253084, 74250, 5321, 324762, 333898, 295443, 209542, 487459, 160307, 183292, 86746, 271451, 117850, 440554, 262813, 224550, 87956, 111355, 251573, 278916, 12561, 438110, 260010, 368994, 84754, 410906, 95064, 347908, 127450, 491637, 467649, 116489, 246417, 380970, 288909, 357289, 155347, 86920, 376903, 191756, 365606, 426541, 365812, 156357, 214833, 172342, 314933, 457991, 471084, 427707, 333375, 272938, 347364, 282527, 132268, 435897, 215090, 180630, 142343, 65203, 302089, 193336, 168560, 430520, 449599, 248962, 64913, 117387, 163799, 30720, 453740, 359754, 471515, 379734, 148521, 32712, 260703, 84298, 198342, 382617, 423485, 485531, 347388, 491321, 245600, 127683, 402823, 210656, 431296, 402546, 26487, 239598, 338789, 84708, 287241, 18544, 11471, 211088, 308059, 271311, 154159, 164884, 65399, 289628, 139424, 417639, 330826, 76813, 35747, 86212, 192428, 166910, 86678, 138958, 147463, 248259, 419741, 418543, 51881, 416272, 175755, 367298, 367554, 188889, 3484, 379744, 397993, 439524, 348177, 134472, 260382, 431111, 168209, 160290, 71533, 82619, 265739, 368308, 207838, 56885, 55398, 71001, 39295, 213542, 249941, 147236, 164720, 400562, 431243, 198185, 414470, 75332, 434205, 18138, 482777, 374715, 42421, 386470, 228665, 280621, 197702, 242190, 32302, 160357, 272275, 469567, 16025, 232756, 457557, 37984, 323405, 116137, 375708, 466392, 444179, 98884, 91679, 201503, 476724, 119107, 468158, 53091, 225627, 479435, 21076, 308150, 465382, 84616, 253619, 423259, 67376, 388895, 483595, 427110, 82707, 37022, 350270, 234924, 443397, 36144, 333994, 260214, 216405, 487644, 51166, 294088, 97464, 6215, 112583, 116098, 33407, 316577, 317255, 135726, 228883, 82457, 222284, 187507, 390756, 479376, 138796, 10014, 217225, 225132, 469431, 241526, 332851, 345936, 468313, 307823, 299128, 166751, 351359, 126977, 424433, 364246, 181865, 464187, 289438, 284734, 149141, 438104, 427825, 318237, 440825, 396447, 216676, 492529, 194742, 47214, 99542, 317000, 130910, 46008, 168973, 352728, 51627, 177979, 140704, 78396, 122030, 288202, 311647, 415174, 311677, 227348, 302180, 462808, 159326, 10591, 249606, 149201, 316636, 407652, 100122, 9587, 138985, 448929, 279859, 258515, 315123, 190762, 164925, 456623, 29928, 204550, 363068, 485753, 464795, 117026, 38995, 46289, 52987, 63092, 231862, 65964, 273461, 360389, 173300, 234435, 187075, 201197, 485139, 203365, 278765, 52085, 306682, 58609, 86799, 418214, 305643, 145184, 21110, 419101, 296713, 409074, 311943, 356675, 445848, 143842, 301813, 12963, 134901, 455935, 291058, 41964, 78369, 320805, 132897, 78264, 135682, 200617, 219689, 209235, 355599, 63632, 412812, 311060, 148978, 49334, 341083, 370061, 242860, 145118, 70539, 40243, 493483, 124318, 238157, 55271, 368492, 493287, 289561, 203241, 255152, 23414, 417364, 342771, 401452, 134612, 3428, 65447, 295676, 12355, 165544, 170152, 266227, 156665, 373679, 477667, 126454, 430052, 91709, 1276, 94277, 255280, 424509, 103996, 15351, 400457, 11113, 348065, 31695, 482262, 315845, 407227, 243608, 138352, 487098, 303312, 71437, 58957, 74895, 98820, 143149, 450710, 36388, 366202, 301490, 304034, 291660, 438752, 373155, 241962, 337456, 124982, 29141, 230223, 412386, 316809, 75111, 487918, 216246, 484629, 480954, 110642, 241100, 329604, 260001, 108230, 361722, 59616, 428626, 355208, 339068, 358778, 200818, 311193, 272960, 87493, 142298, 488217, 344444, 109167, 280557, 338799, 483630, 59456, 316765, 283084, 313216, 241802, 86680, 283900, 460552, 365518, 340621, 393822, 408443, 357485, 415883, 30767, 285489, 287836, 295151, 384740, 477468, 434657, 311999, 424230, 147225, 285577, 495652, 15237, 325170, 83118, 116157, 246244, 145295, 444180, 24290, 475988, 303281, 253333, 37555, 123546, 269669, 302688, 109316, 184530, 475329, 273762, 154650, 71518, 365052, 50006, 10469, 161173, 215656, 334891, 52396, 89078, 247774, 3873, 74897, 366696, 259926, 457659, 376612, 92653, 147253, 261953, 427606, 128885, 477714, 54150, 454013, 3075, 125271, 37921, 411774, 473685, 155958, 441555, 29541, 299617, 404530, 279267, 4155, 427641, 77993, 276924, 99424, 46302, 176560, 29768, 430257, 444618, 411326, 440745, 296739, 343026, 170903, 160830, 10283, 454884, 261626, 196056, 430894, 14771, 86221, 333841, 342242, 498279, 260951, 2218, 120778, 227457, 439698, 270614, 125504, 95619, 183825, 405110, 480742, 402284, 248536, 127349, 313003, 275730, 145028, 400306, 315245, 1608, 276495, 464383, 494108, 444290, 160311, 300108, 193738, 90579, 182266, 429619, 243359, 139960, 209059, 256874, 94801, 5973, 171630, 102312, 349143, 298918, 337332, 212404, 94382, 259530, 272553, 174796, 289072, 476848, 465122, 71026, 284993, 213946, 353436, 274243, 400633, 355915, 135340, 32885, 489882, 13967, 342693, 230288, 25295, 227955, 215502, 12136, 188077, 442325, 381134, 398757, 84139, 332755, 42868, 12623, 257446, 104859, 159771, 300798, 267586, 84161, 387341, 226411, 365033, 306168, 82174, 16473, 142746, 324880, 117893, 65590, 751, 54617, 148070, 292146, 423781, 322815, 154997, 372107, 215313, 324482, 121927, 80595, 375873, 491614, 30991, 103177, 347546, 475455, 482725, 265024, 220454, 148127, 49526, 286370, 409310, 41277, 57495, 331302, 99770, 17771, 329972, 44488, 295581, 456709, 280825, 216734, 376119, 452280, 457713, 251310, 477548, 296647, 181389, 384837, 292369, 369921, 476632, 38669, 231716, 474113, 51986, 202180, 192093, 407743, 120886, 179193, 69469, 498284, 99615, 204382, 572, 295827, 90389, 249301, 125150, 213092, 387209, 499803, 498786, 46569, 183435, 251370, 58515, 175547, 76722, 299583, 81103, 367509, 47303, 50262, 330953, 428282, 169485, 278030, 443575, 56228, 394734, 354915, 391958, 358355, 437824, 247204, 184636, 24516, 107968, 245340, 126140, 284706, 202668, 261252, 404601, 91283, 304128, 145984, 55357, 353761, 172045, 362514, 27546, 58202, 140697, 179700, 118938, 42199, 156691, 9778, 224872, 103155, 381127, 90854, 60916, 78892, 52100, 379061, 453950, 468337, 14284, 334663, 263159, 226544, 20806, 468488, 206368, 75077, 220118, 487821, 135608, 116620, 189641, 459972, 382099, 316760, 354298, 112805, 59596, 302236, 143813, 246938, 15853, 490828, 323210, 8734, 462980, 463249, 460407, 74159, 296200, 302375, 1863, 479854, 122894, 249188, 464150, 187938, 209626, 374616, 491047, 388165, 254873, 302428, 78642, 90134, 99281, 214921, 168243, 221685, 61512, 94447, 376743, 319520, 243684, 439617, 347168, 448106, 445056, 437652, 227024, 347241, 290690, 91949, 275566, 223236, 264365, 446330, 419746, 413564, 346581, 106887, 322771, 111323, 356438, 152266, 466594, 216488, 201569, 41724, 180447, 414388, 139551, 83970, 62601, 86168, 484719, 489798, 396745, 383475, 460722, 363279, 261506, 306169, 450664, 85971, 96370, 199, 69144, 69973, 180114, 269471, 102138, 405039, 480243, 144972, 346116, 108354, 8660, 175610, 43787, 277357, 388699, 266482, 476526, 364946, 255159, 245377, 162555, 404820, 384230, 353705, 326226, 125782, 409006, 204908, 46726, 378409, 407688, 248980, 118120, 131882, 84302, 180933, 290860, 308770, 314398, 178078, 200048, 371777, 30250, 96922, 76858, 363846, 349576, 187616, 365829, 111466, 388489, 494279, 391300, 76037, 91823, 49558, 222508, 479462, 227116, 274684, 43312, 234013, 108865, 429745, 242407, 39381, 393244, 14636, 291454, 114050, 118938, 296155, 419792, 286184, 59816, 52871, 331167, 99070, 288320, 113475, 89268, 324468, 91274, 375096, 385317, 378265, 86613, 412602, 91977, 197913, 324749, 84033, 353015, 178473, 302145, 488447, 491102, 95278, 201112, 67539, 333848, 55338, 6858, 60521, 442903, 142245, 171457, 152196, 309395, 75814, 470668, 150538, 184651, 346960, 317062, 231247, 167763, 98128, 200384, 174844, 103146, 48371, 35061, 447124, 438909, 346554, 214468, 470315, 151487, 361290, 185791, 299019, 391006, 377406, 371922, 110042, 61149, 37406, 394612, 412490, 86571, 430178, 154140, 196679, 64748, 5504, 45581, 58710, 281185, 127988, 202792, 181025, 467622, 249167, 337126, 64818, 187944, 384217, 11351, 397926, 153388, 13104, 11681, 120401, 203316, 467204, 298351, 302707, 112964, 341687, 351619, 196552, 28832, 66003, 37915, 327887, 325504, 195690, 498228, 39689, 253681, 190331, 144421, 120510, 487794, 184257, 302968, 343800, 347805, 106454, 88174, 199748, 110441, 109592, 314280, 100610, 241159, 236364, 24352, 396531, 389156, 156348, 118701, 279320, 169140, 328138, 457561, 354919, 339283, 6633, 183717, 225623, 188708, 403413, 183503, 459046, 325069, 129130, 167609, 126213, 355755, 359108, 242674, 328196, 458715, 383744, 425050, 419869, 373310, 111291, 281648, 201178, 110321, 400653, 42664, 139542, 362747, 162885, 320877, 16983, 443083, 19173, 287892, 300194, 409227, 326965, 413122, 150068, 183526, 374341, 429644, 146086, 192361, 390969, 38314, 297312, 480983, 128056, 70073, 50847, 212003, 294565, 403219, 353817, 341390, 221626, 217421, 293677, 117069, 345337, 245463, 426361, 479855, 375787, 447019, 96256, 6928, 101192, 361468, 296416, 187817, 462262, 439258, 275615, 42893, 249775, 47104, 398012, 295893, 270796, 72095, 446313, 285654, 197250, 342970, 65875, 245318, 354396, 178068, 82746, 4654, 1143, 128371, 87832, 458685, 66639, 228963, 444728, 210767, 400199, 497457, 220636, 491163, 291841, 69266, 318543, 80855, 5084, 59270, 234220, 29738, 338646, 133149, 404404, 486698, 257060, 10300, 102792, 329273, 66234, 135585, 479607, 313277, 482173, 388164, 248569, 228301, 494806, 250336, 292462, 315150, 404518, 152259, 177561, 123680, 464079, 251514, 298052, 118897, 259804, 463786, 248207, 151626, 250869, 418561, 121352, 122453, 367956, 61109, 420077, 379437, 106569, 231684, 159193, 428853, 222901, 272517, 11814, 370144, 375630, 459291, 138694, 169085, 103496, 113843, 235811, 61925, 327405, 480116, 158446, 104023, 446013, 156749, 228759, 465939, 430030, 242102, 204717, 121215, 16401, 380992, 366785, 123074, 218309, 101031, 53359, 323823, 160086, 127926, 146837, 444964, 334457, 51330, 499390, 384384, 352785, 254486, 216156, 413464, 456764, 271388, 30080, 21819, 223824, 437685, 12839, 426841, 373178, 370915, 385019, 208159, 129347, 485895, 274572, 60231, 199525, 64859, 491783, 485580, 416637, 33592, 430112, 56142, 356054, 199885, 190231, 317716, 191784, 469821, 383265, 218054, 400640, 420689, 56844, 367608, 230895, 475837, 154043, 238778, 474632, 424714, 13206, 418516, 233045, 311247, 99827, 347590, 8357, 371978, 335937, 296824, 223428, 182626, 412026, 216961, 492749, 135969, 72208, 42317, 67169, 40077, 295916, 361560, 401123, 136618, 440723, 16624, 202446, 190264, 187182, 32977, 284498, 132895, 180175, 472884, 492287, 298344, 141779, 195875, 22693, 132557, 166953, 224615, 188055, 89789, 321167, 379789, 363955, 428197, 408395, 262287, 433351, 55686, 33396, 233238, 139975, 257357, 229386, 45945, 213519, 419952, 439724, 474214, 493672, 159491, 343553, 181381, 72540, 12790, 209584, 295424, 473011, 361976, 193380, 40797, 196872, 241743, 372110, 130293, 436238, 221596, 204045, 203394, 105904, 468486, 255059, 107595, 120235, 160752, 217560, 279492, 434217, 496590, 497833, 231185, 186942, 319777, 453149, 1357, 469031, 186294, 31222, 401391, 98797, 284617, 429752, 437414, 238666, 55113, 420022, 411958, 189434, 391916, 439959, 60078, 78507, 328661, 116564, 302851, 89101, 400359, 274694, 385383, 7704, 376174, 206421, 410938, 93560, 265939, 133519, 222366, 305497, 430187, 78747, 186518, 481503, 286056, 399016, 87595, 411866, 188476, 105288, 412307, 81223, 34520, 454303, 134422, 376687, 138075, 51232, 497163, 336619, 73510, 469134, 46625, 52385, 27498, 379307, 40837, 349336, 398333, 298625, 141399, 343686, 319061, 156167, 302190, 351031, 494846, 256923, 154024, 247921, 365435, 104939, 92158, 66931, 206426, 476985, 361649, 1035, 236915, 285980, 351503, 226526, 125616, 374650, 54201, 10421, 296584, 393755, 158465, 467010, 420321, 488522, 34166, 117239, 88013, 8890, 312038, 111616, 421045, 428228, 353589, 482164, 333120, 10701, 439450, 89393, 435459, 421962, 281989, 377894, 169079, 48430, 20350, 10892, 90875, 471201, 75893, 111194, 55954, 175887, 160337, 481513, 455686, 251263, 300339, 275547, 296764, 146192, 20169, 63043, 138544, 261431, 476624, 177523, 484990, 210411, 13883, 144944, 127576, 291060, 211560, 102316, 247004, 96491, 193432, 423901, 190841, 123997, 95191, 2075, 163439, 60488, 246379, 180672, 245691, 118413, 451112, 155812, 57480, 326540, 423275, 52086, 162826, 408254, 36920, 104349, 191519, 308327, 387239, 186489, 314769, 80180, 242165, 205664, 345458, 331064, 185509, 89762, 352773, 34484, 98656, 162888, 123223, 294393, 42687, 291194, 42839, 218503, 349191, 109565, 368891, 21041, 80489, 195572, 350916, 478894, 68558, 64992, 470550, 403013, 391159, 156209, 453308, 293642, 425049, 387484, 494451, 384445, 324482, 422644, 449572, 144049, 106803, 93884, 416783, 383654, 29623, 172287, 100621, 34271, 4648, 41055, 12648, 328234, 462696, 336552, 329603, 79786, 464324, 82665, 438158, 77676, 92005, 14502, 110905, 191596, 434605, 451713, 125851, 130532, 3918, 91155, 393158, 353868, 381777, 233999, 107901, 198060, 128221, 137661, 165544, 423991, 447131, 413658, 103750, 356002, 79563, 161359, 432359, 135261, 375083, 116929, 81432, 215502, 260829, 329679, 428131, 408384, 109210, 194556, 347019, 98074, 427144, 414309, 429003, 387414, 325089, 43429, 189725, 108790, 179350, 201292, 203254, 410008, 34190, 93365, 415759, 375018, 409985, 138214, 36475, 236049, 18185, 107914, 78830, 257723, 458791, 78385, 111610, 288153, 268742, 222834, 478752, 1882, 318009, 168787, 424008, 227150, 151792, 472294, 115428, 23430, 378541, 68887, 171205, 121840, 21420, 432535, 142417, 414826, 379276, 97948, 153070, 40919, 54576, 47762, 398254, 245378, 392433, 133900, 101035, 366929, 356635, 251117, 187690, 56688, 165395, 398833, 407136, 433014, 392527, 339297, 119954, 223519, 31862, 121125, 112350, 156111, 162365, 198979, 195957, 326280, 372522, 458473, 83317, 439861, 232043, 455634, 79173, 108075, 382392, 269082, 415250, 404833, 474806, 262879, 439843, 31587, 468226, 469722, 241922, 365, 16927, 111987, 200220, 418729, 267427, 80421, 321236, 188646, 325588, 86756, 90803, 474454, 19116, 281635, 259956, 114389, 152926, 23400, 287739, 404134, 374209, 376664, 303199, 246994, 28650, 43840, 358326, 15567, 440162, 17272, 461102, 326215, 209804, 203382, 103057, 483208, 306560, 87842, 85579, 473309, 128138, 379506, 415195, 203996, 85681, 301862, 456208, 114278, 301431, 18418, 495899, 5311, 377324, 357382, 172868, 186905, 296136, 410930, 95633, 264833, 29679, 25103, 134864, 215797, 85542, 475711, 451730, 283039, 477041, 448521, 469538, 473517, 462448, 70333, 117825, 409021, 130872, 109629, 82175, 437005, 351033, 371876, 53446, 69602, 143557, 275335, 34634, 46604, 334164, 79443, 318937, 115601, 275416, 289807, 454284, 62543, 334832, 234510, 390913, 29223, 35273, 242109, 390991, 470021, 15756, 225012, 343647, 139050, 341072, 341670, 439582, 111762, 435197, 317761, 171934, 29671, 190767, 81198, 287902, 75411, 191345, 222074, 368145, 33479, 179348, 381756, 114430, 8174, 50549, 455708, 166114, 203809, 497030, 59029, 211332, 168950, 11704, 316990, 49796, 385965, 214218, 157412, 288122, 135570, 270972, 98697, 378818, 427636, 193207, 109423, 238282, 201571, 434581, 189803, 172950, 73455, 341639, 25666, 302103, 499115, 324121, 64732, 324741, 137819, 200193, 277523, 380227, 468773, 431374, 303537, 47997, 285640, 118597, 289923, 328697, 493204, 100313, 448383, 308341, 199148, 322244, 37659, 66184, 113987, 450747, 197962, 377445, 452585, 497208, 405679, 113631, 202472, 72220, 160967, 369226, 449312, 74222, 134815, 72510, 485375, 199501, 149954, 342433, 59246, 18056, 158826, 323789, 129714, 113112, 365684, 77059, 288385, 48478, 105725, 190518, 450161, 172149, 332741, 180031, 156114, 88085, 104076, 328693, 475697, 40629, 314602, 456321, 390116, 491714, 161683, 290299, 31261, 121257, 196806, 192794, 170005, 362400, 494813, 314290, 344550, 451313, 477037, 162529, 412389, 300923, 365177, 137574, 73481, 355337, 111344, 184585, 492628, 413703, 129415, 270095, 82018, 188119, 343661, 111673, 13667, 123133, 47163, 96890, 57636, 329928, 425965, 438021, 353014, 70206, 363523, 67592, 421315, 338042, 149698, 227389, 361821, 116010, 10275, 472906, 182828, 368437, 121090, 431618, 240542, 265921, 346237, 24910, 365054, 46441, 378434, 140684, 33641, 243023, 121498, 436757, 142360, 353274, 269424, 43765, 64343, 198426, 409544, 227686, 426779, 136275, 180909, 433482, 115630, 230757, 457084, 197104, 208357, 39910, 216128, 158388, 416672, 61448, 190971, 27323, 305108, 326401, 149989, 325026, 143479, 454113, 194339, 177509, 479497, 7680, 16669, 260620, 498361, 88907, 435224, 289665, 319145, 145846, 377827, 56187, 202177, 95503, 361325, 25628, 244217, 20865, 230617, 219908, 205632, 229930, 75455, 451577, 434637, 419169, 477503, 203219, 386875, 97505, 81186, 489239, 453968, 360015, 14801, 428668, 330582, 5370, 47822, 106847, 8853, 474608, 220193, 15946, 19889, 14502, 22035, 376337, 53686, 353320, 419699, 36511, 232540, 71693, 64522, 24701, 350707, 79622, 51444, 413170, 443245, 423503, 4654, 425904, 273087, 197665, 36466, 288562, 160932, 425661, 274591, 314653, 259312, 372215, 246447, 96414, 278244, 401294, 486077, 163139, 467115, 160759, 378302, 154926, 443246, 473713, 441167, 193017, 298930, 119764, 178996, 456173, 253439, 199351, 181858, 256232, 158139, 212535, 275334, 293743, 101206, 167995, 300125, 257447, 103467, 301630, 451884, 29856, 320019, 497879, 357006, 389457, 93947, 210511, 65374, 79583, 271840, 335982, 70970, 170592, 208965, 49292, 173075, 499524, 361167, 486338, 101512, 13308, 388467, 56595, 101785, 338618, 389674, 437426, 64401, 238925, 380962, 315556, 495653, 438152, 9545, 215065, 413765, 233009, 150802, 152138, 300670, 211021, 251910, 28359, 385772, 220108, 122421, 389728, 475476, 181318, 407464, 190584, 458793, 88199, 46619, 234572, 466125, 103462, 48467, 355461, 210280, 321731, 236699, 164753, 360042, 107763, 62561, 179046, 274453, 225589, 478002, 146945, 437903, 25524, 26592, 337288, 265133, 134851, 169269, 230014, 17314, 68682, 261546, 311602, 283418, 130222, 419516, 301109, 453367, 420977, 176179, 161867, 213206, 168494, 338306, 170096, 20130, 384081, 49266, 390041, 371099, 229467, 495006, 160906, 285878, 297677, 240328, 444225, 17176, 203449, 191646, 164645, 315833, 199475, 29029, 159569, 286874, 177564, 128196, 333777, 391164, 9676, 482166, 408185, 322937, 304652, 5393, 11276, 229769, 368249, 471497, 368313, 477423, 199145, 230786, 63160, 143599, 433615, 44145, 141617, 16897, 288545, 482747, 87181, 395500, 380025, 301590, 146314, 496315, 172141, 411669, 413736, 410436, 56723, 23036, 426746, 99659, 202920, 108543, 54076, 151461, 371406, 289026, 499572, 445629, 409342, 445833, 3343, 162049, 46642, 165959, 97980, 186200, 255359, 125856, 241559, 225399, 198481, 209968, 462877, 61259, 198794, 20328, 427832, 55711, 101504, 79739, 205088, 245981, 240593, 395771, 475547, 436509, 105993, 134564, 27733, 494759, 9211, 280445, 64571, 75881, 381291, 278873, 484200, 283344, 63583, 251051, 186049, 65451, 72118, 339532, 86082, 264446, 210014, 470570, 271559, 109231, 345011, 146581, 168364, 147882, 341524, 358688, 305326, 173768, 39178, 114432, 112473, 330726, 12451, 59934, 429801, 301342, 62558, 41843, 225354, 201298, 248442, 385127, 379338, 72423, 11309, 478190, 274305, 324669, 283882, 302838, 333724, 298218, 239652, 177228, 301994, 189094, 486542, 463368, 249563, 361421, 214937, 216707, 239524, 290087, 482767, 434255, 74492, 418272, 343570, 85777, 270095, 303208, 177767, 151932, 86493, 109557, 323275, 356162, 288111, 387860, 432682, 310080, 440583, 332929, 37031, 202569, 145403, 141215, 353652, 255894, 80256, 445357, 346274, 162887, 146973, 493930, 237324, 187946, 192165, 209370, 438124, 468737, 499537, 245805, 267375, 367346, 455031, 33001, 294642, 136728, 113023, 135964, 361559, 257806, 143463, 156968, 241652, 133734, 13094, 371342, 66099, 192837, 316807, 488990, 255812, 3158, 241872, 325219, 234948, 201165, 144225, 189522, 128853, 344310, 235510, 177114, 375947, 348095, 439828, 229358, 182324, 456691, 55507, 331285, 158864, 311663, 47524, 373985, 94166, 424599, 282743, 180080, 492681, 148603, 78275, 73510, 165910, 276858, 108204, 93941, 369710, 162232, 194212, 253433, 366305, 424732, 404261, 332833, 203462, 89629, 159262, 22202, 277180, 93747, 11231, 143346, 159357, 487442, 499824, 122811, 36898, 83205, 313439, 342900, 401031, 481561, 448044, 43031, 142256, 360531, 121556, 383308, 41632, 7557, 336713, 210345, 32541, 332448, 299617, 61275, 120033, 253531, 247249, 20454, 74503, 312941, 443329, 367388, 209583, 143215, 125570, 164824, 297230, 164057, 367574, 90044, 286945, 235272, 56867, 100317, 56543, 112976, 463313, 373178, 294712, 400656, 152372, 82583, 58217, 395535, 357651, 438689, 189971, 321083, 328812, 70717, 184633, 66228, 376266, 424399, 99626, 481305, 402451, 442061, 145726, 19582, 143530, 278699, 444516, 42425, 230566, 86802, 264738, 368526, 269629, 490770, 397880, 88766, 116406, 364846, 137553, 23381, 413824, 337903, 409529, 221286, 32176, 39019, 422316, 315380, 162561, 43331, 430268, 292859, 49871, 402142, 10126, 11448, 168442, 313499, 15375, 204740, 408681, 487371, 213698, 370857, 408771, 286769, 348840, 42990, 295229, 40155, 67408, 196987, 259356, 286918, 5302, 185813, 278771, 247969, 24071, 308299, 257481, 18598, 304486, 40324, 408469, 305823, 469283, 445130, 287304, 142264, 294664, 148379, 178153, 311581, 326291, 135373, 227037, 176261, 404061, 200689, 155133, 428955, 65523, 205696, 484802, 150488, 473144, 403991, 260496, 40841, 232741, 145818, 161117, 208685, 370688, 285399, 303010, 107273, 451333, 97143, 108202, 341395, 431897, 350647, 412055, 349419, 42959, 152006, 112432, 133355, 57461, 163172, 295032, 237355, 53708, 270091, 356869, 140122, 122262, 41145, 9665, 399319, 426935, 73924, 465170, 295227, 315177, 129638, 47737, 79230, 405305, 31242, 442937, 9283, 226230, 70280, 22386, 354955, 313269, 19871, 107162, 175088, 184211, 37200, 484830, 346877, 461813, 158057, 362026, 30043, 305982, 103608, 409449, 86353, 94414, 260629, 291982, 81749, 70716, 164615, 470467, 203809, 413733, 434635, 224464, 38718, 373349, 410065, 170833, 474865, 333364, 76555, 101300, 381477, 150239, 18372, 27521, 51461, 337842, 107292, 398514, 305264, 253018, 190222, 352420, 309240, 348442, 206517, 242865, 484032, 103974, 385158, 57309, 87330, 349227, 455745, 73470, 313203, 425323, 168796, 4767, 311500, 96224, 6228, 449933, 414040, 284322, 398645, 19070, 118121, 466733, 372156, 228401, 191435, 352891, 347492, 171227, 226282, 349013, 346172, 62326, 213001, 280910, 51371, 498579, 441439, 221309, 2987, 203525, 329111, 493494, 127321, 466933, 356542, 448813, 423349, 248207, 9600, 256463, 187938, 136528, 478646, 342486, 293218, 34714, 202615, 52596, 397899, 37779, 42314, 486820, 478057, 91190, 8330, 20959, 133318, 36714, 30699, 447355, 56589, 312571, 29639, 407702, 179359, 335083, 331289, 417376, 375930, 98435, 482476, 152269, 307279, 309635, 309420, 171679, 195850, 224671, 262554, 59309, 290090, 199901, 37291, 117901, 334356, 477277, 70307, 187082, 212328, 350232, 251939, 422908, 334861, 5555, 13755, 89189, 282057, 422479, 320405, 366344, 290786, 304087, 435991, 223560, 274786, 468493, 297477, 422642, 261620, 259118, 292483, 344011, 209350, 292292, 41800, 455279, 485459, 386015, 482567, 103758, 447208, 483218, 472383, 435801, 228734, 379789, 177189, 253177, 249460, 80271, 411437, 348596, 326522, 120810, 177514, 316973, 227307, 403132, 436383, 443824, 272767, 411483, 107745, 306268, 84296, 229116, 138347, 57602, 24754, 338838, 463290, 285488, 456073, 89427, 148465, 264329, 192120, 315649, 264555, 175365, 423595, 98961, 165708, 281651, 215044, 209549, 36256, 449116, 359862, 159765, 347119, 384987, 182706, 257514, 166337, 488615, 335548, 105088, 102205, 211627, 291940, 378898, 117039, 252597, 384499, 455876, 145172, 319152, 113114, 27122, 210547, 439847, 20512, 227351, 1372, 45930, 240323, 191710, 392438, 452968, 59563, 3571, 196655, 166184, 209034, 288997, 143548, 217967, 22612, 72300, 476455, 481180, 238603, 25950, 135743, 454745, 52124, 287450, 406796, 342316, 455988, 144188, 398511, 230972, 249797, 98775, 314144, 149421, 84877, 407800, 432322, 256119, 57174, 280979, 78838, 350059, 326767, 178691, 154765, 387025, 287432, 329886, 375460, 63502, 393654, 17656, 209032, 240050, 287376, 172469, 353814, 239467, 162574, 332115, 210503, 294088, 215884, 352559, 421560, 146590, 354707, 235135, 81740, 173848, 134740, 389976, 379325, 443929, 167050, 354270, 328654, 336582, 160023, 150844, 260407, 384136, 121131, 194559, 289406, 74535, 2378, 442240, 480162, 356545, 153712, 262221, 17604, 32611, 134362, 275455, 330155, 83176, 472746, 276030, 489430, 253107, 463099, 327932, 289011, 465970, 45435, 6718, 182557, 358170, 367492, 77442, 440716, 434258, 48780, 136611, 113603, 140676, 162866, 70931, 138652, 210825, 150279, 410154, 120955, 56865, 497578, 326194, 182926, 293898, 463009, 26002, 142465, 120632, 182108, 242495, 176065, 12866, 156811, 86857, 343166, 394190, 285544, 210869, 270381, 307316, 373550, 316113, 455372, 291023, 145748, 437367, 324709, 385666, 434218, 395463, 200373, 118631, 480090, 410487, 78155, 392324, 331498, 112940, 72413, 482377, 323405, 274323, 188787, 145587, 243460, 13712, 342717, 139081, 398102, 87809, 140172, 447628, 321332, 183283, 111955, 204363, 248761, 73494, 140089, 225974, 54721, 310882, 343269, 6933, 357071, 494003, 415163, 453393, 264770, 305724, 61645, 286416, 315211, 413075, 208792, 174909, 185397, 373864, 185449, 353922, 379870, 455683, 167338, 94715, 312427, 365994, 30345, 498228, 8407, 55842, 50916, 444694, 10797, 68371, 115775, 259892, 450587, 300298, 34379, 375750, 276332, 356258, 331236, 142044, 29921, 99195, 421952, 474477, 188463, 30778, 465394, 233481, 209016, 339321, 227937, 11522, 202109, 147701, 211840, 59480, 187024, 77241, 171700, 237005, 152700, 219502, 201792, 9362, 35432, 235974, 398770, 461277, 380700, 173708, 303401, 143664, 466803, 117680, 222927, 113673, 93211, 311483, 198079, 452044, 6988, 428245, 165028, 247438, 242150, 61789, 47919, 489443, 490803, 493789, 213784, 143225, 224154, 395659, 259461, 159857, 475284, 235165, 334212, 322865, 463521, 480700, 338866, 113934, 4026, 237405, 421804, 321810, 372730, 422747, 337452, 241341, 410820, 313143, 50392, 242534, 453403, 110472, 235216, 165892, 262980, 90825, 42691, 97223, 190766, 256758, 221924, 148767, 295954, 200389, 296398, 391621, 354335, 360971, 280432, 291606, 11315, 433653, 294410, 157735, 98266, 383517, 70172, 215017, 51990, 350228, 70040, 471469, 115527, 371275, 253265, 462375, 499692, 150629, 382928, 473458, 107198, 62128, 143253, 300782, 362758, 270489, 270437, 472985, 330691, 312901, 212491, 61663, 367573, 419202, 137319, 78165, 492, 73426, 279093, 393233, 314132, 17873, 366236, 413170, 365758, 494784, 380037, 128448, 489185, 426078, 177219, 338381, 391480, 473500, 316407, 453524, 319945, 241063, 398240, 486751, 28206, 286506, 387419, 12772, 156733, 248331, 17750, 451208, 453313, 214333, 467502, 106538, 18640, 410652, 263988, 390432, 100148, 86031, 408569, 125235, 416340, 56935, 422362, 288959, 221289, 389769, 397922, 358906, 93263, 398295, 218982, 140684, 418012, 241227, 440213, 368027, 284839, 367199, 417491, 392576, 139435, 203932, 360941, 288082, 28868, 283479, 325735, 28126, 345391, 136711, 287359, 143880, 327574, 279782, 240656, 321340, 443429, 126020, 345408, 144410, 280628, 464520, 455808, 489960, 55760, 62071, 467695, 242531, 495160, 141301, 450869, 440902, 193660, 240102, 247206, 362886, 470204, 467499, 244958, 203531, 289967, 113336, 368414, 50403, 436819, 98436, 129311, 392035, 353235, 119327, 264403, 403211, 5603, 493827, 317570, 434477, 453660, 119719, 123707, 129392, 480178, 129214, 231199, 493995, 182602, 69826, 293361, 105486, 493294, 479916, 260790, 224933, 14442, 418891, 450235, 28133, 133527, 98941, 249430, 169254, 119313, 368183, 304263, 222564, 441674, 7575, 246619, 452857, 316457, 45261, 380655, 22947, 3421, 194113, 103251, 171825, 365900, 314005, 286004, 171622, 105002, 251559, 423661, 248502, 5293, 416634, 162431, 394096, 148621, 64477, 408981, 127249, 463243, 311677, 410311, 68969, 10626, 213208, 145296, 191730, 343413, 234760, 425516, 408038, 335799, 188019, 445083, 135321, 250938, 134523, 17753, 352564, 142037, 193522, 66877, 377395, 264675, 106035, 433278, 182540, 45127, 288490, 306665, 199787, 478435, 259683, 417701, 476167, 166412, 821, 90308, 115287, 25704, 345079, 222906, 31381, 319973, 197251, 487085, 485826, 352467, 271220, 36431, 72276, 365127, 414137, 136286, 243639, 87371, 486752, 434829, 263864, 374115, 496016, 485908, 216683, 408239, 115406, 268495, 411582, 379525, 281710, 437057, 102369, 255855, 431497, 344985, 295050, 31390, 194403, 258043, 124515, 454599, 158194, 90778, 97583, 77929, 95205, 290290, 174308, 94918, 34288, 102505, 250456, 254961, 59840, 61576, 162029, 401002, 220928, 384619, 157728, 218352, 482418, 482644, 228439, 419171, 174987, 383269, 305348, 59937, 346993, 152090, 339845, 74943, 240753, 119485, 102523, 181202, 67997, 27722, 39029, 85145, 174527, 438376, 409111, 131984, 111116, 445882, 309555, 18980, 370989, 277329, 51399, 213055, 444245, 296937, 461660, 99756, 492471, 335304, 194720, 295999, 411017, 221334, 288607, 444945, 433752, 419904, 156445, 277807, 393773, 277952, 485807, 233607, 290403, 375669, 413774, 138568, 400904, 218164, 244097, 265667, 289321, 401214, 411648, 108009, 297217, 185290, 296276, 16502, 114270, 267399, 77227, 351011, 317514, 76032, 351566, 398704, 170679, 269764, 12314, 119390, 322901, 284686, 454404, 446463, 498775, 498874, 286456, 462637, 430814, 399334, 81537, 261114, 289034, 178664, 442919, 150667, 173429, 174136, 451923, 108760, 273872, 458827, 123422, 155725, 54686, 293721, 453468, 219153, 55191, 5196, 132536, 100570, 458470, 20162, 463143, 333713, 492397, 336734, 338628, 97662, 10757, 305760, 11179, 102825, 419505, 196119, 24358, 114772, 431216, 171369, 332693, 214496, 306811, 328512, 374631, 459922, 255453, 417185, 122673, 249576, 212469, 406437, 264277, 332960, 264636, 94916, 347298, 249624, 416008, 187344, 367683, 215376, 72306, 112390, 233193, 431718, 468604, 122358, 433041, 454142, 255962, 165198, 283103, 122620, 117657, 355014, 324817, 75358, 380004, 438029, 176673, 476074, 177644, 278173, 95470, 381700, 249788, 211284, 14189, 66967, 314928, 21525, 252746, 22413, 474592, 490581, 176049, 383849, 44113, 222996, 229624, 472557, 144704, 238314, 271446, 190373, 182213, 474234, 434222, 239671, 309749, 168194, 163101, 417422, 313774, 167066, 172125, 375533, 113243, 73069, 289490, 209500, 103577, 35404, 277910, 41403, 107513, 284661, 493629, 122154, 8908, 133362, 322721, 164166, 148898, 60659, 310713, 7065, 228564, 127105, 208347, 494889, 427280, 117844, 424624, 344495, 478765, 412906, 45745, 495930, 50647, 66740, 296050, 350744, 75041, 336215, 127998, 320848, 85998, 13346, 360950, 154708, 28983, 172899, 494823, 419161, 263826, 103544, 81213, 108456, 62921, 215494, 401348, 395379, 440925, 6974, 116990, 3881, 90171, 11914, 452989, 15460, 73360, 147735, 115479, 466802, 393991, 463740, 22561, 45271, 208602, 6394, 123029, 24166, 3733, 9270, 385335, 307229, 187063, 237877, 173437, 351671, 401442, 136847, 197645, 149867, 452258, 89047, 456066, 490294, 198344, 438666, 154206, 204906, 289730, 290133, 135396, 119498, 211371, 338458, 343453, 118846, 302318, 181950, 350272, 89427, 280261, 40712, 410918, 394479, 427, 422214, 498928, 187755, 476673, 417817, 378460, 175634, 50507, 399645, 290226, 102016, 269174, 334286, 153083, 93041, 78422, 484176, 136981, 421491, 107324, 481580, 279398, 418240, 335472, 145449, 492525, 68460, 377543, 359190, 422089, 55588, 473070, 373902, 334725, 377711, 149990, 97158, 295333, 441537, 285044, 40028, 135883, 162172, 133001, 443241, 158579, 40683, 76688, 472888, 343032, 46123, 446850, 276404, 202001, 238751, 182722, 354524, 282924, 68983, 340358, 486857, 20999, 278150, 214565, 187446, 386297, 272414, 311264, 180934, 374903, 380004, 447570, 166593, 144416, 43361, 120335, 56798, 327391, 380677, 30583, 332497, 429695, 26331, 361358, 255547, 485482, 377004, 391335, 328155, 12045, 276525, 489224, 262783, 155914, 384136, 370159, 152831, 1877, 46248, 357020, 473938, 289556, 413462, 379755, 167109, 357818, 71148, 367125, 366514, 475628, 195101, 74540, 484603, 412646, 140307, 66192, 435730, 108953, 342814, 192801, 40734, 109885, 367843, 104202, 258332, 180508, 345544, 27221, 306697, 222761, 71532, 271065, 82977, 278606, 277535, 246554, 25013, 273438, 62481, 136065, 23196, 154978, 460168, 151169, 431393, 423761, 159000, 340647, 430485, 389744, 238311, 317380, 427042, 326025, 208206, 165096, 255, 447361, 226141, 244019, 473224, 137797, 456975, 121262, 325961, 287604, 125178, 81749, 71206, 401063, 131134, 1631, 71182, 202864, 229206, 132411, 134960, 195145, 133599, 110440, 483840, 20186, 309019, 12012, 254789, 81216, 187346, 88349, 80768, 235261, 312511, 51011, 328017, 253575, 204438, 144721, 344771, 28677, 387266, 463354, 247660, 144872, 194602, 46721, 446128, 38979, 145476, 173876, 76579, 77628, 380472, 76539, 246637, 57517, 111934, 328895, 396175, 110919, 184868, 191505, 22185, 16413, 39549, 264448, 293205, 59199, 351895, 478600, 180581, 230715, 472533, 281127, 262495, 298779, 216902, 106511, 414636, 242492, 64414, 92570, 110717, 179455, 227341, 224272, 441527, 304331, 48523, 172985, 476126, 194934, 40899, 170144, 380593, 329693, 38473, 23997, 227600, 239768, 402170, 176870, 231554, 213600, 450142, 487603, 223568, 133863, 446192, 324036, 205623, 413771, 25176, 13033, 341294, 252343, 61210, 188435, 463399, 227868, 231872, 274536, 430376, 440568, 462215, 116303, 134859, 311956, 261634, 175278, 412239, 272872, 258437, 381687, 329485, 137197, 207805, 401503, 52808, 440107, 341229, 447251, 365149, 367581, 350505, 392261, 72243, 138479, 102733, 135722, 476133, 213064, 225605, 156431, 202907, 195075, 43047, 209448, 140927, 371012, 349413, 132508, 305941, 252922, 316753, 280465, 75223, 223921, 385742, 132435, 267074, 315784, 327182, 380871, 82172, 55721, 274195, 126312, 236580, 383203, 325598, 39401, 15887, 488288, 311676, 447599, 269123, 6744, 32052, 97027, 185331, 129380, 112617, 260904, 228645, 348745, 86907, 336620, 426204, 91818, 283892, 199043, 440997, 7966, 19893, 402276, 345436, 356847, 370546, 216430, 131320, 59311, 176613, 252862, 247322, 463859, 164175, 376885, 299377, 373840, 370482, 242849, 452709, 237507, 489258, 18205, 55856, 245474, 440563, 323765, 142286, 466363, 309003, 112979, 463639, 133420, 295697, 190693, 315480, 110157, 470271, 353372, 192410, 259281, 140864, 302821, 433672, 173332, 276948, 399900, 276315, 484393, 190649, 347804, 38611, 456539, 478730, 347372, 182881, 26690, 319290, 286175, 76917, 492665, 384697, 32207, 18615, 404115, 308308, 183614, 184215, 287294, 198633, 268627, 139552, 392084, 31094, 69186, 412504, 61623, 382343, 215845, 461761, 216514, 248385, 491361, 143857, 372267, 374177, 39976, 367353, 72202, 170857, 119917, 403737, 47213, 425557, 75566, 324305, 9868, 464606, 399527, 174880, 48550, 273883, 499223, 28066, 38991, 428078, 43387, 262997, 163522, 383357, 351321, 447759, 115681, 207526, 160306, 277144, 471338, 206944, 161824, 458740, 186388, 110180, 118228, 431370, 21617, 499847, 218218, 430268, 98166, 494669, 282784, 129818, 244721, 128925, 421310, 1182, 237662, 157338, 230463, 416927, 204810, 107510, 312585, 233517, 371851, 301339, 32156, 104504, 23277, 195346, 380252, 432499, 458233, 402967, 58136, 326166, 275239, 154278, 109482, 152724, 372585, 303507, 211664, 374033, 19912, 196669, 440429, 223310, 26191, 407166, 406602, 475501, 6804, 490904, 496821, 72165, 38123, 27474, 317592, 408111, 270402, 453920, 182376, 43291, 12740, 209161, 62060, 287804, 243624, 57218, 77171, 153581, 405286, 107922, 376784, 460871, 446385, 411716, 227170, 98352, 144557, 226811, 355012, 651, 438296, 154055, 199568, 370160, 116898, 109283, 379517, 297743, 19647, 307081, 65171, 175186, 440593, 136682, 295763, 97769, 105348, 122955, 65437, 118394, 29512, 137531, 272484, 184444, 175634, 455398, 343162, 484294, 54237, 128895, 243441, 416796, 201765, 159361, 399926, 179267, 366493, 20995, 76077, 353702, 470471, 95573, 271889, 392492, 237157, 33495, 59298, 112818, 5758, 78669, 431162, 400879, 286157, 165066, 44315, 201715, 15946, 287605, 71513, 67901, 101887, 119013, 300699, 25837, 404202, 432905, 173268, 258567, 381281, 394076, 348319, 53965, 105326, 368214, 94513, 171545, 226743, 94715, 330306, 482032, 60853, 31775, 412941, 75353, 407736, 472045, 62750, 106962, 171711, 264016, 326369, 268470, 15053, 311687, 372509, 454728, 427727, 157681, 211194, 375372, 415998, 208051, 290, 15072, 323210, 317862, 281591, 14878, 384601, 361548, 141453, 365072, 141720, 227012, 388427, 91214, 375360, 219033, 235070, 492298, 295452, 271781, 8994, 184980, 29824, 295868, 367534, 54918, 83447, 296970, 31153, 168740, 479137, 29202, 368598, 478156, 152948, 385194, 132389, 265474, 144925, 368312, 95504, 69250, 378136, 362045, 138124, 416399, 105834, 258480, 267097, 319736, 424298, 341561, 251750, 444632, 235334, 204768, 192417, 461182, 176891, 332718, 225162, 330224, 424917, 23388, 364938, 77915, 136283, 141343, 345154, 46481, 218554, 435809, 294772, 112904, 66223, 54667, 12457, 56383, 277707, 100254, 128440, 176956, 138295, 176340, 54785, 251289, 457128, 470322, 389696, 263927, 251338, 322749, 111572, 111428, 363358, 33870, 10437, 346266, 364473, 53180, 41005, 9564, 380481, 385184, 338582, 135082, 480066, 282684, 396128, 416065, 274529, 222477, 129682, 114568, 228580, 495212, 170493, 369807, 240182, 251751, 471177, 495362, 401652, 441780, 73673, 236112, 449098, 235343, 94808, 366150, 220773, 244434, 423850, 332923, 184934, 428473, 393880, 314336, 487244, 321469, 180173, 195128, 440790, 211076, 365018, 356639, 330760, 327391, 177426, 197320, 109558, 73067, 340836, 52944, 79428, 29619, 312380, 399152, 95567, 175196, 433224, 135405, 9347, 471130, 396335, 162594, 264222, 378485, 285707, 484193, 412280, 183304, 303230, 71830, 405927, 359162, 394225, 373230, 193302, 440544, 175211, 484987, 386369, 266284, 316096, 368447, 180206, 125372, 410678, 316226, 493745, 307182, 492975, 354313, 212850, 336254, 166999, 257185, 133481, 456811, 480925, 496928, 408206, 158718, 460118, 130311, 135494, 135787, 401181, 250981, 19966, 276723, 428732, 132610, 186680, 127320, 362738, 87622, 375826, 356976, 422760, 144882, 274420, 128398, 324554, 103869, 86950, 48045, 357385, 97299, 64143, 64091, 409857, 190871, 9639, 261087, 285053, 128951, 441179, 401294, 334727, 349880, 202628, 119556, 211653, 272989, 99273, 188811, 489778, 492930, 176629, 6026, 449141, 10975, 245172, 391269, 319167, 462089, 57553, 254256, 179711, 188708, 201285, 172400, 220069, 326451, 473147, 341254, 181229, 431967, 274040, 70455, 455003, 289534, 333750, 440341, 355708, 47808, 280971, 131190, 66577, 343990, 329886, 87905, 14109, 176363, 479882, 256473, 156665, 212244, 240148, 254547, 242242, 161423, 171598, 464742, 78083, 450540, 414224, 187462, 147516, 87615, 145691, 188164, 310004, 51505, 187366, 433285, 351255, 280074, 295408, 261155, 472498, 226166, 497113, 163666, 65556, 226977, 6305, 161661, 249597, 102920, 124167, 217153, 86610, 49246, 354999, 96181, 498236, 151700, 189798, 471939, 332362, 212952, 351205, 194448, 283239, 314417, 293131, 228074, 323093, 400657, 170480, 447629, 100009, 270123, 34257, 403828, 435463, 15697, 60368, 71911, 147399, 162658, 106040, 415814, 260203, 211089, 341384, 8694, 187640, 61842, 13426, 470988, 73034, 164809, 309361, 182928, 239229, 451828, 398196, 263484, 266583, 232047, 67231, 442646, 422969, 97411, 442542, 466134, 315655, 305141, 12777, 140522, 408313, 121457, 327145, 116725, 244806, 256034, 454386, 6843, 154444, 231256, 384574, 323699, 33481, 91166, 7313, 483174, 396110, 16392, 125061, 31373, 228174, 455849, 186760, 302910, 12626, 160014, 88359, 161454, 206451, 344432, 52328, 376200, 282115, 479194, 171183, 159192, 20235, 53459, 119665, 108239, 448994, 444349, 383522, 339942, 205139, 26773, 333584, 402828, 445536, 448438, 414337, 130723, 103884, 120949, 45936, 112866, 351298, 320361, 253706, 64850, 31626, 498744, 132330, 265332, 389422, 461190, 468893, 434939, 211339, 317160, 278917, 420698, 383006, 363959, 209118, 215391, 443878, 493714, 330822, 458519, 8122, 375067, 315088, 353126, 187549, 100550, 464699, 276461, 150240, 288284, 160928, 14514, 254877, 496656, 478185, 348574, 314955, 253440, 163311, 337683, 122368, 7071, 367419, 22011, 152753, 421063, 196070, 176936, 117402, 108615, 253457, 319610, 295640, 93009, 107652, 87065, 15588, 377810, 306171, 373270, 443696, 131635, 191304, 276200, 479104, 157507, 192419, 344476, 398868, 305746, 71689, 98029, 379494, 255218, 56098, 57118, 260229, 41294, 299235, 14228, 437306, 372705, 280443, 79496, 454640, 65051, 377702, 282006, 290308, 425871, 402300, 136305, 290726, 483778, 162225, 419738, 322873, 359586, 17853, 418408, 148738, 28114, 188862, 63124, 485979, 116125, 415060, 46997, 115061, 7042, 341593, 335969, 198248, 362090, 491247, 22154, 390745, 325075, 401587, 299193, 321338, 62649, 329669, 246, 187927, 140399, 95875, 239244, 90343, 433365, 138947, 175769, 473630, 281578, 279708, 279576, 293364, 202267, 454320, 82781, 23210, 484010, 319274, 466769, 379586, 401007, 227703, 36797, 462564, 395203, 355340, 40407, 288402, 298097, 112961, 37246, 277672, 498508, 25127, 346544, 137651, 379366, 67965, 84212, 74631, 108291, 345011, 345007, 464811, 451291, 55476, 147763, 136991, 388706, 25181, 307170, 308862, 189777, 438623, 469833, 232438, 423748, 261000, 160133, 404734, 268211, 263583, 180589, 184465, 368196, 214334, 331312, 219609, 405816, 41263, 175964, 463084, 199886, 467819, 16584, 160587, 497971, 220776, 464923, 227509, 263578, 55953, 123973, 123321, 365364, 387265, 344379, 476294, 225411, 9918, 372174, 330439, 258729, 376833, 350165, 366242, 97797, 154456, 295016, 113761, 479159, 219730, 473993, 283908, 450542, 275521, 374847, 64114, 242794, 474095, 45571, 301140, 53020, 74566, 51602, 243651, 41444, 465257, 69989, 429591, 93489, 151863, 323306, 235692, 86874, 428127, 23456, 167380, 487094, 296789, 280983, 179496, 223086, 495136, 415916, 28913, 379993, 29836, 276022, 58846, 261938, 211570, 482686, 305777, 126044, 246059, 30860, 482206, 293843, 425868, 125859, 302861, 5087, 223259, 14571, 122764, 66219, 289013, 372089, 189158, 114462, 73189, 111624, 365837, 281717, 404340, 292955, 137458, 437346, 308427, 96218, 333509, 247361, 34460, 39297, 48608, 212864, 220761, 249409, 9715, 349608, 34986, 471855, 349666, 307541, 454349, 352738, 397460, 115902, 442144, 336046, 13559, 350421, 425514, 404134, 289060, 257775, 190475, 420795, 8932, 80849, 479163, 48014, 202478, 477104, 195481, 41376, 491330, 315185, 92244, 467805, 347855, 31302, 105463, 485439, 333876, 174703, 218083, 174650, 441895, 195989, 472900, 314415, 349276, 401900, 100988, 113692, 307876, 142305, 368721, 400473, 441687, 125304, 437139, 391637, 298570, 303379, 407283, 442861, 71964, 74712, 190146, 25957, 257884, 224893, 493309, 381335, 302417, 12095, 205013, 62942, 4609, 458483, 282006, 98297, 57526, 290975, 121846, 201653, 180708, 446475, 82817, 497842, 182445, 389102, 368689, 51872, 445061, 96927, 30132, 291267, 239163, 217721, 228188, 350729, 431054, 364707, 144016, 365532, 245967, 56030, 311069, 235594, 428699, 464128, 34453, 390636, 226192, 302555, 278900, 263136, 11447, 307958, 311641, 335720, 154076, 9171, 190782, 132353, 371995, 218649, 58940, 310859, 316459, 158696, 448389, 496953, 122784, 471815, 201233, 46709, 186403, 190823, 62526, 438751, 413020, 267027, 163434, 156692, 63142, 478314, 142576, 466898, 36165, 458236, 244433, 347005, 404151, 42240, 263651, 448835, 442012, 257655, 414321, 154155, 252140, 404336, 294765, 153390, 399024, 425934, 435404, 133111, 14965, 393601, 220794, 108245, 420407, 291267, 64178, 98421, 6514, 336514, 163207, 86847, 238948, 237571, 182928, 290514, 199012, 47796, 167417, 454398, 179849, 217543, 203483, 275218, 161159, 209168, 346177, 57909, 462164, 346157, 249094, 69058, 350451, 453278, 154756, 260574, 485338, 121024, 206964, 417279, 139406, 480273, 314532, 348053, 334985, 235016, 197911, 149903, 358789, 49251, 40979, 261373, 169617, 13705, 172732, 123877, 212567, 82689, 383774, 314320, 49216, 483024, 257029, 53546, 438720, 476486, 439432, 434776, 352991, 57262, 447257, 421495, 338707, 372394, 194228, 465156, 54168, 163340, 490787, 427778, 39036, 26195, 225290, 30302, 125359, 101769, 302016, 109238, 402671, 158300, 133671, 291460, 50399, 201926, 465605, 480597, 89735, 268590, 450826, 7390, 412147, 229772, 412166, 284292, 118526, 150663, 285470, 291956, 291114, 330817, 385697, 311902, 334501, 218151, 23672, 471819, 262523, 6224, 485840, 319138, 87259, 348735, 436092, 104270, 82349, 76212, 348498, 68353, 59764, 420683, 311423, 260968, 284938, 444719, 424665, 78230, 33538, 270722, 99781, 348584, 246522, 203264, 184001, 59751, 280693, 496086, 193579, 262518, 331538, 143580, 494865, 226202, 327659, 235406, 442292, 384665, 111375, 372957, 120590, 412445, 255692, 404811, 458739, 250866, 151211, 171739, 318535, 369542, 424739, 481263, 223296, 373045, 147351, 448149, 449702, 77414, 223844, 290579, 78781, 155682, 213660, 157785, 225298, 286384, 485150, 216653, 140350, 22973, 448717, 393922, 101379, 479468, 371314, 295077, 164417, 231712, 307389, 244122, 155103, 491736, 401142, 477043, 106626, 115173, 216312, 260756, 447485, 209113, 294443, 16227, 254451, 257105, 354729, 151275, 345167, 306270, 364307, 496583, 83495, 309433, 308590, 187318, 465080, 8380, 26678, 234509, 288533, 245055, 343936, 307248, 386015, 287098, 376134, 176897, 397418, 95971, 260317, 259024, 93663, 486709, 330464, 438219, 494986, 463075, 170942, 241020, 330656, 340030, 404359, 12250, 494859, 365689, 9195, 246857, 92444, 206263, 326464, 183182, 285881, 124236, 313437, 152888, 339653, 201622, 214804, 402587, 241046, 452973, 451287, 343913, 248692, 370633, 402371, 11218, 162811, 404614, 73271, 156684, 383011, 4663, 319825, 476029, 221986, 425521, 14914, 386841, 311530, 229282, 101017, 187938, 494175, 442430, 249943, 86656, 222457, 227664, 365305, 118467, 445833, 63240, 18307, 329287, 230937, 487170, 422870, 404909, 428564, 76746, 412156, 109052, 310339, 446406, 382161, 455928, 138704, 113644, 32974, 294899, 383474, 294624, 276091, 328138, 242562, 468491, 128642, 379069, 378944, 13969, 377992, 142659, 184440, 281948, 236296, 82464, 220591, 169105, 142331, 29743, 348640, 267871, 216929, 74466, 416657, 368186, 185527, 167182, 334080, 353367, 369144, 5102, 29854, 289485, 228089, 409836, 20507, 300441, 79430, 120840, 306078, 497089, 247064, 23508, 456384, 402037, 450903, 27287, 227661, 252099, 257106, 281691, 350907, 437121, 83404, 285749, 384639, 15999, 346634, 102447, 100665, 280703, 44514, 180858, 247939, 222587, 118552, 185065, 242519, 117579, 201859, 96769, 20855, 90163, 111794, 477029, 271407, 435755, 89813, 494400, 168099, 419502, 374287, 91566, 242944, 252188, 231372, 357317, 270160, 405220, 357649, 344658, 129564, 102962, 227454, 436877, 485650, 263320, 397147, 181673, 270594, 376291, 226858, 253933, 113885, 264126, 13409, 293657, 386717, 490690, 319018, 49726, 389112, 58155, 154697, 304048, 97272, 78076, 467519, 481899, 431299, 363964, 298113, 462686, 44880, 463477, 63031, 115993, 374048, 131375, 138578, 259544, 342260, 132407, 412258, 467885, 316264, 167877, 430048, 232687, 185298, 183667, 52753, 290887, 423306, 497965, 96598, 86106, 148671, 126462, 392077, 391140, 174649, 245859, 236842, 403764, 287457, 349425, 86761, 31780, 303324, 273002, 186730, 324024, 284822, 311740, 466423, 165966, 447826, 228113, 173320, 68767, 395639, 5920, 31565, 334561, 166623, 435351, 391173, 15970, 17057, 213531, 343057, 440798, 428206, 448199, 439447, 202427, 373375, 280445, 343084, 120900, 385608, 296447, 302632, 64157, 17638, 107305, 490102, 344449, 264133, 431010, 326442, 397881, 350079, 243883, 272632, 28944, 380941, 281871, 328275, 349107, 302343, 442043, 452081, 241123, 264214, 283265, 289112, 448472, 129555, 411310, 267828, 458548, 333098, 53329, 101851, 171695, 299384, 55579, 133901, 294942, 437375, 393985, 249884, 402154, 310516, 457850, 484392, 472570, 487885, 113590, 426242, 69377, 298032, 228800, 320832, 390536, 494380, 222278, 7618, 494034, 156822, 176549, 388034, 499247, 410574, 465291, 414586, 351303, 288425, 188212, 345939, 6726, 432170, 490833, 482876, 342293, 120947, 425586, 208827, 73370, 433090, 36641, 180806, 9945, 22842, 11946, 46140, 492573, 45373, 70182, 161547, 71217, 492073, 17786, 405800, 298676, 258038, 381710, 297191, 297634, 111946, 356340, 237697, 33993, 258629, 390402, 450140, 92961, 2411, 220324, 203080, 420154, 323149, 54920, 378786, 115946, 386953, 453945, 369003, 83652, 93388, 156235, 381774, 424259, 362270, 110043, 132438, 81416, 296823, 198323, 129910, 118195, 25986, 72256, 346209, 152079, 351771, 263798, 257596, 443136, 296767, 173489, 134071, 202451, 163624, 58226, 139507, 39098, 125296, 21581, 314912, 137460, 15914, 206288, 352828, 301443, 359269, 443894, 110441, 21327, 339300, 200209, 319513, 128068, 294559, 15813, 201753, 19144, 70603, 470309, 5872, 343730, 121504, 242177, 431851, 425686, 369472, 417025, 388500, 443656, 149663, 411231, 291375, 74158, 496199, 235131, 169384, 60457, 31114, 293588, 186178, 183195, 113740, 120627, 9114, 53553, 429170, 323562, 213489, 297129, 123109, 124964, 425588, 31902, 199094, 437805, 56788, 493985, 385062, 7726, 495807, 344346, 219218, 499682, 281316, 127204, 273189, 469618, 386081, 289387, 34789, 486590, 108980, 91371, 370102, 193452, 147166, 382032, 137692, 420898, 233071, 465674, 321295, 44674, 393805, 264379, 40841, 206262, 94388, 220702, 140715, 189266, 282359, 74398, 234876, 243265, 69812, 173508, 421935, 310022, 183683, 47183, 126535, 331259, 132178, 346085, 173452, 348408, 284472, 69587, 306818, 467434, 242289, 317998, 110276, 131099, 398781, 457693, 68988, 290522, 396197, 137537, 180476, 396285, 284155, 192295, 91846, 26487, 309522, 5995, 14818, 209184, 44627, 92107, 71971, 7015, 498157, 129, 151395, 403078, 119614, 17942, 295634, 377684, 7481, 46209, 250564, 141813, 224241, 78212, 60441, 60377, 243676, 165106, 100648, 385568, 201317, 201447, 62018, 196536, 207180, 19631, 337426, 46944, 159488, 196828, 495700, 479527, 97378, 286294, 1517, 218026, 359932, 192124, 91800, 495487, 215642, 215874, 124824, 138744, 429285, 249697, 276141, 219272, 228451, 376076, 260705, 86021, 109955, 488740, 351220, 473295, 138715, 478326, 217647, 406867, 478972, 140836, 282367, 352322, 366397, 226624, 498726, 263939, 348553, 91257, 52702, 308326, 42710, 231686, 457823, 151663, 93262, 442227, 265888, 392004, 316603, 342833, 199990, 244198, 84569, 94530, 3247, 15689, 320410, 357121, 80532, 391721, 27131, 293708, 448810, 301923, 212969, 301674, 97933, 396941, 187194, 293600, 360936, 382535, 296994, 110937, 439030, 269819, 66986, 231811, 158986, 302468, 180969, 101254, 157581, 61216, 435557, 59273, 415945, 387760, 371173, 132644, 100036, 4717, 118719, 364152, 257890, 388247, 295405, 414107, 256340, 308506, 464129, 421304, 444398, 44902, 203928, 352053, 341592, 48547, 485158, 42183, 359735, 149709, 260793, 282456, 307825, 212344, 455594, 111266, 197492, 263365, 152153, 83474, 478939, 289923, 91567, 118973, 277516, 70827, 205173, 224418, 333405, 445543, 451225, 103397, 934, 251955, 1738, 246691, 492513, 402722, 277349, 76134, 70723, 383814, 405899, 286660, 476875, 61161, 263272, 98143, 171004, 309421, 337301, 213825, 498972, 483641, 109317, 327454, 29448, 303754, 140892, 256127, 15072, 40517, 331967, 304462, 202598, 226979, 442633, 255577, 49901, 136253, 328340, 23442, 346506, 376428, 191691, 51043, 489861, 411783, 241479, 183878, 179637, 417970, 20625, 80568, 331718, 36308, 46845, 228810, 125181, 184553, 6067, 209414, 481171, 485223, 164986, 26016, 121418, 454648, 218446, 419926, 183048, 244608, 73576, 283232, 47262, 472896, 290103, 418277, 223518, 132542, 183205, 474136, 369223, 233787, 63393, 232335, 138092, 488157, 330293, 30744, 302721, 416360, 295646, 108958, 440075, 430449, 2900, 453322, 378612, 261017, 377950, 198304, 16344, 459867, 194989, 99928, 362236, 275109, 150918, 351158, 379078, 257380, 95038, 33142, 447311, 34812, 63011, 384036, 140882, 313920, 169944, 159550, 206485, 71718, 418662, 93658, 353138, 57181, 243497, 363181, 50326, 147247, 193148, 323193, 427056, 125759, 326296, 320472, 103020, 403072, 236676, 84045, 327000, 446237, 49216, 190003, 485969, 215327, 231389, 96425, 341497, 90859, 173993, 207112, 353099, 173220, 484234, 185063, 419345, 314587, 124937, 204229, 347101, 317668, 488651, 178086, 370976, 454306, 11687, 491285, 436962, 169087, 284915, 415119, 121322, 416726, 82205, 445820, 118887, 83979, 23553, 448890, 449974, 160118, 371406, 318716, 229898, 227840, 363438, 448805, 486214, 52269, 177289, 437384, 380903, 178158, 284436, 187798, 24819, 105814, 443010, 417463, 398653, 210668, 487116, 135548, 292632, 283908, 493425, 60293, 340503, 253214, 344412, 124719, 63646, 47933, 191659, 391862, 337589, 430092, 1215, 70065, 273302, 314074, 288064, 142814, 354657, 127786, 209963, 91031, 189431, 376487, 15151, 174000, 458679, 468221, 368715, 116186, 448755, 48400, 316352, 278711, 452906, 251432, 308384, 183712, 8617, 176627, 157295, 241295, 45610, 375822, 427764, 69578, 46715, 227355, 396999, 84475, 165721, 248876, 174955, 184667, 281449, 325063, 213103, 394551, 290345, 141908, 466413, 91953, 91054, 387307, 14058, 249776, 174814, 463341, 411373, 21373, 316386, 103622, 483078, 236344, 384318, 134973, 138983, 382696, 51894, 378010, 274615, 306642, 224721, 341927, 267865, 434142, 367245, 445141, 60652, 284137, 169727, 232385, 181156, 426656, 229105, 23132, 62790, 218367, 406484, 477659, 452935, 180999, 319704, 36562, 162447, 226674, 298620, 455850, 169287, 136682, 410837, 162078, 49098, 260774, 246224, 168438, 117863, 227417, 364166, 192335, 81325, 439399, 37239, 271828, 41118, 127123, 491098, 65445, 444793, 125200, 200535, 47907, 453755, 3643, 170826, 62573, 414547, 290093, 202737, 26869, 326146, 461993, 465094, 376884, 332320, 179231, 444627, 321291, 126601, 10514, 159980, 188195, 492224, 380502, 368907, 202610, 482892, 94480, 487016, 252302, 361956, 20307, 64309, 443585, 58640, 403406, 259877, 152302, 496051, 234262, 22689, 294710, 410911, 497, 339251, 277254, 484942, 330431, 27732, 152370, 497511, 169776, 389880, 11564, 325806, 488937, 484315, 91947, 301240, 417424, 228934, 197034, 472833, 246025, 73928, 195543, 205732, 70357, 103295, 429288, 249835, 79042, 467797, 219398, 341534, 477435, 50231, 151949, 486153, 396754, 461444, 185854, 67468, 458875, 460472, 143220, 483768, 496110, 80098, 29808, 186727, 102149, 468012, 257489, 431785, 269978, 24564, 34795, 489403, 88305, 187211, 28383, 57935, 26276, 392324, 372070, 263172, 378243, 364980, 250488, 319038, 352498, 289058, 33918, 58883, 313256, 415586, 77555, 115357, 82007, 277486, 238308, 97903, 265850, 326180, 139227, 418913, 460091, 184363, 466872, 327005, 122893, 82243, 280329, 254686, 17789, 352867, 437431, 6145, 361503, 30902, 426391, 40965, 244905, 32623, 242451, 71461, 375538, 134287, 183338, 314730, 126347, 315317, 140051, 14381, 248560, 42201, 242074, 114082, 356290, 147380, 242806, 84104, 398130, 268136, 276749, 461654, 208285, 167231, 304286, 485495, 455337, 390311, 251256, 486936, 181940, 372901, 325705, 311655, 277466, 123142, 330993, 25562, 450239, 187617, 442308, 332239, 497217, 274874, 330727, 140211, 340130, 84160, 417533, 26039, 217689, 127643, 455341, 46176, 474521, 369810, 302071, 314954, 439653, 298804, 409187, 374745, 436533, 596, 221833, 351654, 298223, 372799, 40722, 249712, 4889, 168732, 2199, 287904, 474420, 332552, 24412, 348967, 171542, 242034, 473506, 466334, 388042, 350124, 243625, 352460, 262748, 198087, 404760, 163504, 315595, 105641, 338365, 138955, 101215, 167058, 468447, 222651, 134237, 178563, 155918, 317285, 354041, 324015, 29624, 141663, 73871, 281496, 333541, 147928, 76665, 402145, 354255, 73981, 54472, 383892, 471103, 229148, 335637, 109721, 458644, 368627, 30846, 463728, 458219, 242449, 457864, 297280, 249341, 37141, 358980, 171266, 456828, 219306, 14851, 359625, 372187, 160138, 319207, 279382, 114801, 288437, 419150, 437584, 330036, 40774, 220682, 48326, 74895, 252576, 179833, 162536, 448670, 243202, 444386, 39405, 159726, 466639, 167825, 53801, 150632, 474308, 226102, 192288, 325640, 224715, 274562, 107638, 42579, 40855, 480778, 170237, 220812, 489731, 75377, 327412, 206983, 494422, 93034, 210289, 410564, 23036, 437864, 449733, 120833, 420557, 298928, 452539, 176294, 437150, 9101, 234216, 286617, 18240, 431596, 257952, 326293, 483065, 197437, 209106, 3490, 421537, 410731, 60343, 87343, 131095, 307295, 205596, 401757, 21263, 88194, 164082, 133301, 267013, 487996, 147057, 201135, 140500, 37620, 311252, 307863, 322667, 8048, 204254, 355099, 55222, 471480, 229942, 404725, 427847, 448721, 181740, 331577, 443988, 22646, 109656, 156578, 208740, 477048, 227702, 132598, 433050, 149317, 76372, 86940, 4955, 452494, 385266, 279147, 488877, 218436, 39279, 143908, 100110, 23763, 216787, 73018, 328955, 35890, 131515, 434149, 254759, 59467, 230768, 4850, 348439, 35757, 162052, 128302, 301468, 220300, 31240, 68870, 386440, 399833, 273975, 74107, 350688, 337394, 368996, 195107, 41513, 282871, 397655, 77146, 174964, 73225, 493781, 226019, 230811, 499197, 107915, 102636, 245610, 476758, 87505, 41691, 461055, 404832, 388214, 459667, 228515, 39386, 286657, 381201, 194408, 160663, 220691, 432452, 81999, 22383, 350659, 257618, 309945, 184236, 362709, 456620, 412742, 484725, 446173, 66193, 26555, 24960, 395346, 9521, 365174, 45115, 261057, 432510, 292071, 212451, 27287, 69836, 193515, 114577, 156466, 351973, 307253, 76382, 124258, 19377, 258850, 359837, 499263, 316675, 46841, 255771, 339278, 121438, 197715, 129449, 70473, 6541, 139610, 235694, 357515, 194169, 269987, 315362, 386541, 474917, 62896, 493154, 382498, 365137, 158022, 315622, 363035, 208249, 216235, 295791, 251433, 368960, 396264, 59507, 48513, 319136, 228034, 470023, 266972, 141413, 272221, 419590, 342739, 246156, 249959, 1448, 198457, 436880, 455896, 17102, 200492, 100470, 122601, 221187, 400176, 85979, 409499, 83971, 128933, 131291, 451612, 165387, 153578, 392267, 23747, 279474, 255620, 262286, 153331, 279823, 163085, 372137, 188662, 150522, 362797, 194038, 118594, 411759, 396079, 110471, 445884, 250787, 361299, 340830, 135059, 440371, 427249, 221688, 360319, 228516, 228597, 118773, 133138, 438431, 52168, 385475, 408929, 439395, 193202, 250953, 92157, 449447, 245274, 455339, 71478, 214948, 98950, 99345, 168682, 107870, 165016, 398136, 386371, 239311, 94086, 379717, 259120, 37129, 363730, 27893, 288019, 388480, 360931, 341827, 456279, 402455, 11866, 485027, 155460, 70753, 475036, 431769, 305593, 274208, 64636, 498180, 361712, 176467, 386438, 435205, 42970, 190437, 65776, 295295, 487694, 250210, 437999, 158961, 448381, 7096, 364023, 80855, 112349, 1692, 487462, 164228, 352227, 324548, 50960, 330183, 318524, 307752, 222359, 108613, 358428, 54731, 334639, 264682, 332878, 422230, 179512, 447981, 336813, 39508, 411128, 255887, 400697, 161612, 254993, 134178, 402177, 231996, 114229, 403560, 373297, 299759, 202620, 419269, 261590, 26624, 342144, 31560, 312, 270474, 70556, 495259, 361981, 470357, 105450, 477958, 443723, 300991, 331975, 222166, 106834, 20663, 307796, 140175, 279608, 476640, 127692, 40203, 346034, 488166, 105654, 58944, 49778, 142134, 76263, 117865, 419695, 315661, 175913, 252441, 52531, 481903, 290673, 174943, 65918, 183765, 166801, 139093, 423600, 440422, 394033, 448436, 114358, 428569, 142280, 381312, 391825, 102427, 1872, 76066, 178018, 191752, 440815, 264510, 5033, 98773, 451434, 385495, 368127, 365935, 330040, 334948, 218689, 140139, 39951, 445534, 204258, 32385, 142317, 27576, 79703, 487857, 158182, 65868, 176101, 21908, 447293, 308744, 334091, 407391, 169127, 155119, 223228, 69448, 235010, 278989, 66688, 49899, 390985, 78175, 165713, 11205, 462173, 85562, 389272, 278406, 426915, 477099, 256416, 119588, 441763, 75228, 331229, 197266, 491937, 78163, 292259, 48354, 28989, 121640, 433218, 108357, 110502, 263716, 392037, 36271, 107302, 180219, 167769, 407696, 13837, 45062, 172115, 14798, 377695, 445255, 85173, 263335, 163645, 459956, 464873, 241624, 400550, 5742, 39869, 380919, 295848, 207620, 186343, 167650, 254809, 47862, 86432, 339592, 375522, 91029, 39306, 209595, 347924, 140161, 46474, 380362, 212064, 167640, 149519, 163363, 254060, 463450, 449553, 178370, 47437, 259379, 347056, 107792, 81144, 396283, 354292, 12070, 188913, 429234, 205551, 135051, 257584, 439062, 61666, 48280, 474414, 271635, 76594, 207007, 69982, 457174, 28387, 193943, 22984, 257450, 468900, 58584, 110809, 305573, 370456, 354952, 277880, 51905, 386998, 448302, 498448, 3222, 24011, 99959, 308899, 430616, 312823, 327670, 312681, 389159, 430203, 265985, 421757, 29494, 221757, 412614, 269423, 17300, 90488, 213326, 268068, 259007, 60622, 331221, 407511, 175964, 233035, 161050, 441096, 129202, 251651, 224634, 18793, 198931, 413593, 142372, 300392, 179519, 118099, 216276, 362835, 127273, 213685, 133922, 229461, 327609, 489025, 461235, 406015, 170805, 230944, 470968, 95856, 249226, 179546, 469086, 396736, 181656, 445671, 271159, 227329, 206480, 327842, 342653, 185594, 462666, 72420, 338117, 498756, 173059, 315298, 238212, 361172, 238427, 245836, 337772, 295312, 354558, 360327, 151076, 225325, 426235, 55184, 142557, 254086, 283860, 281140, 254306, 481578, 184742, 331082, 142404, 315562, 131606, 135472, 302606, 73471, 294719, 80034, 284278, 1163, 463858, 109061, 237302, 93004, 68034, 332361, 199163, 490986, 229011, 58805, 311592, 7923, 127522, 118173, 416894, 67223, 397637, 72014, 36816, 244109, 470790, 187555, 317497, 164467, 422226, 453052, 408967, 251395, 131258, 189280, 31103, 389017, 313403, 400815, 206290, 377368, 81280, 426308, 475852, 229170, 211739, 23146, 238700, 24126, 385139, 129159, 273466, 397590, 418343, 329772, 366856, 197904, 49023, 328585, 418431, 259057, 449332, 434907, 270072, 93707, 268847, 268014, 152742, 263025, 43385, 425367, 374439, 33292, 465190, 394250, 438872, 309753, 70126, 110987, 204219, 272592, 499963, 338254, 420055, 382790, 298525, 193873, 21457, 171591, 314983, 454362, 88357, 441587, 169625, 52268, 152696, 245119, 240287, 340196, 357782, 435439, 364739, 382764, 242057, 290653, 145331, 293845, 184499, 236266, 212134, 169472, 21380, 340523, 491285, 5594, 459842, 98645, 117298, 299494, 372296, 39254, 363073, 349841, 153985, 384250, 228074, 324783, 478149, 282894, 328812, 27997, 443286, 419155, 213587, 476024, 386901, 358043, 22203, 207025, 166864, 263703, 27446, 303636, 170653, 358665, 357408, 70889, 437079, 58344, 444820, 201254, 252322, 94490, 345339, 212470, 192020, 86846, 420550, 436150, 402909, 94253, 217902, 421720, 26381, 138860, 118285, 198130, 41096, 416798, 339285, 350344, 88888, 282916, 145050, 128925, 237699, 314099, 432975, 67094, 351964, 281905, 399898, 325722, 366242, 422862, 466253, 274530, 297566, 65480, 218844, 275980, 418206, 244308, 375090, 64874, 433328, 275187, 114886, 341466, 451677, 340067, 467244, 223531, 420488, 86816, 225567, 242536, 468875, 367163, 346801, 479320, 168355, 211788, 130580, 186166, 115821, 209481, 401421, 48772, 391355, 351967, 430025, 481735, 98132, 453025, 122603, 337038, 313787, 210416, 276799, 209548, 272982, 266135, 286913, 437517, 231199, 491342, 335269, 494591, 67328, 46917, 322333, 403172, 462689, 388001, 436064, 210030, 274273, 403018, 214098, 344876, 368613, 348279, 158066, 176461, 168960, 438618, 149936, 367469, 240964, 166282, 50674, 396409, 191159, 92952, 309466, 335589, 253689, 37659, 235007, 311482, 30849, 424250, 177214, 184545, 343530, 93789, 185799, 384351, 149639, 217974, 218639, 406606, 375066, 482806, 202574, 73110, 175736, 212920, 190606, 487169, 4475, 130897, 93089, 313990, 413826, 254774, 281386, 315389, 311885, 162844, 73822, 269316, 220345, 467642, 304568, 473117, 270838, 282889, 28535, 287159, 421477, 440430, 438111, 60048, 8756, 45883, 147481, 383783, 379089, 428371, 211790, 102809, 86414, 494084, 276387, 408860, 319293, 80374, 491507, 277675, 432804, 141349, 476142, 278924, 427143, 461069, 61429, 452322, 477060, 253451, 331077, 49725, 317394, 228562, 144578, 450506, 396824, 2867, 22001, 39474, 31174, 106660, 482250, 38027, 173650, 264114, 256454, 411222, 141447, 230004, 166313, 317175, 144967, 274360, 438976, 488750, 395546, 253257, 172167, 245865, 109104, 383021, 263355, 434506, 102218, 449287, 188451, 178299, 221915, 285303, 255246, 381281, 341447, 487632, 277823, 30223, 42055, 251243, 230182, 122375, 94781, 334688, 325455, 189456, 352848, 101512, 396930, 118482, 11629, 243939, 68883, 31973, 280999, 418692, 1895, 239103, 127482, 243824, 133731, 245698, 81737, 480157, 45949, 419033, 312438, 294186, 98179, 103472, 464223, 181195, 245379, 305999, 383813, 244539, 274696, 275060, 498638, 216438, 151599, 179121, 177293, 349960, 328263, 23151, 470508, 309688, 329618, 340980, 67844, 109931, 267787, 153563, 439506, 442136, 367063, 311259, 297775, 305600, 410173, 200845, 103202, 23572, 457718, 173129, 474546, 22581, 214860, 366576, 180350, 324817, 265852, 169094, 373833, 247917, 7452, 63827, 311744, 395966, 219424, 374977, 429504, 116006, 471582, 227686, 77837, 12740, 69266, 20338, 417835, 320275, 293310, 410686, 455822, 308091, 305932, 447756, 472335, 155171, 491717, 336522, 491232, 328813, 466397, 265184, 99863, 147933, 317285, 323295, 490100, 240397, 81338, 330696, 197941, 338526, 418352, 450282, 401749, 373590, 136037, 116488, 223122, 402360, 387564, 482785, 45365, 416332, 166038, 476792, 39166, 281617, 350245, 349520, 445119, 431127, 33081, 369504, 170975, 439951, 265289, 274960, 441896, 217235, 111605, 3320, 343727, 113851, 122287, 148572, 84907, 495364, 250960, 94118, 188625, 291056, 491763, 10665, 69635, 11525, 343937, 3275, 401618, 168198, 289353, 494986, 229018, 181852, 394088, 383456, 127817, 88737, 155008, 421979, 179894, 379038, 82657, 107811, 245555, 482635, 140739, 35462, 281568, 383672, 238968, 492053, 37344, 27751, 220457, 358726, 427452, 66100, 487041, 131547, 407153, 58555, 233033, 461454, 429925, 67514, 224433, 35098, 17116, 24738, 464697, 452186, 95028, 11977, 406030, 92067, 455228, 312634, 405058, 352687, 373167, 156910, 156310, 458268, 9285, 143058, 490838, 169637, 245006, 73484, 30650, 362281, 486041, 80741, 360681, 272027, 390875, 130657, 432382, 290113, 458736, 449445, 495278, 295090, 246375, 476984, 21398, 30568, 317978, 336927, 340469, 404961, 80627, 294331, 428573, 447458, 478523, 26602, 186976, 494442, 400775, 12660, 248507, 249323, 124587, 289022, 190339, 310984, 231900, 437516, 399583, 2961, 466299, 315094, 338396, 157807, 194954, 129733, 332820, 261006, 216595, 414150, 241822, 279313, 71870, 267882, 221031, 11052, 3318, 323349, 141989, 392169, 442037, 35254, 330488, 487183, 130360, 97441, 404616, 333038, 212450, 297772, 271778, 58, 196338, 38418, 307219, 229683, 186250, 292621, 249504, 292702, 194493, 481334, 38304, 300624, 175475, 430694, 190586, 110808, 21325, 266398, 463006, 131431, 473281, 311132, 300078, 456172, 333866, 227412, 67839, 121107, 440967, 97843, 498591, 119416, 196581, 425502, 101106, 65406, 340838, 2942, 447908, 99498, 233413, 63265, 300971, 181857, 307356, 240788, 251107, 234426, 306326, 382557, 124995, 227820, 436574, 242534, 263016, 392870, 385741, 293020, 229968, 361871, 465551, 42477, 378345, 148102, 451472, 488561, 440920, 355225, 13046, 230802, 96243, 464904, 376541, 400, 79967, 300398, 144223, 280677, 13153, 102516, 426900, 38030, 224175, 325649, 130700, 392189, 223003, 342385, 92456, 324720, 474645, 73216, 372925, 239047, 154378, 283689, 39443, 133492, 9812, 265962, 248756, 275584, 280281, 228594, 472171, 288523, 111241, 59674, 71556, 377375, 183634, 155115, 220578, 214656, 187494, 158172, 180235, 19764, 42422, 498536, 40232, 116230, 298346, 374423, 305462, 270995, 228550, 289557, 213098, 63155, 369199, 394792, 277219, 93647, 424833, 115624, 416422, 432600, 282747, 355981, 176083, 53812, 116293, 198824, 270681, 160417, 218507, 159786, 49241, 433131, 445098, 377764, 141892, 334673, 213624, 439271, 406653, 168083, 135502, 134745, 381886, 449973, 143605, 384690, 40734, 435441, 12566, 304400, 299716, 336850, 65210, 411769, 424367, 357246, 215484, 341972, 408079, 173058, 164531, 197071, 272881, 288474, 455850, 388381, 46522, 236189, 25625, 134131, 65927, 337004, 261592, 194828, 145072, 323611, 421168, 71515, 257795, 451517, 491722, 244775, 326103, 470023, 372535, 346474, 311238, 577, 346899, 478413, 289991, 313226, 451662, 376292, 452119, 459316, 497602, 157793, 385398, 401378, 490309, 409173, 283685, 287260, 147499, 438252, 331200, 187550, 319957, 262848, 426686, 7498, 40189, 198269, 91681, 282750, 349468, 315538, 101485, 412043, 386377, 374768, 340982, 166105, 150162, 242107, 92380, 174084, 76394, 165554, 243698, 125864, 323764, 179855, 342387, 375502, 386398, 63578, 314645, 445184, 95344, 234005, 453978, 375996, 435142, 254489, 117512, 134693, 462878, 147540, 135287, 210151, 427893, 260853, 456761, 114799, 192871, 66542, 405369, 494407, 59180, 112565, 419024, 43284, 184324, 140639, 197128, 259738, 206335, 247462, 90047, 367853, 404886, 325880, 184518, 149916, 135600, 30423, 283737, 469501, 419247, 59701, 471920, 453234, 7728, 355177, 254655, 488346, 71240, 306942, 265416, 188802, 134686, 212962, 49014, 221035, 161468, 427321, 237206, 491166, 235347, 181069, 29620, 331388, 493623, 368801, 20010, 333567, 453567, 462010, 5183, 317012, 462954, 248719, 462386, 322016, 77431, 171169, 388763, 420467, 418647, 146304, 321691, 231003, 42787, 453567, 435788, 431187, 153752, 269917, 89259, 422721, 460752, 48706, 449886, 71581, 299117, 493547, 276662, 279883, 461509, 123691, 296281, 199804, 462692, 181256, 282572, 4691, 400228, 280270, 260071, 275045, 381872, 496629, 45212, 236932, 374889, 68556, 423165, 376746, 123068, 141530, 415515, 114070, 217926, 162106, 5662, 245002, 271228, 88972, 124887, 268561, 338665, 305150, 300952, 277600, 387353, 205282, 47943, 413867, 323455, 409299, 427325, 14207, 79283, 442902, 138191, 444341, 470682, 172424, 180677, 219065, 265206, 186815, 250673, 151013, 124198, 82651, 480514, 162182, 236830, 224561, 332588, 281921, 261154, 97716, 346224, 68376, 37899, 214696, 313459, 96380, 178847, 118604, 32614, 336863, 368578, 38222, 215775, 378157, 335107, 225135, 189260, 396361, 148200, 349004, 234526, 279508, 214700, 64611, 95602, 136839, 6085, 472327, 404554, 103711, 405245, 274225, 491805, 343568, 299508, 25609, 334764, 243521, 52450, 204085, 145197, 350749, 474255, 203365, 153052, 315049, 286977, 135421, 63142, 173395, 456308, 203819, 474491, 300771, 171064, 123007, 243829, 200948, 370453, 185279, 391045, 114654, 119245, 98173, 142540, 168147, 378329, 450385, 219040, 372572, 253147, 399532, 79318, 288134, 100106, 494480, 143997, 144551, 229452, 429680, 224255, 393024, 344338, 292158, 2110, 311660, 65348, 362995, 137870, 494674, 236376, 163425, 367888, 352911, 320726, 17821, 492948, 235910, 414068, 363885, 97308, 440728, 89686, 62511, 396119, 484183, 410617, 261381, 109095, 255719, 333605, 301830, 256272, 350437, 287176, 119643, 114198, 112508, 493845, 219658, 397118, 68716, 425047, 21276, 428800, 77332, 274381, 318742, 70473, 86845, 450669, 470414, 417574, 56607, 447784, 116722, 287549, 428377, 167188, 43325, 65804, 317823, 324332, 35993, 452315, 113948, 395743, 288030, 60525, 290843, 488175, 373803, 59434, 321728, 49227, 307046, 171170, 174157, 155810, 228023, 61420, 386026, 375588, 475457, 486130, 417427, 116255, 75528, 147918, 425499, 471203, 154127, 157606, 100422, 176628, 282171, 367879, 300164, 105370, 221672, 261064, 493758, 268849, 215233, 66419, 269600, 397853, 463160, 358553, 494857, 307977, 158287, 420660, 336161, 71689, 497827, 314620, 163545, 38487, 29694, 330670, 407292, 73, 273814, 383063, 140137, 116161, 286027, 67199, 127356, 203598, 137985, 115526, 372345, 371333, 168658, 368985, 389392, 327126, 158069, 255193, 441625, 136567, 418870, 396251, 286163, 23268, 76789, 208937, 317652, 98230, 31623, 195456, 63232, 365261, 274294, 225947, 320885, 327312, 190572, 320821, 187190, 431562, 66928, 416306, 133710, 37527, 235700, 384940, 476490, 332429, 2247, 383157, 475725, 392937, 321361, 340374, 392630, 380528, 359199, 404641, 132182, 41432, 39676, 375046, 353269, 255689, 51022, 224637, 334305, 277063, 39639, 452044, 181630, 446594, 148721, 277884, 351625, 300797, 353764, 381235, 134765, 165613, 258876, 35360, 166497, 186257, 484818, 369889, 399, 212133, 162834, 233721, 416058, 215740, 340007, 342576, 283343, 63847, 233362, 302342, 458390, 325350, 134, 324630, 233882, 412394, 319915, 193367, 310598, 268280, 193726, 428482, 341524, 177829, 40375, 348090, 35442, 434361, 237606, 305449, 486007, 392796, 201444, 98489, 353503, 49629, 327952, 198486, 141726, 75267, 262383, 246107, 320305, 277688, 458704, 375642, 22446, 380854, 373440, 355773, 287680, 71191, 3777, 95667, 134897, 9889, 276507, 316499, 289877, 494790, 394210, 147066, 64603, 385396, 161767, 246010, 246243, 286670, 12418, 65502, 384333, 479806, 276935, 427314, 380776, 468047, 368149, 87353, 423582, 405199, 299569, 462890, 220368, 111375, 323668, 384788, 57175, 179886, 24997, 17206, 270133, 96250, 28801, 481679, 170033, 469255, 469532, 380558, 260033, 349586, 210610, 54596, 444890, 176943, 361030, 69179, 130630, 68992, 48045, 367869, 319765, 322377, 125077, 442482, 337336, 417048, 321326, 370283, 403878, 492156, 255733, 467205, 494060, 349520, 293822, 154458, 166368, 4508, 483520, 158801, 173965, 391069, 21073, 259408, 440925, 232740, 366201, 319022, 99665, 370283, 261873, 129418, 447833, 276746, 262181, 352272, 168956, 334167, 29274, 196936, 217779, 17481, 50039, 96772, 306062, 56709, 433107, 362767, 302718, 221970, 353156, 370666, 313581, 447570, 334024, 197670, 336577, 152628, 301767, 444334, 497452, 460231, 90849, 90383, 485612, 217844, 54553, 232251, 39909, 338357, 414119, 448975, 323728, 389982, 351397, 333468, 172628, 448351, 151780, 62984, 462297, 67462, 430593, 53513, 195458, 7114, 363133, 341371, 28857, 138226, 120458, 375756, 363967, 245461, 356719, 246953, 174093, 50258, 69222, 51256, 413874, 139832, 208657, 178791, 285294, 193764, 421686, 209191, 454426, 294712, 38679, 140850, 98192, 443892, 53761, 52263, 483474, 379407, 202489, 348253, 480873, 488269, 244307, 52432, 28913, 498204, 189484, 165186, 272515, 37179, 482764, 27645, 189763, 52228, 272666, 198907, 93654, 476886, 157392, 193972, 436259, 16341, 220376, 311500, 138404, 213797, 63138, 433898, 340617, 322965, 333016, 159431, 99383, 442229, 371656, 46696, 322169, 272325, 81475, 204527, 370633, 42471, 22143, 78431, 304446, 248017, 172210, 499082, 405772, 386045, 180015, 78826, 428694, 100800, 424746, 153836, 178686, 456462, 206513, 320934, 390190, 68819, 51661, 423128, 186564, 364891, 193511, 281620, 128130, 316694, 237516, 384949, 267271, 261540, 397514, 298509, 448543, 406232, 387867, 92614, 212290, 495304, 463749, 467558, 388688, 346601, 486386, 232048, 220827, 474424, 376425, 37608, 323576, 481077, 497150, 456651, 117041, 91873, 81221, 372512, 269379, 288720, 413206, 439814, 246252, 186181, 499676, 356001, 161859, 423284, 248479, 429805, 7751, 249163, 137052, 2295, 395830, 89252, 64145, 14982, 476028, 33940, 177995, 441858, 208110, 339563, 427967, 26256, 18240, 172468, 458051, 418877, 49876, 436599, 23801, 79198, 20280, 177270, 60654, 111707, 285191, 419583, 448618, 454575, 232671, 431079, 246707, 249162, 75393, 425846, 436704, 36809, 44569, 37944, 482074, 253362, 466804, 256903, 310807, 288963, 263869, 479488, 203489, 410568, 264901, 456436, 97830, 319832, 147428, 256797, 282090, 107463, 168404, 20742, 235373, 370526, 93493, 459908, 339397, 221883, 376732, 97992, 235087, 116874, 125040, 340015, 423985, 129689, 204292, 226306, 339053, 249296, 54953, 192456, 111007, 458741, 171410, 134682, 460690, 422747, 248883, 163566, 28386, 227058, 308121, 46945, 286646, 390767, 147704, 214791, 486369, 297774, 346729, 172971, 202972, 67649, 50933, 357635, 24237, 349434, 81161, 14041, 6936, 160683, 362789, 196376, 464049, 148610, 134991, 39272, 182980, 38331, 57551, 142766, 112036, 231921, 400607, 150580, 170293, 351004, 82339, 428585, 261060, 483758, 274642, 485577, 103356, 74415, 125760, 28407, 474570, 142701, 146746, 413680, 13266, 345267, 455653, 414256, 120305, 118194, 260961, 416137, 166435, 5747, 497296, 32199, 263232, 162447, 231325, 340547, 495740, 280805, 189003, 62196, 337478, 125462, 90640, 81124, 196316, 167574, 327942, 73161, 360736, 61528, 362538, 203735, 123883, 406680, 471225, 366612, 245247, 83620, 235176, 421440, 66167, 214762, 278484, 204541, 311590, 488238, 128316, 176897, 359148, 29302, 459936, 353890, 102282, 75986, 123823, 2914, 408256, 332385, 89522, 482764, 323916, 115667, 45490, 422760, 56751, 323733, 115714, 19998, 20010, 353565, 34672, 125518, 173515, 279844, 301217, 192892, 128264, 60662, 332608, 199469, 448716, 49195, 475715, 88589, 393413, 280502, 284425, 476952, 262746, 487739, 236291, 138610, 39773, 166085, 34599, 329362, 180308, 22047, 200564, 234200, 242131, 4561, 484762, 373835, 405089, 185026, 10044, 379819, 185691, 444, 267562, 233860, 72090, 211730, 239289, 430623, 195302, 48243, 181991, 298950, 112000, 131962, 298964, 50093, 53808, 427296, 369432, 277270, 103249, 250005, 123690, 442810, 28971, 356570, 355456, 444822, 277149, 253405, 137536, 257956, 79170, 299599, 308354, 369236, 450155, 310080, 245001, 144632, 124314, 304585, 11622, 151681, 455906, 247682, 212559, 83490, 63073, 64799, 68372, 125399, 203211, 130258, 261400, 14558, 401712, 161451, 311252, 120835, 465036, 351477, 331445, 97463, 155779, 104196, 475094, 406257, 342966, 342242, 498507, 137744, 205476, 157950, 53357, 200530, 194216, 451651, 6661, 315297, 440515, 143128, 82717, 147927, 290671, 150191, 312046, 367806, 191635, 343892, 154708, 167068, 41315, 339328, 496441, 234672, 46802, 87888, 60493, 350299, 304212, 205095, 395214, 376371, 343875, 228433, 222087, 168085, 208268, 375692, 290446, 145165, 453139, 375198, 118613, 454782, 265215, 411799, 158122, 230823, 178644, 134606, 460762, 369872, 194210, 73649, 392195, 319626, 338932, 17022, 113483, 104674, 203706, 101487, 34410, 430530, 471235, 365460, 271371, 172835, 321120, 460406, 272916, 253963, 459650, 203009, 241961, 385080, 309001, 252655, 148482, 347203, 182311, 227648, 321097, 33051, 231338, 73260, 61461, 434305, 415013, 133081, 334575, 156366, 351151, 472991, 13425, 17977, 39377, 190243, 401984, 406428, 73308, 171083, 448294, 186631, 325011, 84956, 263999, 55283, 315602, 97609, 259132, 430828, 161903, 106796, 115070, 285960, 237024, 433563, 458379, 175634, 473176, 395645, 239630, 19384, 350152, 297865, 288129, 416523, 120036, 23474, 452565, 62879, 385085, 9569, 397369, 470557, 45460, 7715, 305128, 466255, 39780, 17769, 481016, 385578, 144832, 350793, 220641, 123365, 258799, 321486, 329091, 273141, 134948, 392868, 90290, 217409, 188858, 1154, 232350, 51457, 397961, 481730, 483863, 325119, 290857, 397894, 356210, 195719, 268470, 373354, 364661, 120201, 76049, 282108, 127669, 227359, 159091, 17426, 33580, 122465, 144122, 369938, 71070, 40502, 432891, 383895, 146945, 119692, 260894, 386418, 45468, 204958, 29936, 448592, 151944, 73926, 354836, 3431, 82861, 328774, 43541, 178468, 155081, 368247, 26788, 188946, 446559, 299372, 170823, 141574, 85896, 243444, 424033, 389520, 481648, 460786, 327695, 378241, 268630, 25660, 404624, 323751, 215915, 408408, 217786, 77547, 417115, 83091, 312774, 261281, 76043, 459508, 197821, 372404, 302198, 339120, 332240, 83944, 468771, 479647, 397367, 428271, 344267, 5660, 236404, 119199, 293742, 114975, 20405, 382642, 313677, 186525, 216429, 485677, 196399, 194161, 25078, 348221, 190452, 151626, 220896, 453310, 278460, 175931, 448161, 158924, 38800, 209044, 81401, 7854, 61012, 46139, 30307, 393816, 289151, 113364, 264101, 274442, 495103, 355985, 386875, 319615, 350949, 132919, 120271, 415534, 170040, 122950, 412741, 286854, 180703, 316406, 136336, 343961, 324562, 42611, 294644, 119303, 379573, 93746, 183320, 16911, 315389, 152062, 132092, 14433, 386513, 15534, 473696, 144896, 154368, 422467, 262133, 90712, 134125, 303561, 191889, 10379, 427964, 377668, 292731, 403771, 60614, 14878, 350666, 58733, 209478, 12279, 352988, 455722, 486971, 456603, 254139, 483830, 425792, 239060, 121927, 475351, 486916, 176638, 416082, 464157, 55384, 291403, 41622, 146408, 363489, 392798, 34156, 333843, 255980, 170624, 396164, 72970, 87493, 402058, 419175, 358138, 266515, 161139, 3073, 335621, 434652, 150557, 67432, 220525, 437366, 472161, 318605, 252127, 67354, 170159, 96003, 146514, 393239, 123587, 136605, 115863, 77271, 401392, 191175, 27989, 178915, 22464, 86902, 147429, 113792, 47114, 25678, 287415, 415408, 132481, 339423, 258660, 287968, 492739, 251234, 363908, 464120, 381237, 232622, 42475, 436461, 498320, 168617, 202056, 55950, 305340, 246677, 304446, 179850, 429546, 130281, 419878, 447940, 331627, 436522, 440499, 176474, 371596, 241894, 210350, 307150, 17921, 116064, 378168, 410519, 41356, 35436, 143210, 159532, 334594, 76874, 491562, 60172, 291396, 288267, 323092, 242583, 215044, 152120, 490961, 211647, 262942, 144675, 146140, 451667, 339142, 89195, 109327, 314033, 61531, 418753, 2403, 305066, 41478, 490821, 472971, 131350, 56258, 276395, 239411, 409069, 415820, 26147, 424145, 399867, 370202, 466237, 357424, 283180, 286349, 132158, 333890, 1430, 58141, 301766, 55481, 373870, 272361, 489795, 386460, 7424, 319529, 443084, 135390, 490942, 285050, 53340, 27892, 471788, 157402, 433520, 13040, 281935, 172495, 102592, 143396, 62711, 284923, 411313, 104020, 54202, 63677, 445584, 310710, 231848, 109793, 200641, 33089, 408032, 183212, 163146, 66464, 183203, 250974, 302894, 98562, 212147, 181570, 144301, 130497, 112001, 282204, 85049, 403094, 377400, 485949, 78672, 90629, 412394, 66623, 341049, 322917, 331858, 370079, 388541, 438288, 391505, 30829, 453566, 251274, 205894, 146930, 366951, 66676, 72351, 227832, 283432, 3399, 354267, 19284, 456321, 197511, 197, 498098, 226587, 32644, 30041, 474455, 166879, 484308, 123560, 236869, 339463, 255398, 485743, 381383, 231758, 314805, 78718, 129750, 448981, 460070, 48159, 230738, 84924, 172837, 80236, 188712, 271700, 475066, 294899, 192075, 161659, 300563, 247100, 25905, 350984, 303490, 244919, 99103, 321006, 249739, 243360, 322653, 32410, 368777, 146520, 478694, 370634, 195757, 187718, 250069, 419729, 159970, 184539, 315230, 55209, 105554, 122862, 239974, 152690, 231455, 467066, 355683, 159334, 327026, 349393, 76764, 379540, 130365, 350933, 222680, 407435, 262437, 164499, 416870, 330604, 148420, 357636, 281056, 309393, 347954, 53553, 93240, 497420, 104730, 367202, 462958, 198489, 248813, 201406, 11684, 394562, 308562, 282024, 428652, 180419, 264010, 57029, 122775, 291435, 461726, 463743, 428110, 57684, 238301, 362106, 74519, 395536, 57871, 255752, 181911, 420126, 155729, 3019, 41026, 294021, 337625, 314724, 208799, 10039, 340161, 210323, 68975, 391789, 314252, 238890, 179671, 65500, 405606, 498729, 381609, 63285, 21056, 119714, 76108, 467818, 58768, 74822, 202963, 199368, 457067, 142831, 243635, 234838, 499683, 479362, 7307, 435948, 336426, 221967, 338954, 142150, 422772, 124140, 372156, 456558, 356772, 459919, 261660, 113709, 332195, 149037, 8818, 450847, 179913, 186924, 219212, 412519, 190176, 7614, 303424, 426071, 360147, 118217, 478783, 405161, 52046, 75285, 43765, 204036, 279131, 148479, 466932, 151453, 483688, 154455, 145971, 136284, 236874, 429381, 378234, 176525, 468734, 170042, 214463, 116229, 481250, 257940, 160033, 339621, 152874, 165608, 394384, 116017, 322381, 323376, 128807, 214943, 33819, 202806, 308744, 107710, 367367, 297673, 187331, 472336, 158108, 98431, 49199, 274166, 72903, 475065, 35711, 213455, 238460, 306122, 357344, 384804, 230831, 434447, 424142, 136919, 36124, 144660, 307591, 282859, 413311, 336948, 148775, 194383, 147018, 323834, 339997, 165611, 33772, 397923, 267961, 30530, 489802, 50324, 456660, 487069, 175983, 78429, 401307, 275088, 24474, 189105, 268068, 234926, 214419, 138534, 62754, 154363, 220379, 309328, 186558, 268030, 157311, 450667, 343844, 401237, 465178, 147681, 11188, 208239, 416880, 488589, 107609, 46154, 211283, 482507, 194226, 216261, 267567, 403462, 63383, 25596, 95112, 219310, 247067, 19060, 251488, 404183, 200199, 454175, 174949, 353264, 414623, 377323, 289618, 79065, 479783, 166494, 339064, 436074, 177845, 245695, 245510, 30603, 466430, 441831, 458486, 232155, 131231, 258378, 479957, 279009, 306246, 316929, 441747, 34499, 148202, 267349, 485216, 409877, 490132, 175750, 304797, 218541, 358099, 440482, 31239, 471794, 158110, 1605, 320416, 113838, 435946, 305804, 90180, 464640, 174798, 384876, 316696, 103483, 167758, 69299, 348855, 385043, 348980, 7726, 189520, 180629, 318019, 97439, 467760, 496449, 95677, 390051, 236336, 207676, 87429, 95799, 24310, 189108, 366094, 343755, 123778, 8583, 195515, 240941, 215181, 397339, 389665, 77359, 57052, 118593, 240090, 154789, 465995, 395271, 423466, 325268, 258402, 3452, 495081, 276360, 305157, 16314, 236963, 369659, 332428, 283359, 463492, 13151, 447411, 174415, 66724, 327465, 212731, 8140, 333063, 347601, 322007, 249729, 407721, 107653, 475587, 399937, 140973, 198014, 142407, 87100, 134940, 296269, 255708, 216879, 320203, 388475, 247915, 433592, 469797, 73020, 33607, 394235, 303141, 307220, 320011, 471279, 240772, 472330, 447401, 79030, 450177, 480287, 45561, 315755, 87563, 21892, 99435, 393689, 433266, 40016, 316834, 120111, 391994, 14948, 82904, 49132, 183649, 338050, 18621, 181010, 120957, 224184, 262633, 332951, 461613, 421969, 458718, 241928, 494836, 370940, 327289, 146538, 171533, 312459, 452839, 90098, 136075, 338786, 34350, 182491, 114165, 376874, 356400, 142842, 116874, 293948, 396872, 496677, 240766, 107367, 29930, 405751, 283689, 296663, 383360, 153692, 359967, 169393, 42647, 346952, 207562, 286096, 216529, 213119, 63488, 167547, 213133, 133394, 106374, 292598, 29780, 228268, 126511, 244937, 404684, 12139, 161406, 464635, 86174, 474304, 389446, 189255, 365192, 479331, 391893, 155710, 481652, 154025, 425746, 369363, 220654, 25061, 213547, 90814, 493507, 434857, 319414, 411751, 90025, 30200, 36879, 293765, 61263, 452519, 72123, 438648, 37588, 459367, 469972, 286710, 125988, 128966, 428706, 327056, 77554, 292644, 60617, 274389, 188729, 352672, 107512, 286723, 131882, 470968, 131392, 442322, 402352, 241218, 489600, 145329, 373276, 68823, 49868, 200015, 58733, 123827, 413511, 214800, 246605, 428167, 183251, 355619, 52070, 68095, 439941, 186303, 455395, 55923, 289833, 307163, 214793, 145449, 334672, 474703, 181254, 190201, 373160, 139363, 15771, 138039, 39224, 170022, 47740, 145319, 106046, 101204, 227977, 382822, 271527, 461668, 422791, 318061, 470196, 349179, 465285, 1539, 281458, 309943, 176030, 108699, 279799, 106970, 101972, 14842, 434442, 79467, 124161, 374376, 267305, 414646, 127872, 141414, 201711, 11400, 365854, 36727, 234387, 379359, 222588, 227223, 46916, 195469, 397816, 482948, 352027, 3280, 314962, 181467, 465007, 28290, 321811, 475367, 37076, 378483, 111626, 65009, 97978, 188758, 201289, 271846, 162992, 380008, 181679, 12766, 267108, 147799, 227437, 328139, 363195, 20654, 155090, 497942, 41684, 325841, 147402, 304655, 155172, 226898, 298061, 40367, 31371, 88493, 120699, 101025, 484908, 70282, 250252, 399509, 439072, 491680, 188614, 480302, 33602, 37784, 384950, 409647, 395660, 89355, 319547, 353613, 217073, 17125, 310417, 424849, 177310, 65319, 289667, 232707, 361625, 21865, 402631, 379740, 466244, 129914, 61817, 73000, 224046, 312293, 166908, 48700, 452149, 308302, 245091, 45258, 230535, 481784, 408943, 362967, 437, 301201, 280445, 10643, 327261, 209046, 164868, 191394, 667, 284416, 479553, 358584, 44752, 405782, 417125, 232114, 2326, 84858, 347080, 207191, 392113, 326168, 344502, 370082, 128850, 487961, 169484, 122447, 289533, 280015, 60819, 484490, 41758, 2585, 396856, 163241, 325741, 135115, 72857, 306820, 159337, 225665, 96464, 168087, 452809, 338066, 94482, 415747, 208285, 81151, 180813, 482621, 246069, 3742, 176166, 300119, 479734, 211826, 452271, 319064, 426106, 15542, 346025, 407689, 215012, 301838, 236715, 55064, 302798, 10461, 56968, 333562, 1375, 468165, 1512, 196626, 354263, 264504, 440667, 392499, 233697, 497193, 292841, 59953, 297528, 19596, 445943, 280106, 97615, 52443, 399544, 365293, 261275, 314708, 212924, 62397, 231592, 112318, 171044, 467235, 23899, 149802, 262258, 409353, 155717, 492296, 40590, 340731, 464233, 409780, 68973, 285480, 250375, 300627, 426628, 147523, 409532, 462920, 298814, 443111, 238412, 176219, 81475, 84877, 227779, 383668, 319296, 315556, 308130, 205635, 498125, 128551, 287513, 131082, 363248, 299222, 226373, 441770, 152986, 182814, 260878, 498321, 241412, 48077, 156554, 107926, 291454, 367882, 159780, 73621, 106512, 262234, 374096, 219766, 302829, 424453, 403614, 221702, 157365, 288753, 472070, 391163, 183447, 391894, 246387, 28228, 107211, 435201, 75401, 249578, 372524, 6793, 66832, 156100, 153375, 215469, 490495, 117443, 74803, 313782, 296074, 42214, 486666, 284834, 415547, 231158, 92850, 161132, 453005, 385415, 383707, 386318, 129621, 370149, 32175, 313910, 159071, 248732, 80762, 282221, 189138, 188715, 428860, 341727, 172518, 241913, 76354, 128234, 163838, 204820, 498508, 112068, 88995, 155380, 369527, 486064, 209187, 151119, 16557, 91059, 112260, 109740, 461252, 287646, 234375, 264579, 126496, 249647, 263684, 472387, 51680, 145371, 308339, 190245, 446971, 318156, 119815, 244555, 28919, 163084, 341259, 186017, 243945, 61623, 258982, 309016, 496726, 156788, 151666, 79261, 111018, 117932, 295827, 366232, 276164, 13812, 2763, 13310, 422469, 20917, 496407, 181220, 89407, 296637, 85460, 382651, 269275, 498240, 127751, 402036, 6292, 83359, 209051, 452063, 292278, 193740, 287383, 164813, 430871, 333901, 222315, 434084, 374960, 466468, 462618, 251263, 119170, 223812, 103994, 122425, 230392, 422650, 386724, 79307, 10793, 334476, 150274, 238520, 80853, 257504, 64643, 156831, 39694, 429843, 321233, 195116, 139240, 468331, 234188, 80379, 237712, 448646, 291406, 390342, 338002, 215150, 18424, 59518, 454630, 226701, 447252, 268120, 6680, 132633, 434692, 229583, 260952, 68904, 36838, 19126, 298078, 10103, 386152, 426386, 173146, 257075, 252307, 450428, 397170, 111151, 336258, 213442, 479743, 25981, 85014, 389720, 35140, 382109, 99968, 333115, 270367, 19075, 469384, 160941, 171388, 155897, 402779, 453673, 84832, 371802, 422429, 69492, 450926, 102719, 113341, 106043, 152906, 365318, 417062, 144579, 433374, 206393, 44114, 460340, 270161, 134237, 497454, 73353, 313291, 92184, 141752, 266681, 89054, 358933, 238480, 447525, 287109, 394659, 478416, 121372, 198869, 343576, 6274, 404431, 417997, 498506, 401316, 213803, 163286, 451094, 183451, 291154, 290941, 191541, 258841, 95240, 276494, 133777, 146229, 4797, 397403, 215562, 309164, 457361, 156240, 76737, 313072, 447282, 340177, 265701, 59200, 26310, 128294, 158072, 317577, 16995, 173067, 449026, 244102, 425119, 208882, 393526, 150998, 188613, 400863, 66975, 386016, 444413, 470250, 232604, 270908, 64743, 84354, 180446, 471493, 362183, 213418, 163153, 478319, 385742, 309320, 408767, 419432, 397941, 254617, 176905, 448349, 471294, 248515, 320992, 76475, 427870, 272647, 439636, 224795, 216871, 28927, 380110, 15588, 332423, 64325, 445668, 41313, 8646, 294504, 123178, 154501, 188304, 283163, 406841, 16179, 299050, 38430, 495173, 111452, 427035, 331455, 448654, 88065, 360126, 125780, 114269, 67058, 454859, 331303, 349368, 313571, 16953, 377147, 40269, 99743, 454667, 78791, 382143, 256494, 297548, 419256, 222930, 29111, 262894, 73021, 333452, 473025, 54853, 125567, 39590, 194502, 369453, 100255, 383736, 452586, 400755, 53109, 488801, 187410, 241861, 59038, 117421, 78411, 100647, 42884, 184781, 335836, 419813, 466111, 292628, 122820, 100028, 463971, 62318, 362080, 419484, 197208, 341073, 246330, 475986, 99741, 452358, 416136, 27107, 31339, 4311, 384605, 383770, 364455, 254041, 165026, 2726, 31488, 207415, 453640, 275500, 115741, 108505, 283181, 283130, 88260, 449332, 12116, 192728, 166337, 120263, 162299, 450043, 440159, 125516, 31506, 332500, 22275, 487602, 245542, 454658, 220047, 157775, 70946, 243819, 37347, 184460, 332632, 411092, 147424, 95479, 123041, 441113, 371023, 190657, 408155, 259380, 494379, 113017, 125273, 169391, 235137, 486490, 388697, 81179, 7991, 147623, 417030, 208361, 249927, 482560, 369662, 254485, 246185, 288843, 201300, 32135, 425656, 435872, 147033, 236515, 362045, 94106, 405516, 364042, 392228, 331511, 328279, 8975, 308026, 483324, 324900, 169292, 231058, 461036, 298828, 383531, 377902, 148136, 345230, 236706, 9167, 219732, 21684, 183483, 40692, 380033, 290978, 210016, 52625, 82959, 483286, 328294, 386721, 262474, 269538, 205581, 388880, 154194, 274398, 17012, 274553, 43844, 176174, 380567, 83083, 429254, 461294, 240238, 412961, 305346, 257550, 233163, 212374, 252281, 228241, 497610, 65974, 262221, 81454, 278170, 137389, 368998, 279107, 108325, 135775, 12867, 132274, 475854, 150234, 337417, 241820, 424024, 54040, 469674, 61645, 183503, 263017, 188503, 463627, 456624, 60576, 406483, 316272, 466773, 289107, 275215, 81201, 171675, 23804, 101660, 171561, 404163, 118386, 408283, 202774, 428087, 6613, 336953, 26056, 496493, 56873, 160421, 345020, 83051, 462478, 306756, 168063, 241382, 50981, 498821, 196533, 417984, 285999, 428820, 33928, 157368, 201471, 449164, 485716, 129836, 413833, 154554, 200055, 16969, 270346, 214374, 398786, 54001, 160589, 172580, 207017, 440907, 142977, 360171, 145856, 392665, 296627, 392531, 488762, 362174, 201408, 376966, 167079, 409207, 298963, 339585, 11229, 455305, 95648, 407789, 320966, 438819, 57323, 166689, 46935, 219237, 336204, 260171, 122308, 220771, 147656, 244260, 269082, 242941, 337781, 259136, 354019, 466564, 474348, 26228, 246940, 254178, 236240, 335984, 238146, 344939, 108907, 24527, 468846, 387967, 2338, 374584, 202032, 212127, 308774, 195538, 488821, 165858, 466438, 236273, 86299, 452155, 218749, 489125, 157099, 78684, 499233, 433030, 6244, 238211, 256467, 455131, 68496, 6559, 262548, 463252, 42005, 169142, 119804, 65566, 116587, 252389, 81745, 347040, 369691, 462023, 178234, 33509, 390351, 3863, 155890, 465802, 106599, 189094, 255796, 92208, 32976, 92932, 424432, 106265, 479525, 3195, 305253, 79503, 291898, 412586, 109817, 225996, 455967, 342949, 325400, 121334, 52209, 462836, 371720, 231891, 164590, 5148, 142517, 251040, 113080, 387462, 145704, 59774, 124325, 155301, 247017, 256473, 387653, 73858, 391570, 57866, 333751, 288607, 433818, 374174, 413150, 297833, 118151, 223659, 405869, 403074, 470136, 65560, 370506, 120425, 146539, 299206, 493580, 477585, 267448, 307401, 6318, 495532, 284614, 433371, 53704, 304491, 214536, 155897, 378963, 474513, 390855, 366176, 494210, 68528, 385973, 231623, 29383, 193189, 382561, 152651, 315126, 123246, 289597, 348151, 153285, 275728, 321496, 257177, 318981, 433118, 466073, 205772, 194252, 488467, 129038, 48729, 228611, 56055, 324816, 408417, 354753, 272480, 230813, 238988, 489985, 169489, 315163, 437254, 288647, 464535, 362023, 195344, 68415, 11771, 64330, 72480, 487307, 112192, 446362, 226832, 405038, 277642, 113799, 435729, 191664, 264384, 80402, 436437, 240220, 458622, 488003, 87171, 394711, 446204, 437189, 97216, 375595, 492509, 468565, 122497, 438028, 290220, 194532, 349272, 208135, 304456, 320254, 79470, 164760, 154643, 264449, 112255, 330364, 49470, 50788, 134905, 94642, 352815, 278414, 115641, 76451, 147002, 361487, 152334, 391740, 350507, 242698, 475223, 258752, 149096, 237507, 253104, 236658, 406041, 445639, 496497, 294958, 247747, 106056, 484568, 393774, 213150, 264074, 221073, 137077, 8435, 346930, 359522, 324412, 268427, 19662, 1569, 194550, 173192, 420608, 12560, 129506, 341425, 284151, 491931, 305570, 105979, 226647, 268632, 316294, 398796, 426663, 97719, 6887, 258089, 277510, 357919, 192901, 26298, 385837, 172948, 428069, 2166, 13496, 9896, 243802, 484457, 231672, 303200, 354026, 323335, 77566, 292446, 54771, 155532, 375357, 388941, 9686, 272614, 212857, 458809, 137505, 411663, 420956, 415726, 386935, 375142, 95689, 233978, 335700, 343903, 99886, 418623, 188560, 309174, 368779, 3253, 156021, 346170, 99892, 62232, 93005, 283436, 167476, 292450, 483195, 296390, 355804, 52191, 453830, 230085, 480982, 226019, 498903, 421564, 188741, 247301, 428940, 382554, 135198, 151431, 302834, 297305, 56828, 77573, 272306, 446718, 232547, 199168, 77861, 34396, 256568, 370272, 84234, 115836, 287193, 363442, 356526, 193006, 257896, 363416, 19752, 417345, 411983, 412420, 265911, 111207, 163672, 458912, 48773, 82071, 242083, 24176, 238843, 436919, 166368, 192678, 392079, 221886, 24458, 155619, 331847, 371283, 423953, 44253, 471518, 279302, 202710, 231371, 1538, 380486, 224137, 369983, 448297, 17989, 302415, 13568, 185321, 305405, 394851, 360248, 118968, 32760, 61332, 490274, 66946, 205406, 258213, 98036, 413627, 485937, 189554, 263314, 285522, 244318, 416076, 83480, 391965, 305172, 409055, 451653, 190197, 393980, 9640, 285691, 49222, 230826, 213909, 442687, 376248, 431838, 459409, 492736, 217707, 38294, 494620, 228577, 267815, 30230, 197989, 280073, 128991, 209086, 342265, 291568, 340141, 306325, 371893, 379964, 320330, 448343, 252123, 270855, 447219, 373361, 104302, 179578, 362636, 58760, 56229, 77670, 90704, 496702, 422662, 455821, 371310, 113137, 438936, 68515, 317413, 430205, 495942, 82181, 11423, 239224, 149912, 182050, 158676, 60402, 31979, 200473, 491644, 227999, 206819, 465386, 238083, 279065, 93646, 111975, 70442, 198879, 122070, 214387, 390470, 478010, 143577, 254710, 340893, 452301, 425291, 166991, 434542, 135591, 69734, 104775, 389599, 99663, 128726, 190269, 306803, 291964, 17647, 249488, 66266, 310004, 291342, 423662, 159021, 200557, 86164, 231041, 423237, 314865, 52068, 490814, 350791, 193559, 331986, 408715, 463837, 494318, 113428, 161340, 171485, 479274, 98954, 73867, 132363, 86686, 361992, 203271, 246337, 185671, 205253, 147851, 339419, 263006, 123212, 457516, 208910, 483594, 428962, 96424, 51168, 153379, 64890, 302216, 2766, 307987, 233371, 211068, 44691, 273339, 155414, 258473, 251127, 49755, 72038, 156101, 149623, 360697, 115619, 209045, 9389, 182403, 287943, 293990, 137914, 104573, 230829, 391114, 440775, 444673, 292829, 235042, 455967, 236746, 300351, 41230, 216962, 168837, 35340, 289130, 247018, 448212, 408757, 342760, 406348, 44525, 441734, 187659, 446709, 349182, 327782, 348339, 192747, 215430, 105541, 463624, 85316, 380264, 237115, 445734, 358410, 94857, 363911, 9683, 492143, 413571, 356769, 234014, 391714, 435359, 356683, 240351, 268607, 426645, 122924, 6645, 436922, 129994, 36441, 399043, 74477, 403630, 196608, 259534, 244149, 470083, 213001, 9523, 184204, 118627, 238610, 174459, 40524, 132757, 302851, 190804, 234861, 213793, 359678, 318367, 116373, 427526, 416994, 178771, 130919, 353633, 93084, 178065, 239929, 49416, 97532, 303185, 310210, 450419, 168386, 44217, 432093, 465187, 363324, 94659, 433783, 418249, 331124, 402848, 322043, 147082, 278521, 137335, 154707, 169215, 337849, 472883, 456453, 217594, 237659, 251801, 171416, 1479, 393202, 65550, 200423, 490213, 447253, 311365, 383824, 141172, 450407, 82841, 302356, 130446, 36705, 337256, 386628, 17691, 403479, 77154, 380907, 63882, 337832, 484080, 403018, 204935, 247910, 252590, 414573, 26352, 457314, 401409, 340575, 336811, 117390, 273007, 203553, 7210, 308275, 446202, 410304, 351112, 477608, 78170, 102428, 474522, 416428, 454043, 152736, 477690, 454858, 395496, 112625, 152508, 16216, 493200, 303528, 133732, 257480, 444421, 276875, 498859, 134936, 294116, 351668, 334512, 416026, 458433, 121547, 26593, 62604, 229012, 277014, 70518, 127153, 499334, 129674, 92887, 494075, 223893, 348908, 406044, 213602, 158900, 417611, 26586, 268043, 58739, 243630, 449172, 450535, 362093, 427586, 236587, 266630, 396565, 362812, 197985, 186903, 270908, 168381, 120831, 426774, 127764, 256861, 412870, 297985, 104107, 441436, 206672, 244528, 324485, 350524, 50011, 114601, 221512, 181946, 67519, 87003, 446890, 356496, 235969, 371219, 13854, 231026, 276604, 169712, 320149, 198906, 254688, 191071, 114593, 41122, 110640, 155345, 355769, 22496, 466893, 219375, 72812, 73840, 134088, 409177, 128481, 153633, 399156, 283476, 394363, 148565, 87926, 172668, 374886, 487432, 446934, 268579, 213299, 161366, 471683, 396144, 458209, 331593, 411956, 216437, 315820, 54813, 66836, 416962, 205273, 427961, 200525, 290554, 225365, 178884, 141572, 353241, 485207, 463827, 274872, 159025, 193303, 258195, 95891, 393240, 366990, 463289, 341966, 364932, 338926, 104806, 99134, 336212, 158799, 123080, 456543, 224683, 422299, 21143, 111194, 450182, 481739, 24144, 71900, 49856, 460802, 233068, 179628, 165211, 490609, 426984, 330718, 461130, 356289, 401655, 221907, 30813, 193586, 291722, 275366, 58239, 369557, 60214, 93138, 453133, 187330, 188248, 189617, 87350, 236084, 320961, 296865, 173328, 188607, 397583, 288078, 72493, 101034, 480651, 298221, 292762, 308272, 494764, 480413, 429062, 135469, 414865, 35365, 60199, 97650, 206095, 210333, 74478, 303779, 272575, 3092, 399058, 291020, 47273, 272233, 144888, 430011, 149554, 114372, 158267, 377252, 58608, 111192, 159471, 233476, 197127, 135786, 447890, 404819, 29941, 221000, 486515, 278482, 415940, 230452, 381179, 356805, 91072, 293492, 224576, 442799, 300054, 327300, 325959, 38333, 159064, 159083, 441121, 16130, 318754, 46617, 334059, 254594, 439593, 260433, 180888, 85439, 334526, 249585, 192134, 61296, 99324, 56516, 338515, 59038, 215984, 286586, 187857, 355169, 399823, 122590, 29295, 317920, 466128, 14263, 87738, 254205, 193974, 318707, 375637, 272828, 369427, 210992, 280469, 281965, 333040, 44715, 84403, 324923, 235177, 434542, 490252, 229724, 180522, 202043, 419025, 191375, 160834, 347798, 428266, 67791, 352914, 120837, 356110, 59894, 58935, 176061, 331254, 308677, 78808, 243693, 433, 84062, 132498, 376863, 98217, 458984, 418500, 455680, 183946, 202373, 192618, 259910, 358538, 60429, 56675, 12053, 18934, 459419, 473094, 207083, 123943, 215154, 135447, 348134, 220185, 127366, 306610, 41025, 269099, 129148, 206682, 101410, 49797, 469391, 295119, 288049, 174069, 456860, 282432, 249876, 70114, 401627, 244377, 368278, 462663, 106451, 37813, 389406, 306725, 421256, 385479, 353330, 421461, 92375, 341981, 306638, 416154, 168704, 322369, 403130, 210393, 336356, 17911, 162351, 437207, 39625, 234443, 307442, 102114, 453885, 494713, 10384, 219598, 248729, 419659, 132334, 396148, 168007, 164923, 167496, 465707, 152648, 2382, 467120, 88177, 341954, 184480, 458052, 299545, 386569, 62409, 93682, 235700, 248892, 207507, 378363, 352764, 322031, 19818, 385587, 206999, 462458, 206156, 40912, 484649, 371507, 300979, 181515, 360910, 404069, 51704, 490145, 127705, 188404, 116478, 124030, 231367, 160969, 274751, 192692, 4007, 229688, 485809, 387280, 70018, 291521, 283474, 445440, 343588, 63158, 130586, 95059, 380777, 403613, 188384, 329383, 488932, 376823, 15680, 360868, 344268, 481240, 495986, 267975, 35535, 31520, 340434, 417112, 24948, 161161, 319506, 245257, 418243, 409464, 430531, 265634, 40451, 369292, 71440, 66051, 24942, 419305, 89614, 376763, 193439, 453803, 468027, 308640, 188999, 222207, 352324, 112129, 21085, 445083, 429051, 320276, 484383, 118031, 208772, 286522, 469285, 325653, 450293, 166348, 275026, 331002, 308327, 85056, 481285, 160890, 51882, 110917, 253118, 225390, 24875, 122736, 408883, 28194, 368341, 251079, 231851, 264585, 158736, 118057, 50119, 463461, 26719, 36317, 367327, 394132, 391573, 321884, 186526, 32565, 35322, 490019, 99496, 392861, 20504, 189587, 546, 283379, 278379, 24489, 66189, 401889, 270629, 58893, 355964, 231757, 203362, 412272, 62892, 44306, 165742, 401515, 5936, 466486, 145271, 389024, 194439, 73468, 17665, 77345, 208794, 483623, 260522, 402162, 127534, 447478, 58100, 76527, 122719, 219422, 68142, 433823, 90376, 4603, 498949, 255795, 454397, 238887, 446142, 74545, 160240, 245359, 206290, 177009, 436597, 403841, 472843, 160224, 150228, 319134, 312424, 58948, 332849, 78340, 260659, 475602, 137381, 80130, 227319, 132990, 264345, 165213, 470524, 446238, 168581, 335027, 219573, 182706, 305177, 477547, 39826, 411431, 320841, 127061, 190455, 367409, 118818, 369136, 499673, 442426, 249046, 345303, 125557, 414393, 2565, 480567, 234297, 69429, 308502, 370636, 233832, 427542, 456420, 192518, 347828, 332433, 217936, 357785, 442031, 230333, 265881, 168429, 458748, 413885, 379421, 211480, 81779, 145543, 168658, 244193, 112, 462803, 67110, 150835, 168779, 461563, 154427, 144596, 234679, 393485, 496132, 158866, 458597, 293966, 193127, 11672, 21500, 333724, 19782, 320455, 498641, 428988, 325013, 318672, 416689, 16925, 10996, 482179, 274069, 253736, 189765, 58958, 373320, 183423, 416642, 376998, 56389, 18220, 347454, 186075, 424863, 28006, 70591, 11602, 99369, 138065, 197604, 296307, 461119, 364877, 143497, 307082, 233092, 163380, 313093, 59447, 469009, 111458, 272144, 425169, 59973, 167845, 444177, 382568, 35470, 348679, 85034, 146711, 340011, 435633, 151723, 420522, 473659, 433157, 464599, 241998, 17833, 440755, 71349, 295069, 487256, 190634, 271778, 469554, 76573, 168260, 424582, 454661, 22596, 83159, 361611, 416243, 372697, 160788, 458080, 117780, 393648, 38913, 423327, 354787, 482941, 446500, 482434, 258864, 419121, 216336, 494153, 287827, 59341, 215461, 304591, 317217, 202454, 17519, 21816, 19744, 335931, 392739, 430019, 487552, 373639, 272260, 30609, 26741, 60128, 191504, 128497, 210332, 253381, 46482, 135317, 458209, 233032, 351230, 11232, 189332, 62626, 414357, 302244, 225486, 408742, 54584, 241110, 363015, 184413, 316604, 205568, 149630, 278780, 422971, 451782, 187875, 325900, 214426, 144268, 252277, 215290, 331244, 197098, 462993, 45183, 112185, 352101, 53182, 213137, 143739, 175075, 444355, 342226, 204835, 348897, 344065, 184819, 25346, 337794, 468867, 76104, 125032, 420298, 38562, 398660, 244817, 103854, 422396, 132844, 33336, 443851, 164383, 496993, 473299, 95701, 222620, 404115, 10589, 481492, 262048, 333825, 95089, 33721, 464656, 280056, 112207, 29801, 30080, 192189, 224966, 246385, 270813, 54627, 476353, 30697, 8048, 312600, 211948, 487809, 211851, 376360, 92930, 475993, 306626, 427406, 5275, 120092, 69466, 301432, 366446, 179229, 419298, 325104, 170294, 354537, 58575, 105213, 239776, 274316, 77468, 320663, 332016, 435920, 333350, 329218, 381183, 326212, 12511, 433262, 461403, 456549, 422737, 378022, 333836, 246200, 19026, 329677, 69965, 228305, 341907, 15588, 140148, 225816, 499540, 423982, 49673, 495623, 362551, 123121, 416214, 300794, 393321, 368061, 263253, 407548, 271479, 42268, 234404, 178132, 117717, 215529, 79792, 415646, 486714, 172002, 38387, 472168, 167459, 415735, 216255, 335564, 53737, 349921, 408399, 289664, 491728, 204783, 148480, 139042, 267210, 334913, 58521, 236438, 482996, 338994, 461, 118682, 444397, 306597, 196290, 413729, 94683, 459440, 486927, 380746, 56092, 480604, 223378, 274102, 50398, 196625, 259863, 343360, 113258, 24625, 247200, 193392, 180550, 325028, 260600, 404667, 340690, 47565, 3176, 3189, 408197, 132883, 430038, 489426, 324660, 43235, 305944, 409051, 447593, 383202, 39316, 427747, 424618, 429323, 95138, 164601, 21672, 358413, 294832, 264503, 298686, 166960, 407520, 155857, 352683, 83898, 216471, 406692, 291803, 185450, 268482, 418053, 242595, 296836, 356750, 266222, 422613, 451024, 217608, 382460, 429438, 447751, 219970, 113424, 367445, 272387, 115942, 127931, 91135, 443023, 199105, 164796, 95591, 100073, 384162, 236682, 413293, 239153, 238546, 286629, 428947, 248921, 484263, 216488, 53055, 159194, 284188, 39498, 390777, 94904, 114665, 412007, 391777, 96979, 191840, 381497, 9102, 191946, 483074, 27026, 80411, 311515, 457657, 8841, 260413, 165997, 384694, 308157, 151238, 272472, 356179, 54756, 19212, 260004, 109159, 88417, 271592, 75664, 225365, 400458, 478964, 289176, 383974, 302636, 154504, 441548, 462787, 191224, 169271, 273103, 353403, 143957, 494111, 41573, 213111, 417026, 415934, 146810, 287644, 118009, 72380, 426760, 352497, 453566, 321201, 213700, 5653, 60517, 492494, 454716, 375849, 424106, 177572, 325864, 71167, 13831, 127827, 339347, 51491, 255618, 393645, 64741, 376128, 468448, 28458, 241883, 275573, 20467, 102263, 71420, 14305, 287857, 69112, 304106, 60393, 495349, 157290, 484684, 485295, 425402, 405592, 110159, 65413, 357354, 381490, 298830, 3860, 200810, 310042, 338045, 184320, 144372, 121155, 219879, 316016, 148842, 168754, 146633, 92171, 456212, 2529, 19324, 22103, 166553, 34268, 375442, 203442, 137568, 372387, 45136, 385758, 185900, 161754, 439649, 205009, 35133, 198243, 245592, 469224, 124235, 143217, 58350, 16957, 288725, 180654, 138010, 260004, 227188, 122116, 34412, 327281, 463852, 160313, 156304, 235371, 252606, 372453, 13282, 94778, 487203, 7622, 133864, 46779, 111349, 269252, 452646, 106449, 58958, 228949, 288058, 145581, 128659, 332389, 278444, 488854, 91959, 195133, 81868, 458375, 223304, 368173, 58464, 302758, 278231, 297413, 280061, 20209, 53561, 51945, 197546, 75089, 14474, 340218, 77477, 242700, 426630, 388273, 41348, 44247, 417652, 147184, 420392, 463686, 255933, 481642, 437434, 161539, 130941, 19489, 374841, 387976, 481397, 92785, 257378, 125713, 210435, 349067, 472648, 32899, 272468, 488039, 41929, 323388, 291307, 451025, 120944, 87346, 459284, 226411, 284281, 436664, 140418, 333102, 353793, 132470, 446552, 322192, 63364, 391389, 388742, 136698, 497772, 328935, 35535, 210573, 83471, 49264, 450012, 49187, 114474, 363800, 107062, 148687, 483893, 362664, 48103, 387498, 197009, 365173, 323220, 398784, 121328, 477068, 316761, 234714, 168682, 188058, 493040, 360718, 108411, 244895, 123123, 166129, 270381, 289083, 222581, 112648, 176428, 403825, 203927, 327259, 461365, 98800, 213742, 85707, 16855, 119927, 195069, 141710, 178216, 164766, 27756, 227433, 285976, 69479, 220669, 328853, 297411, 283370, 147809, 439783, 75673, 375448, 28421, 156684, 227604, 91379, 98133, 272140, 52680, 427807, 341775, 351308, 17920, 305173, 123738, 179428, 118435, 263914, 145561, 365738, 252257, 175520, 145211, 398548, 447888, 241174, 429846, 105620, 268189, 2031, 166873, 11620, 448715, 346364, 60828, 77630, 429735, 416006, 320665, 280301, 127985, 144577, 441603, 362783, 100698, 337151, 291377, 100323, 15954, 251170, 53626, 72810, 434068, 19796, 241288, 132776, 365098, 1893, 268950, 224310, 120472, 12915, 470644, 215618, 447229, 367862, 227344, 432436, 216814, 479849, 497102, 310351, 54414, 241124, 407035, 111081, 394113, 188528, 180940, 14485, 464502, 312103, 335034, 83491, 207684, 247602, 151994, 462804, 147168, 99604, 303827, 383372, 81434, 115234, 107220, 158421, 83038, 14928, 405048, 497485, 332604, 180397, 55087, 400655, 52752, 12633, 267845, 128793, 137793, 200551, 456447, 58391, 23609, 144254, 425409, 121551, 413346, 97117, 204232, 268304, 374011, 390455, 284806, 141881, 381563, 498345, 462674, 485653, 387203, 222965, 302822, 449578, 135539, 369466, 223490, 194276, 466046, 474029, 497490, 443218, 39683, 439439, 143783, 16233, 145476, 495203, 239368, 446151, 442901, 56007, 68197, 220643, 55297, 489789, 326436, 277397, 238783, 66221, 198091, 443768, 308414, 135559, 245222, 89096, 483463, 472751, 172693, 190492, 436939, 409945, 336032, 25724, 221033, 357900, 69190, 248505, 364184, 201687, 75835, 268991, 237333, 444029, 175871, 429096, 71577, 33233, 8983, 126031, 191647, 69430, 103130, 378463, 326807, 276567, 88711, 1512, 298867, 358136, 246870, 357185, 57038, 216679, 483692, 477651, 227911, 30937, 377661, 265328, 373915, 102916, 125250, 140390, 125177, 391559, 217115, 307207, 166705, 197643, 137231, 169079, 388317, 38657, 18070, 23466, 368631, 482410, 35524, 133748, 288579, 434632, 405905, 272759, 442225, 286693, 420874, 20329, 309712, 16018, 420184, 5199, 327866, 250514, 235255, 177543, 356911, 347215, 206676, 295263, 279607, 498207, 148885, 291145, 6858, 166265, 288676, 192578, 357341, 32352, 447980, 339300, 202682, 49269, 95713, 207556, 71773, 66167, 197390, 124838, 408409, 34951, 89151, 356273, 62755, 128983, 223824, 99493, 345458, 432880, 216941, 383465, 450892, 318431, 139098, 450767, 276260, 473525, 171383, 448852, 304878, 82669, 8819, 288493, 70911, 447537, 210664, 358015, 474868, 164304, 60141, 62182, 171002, 349541, 35548, 12843, 438151, 191623, 214013, 251879, 377161, 320105, 294319, 93070, 184286, 151993, 33671, 164948, 346902, 52643, 185804, 246557, 43777, 251236, 323413, 380495, 202886, 409975, 110292, 341493, 414920, 197575, 281738, 74656, 49458, 439039, 14203, 367198, 435068, 219853, 68843, 388958, 222192, 230612, 208267, 201750, 244473, 450235, 497291, 393097, 200287, 372729, 376744, 1523, 93395, 260374, 416744, 111928, 329425, 406396, 315651, 444909, 230697, 59351, 201305, 296053, 272243, 315630, 368731, 21194, 112246, 112239, 337780, 282683, 115360, 39040, 177455, 86630, 102167, 362566, 299700, 261885, 493919, 111314, 408657, 50242, 452456, 204666, 381066, 417613, 415007, 480119, 105388, 438404, 179025, 305168, 35464, 384275, 196047, 483259, 244557, 380530, 326512, 357967, 499184, 27037, 413345, 387317, 320536, 417098, 204508, 378934, 334307, 277630, 49735, 339498, 346441, 165304, 212864, 348480, 358197, 163153, 225233, 358678, 29478, 178972, 497423, 299228, 205351, 278575, 67915, 350736, 322315, 167392, 462759, 227072, 356031, 70723, 90312, 300239, 337691, 372422, 431005, 235739, 205519, 20763, 109983, 322238, 39771, 274115, 448864, 16572, 257121, 488405, 434609, 357904, 3337, 311725, 346050, 423891, 404244, 482451, 261153, 101886, 301419, 355193, 81933, 425036, 3850, 132449, 289991, 388434, 111514, 212979, 282728, 40020, 322950, 57690, 407290, 118620, 9572, 115327, 360624, 204571, 246316, 405654, 71832, 230129, 72621, 198195, 91027, 140307, 488036, 140271, 237499, 4167, 46680, 396589, 480110, 118368, 360354, 142246, 24137, 382850, 362747, 212139, 293569, 357270, 94497, 222970, 425680, 454191, 296218, 152637, 312983, 105162, 178386, 82187, 75090, 25137, 450810, 281313, 442481, 144424, 161607, 156449, 444759, 386842, 201979, 174365, 320252, 92711, 298538, 22352, 245263, 494854, 251653, 90246, 341825, 129684, 275192, 270672, 259949, 240644, 455288, 40617, 17741, 126082, 4783, 74471, 182502, 476649, 280874, 322448, 448685, 380280, 404836, 219148, 365103, 317775, 51905, 129267, 83267, 473877, 219076, 317921, 131194, 106543, 369793, 223433, 22732, 420502, 205466, 387075, 353604, 364712, 124182, 440650, 6544, 67911, 492866, 96698, 310878, 48412, 222085, 78344, 291932, 383132, 439178, 349317, 124291, 236680, 446217, 404166, 378357, 127954, 68619, 134388, 162652, 309191, 160006, 496393, 285106, 450245, 458299, 26448, 96605, 37907, 263369, 285753, 91248, 163576, 475733, 415075, 159293, 211585, 412084, 220241, 86624, 116924, 372240, 272257, 287642, 304509, 300975, 200291, 252453, 429241, 276965, 40284, 354066, 71705, 128603, 100102, 246783, 158418, 461378, 158723, 307368, 95260, 359921, 6753, 190220, 164479, 354916, 399454, 173009, 112421, 265006, 169575, 209296, 163282, 67074, 335119, 128158, 93259, 45632, 406634, 472870, 94621, 39272, 96063, 24215, 299966, 187431, 251845, 266272, 398950, 175130, 198671, 192318, 51471, 153728, 195154, 263180, 71392, 102015, 229643, 80261, 373441, 382900, 428580, 486793, 54648, 182444, 368339, 446141, 341141, 425740, 111492, 295265, 190211, 425856, 128024, 356478, 169266, 242793, 161360, 417301, 330220, 458199, 234724, 471993, 87031, 111157, 337634, 403371, 459818, 82587, 209014, 318706, 124095, 148621, 68501, 413214, 131260, 175648, 182092, 385909, 87108, 488381, 357574, 167568, 334061, 480644, 191873, 18549, 253297, 183072, 306682, 292932, 499901, 359556, 381406, 22874, 48082, 118727, 191348, 207242, 30025, 138737, 240271, 423246, 211290, 372082, 241587, 209322, 201983, 110558, 347642, 324398, 273085, 414187, 34071, 36866, 497068, 355492, 287796, 180348, 339210, 97677, 135518, 488711, 175844, 492657, 239839, 123169, 255303, 472261, 166928, 155305, 106864, 164728, 330665, 484894, 28497, 87690, 337438, 115465, 313776, 388257, 427122, 442719, 231484, 184443, 499839, 70264, 28994, 259630, 72203, 116936, 476659, 250414, 376451, 408593, 94566, 221537, 443362, 245508, 257396, 241785, 200080, 169768, 271643, 289518, 398600, 92206, 417626, 228670, 384118, 174086, 439062, 278165, 322253, 135220, 297218, 178129, 371854, 67799, 374334, 335481, 234923, 320555, 264594, 272535, 317179, 466771, 261863, 20068, 237689, 331174, 31018, 436236, 74988, 350700, 151274, 246144, 219527, 313617, 94783, 346906, 82819, 108223, 90723, 297810, 355341, 473371, 126560, 50212, 400304, 382077, 311052, 257973, 276660, 421800, 388321, 173941, 459201, 80897, 117596, 436054, 305488, 304763, 435722, 252897, 361886, 358019, 202286, 453886, 304214, 243722, 475820, 270526, 360292, 109637, 134523, 334395, 214026, 150284, 69367, 155873, 411420, 337028, 376640, 192883, 486222, 408958, 330904, 235706, 390761, 163189, 108976, 221426, 245462, 15453, 206575, 211016, 331643, 60330, 444132, 72683, 17181, 146942, 275329, 368293, 371617, 21567, 362427, 284420, 394241, 246741, 13291, 353247, 62104, 83811, 443442, 246173, 468245, 90730, 483000, 433623, 170825, 172493, 311698, 158391, 384819, 121108, 211202, 267253, 241272, 448375, 257610, 187941, 207868, 275046, 35445, 1359, 25218, 258946, 46884, 74662, 160515, 487494, 143466, 288361, 461929, 373578, 387213, 70297, 64795, 118969, 208185, 242974, 20940, 82275, 438923, 196087, 399090, 202414, 195071, 356812, 39992, 157181, 199589, 86614, 174359, 292004, 389839, 294655, 469011, 75883, 334027, 400945, 320977, 444542, 179688, 393889, 413269, 496394, 197365, 72197, 434595, 206371, 262571, 235008, 35183, 416377, 288396, 219719, 434477, 113632, 342303, 159708, 369968, 91111, 441461, 172838, 20053, 72881, 429413, 62349, 386984, 131436, 101020, 12178, 203644, 218707, 316323, 288276, 338755, 483507, 234630, 422779, 348583, 269734, 82813, 29361, 38732, 414600, 100384, 351641, 160885, 180326, 179502, 398891, 158739, 171192, 376829, 189274, 436410, 122633, 470497, 488149, 352351, 498280, 71223, 260004, 376367, 420628, 235081, 473152, 302512, 224406, 66770, 342920, 101193, 70481, 257589, 204440, 388029, 470625, 406495, 175542, 277927, 36597, 55195, 264397, 105691, 417086, 293066, 240697, 391874, 341082, 127771, 155760, 140558, 182172, 84204, 406071, 428112, 19591, 222464, 399891, 155836, 238595, 72300, 455496, 163161, 467359, 328399, 362749, 329589, 38934, 185770, 386616, 157927, 38666, 158245, 175042, 292324, 495728, 382036, 282135, 160333, 163188, 421708, 449393, 117800, 184024, 353524, 82069, 29797, 407255, 288235, 122415, 50322, 401688, 144675, 381581, 380196, 136074, 388306, 112163, 29953, 147505, 341183, 309885, 351489, 89654, 332816, 169173, 40349, 339625, 319657, 467728, 104191, 166721, 182003, 170054, 99232, 449944, 431712, 144389, 245748, 179624, 369257, 364981, 454818, 197447, 138202, 341692, 359651, 270533, 306887, 466557, 22087, 228445, 196248, 483719, 5646, 452671, 473672, 36181, 3730, 9476, 163977, 139757, 442149, 170976, 37770, 155091, 321183, 34229, 21503, 340715, 214008, 475417, 111702, 137559, 432128, 292446, 390527, 378133, 443638, 336354, 456526, 296157, 411755, 81925, 354386, 111617, 168614, 421558, 170795, 229608, 482539, 472508, 433909, 67700, 309644, 266692, 170618, 282396, 398357, 162971, 245301, 387142, 150664, 476680, 146918, 474978, 152044, 437812, 13868, 329106, 369143, 20419, 148308, 40389, 336438, 457322, 91177, 177266, 160016, 290193, 204330, 72820, 58485, 281667, 436699, 303063, 149304, 130020, 155040, 201711, 154613, 492360, 388728, 406130, 294753, 242412, 55495, 341918, 342388, 385312, 441107, 1917, 384260, 493404, 209882, 11080, 65438, 164440, 150452, 84485, 18230, 122670, 88528, 350036, 144598, 138150, 267528, 46921, 103144, 66044, 131563, 230936, 477165, 22827, 153455, 89471, 252172, 9223, 317716, 80094, 159396, 174286, 471092, 375368, 92272, 474251, 220153, 231579, 5866, 271997, 38404, 179238, 10292, 477443, 40499, 123056, 201715, 437290, 388518, 290319, 73195, 159040, 89432, 191823, 350392, 222134, 255969, 116893, 354476, 379650, 375511, 49552, 20830, 287884, 153524, 261045, 77850, 144772, 350394, 243538, 149795, 426663, 196271, 404061, 448453, 138055, 485415, 118428, 327956, 313566, 27845, 79410, 36148, 271052, 198365, 454792, 449436, 235094, 139870, 46096, 305152, 194576, 438380, 283274, 217378, 159931, 391714, 442073, 442592, 74215, 118281, 193853, 492255, 468641, 259056, 445424, 433450, 319151, 349759, 63103, 414573, 99469, 393123, 103746, 449688, 321414, 286239, 389869, 445312, 17760, 18384, 304603, 417521, 481930, 450320, 321538, 384740, 213664, 462477, 60270, 356861, 407513, 176634, 206527, 480329, 38041, 415235, 451142, 185238, 306589, 308224, 279085, 184122, 447422, 239645, 356047, 52522, 122962, 175795, 314114, 195793, 431491, 282594, 154279, 163113, 484347, 104326, 245501, 403568, 154468, 276801, 128712, 287283, 29897, 143012, 203981, 305769, 98463, 255929, 169928, 330534, 283044, 400144, 131120, 471738, 401994, 11345, 27026, 18128, 252637, 189131, 470240, 498001, 425217, 403833, 63224, 354393, 451121, 472521, 155744, 181396, 228561, 334604, 228046, 434195, 269137, 6301, 64529, 179774, 183524, 355386, 173508, 132087, 401552, 415159, 418428, 306563, 281850, 401118, 391762, 465291, 145192, 402368, 380017, 285694, 52857, 290966, 16233, 293722, 212049, 363436, 214306, 412688, 160178, 231969, 489384, 13427, 244290, 257351, 286744, 270222, 303653, 202565, 408511, 440316, 424826, 8328, 269510, 401587, 464544, 120110, 439646, 466131, 290901, 417685, 168682, 194832, 709, 487570, 428778, 445217, 466598, 252637, 320314, 219857, 5208, 467166, 52424, 330263, 311074, 74128, 100522, 454445, 312710, 275738, 285460, 92165, 94059, 165137, 92495, 223859, 449448, 489416, 414948, 302575, 128926, 229560, 481615, 414080, 127244, 89844, 77847, 299987, 378390, 312308, 174364, 25188, 279987, 202598, 48142, 183738, 253933, 177345, 162227, 48386, 42379, 115374, 467217, 275321, 494854, 81956, 217464, 152843, 163639, 497457, 239330, 300617, 140440, 40587, 465399, 262245, 105610, 179605, 377940, 137198, 44699, 479352, 170998, 346118, 40290, 45320, 88005, 482679, 281516, 98542, 308122, 341491, 350451, 119263, 178845, 379557, 384690, 40398, 341129, 139052, 168313, 395312, 462510, 348861, 401990, 479666, 372066, 391627, 59107, 375966, 32669, 57857, 386059, 10445, 258448, 341597, 124284, 466156, 120179, 179888, 74844, 210072, 1411, 305671, 201599, 292905, 384964, 26787, 269431, 458220, 44076, 257397, 49447, 68617, 130282, 321317, 74291, 388929, 138513, 483829, 471076, 479448, 471829, 31587, 457284, 179974, 50786, 87058, 431056, 81395, 477004, 349049, 227046, 140134, 395063, 235679, 350685, 249299, 318559, 92794, 145071, 60179, 87090, 176340, 33894, 80610, 96406, 121718, 293441, 188413, 46647, 355463, 257645, 463090, 149011, 250579, 110787, 34801, 485100, 395227, 136874, 275913, 213586, 90255, 33504, 72626, 472669, 292711, 316153, 187115, 471432, 438135, 311511, 288857, 417128, 316026, 140327, 484748, 184933, 60015, 352428, 447028, 475849, 186436, 420215, 438947, 311922, 216109, 360438, 250906, 164835, 90398, 371621, 499694, 462059, 125669, 303638, 18157, 410274, 183337, 121684, 317145, 430585, 352457, 33104, 391801, 252092, 479083, 112328, 212291, 165291, 374821, 244994, 376032, 48783, 307444, 161704, 282132, 282341, 116035, 496893, 151000, 102799, 77771, 94167, 194616, 264784, 427559, 285472, 262850, 415255, 146412, 281065, 482577, 172930, 5365, 175995, 353664, 288741, 139166, 449871, 48598, 249169, 316806, 200361, 188323, 149067, 430019, 382410, 276540, 470662, 370556, 215453, 74358, 418429, 164980, 391747, 203569, 80211, 24660, 484595, 166919, 210141, 489689, 254613, 12229, 250130, 304554, 466723, 304756, 313434, 484703, 183673, 471541, 481276, 466941, 454643, 192724, 126519, 320321, 103258, 90168, 246396, 10636, 100177, 279771, 414297, 271345, 300850, 481411, 324590, 482599, 461938, 480258, 171354, 376436, 306145, 168423, 465355, 125289, 136526, 4235, 64917, 275209, 129262, 326887, 403521, 373612, 360489, 381693, 166149, 420275, 164032, 102552, 489386, 306699, 347786, 397005, 195432, 455357, 386823, 76326, 479624, 462726, 123780, 152031, 158585, 180384, 191827, 183297, 243386, 359007, 138438, 481356, 283588, 233941, 305126, 363506, 169858, 258737, 327698, 291699, 224069, 180124, 418169, 268389, 466108, 223972, 86415, 121981, 16930, 382024, 174964, 171075, 136694, 152753, 221184, 179454, 397717, 232202, 183509, 419943, 58576, 138332, 5691, 328020, 216019, 96875, 419576, 346641, 409544, 468743, 479851, 342281, 252853, 215246, 26874, 194098, 440904, 188753, 455205, 348053, 14366, 270821, 18034, 143925, 494799, 137270, 333123, 454027, 435681, 452595, 201375, 6586, 448972, 330856, 450119, 453302, 412364, 418042, 325467, 147705, 316021, 116485, 134829, 38356, 30840, 124730, 142795, 177429, 120257, 206987, 312214, 231471, 293661, 326839, 120345, 174276, 416115, 310528, 244347, 419582, 163134, 40503, 25236, 198729, 69062, 388557, 11251, 374794, 285737, 96930, 334011, 31591, 6863, 469347, 497582, 297283, 396895, 157310, 469681, 362714, 256082, 228797, 106545, 271356, 4699, 400765, 323905, 118532, 354406, 216851, 68425, 384793, 219423, 155871, 74085, 147145, 59376, 442888, 256747, 460255, 379030, 145665, 398200, 325729, 99539, 363736, 460694, 133918, 103652, 231881, 362136, 224928, 371873, 231426, 187652, 12270, 86058, 205690, 376172, 18902, 336779, 482857, 299199, 379925, 415075, 487209, 270284, 259544, 304120, 347861, 415649, 21918, 6961, 138020, 160426, 411451, 37212, 384595, 61072, 370744, 210005, 199455, 165151, 377111, 106747, 171973, 497941, 53215, 152473, 471632, 402081, 213357, 92970, 430353, 338863, 437358, 357825, 463915, 473448, 430141, 418837, 420821, 22369, 465672, 154372, 2809, 393294, 478397, 207106, 110400, 301709, 431258, 414057, 496121, 437718, 50450, 444082, 131890, 233700, 229043, 322684, 448360, 263405, 321471, 452029, 288876, 450547, 334696, 131465, 360709, 346347, 288665, 32762, 453913, 18353, 460754, 73767, 348157, 211244, 352, 365543, 170179, 39332, 362307, 459473, 402638, 190143, 180743, 314845, 3507, 31482, 146794, 388403, 362540, 224731, 431500, 360317, 104944, 175660, 290926, 317523, 314442, 78358, 482063, 292763, 301578, 327948, 339071, 466087, 334562, 154286, 490213, 97553, 387833, 23069, 246997, 122957, 53559, 3662, 153380, 173165, 465071, 24521, 412172, 113845, 227232, 74745, 187526, 365114, 283455, 79995, 25594, 404077, 153767, 58396, 103712, 471036, 396383, 282961, 12590, 437986, 330673, 110556, 236740, 192762, 292401, 117797, 189680, 377834, 287960, 102435, 457172, 222757, 169197, 166769, 34795, 188714, 256819, 131988, 250971, 409465, 234256, 277382, 369918, 208086, 118783, 425500, 235577, 260356, 93232, 360796, 301677, 191882, 127616, 476062, 185987, 269464, 334313, 52718, 160780, 128629, 333308, 78087, 23901, 229586, 41640, 361837, 229172, 114464, 443351, 435631, 353060, 120121, 148369, 388213, 32700, 138726, 478587, 339319, 158345, 136787, 106200, 435829, 58372, 144777, 341723, 84483, 433225, 171093, 438270, 142934, 193307, 346227, 389030, 370374, 298199, 320272, 254917, 139217, 425243, 77260, 385564, 307691, 431526, 107995, 268729, 181464, 124822, 499335, 4708, 421730, 363223, 100001, 410566, 331415, 139991, 403868, 29428, 489313, 86772, 281062, 355083, 253837, 371618, 390725, 86215, 189522, 163034, 385295, 165054, 493454, 109505, 352955, 123632, 335303, 479501, 325960, 171360, 16765, 192872, 253412, 185529, 271063, 207039, 43847, 404525, 252966, 360713, 381375, 288945, 315209, 441949, 166411, 379168, 429359, 75476, 96597, 341891, 55412, 418645, 353614, 7969, 291054, 112120, 141894, 479410, 189041, 40604, 50343, 148737, 442549, 228867, 487962, 396127, 410318, 497235, 47883, 317081, 133790, 214212, 394304, 400329, 46835, 302273, 50795, 10037, 205115, 496228, 433921, 355313, 129685, 287668, 3669, 365911, 12057, 410200, 244294, 238536, 157926, 297249, 418929, 193580, 242184, 40944, 313637, 352363, 232140, 219658, 476537, 99683, 222342, 278400, 257546, 145101, 330964, 305786, 377488, 45251, 347987, 92357, 278541, 142952, 103070, 482602, 218456, 171053, 257063, 321675, 478038, 294119, 203587, 111326, 479685, 171992, 403010, 103948, 266688, 7657, 135089, 431789, 68941, 139432, 35707, 180636, 989, 124287, 466751, 278854, 305498, 307224, 416594, 169609, 578, 208807, 24307, 310408, 217642, 97881, 187664, 285610, 211422, 6405, 235997, 189829, 265721, 84031, 377986, 117426, 124749, 156169, 54148, 354421, 376642, 232081, 37636, 466037, 216628, 215646, 89543, 197498, 440418, 365217, 21220, 267571, 33291, 210930, 385398, 376359, 29675, 255840, 430662, 54045, 85931, 477592, 40272, 233102, 158395, 102539, 466323, 484468, 99057, 244171, 374306, 472776, 304401, 241348, 180298, 180532, 248242, 133671, 287864, 252447, 28618, 215922, 266105, 199371, 183444, 93768, 361570, 332465, 173858, 151732, 220754, 482348, 41482, 68772, 435841, 390429, 299287, 460084, 77765, 365860, 56324, 204528, 189211, 401145, 285451, 304629, 472382, 278754, 370517, 126287, 166548, 427187, 89829, 489794, 409727, 144992, 260537, 364955, 434943, 23722, 410112, 52851, 171279, 45339, 54019, 356185, 231059, 219837, 35756, 176559, 458621, 324927, 302397, 224257, 413106, 474728, 334872, 163250, 152213, 268683, 54683, 418045, 180887, 127148, 483917, 25944, 233388, 366316, 286578, 170387, 26901, 38349, 258506, 18968, 199367, 341929, 387020, 159646, 254612, 235907, 324481, 117082, 351816, 139329, 352928, 416609, 321469, 73009, 364065, 279927, 55057, 211591, 476670, 40286, 77327, 186772, 122875, 443182, 436427, 151698, 471553, 232948, 484510, 161283, 195601, 204018, 327107, 288574, 473940, 3722, 64551, 241298, 69323, 428945, 412755, 173323, 239433, 7016, 235728, 456782, 363699, 394780, 386740, 85625, 87022, 376310, 226357, 434808, 367017, 308373, 179057, 276861, 188168, 205046, 4054, 437109, 332629, 165480, 9429, 123322, 165580, 417126, 339455, 193400, 41836, 37728, 413802, 134193, 218024, 341557, 61493, 6584, 351025, 66673, 237153, 62239, 321595, 360655, 363061, 327721, 90942, 156690, 325375, 116625, 294943, 224922, 229938, 333947, 160210, 279986, 273250, 351136, 44253, 91156, 132581, 490820, 104841, 152146, 237049, 335266, 71608, 176595, 432105, 493707, 282101, 186355, 361666, 449534, 31376, 359651, 402629, 144150, 143860, 426688, 368091, 179408, 351210, 83014, 227572, 124634, 183339, 361549, 14805, 261337, 492012, 337015, 75769, 333980, 90476, 245094, 492778, 145829, 16256, 445797, 234828, 219689, 357450, 110747, 84044, 329468, 252762, 215547, 45470, 262140, 268814, 463659, 346770, 405128, 98805, 524, 453187, 126695, 161351, 77896, 230414, 324518, 315373, 491356, 448626, 188370, 294181, 339431, 32805, 159047, 203252, 426911, 333923, 273398, 448454, 412483, 343637, 403349, 263057, 304795, 7445, 460939, 172176, 353008, 172485, 303289, 221023, 136178, 161353, 476285, 399349, 349529, 302595, 28551, 341295, 165564, 363350, 262414, 96538, 266668, 84748, 93282, 81609, 412808, 83675, 295716, 397527, 402211, 21680, 219389, 337523, 147188, 334906, 236741, 119014, 159906, 223628, 436311, 471970, 295682, 433750, 88223, 316635, 378754, 345211, 410686, 316119, 445979, 54214, 310259, 47327, 473152, 476898, 257850, 170976, 220936, 421038, 291105, 61698, 417584, 203792, 229922, 56322, 398873, 387459, 24199, 111639, 23241, 430159, 375968, 206611, 112327, 366313, 303675, 235114, 344038, 452940, 340695, 422355, 419761, 78384, 145550, 147545, 156204, 231260, 292187, 466328, 1741, 83163, 370942, 69510, 266045, 322368, 97653, 84018, 56919, 195900, 316317, 377380, 138536, 135445, 166807, 499659, 192855, 307311, 144752, 20222, 200872, 154393, 432191, 319194, 343885, 295023, 122355, 451974, 378845, 187892, 175425, 31388, 277039, 398376, 392971, 204011, 144786, 274232, 241464, 168526, 401662, 281677, 254825, 30642, 70125, 415233, 208271, 377598, 442223, 109775, 106396, 405087, 153170, 88500, 211678, 429697, 205168, 7828, 97088, 154172, 279044, 415890, 146918, 484567, 374893, 23985, 162707, 222127, 115692, 196506, 359626, 402518, 249374, 121640, 200038, 322104, 191595, 296161, 216389, 299554, 26134, 168565, 230409, 344408, 277741, 90373, 94482, 244244, 146753, 182938, 304352, 139852, 185144, 386479, 79334, 174328, 243182, 130759, 50010, 183967, 365551, 378284, 32347, 51512, 261639, 243197, 123278, 217461, 426346, 444324, 182862, 100463, 90598, 170423, 288712, 116391, 336474, 321544, 295633, 172931, 143298, 420412, 16458, 411376, 327359, 430805, 253678, 160582, 471579, 494526, 403314, 353875, 162773, 24370, 31987, 365079, 103092, 232252, 352291, 79778, 253723, 132132, 454162, 285276, 196742, 422704, 125484, 267361, 413309, 21213, 483528, 202033, 327768, 376989, 198087, 297360, 368773, 249521, 216678, 165511, 395306, 465748, 381002, 65282, 280086, 497780, 192060, 494246, 27396, 32610, 104892, 143771, 302707, 142520, 260212, 375568, 327972, 120574, 28674, 474199, 233489, 409705, 106167, 299884, 432313, 465559, 10488, 7348, 425959, 321929, 252460, 265154, 380824, 152040, 201579, 139378, 420046, 170653, 332954, 51590, 332066, 356972, 213736, 193530, 310820, 2863, 46809, 230922, 102438, 263478, 62877, 106010, 175602, 433236, 365744, 79353, 63853, 100489, 14927, 167637, 399469, 284327, 475831, 84926, 316817, 326076, 315749, 202265, 249143, 296633, 475823, 399300, 416396, 199311, 98995, 38323, 89444, 173334, 284249, 135456, 275582, 143484, 233080, 165971, 176460, 466899, 255558, 322887, 56291, 113332, 168752, 475441, 284924, 164554, 301596, 485946, 191475, 178567, 362592, 129908, 369118, 271994, 73549, 23540, 309733, 82826, 37372, 449296, 429460, 87764, 470543, 294634, 148868, 304795, 407391, 408926, 152942, 410966, 351703, 449725, 60538, 469640, 269510, 283497, 423772, 283261, 217354, 319282, 165703, 127211, 99822, 157796, 130923, 108774, 283226, 392973, 377750, 362721, 319145, 327105, 164532, 71182, 462826, 89451, 61467, 413425, 85065, 83857, 373414, 334017, 354210, 241747, 180848, 490991, 178791, 388667, 387987, 139410, 496596, 379300, 351343, 168563, 398708, 15251, 479603, 63241, 188382, 216751, 493463, 318376, 103934, 268704, 126212, 354323, 357498, 85111, 410248, 355977, 70009, 408240, 215751, 2151, 266182, 13253, 76052, 480101, 37759, 439907, 74824, 363856, 222751, 191079, 145440, 145477, 74519, 211212, 224407, 154214, 491177, 24980, 117391, 440661, 77738, 485588, 422876, 13374, 337198, 360885, 283789, 16234, 411332, 28704, 406494, 473411, 257026, 48907, 129206, 124978, 400324, 477589, 479054, 215241, 206985, 167977, 265186, 314797, 498664, 491856, 47277, 360663, 72393, 39545, 394459, 181311, 308733, 108806, 46787, 209855, 340805, 192011, 291352, 361833, 183980, 315635, 424323, 128805, 388529, 292530, 147983, 86963, 285474, 115382, 295700, 73783, 446742, 400652, 249629, 478425, 82232, 80295, 305797, 349266, 300688, 145764, 213199, 265468, 377146, 281192, 140460, 289985, 431331, 319618, 39740, 299970, 340122, 493827, 422225, 19448, 428627, 105235, 339792, 19311, 230219, 193574, 433648, 156072, 209583, 319420, 466531, 266189, 44988, 175032, 19106, 93478, 139013, 63177, 90808, 152267, 235297, 444566, 14568, 53182, 293754, 4420, 282026, 17213, 96153, 483765, 207829, 71385, 413040, 92243, 365966, 66138, 318592, 101407, 393878, 208972, 322332, 216083, 343040, 418897, 437823, 372079, 46751, 379025, 368609, 288896, 6887, 384478, 417847, 441737, 249365, 300559, 80227, 306989, 185464, 446008, 134679, 100902, 299314, 362124, 103603, 168442, 451517, 143042, 220826, 46681, 142485, 210673, 164735, 450183, 262059, 405123, 332775, 248632, 374023, 185790, 80840, 236491, 358619, 107674, 360525, 30511, 156336, 195439, 52205, 299960, 435806, 336670, 83545, 448535, 196604, 159269, 9202, 87219, 141517, 295494, 162085, 383543, 294607, 384584, 303953, 9645, 460414, 135187, 338018, 115395, 284780, 390759, 389359, 452588, 464747, 396952, 132420, 28624, 159283, 185636, 302108, 211567, 133599, 344996, 198701, 224200, 326141, 229308, 302436, 478051, 303046, 51551, 60829, 89110, 99458, 249254, 440696, 73245, 409957, 60200, 404434, 57026, 360207, 185041, 63993, 49783, 328752, 176770, 33916, 114489, 84496, 362895, 328547, 250185, 240098, 308649, 327992, 410680, 359705, 161016, 304103, 438863, 395392, 118919, 239553, 127093, 27855, 425032, 227642, 153997, 418332, 482363, 314589, 478383, 490418, 68976, 191612, 475404, 498125, 392318, 315226, 150978, 146846, 147603, 263967, 389297, 276799, 216926, 98394, 120710, 112400, 59802, 62184, 461430, 324835, 420043, 427173, 49718, 93573, 144446, 75770, 437928, 255419, 130159, 466402, 48254, 480047, 68181, 427363, 208334, 373986, 203080, 242086, 97113, 312174, 352995, 80222, 323339, 386382, 419879, 226467, 442551, 179602, 446634, 329459, 211216, 243271, 223755, 119888, 168440, 207293, 181375, 486638, 335234, 417515, 242432, 105633, 136062, 427084, 227725, 485849, 54747, 96078, 459441, 188999, 185643, 92877, 47242, 164209, 215214, 404685, 445453, 195930, 461024, 299133, 451011, 398653, 130875, 458101, 237979, 428898, 291165, 374232, 285884, 288118, 53868, 498916, 16756, 274136, 161739, 413726, 421129, 217917, 420150, 310695, 109555, 132690, 405007, 328028, 34227, 177769, 76999, 97828, 163903, 71758, 50194, 354290, 401508, 334116, 461729, 147616, 448799, 331354, 179197, 396824, 336730, 106438, 208387, 221130, 386906, 119810, 245162, 430771, 289711, 327782, 101990, 452753, 250371, 8846, 478369, 180842, 412149, 179893, 305756, 58315, 76145, 435613, 259872, 85819, 464440, 168729, 219333, 321614, 180133, 419371, 208726, 162076, 166337, 237377, 438077, 270629, 480114, 213940, 22119, 321463, 434816, 323114, 147214, 408949, 328950, 360093, 94191, 357278, 131622, 252867, 474428, 82802, 32205, 231280, 247285, 21702, 157998, 59553, 380126, 471336, 226654, 200584, 479051, 441517, 158724, 489990, 341027, 208559, 133917, 318880, 197964, 466852, 379119, 303600, 336014, 17779, 195150, 360405, 333294, 154665, 119168, 363634, 97490, 483528, 337787, 26724, 18361, 158349, 377038, 290000, 155264, 148111, 154562, 358031, 468411, 240502, 229510, 255575, 433992, 357196, 187161, 234981, 436596, 182182, 288174, 106876, 130305, 63243, 349991, 414434, 324651, 369216, 448857, 336270, 151199, 393384, 24342, 196494, 295614, 337553, 436475, 431665, 210240, 142788, 477718, 112399, 368884, 369418, 484458, 203641, 464602, 455366, 264906, 474139, 448975, 169566, 462835, 130731, 99564, 99629, 294019, 408424, 436899, 40038, 464334, 308345, 8472, 464218, 335712, 5529, 479629, 357982, 412947, 98509, 437011, 320477, 395084, 31432, 99093, 101306, 209457, 431232, 309360, 17597, 476821, 92652, 476350, 299444, 277104, 144596, 243798, 239246, 446265, 285298, 16096, 160734, 292904, 299302, 307336, 329944, 17519, 473279, 419219, 142952, 138431, 373871, 287241, 127282, 347195, 252526, 280788, 437736, 453041, 98059, 118729, 82954, 417466, 480397, 331384, 290853, 141753, 398183, 472435, 143654, 268989, 410902, 456958, 131361, 281449, 467563, 299306, 218673, 247786, 170819, 430252, 183824, 19298, 425914, 352975, 48700, 332035, 465978, 146579, 133243, 129176, 117209, 14826, 67621, 264877, 183596, 278582, 2054, 204104, 49597, 182150, 472079, 318492, 336254, 215375, 315897, 254206, 117425, 412911, 415472, 30670, 448002, 306046, 247781, 191270, 226564, 472636, 498291, 344845, 256729, 121461, 351558, 21791, 4867, 83169, 386392, 52077, 189042, 472914, 1088, 165546, 115543, 203796, 319825, 115045, 466137, 427403, 227550, 244769, 138500, 250106, 438956, 429698, 121784, 256183, 47772, 388651, 402216, 269833, 260488, 343730, 443631, 369678, 43348, 239212, 456080, 130800, 82604, 426768, 7345, 473919, 303224, 233212, 236748, 39050, 118761, 354004, 357852, 157572, 487697, 146879, 481474, 455594, 491719, 498323, 7081, 342717, 229162, 181358, 34032, 51016, 310821, 29120, 336453, 495134, 430214, 318920, 430299, 432267, 98915, 307039, 1847, 338526, 132746, 163684, 147116, 315195, 321600, 147582, 67756, 347216, 289270, 156662, 166858, 311309, 109626, 73012, 180545, 314855, 152359, 229601, 344080, 162123, 302977, 457308, 106890, 158539, 322706, 388722, 498955, 322700, 99190, 486777, 13301, 63664, 186924, 198067, 189374, 467862, 54104, 403422, 208473, 226431, 304114, 453360, 369512, 85150, 18564, 98320, 76311, 118808, 425344, 116001, 30691, 392810, 235420, 370410, 244579, 51248, 228849, 211788, 193969, 154203, 12680, 258150, 482183, 69033, 202239, 85176, 59047, 54342, 143407, 240935, 255727, 399429, 192723, 171599, 182322, 225129, 348990, 33185, 491629, 341401, 93073, 259887, 280957, 315158, 418868, 435841, 370867, 386597, 420994, 460947, 315896, 333658, 82840, 2703, 305331, 402984, 149550, 333315, 326015, 340871, 238798, 137995, 4436, 375104, 341036, 159078, 163695, 206833, 37641, 450096, 14404, 79185, 433600, 198153, 168520, 3333, 62574, 339306, 74941, 302562, 98049, 111312, 59726, 16042, 42452, 4381, 126269, 75678, 247503, 234983, 228366, 498987, 117557, 63652, 461139, 192776, 383907, 54372, 181911, 499180, 293294, 303969, 294962, 178708, 87654, 62070, 398744, 182955, 220977, 470613, 380126, 497891, 294431, 462220, 282047, 473706, 62641, 435025, 441186, 206680, 208424, 137660, 294368, 276425, 251870, 220401, 119333, 342590, 260728, 151346, 221071, 169517, 81967, 76927, 141058, 463482, 7119, 165110, 431611, 193278, 100359, 449738, 356318, 32902, 452145, 252254, 285212, 160274, 106806, 237505, 304672, 403399, 375936, 171516, 204352, 77728, 460196, 381824, 9274, 93688, 184532, 205994, 356710, 455298, 275513, 56489, 290187, 241246, 222605, 138617, 458061, 146704, 317424, 129492, 329627, 371124, 69014, 307655, 103805, 485413, 50506, 29762, 247256, 42396, 320552, 323662, 452570, 470110, 92179, 440226, 450863, 110246, 149294, 240578, 130420, 113488, 296455, 230841, 181356, 469356, 241408, 128902, 140368, 270511, 370559, 271093, 216271, 85999, 50660, 254502, 224890, 451073, 301446, 117159, 459459, 446132, 187996, 136752, 86397, 233055, 249996, 142005, 484645, 288801, 51134, 120848, 229632, 473625, 295170, 406683, 340505, 203541, 2430, 137311, 430468, 46110, 320602, 36103, 479569, 200498, 329569, 461795, 256166, 306562, 403463, 373443, 279927, 282836, 98036, 423656, 366446, 53611, 189276, 50631, 43329, 323328, 143874, 82056, 175345, 424858, 201164, 103012, 99522, 270409, 210083, 207521, 311086, 221666, 446098, 183107, 230442, 108688, 177053, 65853, 358562, 420085, 215347, 27173, 172543, 282704, 185293, 25718, 433310, 291960, 222398, 472880, 356058, 139596, 377673, 346138, 152883, 239915, 425511, 121576, 288555, 443463, 195402, 374724, 43512, 348814, 132385, 467803, 91189, 26630, 392401, 120601, 484931, 18013, 184326, 7909, 30927, 165375, 426059, 193557, 168192, 151789, 220918, 170182, 115719, 212489, 272505, 283515, 361225, 80707, 72703, 326089, 223059, 428892, 41905, 402348, 59761, 208715, 224330, 281639, 388686, 142963, 43207, 10981, 233980, 302993, 148641, 240353, 89784, 439233, 156218, 311044, 8639, 47181, 330179, 263811, 402777, 467061, 477836, 412185, 181375, 58526, 115140, 449556, 398338, 128178, 498590, 388626, 254687, 322779, 273014, 292966, 158381, 129834, 370831, 233750, 98947, 294469, 176277, 173855, 90497, 263640, 189630, 395844, 388623, 218671, 325664, 331169, 74249, 477558, 411787, 287230, 263729, 470976, 378095, 91097, 263592, 393253, 397420, 210266, 229649, 373723, 16859, 234709, 345568, 348784, 94674, 310121, 359590, 266798, 66140, 133499, 268240, 261244, 22673, 491742, 303517, 133994, 389269, 18708, 240752, 447567, 483535, 135534, 366966, 405431, 357456, 153122, 241087, 455657, 401430, 244126, 442836, 431927, 270780, 453479, 222480, 15407, 330946, 343363, 453419, 166693, 198230, 403184, 486934, 56342, 351563, 166285, 250957, 276171, 62528, 190476, 41012, 161222, 376, 201691, 342211, 436674, 211232, 408260, 151153, 236526, 321778, 190113, 337492, 293500, 173447, 95867, 115825, 216438, 449349, 269041, 25227, 366284, 20715, 209677, 423491, 294474, 131340, 261059, 232077, 248672, 336687, 331447, 58057, 449512, 418558, 202704, 322543, 359128, 110342, 468835, 417193, 303730, 450896, 232390, 398823, 8471, 239783, 8138, 141399, 343399, 264649, 248579, 433737, 21470, 72436, 60977, 499422, 272968, 179370, 291735, 350960, 98591, 444152, 316128, 428336, 287747, 362914, 427028, 46662, 122730, 413963, 35548, 23383, 460122, 495518, 427700, 108520, 436943, 125420, 207204, 235045, 192834, 411694, 207725, 261204, 470858, 114194, 136372, 344248, 182949, 318039, 238014, 356307, 436611, 21520, 409835, 258184, 310405, 138669, 180949, 400891, 313698, 343267, 52819, 405978, 394607, 301957, 259015, 34779, 139906, 351050, 229948, 44150, 187150, 65031, 298777, 453937, 273221, 320019, 399977, 208446, 468701, 160125, 277742, 169753, 268122, 115712, 366142, 419359, 76207, 275527, 295610, 332932, 361705, 75083, 386729, 68086, 297757, 271638, 408035, 142728, 318097, 326095, 259047, 244405, 43298, 401797, 180089, 470826, 310329, 499904, 296593, 42396, 160380, 432833, 121365, 105677, 253312, 38789, 260592, 104234, 186753, 85100, 84614, 323189, 204316, 127061, 439937, 456419, 81641, 9651, 233495, 86586, 476806, 454439, 43340, 478203, 253663, 212792, 161345, 89058, 67500, 12191, 448192, 174710, 231918, 354536, 409580, 9450, 203719, 51231, 149445, 218314, 361947, 397898, 449682, 339289, 444819, 321728, 175573, 450152, 314038, 211084, 25940, 257227, 494844, 495540, 239331, 364505, 119207, 469179, 331629, 111798, 495164, 239635, 399925, 261997, 12122, 456827, 43869, 305582, 418524, 11219, 345064, 356284, 197691, 134849, 211698, 130566, 275262, 255358, 142544, 422584, 348077, 365258, 283143, 238362, 134973, 310566, 305516, 80678, 442125, 32274, 234552, 436412, 240874, 444346, 475167, 375784, 61545, 499426, 476889, 305025, 298397, 151021, 449589, 488796, 345979, 115329, 251626, 96428, 125471, 7601, 151512, 175253, 470542, 335199, 388844, 127673, 406277, 397632, 103765, 121880, 421587, 154477, 291362, 412128, 276285, 34968, 467087, 474846, 451022, 230065, 122197, 51693, 191098, 357618, 463410, 304200, 327505, 395631, 163812, 115745, 129900, 48632, 475251, 458733, 365814, 267240, 470892, 383357, 211004, 150354, 311958, 344912, 439943, 488398, 442718, 358686, 236004, 49500, 27520, 301863, 440062, 476665, 116906, 32103, 451980, 88063, 189462, 186869, 214075, 467510, 270307, 124646, 459851, 203325, 197746, 365258, 389879, 430309, 293933, 102608, 93704, 307580, 490632, 182310, 162835, 441491, 284930, 156198, 329418, 208838, 282810, 320074, 390237, 128326, 487229, 152283, 167866, 365855, 98797, 285999, 98159, 153283, 70003, 370752, 98572, 230434, 19547, 452012, 271255, 123215, 493000, 337985, 296776, 144969, 441703, 395670, 118258, 2937, 268168, 223733, 80111, 482606, 70178, 165788, 321694, 484006, 240395, 273964, 62607, 394452, 443756, 132536, 187240, 261387, 127664, 176725, 267971, 338975, 56002, 379941, 87998, 431784, 183264, 164860, 434842, 380980, 184441, 196552, 273889, 457962, 29940, 252440, 169754, 68974, 354598, 39728, 306854, 422690, 268116, 21262, 371255, 185431, 427688, 306287, 9761, 94004, 98059, 217702, 283782, 101264, 188153, 286086, 390419, 425082, 401749, 128350, 293281, 339798, 261790, 163825, 428921, 404156, 199782, 400832, 403474, 493936, 245783, 88247, 246179, 498682, 195835, 335892, 127789, 160974, 294267, 158801, 151242, 437675, 257659, 327561, 268158, 33089, 478130, 458808, 32494, 315813, 224030, 159433, 235545, 20812, 456982, 440882, 22034, 106924, 381176, 112909, 420234, 122847, 417707, 111058, 137939, 497349, 62301, 476428, 280116, 65131, 237744, 3835, 14387, 97082, 405181, 110058, 43005, 347033, 425044, 460131, 444990, 387952, 18684, 51480, 469, 350290, 140079, 156801, 275998, 20378, 374617, 102934, 44900, 245249, 93022, 117227, 492347, 440520, 266070, 441896, 377751, 384252, 315202, 121551, 89462, 2492, 83110, 138613, 141105, 465050, 123058, 92884, 180578, 105150, 196523, 161158, 115257, 153602, 411120, 296931, 368671, 5604, 375225, 385291, 464468, 141485, 95656, 272404, 137649, 488153, 298380, 186417, 420802, 238193, 206697, 40560, 63056, 258224, 136490, 207203, 332829, 349658, 436021, 107469, 448155, 151325, 281987, 94971, 62660, 241599, 265652, 42017, 300167, 362405, 412703, 395605, 321524, 375222, 388, 489936, 360385, 13999, 289750, 486571, 263461, 209376, 223069, 355812, 365618, 499581, 93407, 34310, 437105, 221875, 410026, 168433, 388081, 466979, 238972, 405444, 63618, 2970, 226550, 449574, 314177, 10714, 262586, 338747, 387330, 237455, 34321, 388462, 373539, 430207, 33012, 293667, 423056, 483707, 3755, 394419, 269041, 240934, 436356, 367244, 350034, 114439, 253503, 393589, 43759, 486111, 154600, 51673, 398392, 71494, 270909, 475452, 340119, 282388, 438728, 373365, 283085, 375585, 402174, 487406, 78557, 415807, 23642, 436394, 180290, 192060, 396424, 355902, 143402, 390934, 262928, 125859, 112547, 95011, 137535, 164706, 90607, 371226, 379163, 472537, 222786, 495733, 444567, 66216, 5894, 180966, 369070, 402755, 208417, 74707, 479959, 198259, 50883, 406422, 357118, 483178, 35903, 396839, 175675, 60188, 308680, 429498, 276982, 460277, 95793, 209173, 180224, 282724, 324754, 266181, 320026, 316150, 275058, 140451, 34257, 302991, 469545, 150743, 338846, 393396, 254866, 496852, 246759, 40442, 360637, 102048, 197790, 39621, 196973, 292138, 77193, 458225, 358398, 217258, 10585, 422985, 43811, 324510, 225472, 325570, 427413, 243513, 228322, 282468, 474142, 439788, 150948, 476196, 151766, 364838, 444647, 15985, 92489, 337749, 450174, 353564, 303165, 266863, 142186, 44440, 284355, 6184, 232816, 346043, 195373, 223667, 293138, 32019, 457264, 386183, 22962, 430562, 188745, 299163, 449453, 175534, 104171, 314411, 483610, 352042, 6184, 205194, 382091, 319113, 254263, 440152, 55978, 481528, 111883, 476111, 259703, 478269, 62660, 495944, 407218, 142990, 218180, 402633, 497932, 324357, 239320, 241432, 125322, 290041, 329189, 170639, 384323, 69921, 1524, 312119, 109752, 45773, 109992, 346434, 481430, 163056, 110624, 454050, 361879, 383967, 361529, 164131, 172108, 307832, 293989, 208326, 393733, 187091, 287123, 43947, 123241, 296018, 386430, 207478, 220924, 223165, 329853, 184752, 348337, 367423, 275410, 396260, 171914, 422197, 489697, 75606, 201663, 329634, 398302, 313620, 32174, 106794, 79783, 369877, 42477, 416674, 169202, 76881, 410609, 287718, 102366, 261688, 88190, 83838, 58082, 434834, 199628, 469208, 254110, 288826, 390050, 209935, 84366, 221103, 369347, 324793, 225523, 272186, 261141, 438704, 282364, 498425, 311831, 269293, 259599, 153230, 479283, 183941, 63003, 183458, 390368, 73456, 242174, 460251, 334187, 315354, 64880, 318768, 133207, 315208, 420749, 322291, 220712, 351875, 405905, 322888, 349810, 323365, 183492, 130212, 322136, 133294, 420502, 324236, 392272, 134861, 283264, 148236, 471676, 25734, 8554, 439352, 292358, 69661, 269045, 99494, 288033, 423894, 488178, 142550, 498330, 395432, 119474, 408466, 298394, 211632, 272125, 443511, 327146, 382740, 358320, 15936, 212665, 281922, 462995, 348534, 69366, 400502, 229830, 108729, 458982, 387231, 190870, 189984, 268867, 366450, 448554, 85681, 314295, 31676, 40964, 145433, 489896, 307362, 11037, 294789, 465278, 49632, 299679, 100394, 47719, 101997, 124808, 486315, 63871, 234645, 16061, 232328, 93251, 79273, 255211, 150054, 251736, 319892, 232840, 407036, 336656, 102187, 418494, 450803, 466618, 483033, 201556, 246763, 184137, 339686, 384382, 226731, 43120, 341944, 335331, 62552, 31841, 408845, 168909, 111366, 382796, 139735, 313655, 180798, 178174, 281621, 282496, 410575, 67177, 482365, 302451, 156442, 225464, 252170, 132470, 192271, 62745, 122276, 162621, 218774, 348557, 49324, 332583, 461530, 315420, 115453, 76080, 282975, 220358, 238971, 60683, 141919, 191914, 107490, 348791, 4839, 394681, 197036, 416879, 13585, 58216, 178108, 444351, 265942, 153441, 439829, 475185, 393468, 137575, 354754, 149409, 4328, 317473, 243238, 19464, 23687, 339608, 29212, 392429, 89096, 234586, 9660, 385722, 409763, 359256, 434090, 268588, 328509, 231392, 326967, 285549, 68685, 343106, 25599, 136374, 422829, 177168, 165224, 51045, 447908, 287822, 327168, 98845, 441970, 258700, 286491, 325860, 362552, 165745, 404195, 310080, 57964, 188688, 457334, 158650, 245497, 277760, 428100, 161623, 162214, 164143, 257623, 448117, 209289, 493644, 66604, 29688, 358139, 427390, 273019, 322005, 414486, 377823, 139175, 340388, 175315, 110446, 297124, 460011, 95809, 104121, 43788, 359831, 284877, 332229, 137385, 169877, 18661, 257347, 329629, 105424, 467685, 249422, 358099, 170743, 106169, 121603, 177413, 478408, 181564, 68488, 257138, 252142, 484999, 267734, 298855, 228272, 344500, 361223, 473519, 421364, 249510, 206210, 48679, 457632, 38322, 263207, 452014, 92532, 103901, 449025, 105496, 236287, 161835, 48003, 353649, 400665, 128548, 307701, 408173, 256117, 23789, 356616, 198525, 48275, 98593, 1596, 70200, 412388, 490573, 368929, 137315, 82820, 294893, 22948, 206032, 335189, 266642, 13079, 235626, 195755, 307908, 52893, 261223, 366067, 151557, 347317, 103629, 410298, 328892, 325759, 475345, 267985, 132257, 379345, 395463, 182942, 210453, 385138, 482782, 83187, 133442, 362230, 235454, 479102, 476110, 273817, 299776, 331608, 66649, 84996, 190217, 434836, 314399, 96795, 6248, 126051, 31498, 438237, 208596, 280371, 119475, 383980, 31950, 328960, 287467, 230948, 486697, 455981, 364080, 451156, 223240, 110406, 77140, 166459, 335846, 216206, 19583, 221458, 132576, 236979, 212335, 253564, 60725, 272115, 113190, 445503, 159933, 277769, 238049, 25365, 276751, 112146, 132258, 484514, 483764, 452466, 216810, 493203, 388317, 137638, 411011, 298267, 212079, 346811, 239775, 138528, 205993, 318419, 11609, 299943, 314839, 70373, 495245, 337551, 241193, 236954, 377227, 151301, 389950, 71374, 318790, 174815, 3976, 444401, 395391, 346001, 102910, 71045, 66590, 292403, 245375, 41843, 284991, 280758, 170222, 184907, 434027, 195537, 422433, 227040, 295536, 118938, 477263, 53171, 32664, 405412, 225292, 436766, 363377, 68000, 477505, 229932, 267021, 418370, 305907, 443669, 420614, 27862, 112628, 353445, 373788, 47323, 248853, 106625, 350054, 465451, 74618, 274469, 307308, 264221, 261017, 96057, 196077, 266845, 305559, 339064, 138423, 250564, 160893, 54790, 487597, 254682, 89326, 64108, 337983, 27743, 216231, 88189, 450193, 148845, 394121, 497926, 60921, 305897, 410976, 307284, 160251, 57977, 187770, 190047, 120756, 62556, 307961, 281756, 322988, 120624, 219144, 466659, 252467, 338883, 291163, 247324, 72381, 208502, 278965, 188279, 312004, 148868, 351608, 247125, 266793, 355242, 177414, 405202, 274598, 479908, 449663, 55104, 313166, 65744, 383394, 365366, 490095, 350338, 443366, 336280, 484783, 435013, 445572, 301678, 28407, 389, 52614, 486168, 96389, 184448, 71224, 41030, 385913, 259930, 378613, 330819, 274100, 272795, 7937, 269568, 51590, 74318, 89671, 276511, 479294, 319585, 386500, 83522, 83402, 4400, 413040, 45860, 212521, 222969, 289421, 66969, 307757, 417749, 416741, 415034, 371591, 374347, 23520, 278598, 108019, 69882, 164423, 280911, 392779, 376249, 415794, 393738, 128243, 158427, 425962, 59095, 207122, 389737, 390767, 292086, 362542, 191248, 439625, 430415, 390082, 387888, 46221, 18865, 79662, 444320, 407189, 180942, 323255, 25118, 309604, 486292, 471758, 388086, 105863, 26414, 366685, 314555, 180575, 136757, 251150, 147794, 81265, 447283, 454024, 82903, 434338, 170612, 292675, 347894, 331861, 373562, 371588, 410322, 66719, 175773, 194168, 373875, 105257, 495402, 320980, 307599, 18273, 226531, 111896, 228894, 386991, 421687, 287970, 338577, 279037, 170802, 411125, 318434, 222237, 422821, 293381, 362602, 83676, 74184, 388903, 233615, 458345, 278220, 224226, 93271, 190463, 430402, 333725, 219726, 336967, 10931, 166473, 34868, 242624, 34857, 195806, 45200, 356574, 113983, 241710, 326457, 409350, 41527, 264759, 142712, 336567, 8186, 236599, 274923, 53777, 196470, 153567, 415622, 142895, 473643, 317472, 28574, 54204, 132392, 237020, 37034, 478849, 130440, 492446, 477981, 254331, 48939, 54927, 155003, 456998, 480839, 5270, 181487, 188119, 360200, 244900, 130993, 64215, 384398, 429962, 179594, 195172, 29688, 441952, 214492, 187549, 393923, 149529, 181473, 209515, 163092, 236798, 141734, 200761, 386007, 467730, 37243, 102484, 481156, 274860, 432606, 91091, 22544, 320300, 94116, 71444, 365774, 165632, 490377, 364526, 347287, 161292, 332620, 213138, 329437, 215, 130417, 183831, 109494, 406633, 306749, 272020, 323890, 300397, 452918, 465918, 192769, 29544, 178453, 455229, 272280, 19955, 445570, 241954, 69300, 454451, 94657, 175880, 137650, 46820, 226843, 89313, 291826, 320221, 383132, 445447, 408712, 137223, 378802, 84541, 83228, 274170, 111231, 306436, 107228, 346294, 366713, 157070, 113141, 342655, 391677, 251533, 142694, 436337, 82982, 296132, 318799, 168570, 391991, 230158, 471222, 437866, 493109, 250501, 91299, 238100, 177410, 433728, 386763, 202419, 440221, 250951, 138958, 169848, 29810, 387384, 244484, 449944, 216031, 326117, 472638, 428347, 345312, 458281, 155056, 355517, 234519, 96219, 239681, 497162, 363916, 397639, 237654, 71944, 44745, 47218, 383241, 35856, 214320, 444482, 363947, 480765, 119258, 218718, 92441, 230123, 198403, 48897, 39080, 55292, 146716, 349288, 95252, 316231, 285793, 446989, 201616, 16740, 54485, 241806, 163248, 188028, 447122, 442135, 218891, 270258, 287788, 297782, 382242, 310574, 389473, 161569, 104700, 262, 357737, 77011, 246889, 225834, 278135, 285264, 249120, 266250, 314693, 211604, 4836, 467158, 459975, 260832, 85107, 73884, 271805, 81515, 279627, 349616, 281749, 215936, 215502, 218995, 433676, 197565, 328517, 184062, 425356, 239637, 408607, 10607, 384720, 141042, 384088, 106168, 465723, 241372, 6261, 127815, 125418, 340472, 260077, 172169, 31002, 390472, 166787, 38827, 415779, 114405, 158985, 50444, 1588, 220510, 165080, 482726, 75741, 134012, 272158, 201896, 409746, 210803, 266202, 397970, 315183, 428682, 11516, 322281, 378184, 150455, 292894, 134348, 476081, 235244, 480333, 163433, 25646, 158722, 454197, 275423, 111511, 401035, 180656, 399024, 34702, 305393, 47523, 68955, 310429, 183578, 466819, 393148, 261658, 204480, 248282, 351006, 181748, 15083, 443561, 349103, 276686, 118442, 293778, 90900, 182034, 199418, 438814, 403344, 124853, 241296, 369099, 425311, 133379, 722, 73030, 131696, 216284, 145549, 161581, 176953, 85347, 259619, 321287, 438720, 475405, 239566, 204497, 291310, 352550, 243170, 370613, 176057, 17346, 472928, 347498, 41701, 144576, 57488, 35687, 440735, 269463, 428899, 61639, 255, 183948, 498797, 88612, 314739, 385243, 283256, 28949, 129581, 153583, 466348, 471061, 179816, 65505, 428168, 406962, 179809, 344988, 100303, 352381, 323846, 82675, 136708, 75717, 168879, 287331, 240128, 168491, 382870, 449534, 180675, 92253, 60366, 26708, 166874, 227275, 359920, 6674, 162143, 403461, 20851, 114605, 251814, 67992, 82319, 479996, 79214, 382898, 458700, 419423, 219963, 253441, 96610, 104921, 160274, 195529, 438917, 403587, 475545, 494993, 425963, 430154, 446724, 245891, 146428, 354181, 198231, 370675, 411123, 87862, 469538, 34816, 20589, 317000, 481306, 39437, 175749, 105086, 12599, 29049, 348375, 185690, 448528, 182805, 322054, 276803, 485692, 380673, 284550, 246095, 87853, 288630, 424000, 470001, 108918, 198483, 484384, 40913, 366641, 47330, 84243, 90969, 250858, 141045, 62798, 253561, 132842, 174975, 252737, 195922, 283154, 275088, 120744, 232136, 318039, 1969, 230138, 118654, 95319, 452814, 32412, 145157, 31802, 309497, 342475, 424492, 177200, 409216, 303831, 183975, 413082, 403254, 230379, 284874, 116974, 74489, 260538, 287074, 263628, 352135, 227651, 447003, 36990, 145440, 104225, 226263, 173989, 294313, 124921, 306276, 458101, 125777, 371323, 59542, 53278, 261704, 131948, 58946, 449436, 213127, 278274, 335481, 216258, 180021, 355707, 392556, 260814, 441242, 369328, 274885, 388693, 146293, 255701, 287471, 186238, 316852, 356696, 4387, 294223, 441424, 455466, 53274, 165782, 197464, 409377, 430017, 373759, 184556, 143680, 53351, 162820, 181239, 363202, 435122, 195986, 80223, 12202, 63904, 126002, 339878, 266192, 326491, 334899, 355912, 327112, 168513, 411985, 268611, 297551, 355761, 431272, 142895, 254933, 435624, 232889, 337033, 214095, 138388, 209071, 318512, 127118, 439833, 269044, 242928, 416303, 370202, 158646, 416639, 165020, 301718, 416006, 466451, 286750, 493338, 480361, 217857, 114317, 333717, 106743, 270683, 194269, 143986, 156126, 308397, 298835, 454289, 119746, 199537, 341958, 315430, 224209, 79951, 287292, 317284, 196045, 167462, 21191, 56553, 165727, 282617, 6131, 384782, 193728, 371978, 178747, 284760, 9224, 235620, 111987, 337853, 125234, 264505, 217994, 356720, 356667, 311489, 427091, 268693, 213740, 189144, 140639, 447852, 363710, 453335, 488900, 195347, 253717, 138085, 171144, 457809, 290370, 447560, 449726, 312431, 439195, 427960, 376704, 416261, 185091, 262540, 387755, 260359, 249202, 157502, 499568, 334844, 312652, 408912, 244075, 353001, 33213, 16485, 13871, 20878, 443210, 327511, 241327, 314155, 65204, 133320, 253746, 494378, 365077, 332505, 324060, 264984, 176973, 26990, 224350, 29738, 12818, 222313, 208940, 329463, 13993, 421401, 458636, 188195, 498603, 206111, 332317, 182179, 242047, 290464, 86511, 32326, 190474, 278069, 240501, 376922, 115763, 259936, 377328, 394627, 231003, 410169, 109405, 388837, 189971, 427257, 222511, 174259, 327785, 438700, 224120, 314167, 382245, 5533, 294477, 40591, 239914, 443381, 22951, 294827, 286640, 496638, 227498, 4556, 444926, 188734, 93527, 299387, 497645, 193686, 154079, 266871, 466442, 415559, 156088, 128165, 441250, 245922, 12968, 106500, 352980, 162780, 156199, 260798, 309922, 210933, 457396, 400403, 238725, 309665, 136390, 27821, 323811, 495142, 366272, 379374, 20272, 335535, 442484, 373704, 302560, 476154, 229883, 292876, 10818, 301389, 464670, 11519, 308099, 126487, 347496, 327725, 7730, 351701, 25199, 95981, 492281, 153322, 291491, 122820, 348415, 135496, 353147, 140963, 147670, 427754, 252183, 249282, 397629, 398849, 397420, 214035, 84791, 297904, 225589, 64873, 189632, 129365, 353732, 462789, 125058, 156508, 91774, 413741, 328137, 170223, 158756, 41552, 102944, 116545, 41327, 48132, 198862, 477764, 120250, 458800, 353316, 236177, 147450, 143408, 66914, 345902, 485727, 102624, 250906, 397942, 270082, 174699, 340868, 144632, 295518, 372887, 246531, 81317, 419621, 261881, 396256, 329686, 497967, 469852, 78644, 387214, 394429, 492874, 57945, 206626, 481159, 177512, 461847, 401834, 159370, 190291, 131007, 212691, 341149, 157508, 309889, 344302, 245846, 19271, 390109, 127975, 420729, 239686, 144825, 88460, 91374, 85099, 50884, 111949, 429121, 88216, 59361, 90347, 419365, 224591, 199085, 332474, 68223, 170193, 184227, 107490, 17424, 152202, 346484, 397174, 142452, 24363, 94529, 8330, 438857, 1229, 379192, 432860, 85291, 493936, 207896, 222350, 261520, 93922, 440325, 412562, 88022, 312679, 389787, 382922, 16337, 418841, 394699, 218538, 412899, 224733, 455748, 302625, 498117, 120338, 183718, 214063, 412176, 74204, 274350, 177713, 275117, 369147, 54745, 383583, 438886, 206084, 407529, 482110, 453753, 350104, 105154, 11468, 431313, 343209, 250302, 42789, 166210, 479580, 100241, 468527, 163137, 409020, 156294, 227380, 355136, 128632, 260844, 172718, 424230, 455221, 256106, 388624, 120109, 360066, 38678, 411096, 278676, 217676, 235950, 355883, 336664, 360726, 274841, 186763, 31584, 79925, 456645, 391665, 469195, 490577, 275756, 74702, 73330, 128890, 5764, 151687, 135175, 73763, 29913, 288455, 154570, 307427, 447985, 428578, 496344, 67685, 488807, 23330, 323118, 242302, 14476, 58009, 208475, 5230, 269774, 153269, 79890, 207136, 341175, 289561, 447974, 436413, 46775, 166808, 111451, 438867, 350802, 489656, 363863, 204132, 134078, 343743, 224052, 262200, 92863, 35290, 252954, 121187, 49274, 301383, 374582, 332694, 261223, 298876, 278863, 402923, 411772, 211670, 212592, 83328, 107366, 352269, 462413, 235452, 246651, 463039, 54319, 62758, 101600, 59271, 461098, 199360, 131468, 255253, 232757, 386034, 320085, 131217, 21862, 306654, 130052, 171954, 83437, 476488, 169501, 383887, 395185, 261574, 144805, 451640, 445898, 382173, 424654, 224701, 330383, 498513, 164080, 5659, 323, 1371, 225314, 416578, 286100, 413777, 7954, 200745, 365796, 288368, 440135, 12181, 111035, 78111, 199691, 221649, 28405, 85420, 444898, 331832, 74602, 91433, 27448, 385651, 200084, 110506, 386001, 465535, 210376, 414389, 463497, 141202, 295867, 189509, 351511, 338002, 357078, 64624, 390363, 183927, 431326, 375669, 470485, 222293, 466255, 274732, 373714, 475507, 339097, 235066, 431073, 56339, 325058, 191502, 130895, 373663, 456606, 129665, 290526, 34033, 188911, 6537, 400699, 148650, 357617, 111039, 482562, 476531, 205274, 2415, 291797, 390547, 230809, 271044, 415087, 493041, 220547, 259952, 75637, 497722, 166647, 100965, 142789, 375776, 353384, 67821, 264646, 412663, 210084, 356969, 19594, 428685, 364794, 143229, 298919, 411217, 474382, 330256, 432270, 23766, 214495, 162452, 229557, 484209, 339780, 237947, 7793, 376054, 28577, 156821, 27472, 100904, 326293, 359469, 340349, 320031, 96397, 224287, 304431, 399328, 406548, 54880, 178350, 461060, 220863, 492018, 3309, 125989, 441065, 204795, 87089, 439651, 21916, 130513, 341654, 105072, 300438, 80237, 480789, 448357, 286682, 171709, 132161, 295226, 141403, 74274, 3680, 496595, 171148, 287481, 113490, 57280, 230827, 37480, 17261, 346406, 404281, 393381, 393362, 377243, 31079, 278644, 427474, 300944, 426886, 195562, 498202, 173828, 189231, 419544, 218177, 9843, 278527, 310926, 253866, 268200, 240232, 431046, 247934, 31565, 490375, 174182, 312834, 453434, 399771, 432472, 250598, 470614, 260992, 394212, 413401, 130028, 151966, 411106, 233625, 160256, 31801, 411902, 364266, 157466, 498315, 270282, 158411, 197148, 402809, 7669, 182982, 319789, 117299, 304883, 360965, 476692, 430741, 390460, 439846, 141710, 345485, 7726, 269291, 383685, 78427, 102372, 214000, 98594, 130522, 91979, 374297, 345569, 492956, 407197, 389734, 151618, 474775, 279315, 263589, 91583, 314757, 229728, 471752, 155073, 225820, 229632, 334994, 156934, 482754, 382948, 304167, 171288, 499167, 21835, 487556, 309812, 48657, 417467, 396530, 407368, 409400, 377435, 352087, 381938, 205370, 173994, 170474, 275098, 171320, 326185, 377518, 382934, 201556, 452219, 131015, 432288, 134315, 293320, 213112, 46891, 389158, 28457, 288428, 473822, 7066, 362776, 132173, 371301, 215444, 209752, 305378, 280290, 35021, 231079, 264711, 311042, 81212, 175477, 233710, 244139, 47067, 94882, 147751, 73820, 435275, 370427, 162467, 206355, 177386, 388591, 158164, 411140, 281870, 428744, 23926, 179090, 93566, 471532, 303739, 226848, 400464, 125071, 337060, 474681, 52251, 275989, 86780, 136800, 173844, 132659, 40988, 450788, 290630, 261478, 462138, 326496, 207117, 92142, 435926, 264318, 98859, 68926, 257918, 333996, 452757, 210049, 95578, 420568, 388044, 9661, 130792, 458019, 196858, 53091, 366244, 497680, 13614, 421049, 30535, 146740, 460362, 64396, 174521, 307937, 5814, 290087, 390176, 387109, 482888, 279137, 139998, 6984, 459465, 62380, 284004, 211902, 108133, 11083, 107524, 345055, 278295, 417885, 400488, 481881, 268111, 466693, 165809, 406195, 106085, 431285, 28197, 199327, 452965, 380819, 372849, 331729, 30174, 463414, 106520, 331466, 98023, 280016, 336324, 425069, 132295, 63063, 102294, 179154, 364720, 217342, 205294, 20720, 237422, 483734, 436638, 113569, 153448, 5374, 381208, 368682, 461542, 190547, 35531, 312649, 274007, 280275, 63425, 384828, 360753, 373974, 339341, 230266, 305692, 196198, 328674, 334745, 312812, 299793, 308257, 317692, 316843, 399934, 64157, 233081, 259347, 445516, 198048, 82902, 385655, 190144, 73820, 163421, 401874, 95599, 31446, 182346, 31456, 404818, 472859, 485510, 256320, 164464, 219002, 226111, 397732, 401466, 198249, 260703, 251724, 374915, 385319, 193829, 191903, 253290, 277671, 36147, 156760, 41808, 73959, 308132, 372116, 367958, 450745, 308506, 178429, 426999, 436350, 476254, 443049, 3370, 419145, 139636, 296219, 375408, 356194, 309925, 222458, 263973, 239406, 284812, 23187, 64003, 121363, 438088, 30613, 134966, 247726, 80748, 109364, 140877, 17176, 7651, 379753, 357720, 485147, 67707, 139570, 176252, 316418, 248802, 119447, 267788, 403497, 291417, 24029, 58739, 134603, 178381, 217210, 259545, 267909, 51209, 494936, 403299, 270893, 426538, 376392, 92589, 149305, 322429, 329890, 447177, 474891, 345753, 66317, 299350, 110769, 430022, 2260, 38690, 192142, 112509, 183480, 184081, 325859, 267374, 295128, 135487, 309439, 292451, 349602, 126799, 454318, 273979, 447414, 174177, 35406, 296817, 364768, 391645, 386657, 104759, 80951, 262980, 462478, 144937, 267947, 222155, 208481, 176392, 91447, 51323, 255372, 142847, 108321, 457680, 18180, 373947, 73342, 382856, 198251, 346989, 305547, 163604, 394852, 348794, 312748, 309189, 272364, 33917, 353491, 478532, 367008, 465726, 317620, 407688, 467151, 183526, 232608, 491042, 445179, 376713, 82361, 382910, 393381, 22559, 346694, 1170, 175915, 34601, 335705, 238048, 137851, 136166, 277745, 199413, 227389, 80590, 60210, 40551, 211082, 319388, 142165, 310507, 272052, 63512, 141832, 203206, 60452, 211696, 136227, 14326, 355469, 433305, 211730, 101012, 488106, 336840, 248014, 140497, 379519, 90008, 301887, 165263, 90169, 178101, 54419, 366043, 206562, 49830, 224278, 242807, 74756, 227754, 84826, 341583, 82128, 103750, 263482, 207714, 185482, 416273, 224112, 45512, 144794, 136638, 172900, 126248, 413905, 468987, 215116, 270547, 417603, 479936, 322736, 100, 459711, 100622, 82199, 493287, 300257, 148749, 109596, 399352, 232741, 165582, 138020, 267557, 256214, 117315, 304840, 392936, 117386, 386201, 221881, 59259, 465766, 254482, 235787, 250448, 323087, 403610, 318252, 498989, 349704, 473086, 380302, 159493, 36157, 91784, 33313, 278697, 274499, 437175, 167817, 488915, 468045, 96672, 162503, 123858, 247403, 63302, 226954, 413740, 322059, 311986, 323749, 364666, 10541, 37171, 157868, 327507, 436400, 362473, 463289, 84120, 79457, 243979, 251171, 247839, 443845, 150794, 353141, 93388, 473592, 187115, 285811, 366393, 381563, 145327, 113675, 88765, 337340, 336951, 32010, 13605, 432923, 40056, 379201, 180060, 274807, 258609, 13802, 158958, 194866, 341924, 237951, 445178, 383067, 66356, 113448, 80508, 213959, 451762, 135380, 355338, 353736, 353205, 220886, 275227, 284958, 60028, 130179, 155355, 87418, 391283, 339780, 292730, 374428, 71964, 246653, 162542, 413583, 245905, 132969, 318790, 152174, 48330, 38282, 282359, 234233, 271705, 43761, 316232, 65472, 405151, 495019, 400657, 359873, 331100, 220213, 356005, 323942, 413133, 256568, 365869, 431956, 114776, 57295, 378900, 235715, 96711, 480173, 162380, 288048, 5302, 3570, 342052, 132894, 373767, 347247, 417935, 34260, 213962, 255811, 451965, 362960, 375178, 250332, 215997, 245339, 55274, 154348, 275636, 40652, 50007, 168612, 211591, 208146, 273878, 393152, 45324, 474507, 319, 428601, 276948, 175606, 181085, 193314, 376511, 387657, 484765, 310838, 431167, 447119, 267136, 50635, 416712, 159878, 45268, 333726, 241158, 91905, 133717, 53967, 297221, 419015, 142, 141847, 44750, 221453, 458220, 462420, 379000, 149307, 473366, 408419, 460407, 130028, 133674, 313033, 103116, 291499, 362545, 414755, 239825, 165622, 184555, 4357, 512, 355558, 432090, 89252, 292799, 456892, 121678, 364654, 380852, 181013, 397913, 411713, 280421, 439770, 183766, 39625, 235885, 291423, 412411, 183133, 389685, 173353, 5461, 37697, 242055, 386808, 483965, 31964, 446753, 173555, 367585, 24420, 458606, 452632, 14214, 284744, 128408, 4180, 406648, 460246, 140184, 130493, 433794, 307557, 360857, 144929, 105, 209743, 81222, 55084, 353678, 14568, 373917, 221853, 38258, 41440, 427948, 466548, 139175, 308022, 407484, 379381, 156286, 444559, 472228, 14180, 103774, 211519, 44182, 307456, 297269, 462574, 346821, 278824, 229240, 442616, 431473, 497122, 228754, 428600, 495424, 458180, 380944, 231640, 71370, 460335, 361460, 348550, 226348, 68143, 249554, 300971, 183025, 332543, 203479, 178614, 103519, 37527, 266624, 294185, 71541, 473045, 348652, 347465, 262528, 251262, 241919, 301942, 465413, 343569, 89105, 478325, 331196, 238519, 380916, 90528, 407049, 232663, 87265, 84777, 252732, 47541, 18405, 87419, 175926, 145065, 185859, 266690, 22197, 27620, 450322, 40560, 75033, 119281, 225527, 101411, 394491, 409302, 497578, 176774, 195305, 397645, 445860, 485243, 354514, 159137, 468044, 270866, 210900, 338984, 433778, 8415, 22827, 120517, 84665, 113411, 451758, 424862, 338658, 471590, 256199, 192238, 258127, 109146, 24881, 276760, 117835, 45478, 433939, 487991, 450712, 468262, 24403, 445321, 68097, 262822, 278191, 92139, 235900, 63946, 383260, 1881, 346562, 88137, 69290, 437883, 174799, 251483, 155578, 382809, 169853, 89987, 396627, 452, 2052, 494276, 98112, 70038, 251002, 194626, 137344, 428094, 83743, 108530, 421222, 393814, 223007, 468074, 217965, 431867, 65329, 241771, 84810, 315339, 36460, 270393, 41728, 468585, 102905, 204654, 215606, 184714, 352428, 265338, 374493, 224529, 111425, 341661, 28848, 195535, 428328, 29875, 301405, 132176, 8637, 124176, 283456, 141390, 264255, 319667, 332844, 82314, 460383, 382677, 94533, 344612, 296782, 417004, 83252, 125029, 388384, 201362, 396760, 278978, 276266, 126808, 262247, 398646, 239825, 55649, 65906, 405740, 482956, 458805, 156666, 346178, 64640, 323489, 425629, 361337, 254491, 11963, 374375, 486498, 17207, 446076, 453743, 99045, 304493, 25136, 152494, 75826, 23080, 205132, 348929, 5372, 28235, 344751, 31136, 419623, 484167, 117646, 397683, 366472, 193742, 294215, 146606, 159144, 231433, 192138, 254005, 149860, 29486, 64633, 47015, 310494, 145397, 76370, 110485, 265720, 454687, 176036, 67342, 348120, 459824, 226117, 177801, 14903, 400896, 278430, 98162, 155729, 228708, 111127, 263767, 172748, 497854, 62885, 363434, 225906, 387862, 363348, 284324, 365986, 353719, 230959, 200495, 11333, 112006, 326297, 357076, 462615, 95884, 213947, 121624, 389236, 499255, 432106, 324872, 293953, 395111, 431333, 32307, 198981, 459240, 416066, 62573, 192581, 300637, 466192, 499733, 312398, 408153, 36542, 236246, 498161, 46311, 85219, 33540, 43654, 457934, 107840, 180680, 436602, 325191, 75832, 143586, 430356, 354389, 159929, 107855, 251212, 355308, 447884, 249918, 198723, 296309, 426314, 311259, 325433, 2504, 97677, 108965, 441309, 317668, 309436, 279784, 328945, 29472, 198826, 215956, 236122, 437556, 331591, 282269, 176825, 425758, 20968, 229771, 346957, 429995, 8158, 235601, 90256, 73383, 428624, 91981, 326609, 75472, 344036, 227370, 317602, 15785, 488943, 234353, 419669, 132489, 297605, 457226, 436454, 494722, 117723, 117622, 248136, 313861, 12657, 200938, 228543, 36675, 428926, 350689, 430551, 311582, 85217, 299933, 318484, 485493, 37847, 370872, 399277, 34540, 258234, 431340, 425333, 240937, 258272, 4911, 56933, 228305, 204487, 91155, 368453, 452616, 418619, 418899, 404494, 488974, 342272, 31016, 414931, 237217, 275432, 387057, 429331, 491810, 178450, 45063, 439196, 488991, 314845, 192691, 475617, 213459, 305656, 169617, 403215, 60529, 284752, 348945, 259976, 354802, 142354, 80927, 134127, 251194, 160496, 231290, 378447, 204135, 384445, 63400, 262725, 259675, 425660, 311829, 311912, 12144, 113621, 371879, 50656, 25474, 363787, 365289, 340185, 437334, 312143, 187409, 360198, 173478, 305909, 94369, 425583, 257549, 129743, 279764, 422176, 100786, 499248, 32866, 402358, 479301, 69646, 351953, 133807, 174756, 428638, 458724, 324581, 53800, 234136, 227892, 253086, 376476, 28745, 437509, 293490, 230980, 127410, 387322, 57619, 256476, 45406, 9903, 236387, 456508, 104737, 232552, 435191, 300413, 478822, 437500, 244508, 17995, 136241, 333274, 423024, 138386, 217335, 449315, 360496, 434447, 269807, 279673, 489604, 233710, 90001, 12226, 99294, 434478, 235142, 207914, 288321, 350171, 80181, 63411, 406545, 276881, 132891, 471751, 433710, 317847, 396890, 243623, 63369, 411240, 345652, 2724, 436645, 377495, 427354, 386376, 281404, 299235, 119782, 341911, 472817, 31856, 234886, 483022, 359673, 41038, 199738, 144808, 116360, 176214, 317658, 35304, 316149, 74494, 487868, 214568, 240381, 81276, 122078, 268465, 242124, 387994, 130630, 274893, 392360, 405380, 453028, 148026, 251081, 157699, 425503, 203165, 58973, 479928, 181395, 432721, 206247, 204088, 7064, 453779, 298590, 269575, 91648, 31682, 197797, 229653, 314344, 253644, 27981, 198451, 332093, 456770, 92886, 113069, 22400, 25007, 79232, 491331, 364664, 28128, 49078, 124954, 335111, 65479, 397633, 313526, 425744, 58296, 272173, 310990, 470577, 411268, 8503, 248519, 50273, 136222, 439402, 239159, 485862, 66803, 103422, 189348, 241790, 74679, 315456, 109709, 378682, 389801, 149180, 465411, 288649, 252944, 413346, 69006, 72198, 387529, 415696, 154890, 428383, 456244, 201824, 147791, 237548, 158731, 194664, 179558, 218710, 447184, 410734, 400297, 154407, 226449, 361487, 117382, 61202, 171898, 84436, 244985, 223552, 82683, 314808, 253853, 424470, 143106, 410720, 332193, 24362, 93959, 442380, 367150, 320064, 153427, 489409, 346189, 335494, 252396, 47923, 157831, 38738, 50640, 107913, 213824, 470489, 470184, 236955, 275557, 266541, 93328, 118020, 137681, 401076, 80055, 65353, 190829, 27797, 278750, 170626, 186984, 68241, 374067, 231800, 24212, 249532, 49559, 200050, 306552, 234086, 226555, 90095, 175124, 460080, 58241, 399184, 367519, 296060, 411320, 431291, 255551, 66703, 17671, 228410, 46998, 148946, 336790, 365475, 472598, 324466, 264767, 295751, 53246, 477585, 363064, 19609, 375674, 48052, 339442, 238691, 237248, 229493, 405983, 462918, 434308, 493558, 299692, 211695, 183100, 229247, 279478, 476248, 303908, 463526, 187147, 207207, 144543, 404849, 290829, 246601, 123319, 242793, 407669, 457411, 475418, 95313, 161125, 126626, 273511, 444356, 339116, 240860, 356056, 196175, 101442, 108885, 78499, 496480, 169309, 116849, 428607, 36527, 271299, 367988, 354440, 108791, 193997, 238442, 347875, 430145, 201852, 108075, 15912, 59583, 192804, 446177, 234889, 36974, 281227, 50078, 130868, 7133, 299196, 466167, 352669, 116557, 276447, 370284, 190187, 87558, 212038, 370800, 303975, 332254, 160518, 389678, 467794, 463959, 405051, 131191, 131329, 420470, 177210, 343023, 316164, 372146, 313631, 444409, 284245, 446914, 367561, 196917, 320736, 432568, 10941, 480915, 233524, 175244, 497894, 347142, 56179, 225358, 78414, 485879, 323456, 425054, 484488, 244017, 103441, 398340, 144255, 247111, 393980, 59466, 213461, 67968, 266669, 489119, 316932, 323972, 170081, 28268, 388419, 70231, 478082, 493759, 386636, 371401, 109750, 196898, 192690, 324013, 278682, 292724, 361745, 411449, 153041, 367514, 354784, 220321, 82757, 424064, 458444, 220352, 473823, 192386, 499236, 359949, 460622, 296452, 164471, 268743, 238325, 346130, 82424, 59797, 12907, 38, 278699, 244579, 171708, 499489, 118606, 117113, 265244, 289196, 92129, 176236, 63273, 88628, 169261, 118963, 235210, 385634, 253972, 435744, 21913, 302503, 486771, 123115, 217853, 186574, 248171, 301291, 231986, 2305, 115216, 52757, 447408, 362635, 218540, 394123, 200381, 97311, 65760, 157131, 35950, 310264, 351001, 403616, 270402, 68781, 244973, 422367, 228613, 258841, 95074, 241653, 299865, 319202, 368675, 109298, 459178, 498230, 339846, 471048, 129446, 336446, 249437, 359090, 312908, 33559, 57303, 149239, 76622, 219084, 131769, 42116, 81798, 366087, 4096, 166915, 417516, 493203, 470102, 26836, 107438, 254752, 320424, 472433, 360333, 369118, 60053, 424871, 157092, 51975, 562, 398117, 125685, 33631, 108349, 101947, 64915, 106001, 43517, 473863, 166118, 268863, 354973, 432298, 332697, 475524, 278028, 467944, 398323, 283783, 246718, 454039, 421928, 204774, 186451, 277098, 159619, 408039, 42215, 120219, 109685, 421645, 307249, 12788, 499879, 94325, 468035, 153989, 357637, 10991, 282769, 22202, 178757, 347208, 448829, 250093, 330325, 226993, 343288, 122007, 317352, 422332, 481287, 109929, 443415, 198664, 191075, 202081, 339482, 290671, 143214, 482889, 479709, 204317, 460098, 286198, 450786, 99762, 165433, 21328, 430294, 315394, 383531, 58146, 140910, 110041, 490206, 333636, 194331, 129837, 449946, 341472, 392146, 335638, 273988, 321644, 266108, 332726, 300123, 1519, 226906, 227884, 178296, 355930, 107177, 220157, 180109, 101229, 161408, 102867, 216578, 135450, 458022, 117492, 64232, 291862, 14877, 461708, 31861, 8842, 265145, 293055, 227452, 386927, 447332, 482406, 404760, 403106, 179315, 415022, 112661, 448626, 402035, 112998, 423158, 484163, 36511, 350623, 183306, 212212, 412, 317439, 412151, 233118, 334218, 214580, 197367, 139064, 24987, 142926, 206198, 245499, 134695, 262194, 15944, 319224, 193480, 339777, 76361, 327322, 369172, 82527, 117035, 295791, 198994, 492949, 302053, 387237, 463660, 410816, 216569, 209004, 319081, 436917, 299263, 464357, 29822, 361688, 251805, 209098, 292467, 279550, 364823, 179422, 305770, 132286, 83552, 472029, 173317, 479678, 206095, 47111, 436034, 426601, 75012, 55875, 401163, 405513, 328383, 393884, 426037, 495995, 81712, 13958, 474781, 127794, 441563, 237423, 88394, 120834, 288367, 93063, 90109, 349884, 246186, 60387, 19729, 436030, 471153, 461680, 298224, 370534, 81086, 219151, 210316, 79291, 146499, 123742, 61450, 95444, 209105, 249994, 284074, 92298, 231380, 7981, 108989, 200035, 227832, 195525, 372200, 45278, 386514, 113120, 348244, 391280, 188989, 125603, 2829, 53719, 389882, 372526, 332494, 196558, 131387, 191539, 399472, 477840, 288883, 441024, 344434, 349025, 453726, 66421, 400501, 496503, 498759, 473100, 463403, 258418, 466272, 430643, 39700, 433224, 7262, 336896, 10541, 17546, 323616, 117253, 233739, 102600, 434961, 221364, 59537, 190933, 135002, 289646, 214300, 127138, 293624, 254045, 57647, 81981, 91040, 451847, 358062, 452700, 223646, 96488, 273820, 454890, 16541, 427267, 59275, 223702, 176500, 208557, 395220, 203536, 85749, 311780, 20022, 293669, 367906, 211858, 22945, 277646, 454656, 152130, 363706, 300911, 214032, 410694, 30524, 278303, 40097, 210583, 52440, 451171, 235625, 165777, 419531, 286305, 327459, 157581, 394595, 436024, 173749, 477453, 308466, 267461, 90943, 15546, 19219, 128809, 379027, 258805, 247133, 469456, 300866, 229092, 31602, 152211, 46233, 444874, 466580, 379012, 490475, 494429, 267805, 243709, 54201, 440212, 143895, 461832, 315955, 30354, 108332, 405179, 4185, 236055, 103873, 321855, 110431, 255425, 8182, 441423, 361718, 307291, 455476, 412317, 125095, 16233, 27098, 428336, 364513, 208517, 402915, 15545, 182000, 274351, 35643, 492320, 67602, 53053, 332268, 424326, 448948, 118703, 36025, 466736, 238106, 36279, 388159, 9902, 263836, 429604, 401682, 48997, 278029, 292356, 314668, 254721, 127087, 18114, 253341, 53330, 450133, 407328, 476462, 8008, 173974, 281082, 451877, 419315, 241975, 39033, 141025, 123212, 282494, 493253, 12207, 58024, 11724, 289305, 139822, 343876, 120808, 99373, 324839, 460462, 370025, 446033, 359096, 284073, 452765, 450233, 267408, 463447, 387221, 188723, 84659, 323428, 394578, 394015, 426727, 212063, 124200, 410459, 315860, 442419, 118274, 124993, 477572, 137578, 266517, 39228, 417004, 274937, 232951, 270490, 251817, 68318, 95959, 352391, 32781, 75010, 234223, 367487, 328044, 387584, 264961, 112831, 999, 380984, 198447, 135265, 149604, 497689, 29097, 61999, 465483, 111008, 150001, 131736, 10816, 351912, 146319, 352264, 417674, 197913, 338825, 172114, 158290, 229379, 375322, 496821, 29322, 108007, 298247, 51634, 26876, 175974, 73799, 327917, 138198, 384912, 428167, 48815, 135117, 28469, 298219, 348291, 353223, 137314, 141360, 88953, 140100, 235683, 303450, 307874, 458677, 15208, 268160, 428440, 170979, 323746, 370100, 464504, 253913, 152463, 2188, 400817, 81102, 245329, 324290, 188445, 203861, 455839, 371935, 234131, 388629, 229712, 381941, 197017, 46554, 409836, 120927, 385158, 14234, 316065, 464322, 188578, 471312, 106645, 95337, 28726, 100462, 101570, 464127, 215482, 4503, 41298, 499005, 392514, 474791, 372436, 297976, 341866, 330806, 61251, 15911, 218805, 452111, 61149, 441205, 40402, 318865, 334156, 152635, 448195, 109745, 110710, 319895, 238667, 310239, 19945, 211384, 56272, 310094, 184863, 62700, 432301, 400061, 181825, 140892, 425509, 164262, 207237, 451046, 317367, 398518, 465716, 267085, 464693, 282309, 474948, 7414, 113654, 481997, 265910, 334698, 7809, 197241, 395690, 110795, 383484, 291963, 274531, 126454, 236808, 208747, 444539, 446255, 285795, 318907, 370702, 450091, 3330, 370815, 231989, 490920, 427870, 33345, 310805, 99674, 43461, 95111, 160205, 426747, 373156, 83267, 308448, 173974, 113593, 183099, 20659, 145022, 252704, 9296, 154937, 446232, 112245, 40788, 67415, 369532, 23029, 2951, 400593, 497793, 204615, 444601, 28939, 22965, 60935, 411757, 328279, 442850, 137802, 461719, 314479, 16293, 462632, 222644, 298261, 247657, 245656, 190154, 281876, 127739, 222822, 248499, 376521, 173651, 142646, 290497, 43330, 113532, 334749, 3843, 475623, 178112, 163276, 374156, 289926, 207849, 276530, 176656, 344735, 233277, 69396, 251509, 63739, 224624, 343657, 391159, 29380, 395355, 375581, 411744, 9694, 30599, 360925, 289898, 152314, 62145, 42067, 156594, 203323, 455010, 492389, 96453, 12189, 403600, 415232, 433459, 455097, 103684, 64480, 210805, 26330, 100290, 43024, 399248, 464263, 321486, 272018, 128468, 50720, 248164, 449362, 16120, 423650, 2184, 227514, 393495, 283874, 37357, 29132, 233860, 414657, 179954, 172022, 287366, 14747, 431968, 186038, 381564, 123267, 336680, 397225, 187541, 474796, 110055, 326827, 307585, 456610, 118186, 459940, 461837, 368284, 348108, 95465, 321563, 246993, 461365, 104273, 227462, 461342, 229288, 81379, 11388, 320896, 498252, 7680, 218926, 94152, 157783, 68387, 347380, 88747, 75613, 49576, 170972, 496950, 153131, 408763, 7848, 162542, 223149, 189652, 395800, 259, 43028, 61103, 187227, 32656, 107669, 227089, 287029, 224175, 386606, 330293, 190837, 380020, 335147, 395969, 314161, 29012, 165830, 266965, 412733, 20658, 290089, 48211, 52190, 242123, 382027, 53614, 157437, 35730, 190856, 369054, 266143, 379731, 401794, 57897, 315707, 20275, 16264, 381817, 163553, 200495, 373175, 89442, 490507, 414955, 127446, 84884, 450892, 85362, 67866, 451297, 429280, 221486, 81503, 36797, 304686, 420056, 126360, 348912, 18318, 113523, 14077, 418013, 125113, 432329, 89029, 75003, 9138, 79501, 99712, 400341, 204281, 58165, 462687, 482672, 94856, 148016, 239719, 220517, 158523, 486511, 115430, 320316, 407917, 168454, 56550, 425546, 32, 265845, 335404, 335980, 376810, 217254, 134702, 67207, 112694, 395173, 102322, 361175, 274192, 82794, 466347, 475409, 35557, 303683, 429098, 109060, 309827, 41551, 426605, 427865, 486233, 107280, 10194, 462893, 165564, 260878, 147873, 306202, 154483, 440567, 257661, 438209, 341734, 53991, 316667, 287598, 198172, 142420, 299075, 414019, 144075, 293189, 171553, 29558, 104320, 464066, 15453, 293797, 137348, 74219, 317341, 428689, 289433, 459994, 431672, 19589, 430046, 403836, 361163, 342769, 309023, 150206, 181442, 489657, 266942, 70409, 220966, 359567, 302039, 2433, 122977, 8351, 250915, 314988, 147529, 89024, 20382, 184050, 293779, 71960, 450063, 313567, 171324, 238176, 319631, 302843, 310600, 114507, 216331, 226482, 226563, 376731, 49374, 45715, 142000, 108672, 343462, 295060, 449961, 484335, 236844, 467624, 67813, 191370, 98261, 156803, 158086, 167880, 480672, 35314, 388467, 392463, 292701, 281739, 192908, 215896, 383745, 213874, 12993, 22338, 142027, 202231, 80668, 107634, 369883, 73498, 55448, 83077, 290996, 402830, 76701, 324707, 492470, 499747, 197759, 178014, 70574, 209028, 433659, 98955, 158362, 495362, 20753, 119797, 238345, 152989, 81042, 2569, 166285, 420388, 170525, 142605, 411362, 408304, 376806, 343101, 139635, 221917, 438409, 127420, 396384, 167789, 275483, 414516, 98313, 241911, 458154, 307818, 351621, 583, 337287, 440009, 73181, 339621, 352361, 259338, 88103, 342880, 311366, 186584, 158437, 338138, 230191, 169061, 346692, 361033, 410304, 375109, 56557, 460974, 497064, 73040, 188481, 127054, 427722, 357193, 202338, 119252, 405661, 23462, 246377, 117973, 215905, 383423, 386045, 454286, 277752, 464800, 156630, 58229, 117018, 48318, 56876, 343392, 330970, 142395, 412148, 156887, 354310, 53932, 284513, 96888, 146729, 433732, 272639, 270025, 270070, 119369, 259371, 368701, 170360, 192744, 109695, 376922, 495601, 9493, 220270, 368786, 387040, 73705, 375557, 121435, 172756, 414462, 217514, 226910, 195280, 39468, 384897, 243803, 427719, 246370, 466691, 172651, 131393, 383450, 495259, 304822, 324312, 141108, 258111, 119927, 60072, 332649, 374037, 344839, 156817, 477334, 482293, 462230, 260247, 27217, 365895, 390297, 78857, 465333, 452656, 174135, 340549, 27471, 344945, 132102, 323755, 93460, 224029, 370001, 383879, 289401, 4858, 31552, 447190, 277275, 489843, 186226, 318373, 109137, 72920, 231755, 415437, 331286, 24846, 27838, 85010, 40078, 435660, 226987, 165734, 61865, 105870, 452887, 446071, 406216, 427860, 128440, 310513, 156353, 485874, 352787, 102760, 382195, 244064, 390101, 173689, 422326, 480946, 202475, 262349, 355555, 478875, 485734, 101377, 247712, 454480, 412040, 10427, 35046, 71029, 34767, 462996, 226001, 301395, 284379, 157033, 104287, 222480, 111898, 478289, 393294, 107082, 494603, 174959, 472001, 384020, 44806, 464412, 130406, 226920, 244776, 180366, 235671, 247679, 302859, 308546, 358184, 384255, 178483, 193581, 397586, 284753, 112335, 322143, 232387, 377554, 395573, 34592, 64834, 58364, 341270, 239124, 119847, 50115, 114787, 373881, 230248, 34520, 134720, 288278, 374418, 197961, 396913, 227467, 278473, 347362, 429114, 288681, 234720, 412838, 70695, 211524, 327797, 11805, 85053, 356213, 455618, 270934, 94056, 357890, 112679, 330259, 312274, 54244, 306566, 28744, 145322, 82661, 347419, 447064, 373769, 91905, 72228, 272126, 479616, 465246, 272428, 310692, 68436, 154881, 222002, 396417, 383572, 221318, 205479, 211932, 105313, 483788, 390499, 383780, 15140, 285754, 168250, 181775, 374308, 334902, 175406, 214317, 459830, 469425, 200589, 64342, 266275, 303180, 131104, 396723, 282942, 473820, 1981, 289194, 344583, 357774, 193218, 427144, 105199, 493428, 182877, 48604, 52924, 63524, 299832, 44756, 48587, 213422, 273562, 16523, 145094, 397045, 76915, 127718, 57047, 180255, 8645, 303792, 326712, 378134, 130771, 251207, 85346, 352722, 420503, 39811, 349411, 278988, 154072, 367096, 111467, 341755, 146396, 165238, 84452, 85922, 184979, 476514, 257388, 17596, 131762, 235832, 368577, 211540, 244227, 399975, 328809, 454038, 369382, 83750, 486223, 208608, 100580, 374141, 237567, 459604, 258259, 467336, 269048, 427765, 210472, 129735, 120967, 448017, 176433, 22276, 68657, 47187, 264785, 363272, 47643, 398730, 38271, 342713, 338434, 381991, 97112, 404844, 181278, 395491, 35509, 357018, 309327, 476659, 121175, 252398, 30711, 40761, 452070, 18110, 144060, 132486, 347305, 103556, 28607, 193533, 285004, 300514, 65763, 129577, 125468, 457504, 239183, 36199, 466935, 243890, 118464, 131678, 159823, 368698, 159504, 153382, 264516, 109502, 77173, 286107, 436586, 279683, 121329, 86551, 376237, 34919, 454266, 361891, 393813, 133360, 8531, 199858, 398008, 128494, 240457, 472257, 344981, 478440, 168066, 189585, 34133, 322830, 279932, 173392, 267081, 138768, 463127, 422708, 135917, 182690, 236525, 386820, 42015, 159414, 67240, 18463, 263308, 376996, 100097, 400982, 190225, 239062, 280733, 18662, 255307, 133354, 162458, 317344, 318777, 371924, 402406, 166127, 124212, 342599, 409913, 222054, 493240, 255319, 109003, 158094, 340956, 107480, 206150, 499452, 252713, 437346, 206995, 485807, 267439, 67381, 198246, 369082, 333119, 428016, 66274, 341020, 352940, 251747, 46958, 187050, 238252, 38554, 226829, 375924, 348452, 189900, 270178, 260539, 40275, 38062, 46829, 21986, 141435, 156611, 298178, 32948, 118046, 157939, 490930, 50969, 436367, 476475, 487964, 376558, 246984, 379927, 59530, 136586, 144654, 141365, 392069, 303864, 488135, 448530, 189049, 14390, 441539, 432869, 320940, 197388, 105305, 102857, 187049, 139328, 384019, 78917, 194715, 266317, 305816, 39905, 166182, 261252, 163479, 285376, 186894, 212153, 226700, 73308, 204432, 284399, 334688, 410176, 52050, 438644, 344809, 406334, 461, 426787, 93047, 45773, 294580, 415354, 423636, 496998, 174016, 11231, 76969, 325936, 475778, 262409, 151653, 8949, 43727, 455585, 248982, 155399, 404687, 206815, 128062, 133035, 452566, 190972, 23359, 41130, 170180, 46456, 170157, 66818, 399462, 171546, 133042, 57124, 251651, 262925, 368159, 222404, 346255, 128541, 227039, 139334, 200384, 341313, 337299, 157799, 78266, 472010, 452339, 243831, 89680, 123769, 362643, 100983, 362225, 489145, 235285, 382834, 343279, 39308, 11360, 456233, 372371, 104303, 86638, 120639, 90976, 353019, 89498, 161366, 25578, 143072, 136742, 7637, 326608, 102816, 7606, 345378, 150057, 336495, 218709, 95216, 345104, 492583, 479202, 213118, 419922, 365164, 287640, 276890, 478950, 438488, 404512, 373947, 109999, 277065, 387180, 453587, 93899, 282548, 268702, 422566, 395084, 70201, 451441, 61951, 355987, 333392, 327508, 358380, 304394, 332343, 203120, 309572, 66924, 157244, 3300, 363144, 88931, 283502, 38929, 425458, 111182, 142447, 252221, 39442, 70637, 108199, 248730, 245351, 462626, 325669, 444346, 112678, 57476, 276858, 466746, 107865, 425030, 101981, 407966, 292987, 264198, 12217, 207608, 40278, 436501, 286011, 288831, 106044, 445944, 318025, 494787, 391713, 41683, 335116, 129246, 182009, 298235, 142339, 30076, 120743, 2006, 371006, 401003, 273500, 478896, 168112, 448023, 410623, 25702, 125040, 224712, 52041, 296449, 223147, 265433, 464195, 439146, 413198, 370099, 96511, 80028, 277501, 275555, 251284, 397531, 346288, 9783, 170771, 95998, 96932, 237996, 467537, 319010, 420202, 35067, 101054, 49197, 450523, 157550, 97390, 209373, 313807, 12880, 360615, 486799, 489629, 221573, 39532, 275136, 475971, 69694, 252805, 186224, 471566, 142858, 335029, 247023, 280788, 231646, 68047, 252924, 69592, 294817, 244128, 188227, 30693, 5607, 193823, 43535, 312234, 57636, 278827, 418830, 399149, 208102, 45731, 352043, 497789, 249581, 200218, 288321, 419726, 337621, 261444, 149955, 74769, 60959, 140870, 433502, 262809, 118849, 282407, 173120, 201400, 304323, 19482, 374510, 258738, 400256, 61270, 16142, 31914, 259059, 440648, 3792, 444324, 266201, 33794, 178338, 174393, 333299, 411214, 103136, 40898, 56243, 473183, 150610, 444924, 358490, 150594, 254234, 487762, 385034, 324032, 301701, 75358, 252671, 96603, 201212, 105851, 87969, 425713, 314853, 37949, 390521, 218117, 448026, 397438, 243893, 173865, 129023, 345312, 144299, 190317, 226049, 234463, 384906, 389363, 213607, 336582, 15974, 150412, 353310, 303600, 287688, 20768, 61539, 283150, 34932, 395263, 272906, 354614, 101591, 21744, 494580, 444950, 427212, 68261, 72204, 105971, 209074, 46144, 299040, 316911, 171700, 485925, 4191, 324791, 411283, 251985, 485521, 204302, 299711, 220791, 82371, 412733, 227511, 358510, 206136, 332453, 38876, 177979, 140811, 164787, 151517, 348417, 270092, 445146, 372361, 250083, 179980, 104552, 361538, 387661, 393952, 349640, 406348, 440940, 215383, 9252, 218531, 19661, 199217, 100518, 480382, 238146, 19316, 302257, 164049, 102278, 14171, 137794, 137469, 92783, 217524, 291499, 486993, 114205, 226805, 308543, 81471, 498104, 195541, 484819, 330260, 223102, 334363, 377861, 276140, 420623, 223940, 198222, 254986, 326739, 447955, 371615, 297930, 42516, 77588, 482012, 236197, 454009, 358051, 53478, 479615, 336531, 432049, 105608, 150364, 410611, 87538, 298812, 28626, 259856, 194740, 409772, 444181, 66699, 160763, 482787, 261441, 284022, 325427, 159969, 276890, 158784, 158280, 319844, 109652, 191417, 443248, 215995, 113585, 459635, 368385, 92923, 427358, 338138, 382677, 195112, 131919, 429754, 191000, 96467, 399153, 11873, 343279, 447069, 259431, 255222, 251649, 262653, 475914, 322762, 325813, 218452, 358074, 280749, 189745, 95570, 204385, 99860, 94915, 295837, 346047, 76726, 115345, 213716, 200640, 262999, 27515, 275995, 344075, 298024, 345571, 223642, 7003, 16965, 474829, 324359, 225647, 125450, 333898, 444678, 190061, 436930, 428325, 75958, 436641, 355616, 359447, 261137, 299736, 233807, 275590, 476096, 486042, 400369, 50320, 357888, 30038, 192861, 153746, 282146, 426318, 57267, 319369, 18828, 289618, 286227, 325566, 229280, 113259, 419490, 341454, 48834, 60367, 258419, 282781, 87290, 30793, 391678, 425997, 486872, 365016, 148119, 254862, 42833, 306427, 374225, 415804, 309904, 123992, 304692, 265471, 75315, 375820, 104416, 305050, 410842, 204494, 408140, 421445, 30664, 31669, 32533, 160244, 275960, 287460, 293987, 102049, 71852, 225066, 414366, 217186, 222845, 360453, 68827, 65500, 444312, 355732, 328750, 468535, 269236, 174132, 433635, 120615, 441285, 204786, 131424, 274873, 107502, 232915, 417267, 114479, 352996, 239996, 294710, 131494, 418529, 439201, 191019, 63133, 303362, 204121, 408168, 432301, 151945, 203106, 125679, 111224, 405187, 149142, 396034, 108533, 274056, 124695, 149984, 153445, 208003, 495131, 364373, 431988, 428223, 208413, 7675, 368342, 111630, 115395, 430359, 155494, 209319, 264849, 75127, 133893, 95800, 421528, 85012, 367028, 30005, 63661, 235083, 5541, 225822, 131306, 129451, 118963, 188678, 431689, 350483, 324087, 367503, 245015, 40990, 194624, 340258, 418792, 401923, 352402, 182463, 434028, 127895, 321536, 129491, 330188, 105150, 158615, 3692, 127872, 109628, 151477, 489131, 328387, 337263, 288322, 285014, 438428, 340313, 130880, 482672, 126478, 127549, 198928, 121114, 189540, 89851, 27130, 12350, 308758, 448817, 183945, 12437, 436092, 113141, 380242, 72221, 307499, 147782, 397718, 379859, 183695, 216077, 51283, 258201, 92921, 26192, 399610, 109094, 150045, 162605, 34350, 285623, 429435, 274574, 99822, 250206, 167905, 460593, 129930, 306515, 194100, 465902, 461026, 152717, 297191, 455839, 77231, 216691, 95998, 480870, 170306, 498959, 171903, 203492, 116357, 325672, 207219, 429286, 19248, 262277, 389108, 381787, 262561, 194978, 118575, 83384, 82907, 387708, 278908, 23105, 134564, 304016, 32499, 481414, 251974, 17393, 117434, 37203, 261822, 412451, 77905, 21012, 478234, 13277, 37426, 393921, 25047, 187077, 354224, 391618, 334855, 344304, 400702, 150776, 410985, 65367, 291944, 266912, 126711, 55480, 81256, 278706, 128757, 332943, 255038, 137351, 287077, 405292, 228327, 460723, 186254, 58266, 1923, 23578, 295068, 475339, 211701, 205342, 270403, 496012, 498997, 496051, 260372, 163628, 281308, 348483, 304040, 323297, 455771, 459123, 262523, 188774, 447620, 15981, 492650, 151497, 455580, 84236, 81698, 21317, 375560, 116728, 491575, 445504, 358518, 344587, 119009, 257448, 245390, 300766, 381867, 115682, 212200, 52882, 302362, 107391, 36508, 175896, 333367, 61310, 295969, 194767, 342709, 37918, 379423, 418546, 248896, 328355, 404588, 415166, 26294, 248986, 46882, 33966, 365220, 95729, 87926, 99850, 325050, 123060, 99136, 192709, 30840, 241696, 86946, 378095, 421912, 137739, 11045, 208617, 129290, 348442, 241702, 430463, 336978, 404764, 195247, 254657, 141191, 228199, 146089, 309942, 291918, 288961, 314383, 256649, 414616, 222987, 38817, 495022, 346703, 369053, 160945, 432760, 378280, 300235, 183074, 193871, 144050, 88453, 455641, 280263, 154660, 388489, 153925, 114735, 246429, 354462, 169077, 243912, 317932, 354767, 184233, 68525, 132321, 287693, 31022, 95381, 304984, 271694, 360828, 136783, 241107, 496284, 101149, 301848, 176386, 57163, 196805, 131652, 209848, 227121, 26475, 279610, 493512, 139889, 302871, 427453, 255011, 268209, 109369, 369787, 41321, 176338, 140953, 301963, 397464, 444142, 398681, 255541, 165096, 246754, 31798, 380844, 202647, 288034, 395163, 305764, 483618, 157310, 418817, 240354, 294720, 365902, 22091, 23777, 125480, 272367, 341099, 99476, 285284, 97014, 479044, 475587, 484145, 471570, 455644, 263588, 11492, 406456, 233090, 460037, 370864, 406474, 259596, 330002, 60337, 265830, 274554, 430581, 358103, 226144, 83996, 360876, 426095, 36886, 494259, 366327, 41283, 58649, 79245, 217458, 456312, 486375, 419719, 292198, 44040, 162136, 92956, 46536, 472465, 490811, 415339, 35916, 414902, 305506, 348662, 370936, 115193, 240387, 2369, 79775, 275180, 285196, 497560, 431258, 406925, 276944, 151300, 460863, 229944, 225389, 90697, 302713, 173669, 143624, 401415, 406496, 387032, 479371, 173697, 300783, 454160, 15270, 408365, 331219, 175202, 222743, 68376, 132292, 62080, 306202, 223282, 238346, 477159, 418352, 469193, 493301, 295510, 189373, 280388, 431332, 479169, 69826, 443207, 134065, 449427, 232467, 170626, 103703, 280806, 430577, 299499, 312976, 215298, 178925, 144878, 413228, 163742, 195508, 249306, 275036, 354109, 238033, 452072, 160412, 272910, 252592, 130705, 324777, 106865, 315665, 447677, 416145, 165402, 227404, 50545, 476400, 289100, 242415, 358709, 227741, 412773, 342056, 152325, 453362, 21319, 201299, 399090, 88552, 344552, 173145, 136623, 238754, 282081, 305823, 149349, 381781, 318199, 61748, 49926, 9969, 362653, 208158, 93684, 21904, 486093, 271983, 199313, 231287, 478691, 308440, 332026, 75903, 91309, 356644, 157777, 137149, 295710, 327041, 159411, 337293, 426547, 384719, 246149, 31279, 348555, 311993, 85579, 73142, 254874, 88815, 491000, 415062, 397837, 488118, 166135, 233152, 454792, 411609, 2506, 103100, 276502, 39400, 336320, 343879, 312226, 139938, 330205, 435161, 366945, 223889, 60685, 360263, 72785, 79901, 208863, 200944, 280451, 351948, 253022, 471563, 92459, 28629, 492681, 451092, 92447, 366641, 89519, 12363, 395243, 256951, 280938, 469306, 463572, 395329, 247843, 62877, 162000, 322504, 1779, 358286, 360825, 71429, 131096, 93877, 49691, 126025, 443711, 433017, 453805, 313042, 474384, 317114, 77366, 414132, 126773, 492743, 120958, 445637, 210494, 58825, 343102, 345291, 295196, 479478, 271098, 265577, 443482, 70932, 108999, 336788, 399519, 249606, 373027, 107330, 34699, 166133, 13636, 355420, 166049, 499017, 264612, 432053, 321499, 347519, 364230, 24339, 334017, 339154, 56981, 198255, 65665, 134407, 446483, 57637, 33578, 287901, 21448, 78751, 225798, 305296, 434818, 211236, 487088, 366823, 198802, 93990, 152736, 306348, 214312, 325968, 278472, 42180, 145336, 126940, 392726, 282173, 422445, 35280, 440293, 451593, 349908, 325398, 63712, 307347, 409140, 474588, 473473, 484989, 163650, 343056, 395016, 388642, 230787, 368125, 347590, 330957, 326007, 189321, 43064, 100510, 117142, 309041, 311340, 16435, 392007, 310133, 388958, 12380, 271873, 208201, 429324, 238734, 223077, 32099, 115025, 185115, 238748, 98341, 263435, 399871, 402202, 380503, 275732, 32209, 220163, 168471, 29212, 477761, 476361, 114874, 207187, 72385, 362433, 79901, 41590, 135625, 205059, 173290, 444051, 67711, 82394, 399962, 380920, 476591, 489736, 378508, 362144, 114695, 53135, 112338, 247751, 418767, 266443, 179214, 95722, 56875, 273693, 269262, 315319, 343999, 34440, 50264, 198109, 201853, 313840, 67147, 108687, 402462, 151394, 431799, 483578, 27978, 229978, 263677, 204218, 58871, 102530, 396739, 132984, 37995, 312133, 26456, 283928, 326588, 123664, 433942, 64315, 335869, 310521, 356905, 107258, 470011, 353048, 154287, 241512, 230200, 443450, 382531, 72319, 488802, 259173, 249663, 74662, 314849, 153447, 408983, 65104, 374626, 105238, 122599, 395509, 239727, 45537, 222138, 246519, 317471, 249701, 58783, 72718, 264233, 273862, 124813, 444339, 380196, 494263, 39665, 245131, 5456, 303272, 293576, 260285, 101765, 261925, 388959, 107817, 247960, 373785, 173966, 52667, 74582, 210787, 432348, 28240, 67348, 69257, 257586, 238428, 230812, 9580, 83490, 346123, 77424, 121237, 66500, 129194, 497416, 172711, 375200, 148790, 84807, 129805, 300287, 440494, 58098, 366942, 365283, 477726, 303018, 83206, 338657, 241448, 447710, 142116, 306162, 411283, 313730, 322029, 78363, 435505, 67418, 207249, 257097, 257190, 132310, 377122, 459311, 357381, 276094, 189477, 285342, 399817, 19914, 231128, 267312, 62354, 441762, 279158, 67981, 476397, 192352, 284501, 378643, 178742, 269280, 122394, 402164, 461685, 190975, 43451, 149624, 362628, 479383, 311098, 420438, 354285, 385578, 275166, 269044, 100324, 273158, 290080, 481507, 191676, 454242, 197544, 153986, 410685, 233240, 62132, 409576, 54334, 262305, 254012, 55666, 389133, 62815, 38972, 289170, 204906, 288419, 104667, 434605, 32340, 74358, 56705, 479086, 222355, 452706, 59938, 286096, 77374, 380356, 935, 190682, 499039, 62894, 346425, 499219, 447031, 324890, 281343, 118040, 224239, 275901, 255080, 63981, 182993, 441567, 89897, 164094, 273273, 494566, 44490, 435620, 429124, 106901, 204807, 19936, 44152, 113675, 287573, 183566, 59024, 301083, 461785, 132964, 251365, 455784, 198456, 434667, 392880, 275470, 128081, 57296, 291552, 226865, 211689, 216167, 200409, 314431, 218823, 488850, 291559, 338784, 192505, 36353, 264343, 41964, 320977, 313018, 125587, 464076, 214636, 116359, 92194, 59309, 120030, 257860, 307133, 390082, 319139, 408723, 266734, 312869, 252668, 498559, 8665, 72894, 184739, 179057, 225215, 342011, 459483, 271162, 130472, 312804, 53347, 6959, 376420, 216322, 194792, 422128, 497713, 260767, 379021, 186168, 219658, 151935, 128726, 345950, 272618, 428104, 150616, 101550, 214806, 285521, 170042, 315120, 378217, 491868, 287557, 293715, 76631, 276294, 144393, 392697, 117614, 250518, 298035, 22391, 142166, 311579, 231521, 386011, 372687, 318775, 195554, 260097, 483012, 274224, 411911, 447052, 361358, 493042, 299013, 488738, 297874, 13459, 96703, 108651, 161871, 204404, 11063, 46977, 406153, 292552, 402638, 20888, 30750, 420767, 463879, 43041, 487197, 33848, 206303, 148113, 146388, 302709, 491111, 436927, 354451, 408749, 238356, 95421, 383868, 340140, 439029, 317991, 416336, 438630, 415584, 63371, 496009, 171559, 227262, 271193, 420372, 12846, 257398, 384426, 442285, 259994, 290146, 10631, 387852, 318752, 337931, 28037, 81295, 109577, 26813, 474539, 346298, 362485, 225179, 204628, 324415, 93573, 259795, 495681, 375202, 461103, 177031, 315780, 98032, 386510, 301450, 245836, 27267, 456782, 424836, 436096, 330341, 130202, 21613, 408335, 374977, 338279, 221035, 437119, 100189, 212449, 294973, 499278, 321896, 366928, 5148, 471931, 155446, 425698, 51519, 474146, 371486, 296663, 205522, 137878, 142835, 357480, 247588, 35241, 281137, 73452, 433048, 430936, 381350, 393552, 175029, 296251, 435604, 435022, 295175, 187680, 204558, 310414, 226224, 247025, 42725, 152496, 404184, 427447, 249667, 213675, 109645, 117988, 386702, 419163, 301319, 386699, 475535, 498352, 323227, 7067, 435262, 49268, 492813, 137362, 355251, 386471, 80014, 232029, 224622, 54647, 81014, 178349, 41174, 243897, 46181, 488491, 433229, 307086, 88486, 192910, 117805, 439916, 261628, 111905, 406518, 482559, 269992, 143780, 323420, 301097, 211966, 49713, 76731, 4622, 324612, 230629, 117272, 138474, 311957, 368533, 411845, 54278, 298240, 409649, 121576, 27028, 391768, 81701, 404657, 101203, 149222, 496521, 370948, 61318, 246841, 270530, 141989, 15876, 89045, 317310, 252695, 235221, 33343, 413976, 402867, 104795, 42407, 384320, 172356, 278766, 47122, 430605, 413200, 187774, 325033, 171640, 240107, 427276, 455675, 226821, 121209, 93841, 354151, 227529, 264021, 168893, 467198, 432797, 52175, 368138, 260328, 156445, 97394, 171977, 414180, 224304, 126130, 215781, 188222, 212874, 479153, 419942, 210500, 188106, 178853, 263811, 140704, 396457, 18478, 90325, 3636, 360809, 166204, 23274, 67042, 101107, 284371, 298572, 351875, 232874, 342294, 316309, 403807, 39313, 299683, 405218, 259472, 148060, 10884, 425640, 309657, 205186, 286464, 231379, 263898, 309560, 68350, 467658, 379780, 154713, 46615, 468516, 389082, 121784, 367766, 85198, 484826, 461859, 402328, 248955, 91262, 108954, 432508, 314177, 86507, 64694, 497807, 197355, 967, 389943, 48841, 435378, 89419, 97899, 447797, 138110, 81153, 119611, 213541, 414236, 374776, 424033, 293174, 92793, 266998, 67822, 299030, 265030, 466906, 288200, 424903, 223254, 234341, 352417, 98498, 75600, 204582, 329110, 78957, 326781, 150491, 331629, 140572, 33708, 65299, 417710, 106188, 106834, 362444, 236394, 37698, 3269, 140659, 285575, 184382, 139515, 213391, 287639, 335535, 412487, 186852, 66557, 326670, 264483, 198623, 275983, 277929, 96157, 328546, 203477, 209078, 124836, 488843, 322013, 155800, 92843, 420680, 33771, 206311, 375745, 19707, 193598, 198366, 325611, 361408, 31363, 485433, 473913, 121949, 153425, 492721, 37033, 336102, 8922, 359007, 350594, 172871, 418973, 152137, 347131, 217776, 385328, 279918, 105789, 269555, 221293, 153302, 469765, 360893, 175415, 105369, 30428, 356158, 326231, 398883, 34064, 186699, 343845, 441548, 70616, 266393, 255118, 350813, 192036, 257983, 126427, 478194, 399910, 99467, 31271, 350435, 354823, 373210, 438812, 7670, 274349, 263366, 72604, 110766, 387275, 176615, 267170, 91749, 261363, 326131, 393580, 280435, 352990, 107884, 413768, 300984, 336856, 109259, 48798, 165930, 339339, 93381, 269276, 101152, 365160, 438717, 453614, 268837, 263755, 27218, 228669, 451181, 109934, 97581, 477906, 492804, 203250, 496736, 55704, 222924, 294936, 432797, 31682, 455792, 183501, 370851, 8172, 52995, 120088, 489672, 24468, 8087, 417255, 367588, 364785, 469208, 178667, 136795, 245297, 279991, 364089, 241693, 303924, 388935, 147892, 118794, 377009, 239979, 56800, 449059, 483033, 123645, 95527, 104820, 463472, 7766, 260296, 317469, 38104, 423575, 126491, 311360, 361717, 474237, 309990, 200379, 126569, 255363, 14978, 265872, 208664, 282924, 188109, 310631, 327706, 417827, 421014, 370028, 132589, 336366, 45429, 192201, 238587, 6557, 250705, 373505, 195441, 361391, 451419, 471992, 33582, 337685, 444287, 428375, 374489, 183838, 331891, 120857, 167097, 242628, 299665, 143304, 41169, 138765, 329821, 489851, 433166, 328990, 84272, 484725, 308526, 80962, 256388, 356678, 138501, 86062, 21730, 352876, 170460, 449338, 34530, 17838, 186412, 17114, 330411, 181802, 76396, 219524, 181576, 341742, 432162, 112523, 14849, 52520, 390641, 139890, 215231, 335742, 309621, 359361, 208783, 266914, 136821, 6640, 302559, 385403, 358382, 412596, 2796, 169276, 13014, 434445, 347847, 385151, 51403, 223256, 55636, 277032, 163744, 173163, 404998, 488168, 339662, 217909, 172416, 451979, 93121, 481685, 126458, 435235, 103999, 489774, 422738, 153863, 461345, 238901, 194037, 444828, 391341, 463378, 57673, 265310, 242989, 93209, 163915, 294096, 495478, 339177, 170300, 83690, 205280, 411940, 349930, 358617, 39458, 24363, 137031, 331136, 205119, 451806, 1895, 455013, 191660, 80171, 303033, 343970, 320135, 335688, 435494, 271796, 397081, 153730, 483779, 396453, 102058, 297716, 136159, 91440, 43108, 204213, 157549, 93347, 343591, 43501, 128853, 248833, 415838, 199166, 402531, 183405, 439465, 126087, 210885, 91928, 113603, 297164, 263435, 325845, 18968, 192141, 960, 410581, 237211, 293091, 32074, 234731, 288271, 144561, 411308, 409408, 2948, 300582, 419312, 349885, 46595, 422502, 91643, 308359, 101113, 196632, 309672, 28943, 234303, 266499, 118921, 275567, 460700, 349114, 232273, 184680, 72070, 180450, 214768, 311669, 434995, 262156, 272113, 351843, 405440, 234565, 95446, 496252, 217935, 447024, 55206, 453055, 340742, 207146, 263422, 94884, 464159, 417462, 213872, 344412, 52041, 468458, 139080, 300566, 386739, 451387, 21404, 136218, 306570, 125327, 43170, 124330, 246095, 283471, 276112, 398438, 159611, 336999, 275938, 314089, 407090, 2088, 238981, 461386, 102329, 82070, 244136, 302850, 43233, 201298, 82444, 133281, 81147, 37543, 22399, 353944, 440484, 123620, 456008, 475506, 152616, 227115, 48304, 25405, 26683, 273627, 201122, 313441, 166565, 234039, 402185, 120808, 69777, 484880, 446603, 231895, 251133, 456841, 362221, 149660, 176943, 463732, 1613, 155853, 494363, 273705, 499582, 250703, 86271, 349820, 461889, 410229, 261706, 450152, 364083, 213663, 227150, 252882, 237149, 363694, 433133, 58687, 108931, 152886, 215667, 140437, 145139, 376093, 494792, 83846, 494143, 276072, 191910, 452876, 435394, 264920, 391249, 92949, 192245, 210609, 71828, 192001, 372745, 395003, 148972, 139114, 325986, 365264, 402420, 234668, 84295, 84402, 171242, 448793, 22867, 136332, 145539, 23562, 378793, 438553, 317157, 258045, 358481, 148106, 176995, 342505, 330214, 411171, 276752, 72315, 11755, 442966, 29654, 71814, 120426, 436043, 12462, 384235, 131488, 203385, 360146, 126889, 112615, 58434, 218052, 26450, 271891, 347105, 115988, 141392, 480416, 114223, 98923, 240080, 346784, 328186, 422525, 46946, 398861, 203018, 85940, 78123, 208569, 88082, 160352, 277613, 365660, 393319, 407186, 412072, 299494, 152205, 398954, 308341, 410345, 343100, 324461, 200588, 294682, 32142, 191402, 352401, 227350, 310521, 41509, 249093, 459897, 64791, 451591, 419875, 358939, 456467, 68269, 328064, 456385, 95763, 456936, 483061, 304439, 419219, 248870, 205448, 343384, 236173, 281680, 356314, 160439, 132608, 116093, 189920, 79589, 174034, 292166, 22906, 336117, 406969, 189813, 262541, 492530, 308663, 493750, 43119, 368409, 204419, 424007, 268441, 260517, 277303, 237619, 464977, 297697, 237768, 253663, 359572, 467471, 423976, 441832, 329339, 88426, 189565, 215870, 132679, 422056, 417452, 147293, 166909, 495721, 171395, 44610, 338356, 99978, 136573, 446127, 177485, 263186, 124607, 26340, 401301, 414086, 332558, 321115, 85750, 78493, 498032, 101429, 489080, 124479, 99102, 461601, 384894, 153432, 153867, 451756, 266079, 438139, 89229, 459214, 83914, 292526, 487165, 43933, 196511, 85154, 422850, 164906, 473936, 219171, 437457, 380802, 195168, 270080, 120056, 340982, 139005, 77986, 50426, 73837, 457089, 432173, 146365, 396567, 61890, 409292, 473844, 117042, 84476, 105025, 343878, 304696, 134270, 242653, 419528, 465001, 385063, 194405, 387334, 347405, 81765, 159613, 471167, 260341, 371333, 438490, 52524, 401126, 65163, 279944, 327160, 195777, 365686, 189861, 130959, 371811, 101550, 493460, 210616, 178553, 472804, 33334, 72989, 253954, 136024, 177617, 289094, 192174, 168050, 433477, 380699, 119766, 12238, 321232, 454183, 169063, 385064, 449981, 41220, 377719, 418019, 126244, 489547, 94052, 68212, 33857, 140014, 388252, 272624, 476802, 110484, 108881, 143006, 183080, 409647, 246007, 299386, 305598, 20072, 224235, 73753, 258130, 124482, 262181, 443420, 297462, 39578, 479816, 134216, 309224, 362707, 490974, 84734, 174139, 137273, 107038, 81832, 47215, 238416, 161901, 266015, 25243, 21422, 257320, 250882, 8285, 156025, 431802, 54023, 110515, 87100, 270989, 457012, 80671, 254700, 302460, 469802, 185120, 269639, 464113, 214330, 391189, 159163, 179682, 366634, 466949, 152403, 8112, 242841, 421632, 22008, 187199, 332021, 473775, 167440, 309756, 316217, 468934, 326769, 453785, 160840, 311908, 471217, 109806, 144031, 213048, 168801, 361784, 213801, 98499, 215790, 26705, 348759, 283465, 442584, 409693, 137711, 60385, 112020, 263894, 453480, 162539, 482790, 91271, 350284, 417362, 87010, 487325, 58352, 103507, 485961, 260957, 274122, 320311, 186369, 7782, 276963, 188995, 137336, 240178, 470506, 330032, 434050, 364768, 436735, 182926, 368322, 404491, 239335, 22232, 64824, 315392, 12273, 395481, 413995, 5932, 389121, 76307, 459387, 461458, 446290, 125991, 128209, 383219, 454567, 397999, 348005, 157399, 402384, 103569, 76326, 401013, 134012, 179798, 181317, 252544, 356215, 444099, 32740, 88066, 445809, 9077, 55211, 430809, 382861, 387235, 467562, 366124, 154350, 245949, 273915, 463831, 7567, 378878, 438464, 163930, 496556, 152390, 333706, 149321, 72162, 355764, 382560, 40703, 40975, 497568, 47918, 173879, 153363, 146221, 352799, 142428, 30756, 348403, 469383, 408055, 102907, 133522, 26734, 74591, 135737, 410800, 107359, 370599, 320392, 312294, 31450, 414208, 403711, 315707, 80041, 445894, 210987, 38443, 347901, 452102, 363360, 480293, 350796, 325474, 302400, 394465, 116591, 378186, 37295, 190521, 451025, 65055, 48968, 246387, 154736, 8470, 497804, 73451, 59385, 394027, 197968, 3827, 109014, 457441, 173877, 202689, 141235, 205353, 104095, 211234, 181848, 322411, 334153, 325838, 317580, 466646, 155622, 216951, 201640, 433751, 337208, 343669, 371161, 15956, 113529, 406202, 284893, 230679, 144815, 254174, 78062, 258461, 323376, 10206, 39841, 295751, 126219, 78547, 10074, 414232, 490850, 326098, 332610, 164914, 152604, 400598, 189010, 86012, 475593, 68102, 97046, 375794, 349737, 49929, 102433, 410946, 377505, 490339, 306267, 489856, 31395, 114970, 350729, 141013, 497934, 68921, 446215, 477590, 101642, 404190, 416296, 124139, 368075, 419103, 319411, 59423, 454287, 482971, 66322, 326968, 124573, 487740, 480750, 266112, 114012, 296399, 216772, 241694, 437313, 205136, 388121, 294345, 491935, 348509, 371056, 95735, 170821, 215586, 145724, 495775, 55637, 339608, 228608, 362592, 57230, 54649, 383639, 112399, 286943, 272829, 63377, 498416, 345901, 113649, 62613, 78613, 129575, 98755, 402816, 345379, 296473, 493687, 311800, 496089, 96040, 459276, 341171, 433772, 66523, 321202, 303237, 351179, 197629, 258850, 178297, 365849, 372875, 468556, 80810, 314794, 249881, 328604, 124440, 280920, 154925, 185524, 414843, 468404, 291643, 495628, 37210, 393270, 252978, 245153, 264756, 430586, 49725, 64897, 36918, 181716, 34924, 425483, 3914, 189180, 370795, 159994, 125128, 372576, 371533, 133313, 425825, 305896, 292398, 461456, 391901, 295855, 3876, 270388, 111538, 410146, 76449, 359412, 75200, 203627, 247596, 409184, 347890, 133777, 16331, 244957, 433400, 349907, 350852, 497167, 451708, 126949, 109718, 441058, 276215, 160454, 37083, 371731, 13760, 244119, 56710, 161710, 402846, 349273, 97351, 319181, 51674, 441133, 177649, 425067, 249653, 58680, 32467, 388388, 266571, 499334, 190861, 275334, 347005, 483552, 24533, 307909, 252278, 32613, 83898, 384020, 206392, 298755, 471069, 411530, 456938, 49036, 62189, 426963, 272003, 369406, 351255, 378797, 51422, 205461, 165178, 39439, 230538, 222476, 149177, 46762, 300935, 362198, 371799, 476893, 151211, 415954, 399527, 201512, 54902, 105186, 29210, 128209, 176176, 27731, 174869, 379379, 140063, 70673, 440175, 190037, 201599, 307417, 146267, 336423, 249246, 245347, 329360, 62789, 218861, 104198, 238506, 200602, 472425, 495214, 69444, 315847, 5460, 94241, 6718, 252769, 240486, 395533, 478621, 189114, 216888, 331425, 162902, 344478, 169127, 87462, 184659, 119804, 339149, 364917, 2143, 212781, 117749, 422949, 185472, 254269, 366325, 446021, 8365, 373100, 452060, 84769, 215846, 285950, 39574, 70803, 63561, 1363, 181936, 112576, 138053, 171062, 109099, 442249, 241517, 207134, 121810, 455579, 236009, 289888, 101571, 438744, 238080, 248809, 445993, 336112, 90972, 92208, 451020, 167044, 144662, 237996, 327415, 57894, 20877, 77381, 496613, 471171, 41953, 292480, 90455, 173808, 135576, 296799, 304339, 367669, 463517, 291549, 145804, 19486, 273240, 380199, 414356, 388154, 395605, 369763, 442813, 358595, 336809, 301805, 124413, 495179, 324122, 365970, 160752, 140392, 253564, 252006, 5611, 441704, 29690, 175978, 466763, 226788, 286438, 88438, 482134, 268603, 159179, 158928, 420951, 159290, 104279, 419108, 426259, 188121, 128182, 355503, 364491, 312657, 19614, 99096, 462834, 449377, 112677, 128977, 56308, 173125, 422835, 362870, 366682, 443469, 454225, 479913, 169008, 337901, 310634, 167498, 39813, 145556, 489786, 397000, 395782, 90357, 288270, 33205, 353161, 449246, 283561, 104785, 281883, 495600, 139484, 268148, 273110, 124462, 375441, 104958, 136116, 210876, 115661, 343697, 248790, 314624, 306859, 228006, 151393, 476120, 164151, 289645, 114197, 438974, 311435, 129695, 195016, 107984, 467984, 293442, 58492, 213472, 170184, 66593, 46135, 150821, 247093, 293218, 478940, 257932, 287222, 453139, 243930, 239916, 483595, 444596, 414624, 230902, 155344, 54865, 494408, 312122, 440056, 158287, 118195, 276125, 468711, 274220, 162495, 230943, 167752, 223617, 222902, 164011, 103029, 176042, 267863, 485684, 142701, 56009, 54449, 493657, 275831, 199956, 349774, 31713, 182844, 109517, 265008, 405923, 66007, 239982, 171029, 372318, 135036, 374562, 319398, 299611, 221922, 179147, 171350, 181163, 42102, 299706, 56480, 23063, 15976, 256157, 329586, 6750, 355351, 65417, 228865, 352654, 50395, 278508, 130878, 420593, 8953, 230211, 167350, 251274, 468825, 185783, 227820, 12065, 380951, 295287, 286320, 455212, 73296, 464962, 204253, 454975, 484935, 186895, 146163, 160681, 76319, 476026, 454606, 212729, 268138, 435165, 152228, 360834, 221763, 301606, 235219, 916, 457023, 279255, 168942, 192759, 270233, 254285, 192658, 91454, 151398, 207624, 304630, 427654, 346888, 341444, 338470, 308336, 213631, 409558, 11139, 382354, 109690, 280730, 145215, 437922, 94829, 67575, 145199, 489811, 123370, 244397, 144655, 405047, 334515, 227179, 246820, 435605, 306464, 443862, 436981, 470315, 273394, 438886, 246652, 380712, 289228, 396336, 162428, 51015, 228635, 491672, 269806, 41213, 38873, 428285, 308783, 315676, 450939, 79513, 100462, 166291, 419182, 242664, 11652, 257652, 443106, 378337, 431114, 72349, 117824, 457875, 181067, 200075, 154233, 482931, 47103, 11445, 333622, 391167, 247457, 180613, 124584, 209589, 303616, 213215, 46359, 226597, 277928, 103990, 489718, 100161, 163369, 495913, 75084, 451009, 369762, 377524, 98377, 77066, 106797, 17460, 457902, 405254, 419225, 458298, 140555, 40237, 95411, 377220, 96268, 471560, 242416, 283238, 285696, 180460, 485094, 3440, 243823, 64630, 187357, 218081, 413501, 317420, 418203, 442362, 1172, 202505, 425370, 78287, 5209, 489910, 34452, 398373, 128388, 131797, 387612, 152371, 140409, 348557, 99869, 133051, 317308, 359637, 458181, 131536, 319135, 348928, 338927, 483317, 233067, 428678, 372817, 62744, 25412, 375178, 452559, 32404, 158277, 316201, 47314, 249825, 301328, 170186, 440724, 342017, 383132, 315656, 287851, 136067, 128238, 418007, 67266, 106140, 137161, 477902, 142415, 172976, 251119, 288509, 375906, 183781, 17701, 10728, 94061, 150522, 214246, 442154, 208262, 288447, 17801, 429652, 46110, 9472, 432764, 692, 207554, 37550, 15112, 168583, 73416, 391012, 142033, 218756, 401230, 193428, 62494, 173502, 273792, 373688, 186193, 474459, 201154, 99027, 290614, 367217, 479380, 331478, 225242, 283307, 138404, 279575, 431659, 409656, 340624, 170930, 94878, 426942, 130293, 128768, 104780, 27128, 257235, 220395, 285717, 440257, 29565, 89629, 78142, 147899, 36086, 211690, 375146, 220013, 329245, 24017, 428426, 344733, 363362, 146095, 482016, 463525, 21176, 321947, 140853, 499672, 366548, 379646, 107600, 143353, 195633, 499180, 380872, 240026, 473653, 68250, 117729, 110489, 116786, 164112, 434191, 444383, 27853, 494814, 413529, 164296, 418817, 443658, 448711, 407594, 139471, 155641, 452959, 199116, 8034, 32910, 494828, 139884, 33759, 223799, 327548, 419686, 392902, 253114, 342959, 499950, 252794, 118082, 369838, 223572, 277282, 275266, 374974, 183387, 193359, 130367, 480544, 483920, 326535, 123731, 471940, 196854, 89595, 420281, 446453, 213038, 489845, 481711, 170169, 375495, 372973, 243387, 195129, 235942, 14730, 245534, 398105, 284373, 233523, 487609, 91217, 141112, 336379, 197205, 496568, 461738, 327504, 41377, 296227, 8108, 370255, 343429, 292754, 256831, 142738, 125798, 492150, 60081, 27601, 486833, 85468, 374384, 345459, 317044, 272105, 476251, 93503, 182544, 56115, 382754, 67208, 484753, 401785, 83846, 286700, 385663, 483677, 297280, 7719, 220328, 349764, 470733, 185517, 82329, 73524, 350952, 175030, 413707, 110439, 115534, 42316, 484293, 173792, 249808, 25885, 394824, 332231, 47207, 244386, 41735, 127913, 3419, 460197, 102273, 126506, 339537, 134915, 174319, 322683, 211349, 279155, 369034, 369566, 492044, 175320, 491924, 11978, 466802, 91239, 198428, 338270, 338195, 481078, 356858, 413150, 375268, 40856, 410148, 44178, 240924, 475773, 117909, 117225, 347221, 317934, 275436, 409244, 368985, 135401, 446038, 32204, 438091, 373265, 318244, 257438, 382633, 155534, 163260, 80576, 188575, 268144, 426988, 224019, 78627, 213837, 313811, 425268, 79075, 307156, 28072, 459340, 311703, 263727, 491831, 312114, 372553, 142751, 301163, 445076, 456607, 413793, 221499, 487104, 116521, 336588, 43884, 35333, 216101, 225504, 451917, 168054, 195319, 492066, 229553, 14377, 374961, 259832, 12978, 390789, 481138, 473338, 11386, 430643, 195551, 156124, 140041, 143079, 6562, 78689, 352479, 192300, 119154, 421222, 460876, 53450, 334118, 194179, 30592, 158042, 397453, 347562, 445785, 118816, 375149, 135343, 232466, 8221, 15225, 488428, 397411, 264126, 328983, 113361, 313978, 133645, 295426, 171836, 178050, 458964, 289958, 431364, 196563, 378654, 363891, 435228, 221255, 235165, 123790, 31061, 30716, 296457, 237270, 467051, 198915, 474941, 144987, 75813, 409135, 127326, 367722, 171531, 451853, 496414, 142382, 187011, 318027, 275557, 185118, 341438, 265437, 435252, 116604, 87616, 200265, 260529, 178138, 229883, 328833, 225941, 373849, 244796, 316159, 283316, 475370, 201193, 228706, 128950, 305519, 303176, 41153, 5982, 444945, 199910, 162715, 101457, 66574, 328064, 169475, 324974, 223741, 23732, 150308, 248937, 488790, 329623, 184477, 185529, 397485, 69693, 424327, 163369, 373084, 100400, 462097, 18081, 64267, 460846, 434204, 312000, 327137, 76881, 214539, 353339, 414342, 180411, 63172, 398166, 106209, 269575, 122861, 343081, 342106, 178538, 314955, 262337, 431581, 200500, 150058, 414777, 312215, 300861, 35177, 169467, 219114, 67861, 114127, 280301, 36733, 306267, 46245, 451397, 116686, 280519, 275679, 1371, 22456, 38520, 52809, 160083, 15665, 136290, 157880, 345654, 267473, 401839, 301864, 188486, 263587, 369138, 12802, 356629, 209298, 313251, 61620, 340419, 389913, 113904, 57659, 123783, 35060, 236893, 496164, 309996, 423088, 289118, 106988, 112392, 26759, 127031, 269261, 357578, 264743, 49320, 128736, 154012, 343177, 299035, 30288, 431192, 454380, 317060, 189137, 440774, 263378, 468513, 267646, 171384, 151793, 258274, 173765, 214916, 498010, 72818, 479177, 208316, 220024, 331430, 415264, 376569, 441151, 10874, 259796, 85014, 132036, 33139, 383092, 382907, 236902, 20671, 458949, 414189, 66774, 375692, 259740, 279, 93259, 28106, 406242, 3872, 149199, 67090, 477576, 146662, 369481, 48791, 273174, 28420, 456009, 109617, 329256, 463929, 378287, 98994, 415900, 453163, 410457, 170609, 496396, 482440, 21976, 36012, 307523, 25623, 237544, 437998, 393416, 423888, 477998, 116214, 129071, 128287, 275655, 65172, 378387, 235478, 478368, 468804, 313597, 287778, 409315, 137963, 272537, 205217, 451727, 356624, 212329, 245365, 13375, 398231, 302748, 60313, 102890, 351792, 430559, 468131, 37131, 75722, 319407, 84289, 316450, 12789, 347271, 267799, 178634, 71120, 110203, 81262, 413093, 42220, 10998, 75840, 148621, 174119, 359560, 292611, 259417, 133046, 132891, 473395, 189112, 22596, 458558, 271062, 265910, 340641, 346183, 373329, 37941, 283614, 204933, 332651, 102034, 22282, 178977, 307909, 142093, 253796, 209250, 226931, 285579, 444767, 24136, 266178, 161152, 53887, 494904, 391085, 248481, 51692, 470735, 489546, 42849, 299971, 227975, 352382, 405618, 137498, 255293, 166928, 323529, 217362, 144118, 271253, 361928, 355724, 429148, 265402, 378678, 143759, 394768, 443361, 247352, 178812, 79667, 325906, 437090, 418439, 225783, 432714, 12363, 487160, 204082, 115995, 280024, 486310, 180593, 232430, 250897, 147296, 487655, 51130, 111974, 252069, 292002, 436774, 132594, 476077, 447577, 422135, 163751, 23513, 273903, 159423, 231456, 481734, 436621, 132690, 142065, 364137, 243180, 300510, 167584, 421949, 397541, 45881, 381906, 89724, 49265, 194621, 71981, 443715, 387247, 309010, 73670, 428425, 207826, 378977, 442402, 336005, 199606, 60235, 380643, 259478, 88730, 384908, 73756, 319704, 251179, 219859, 341343, 55628, 356626, 317267, 126822, 119729, 153606, 61426, 466614, 244606, 399768, 449638, 170622, 334676, 166596, 395335, 437215, 238971, 436021, 117752, 32097, 67948, 200280, 162096, 401124, 373527, 280073, 351648, 211622, 51401, 433126, 114899, 353291, 334214, 75565, 99774, 228459, 214675, 48269, 411965, 240894, 24812, 262567, 34407, 418121, 214248, 223459, 99414, 354924, 444448, 430915, 148228, 243259, 411266, 385314, 102298, 147910, 79663, 244127, 400970, 365055, 184643, 284368, 272624, 211367, 412269, 2311, 373577, 227552, 10594, 58753, 265618, 426572, 337181, 432582, 16002, 333541, 314232, 10252, 140322, 187627, 319148, 202531, 161971, 248815, 11661, 184870, 436313, 192313, 60432, 260562, 154242, 350920, 484622, 258670, 69189, 302474, 260676, 353708, 385893, 332711, 114678, 234503, 286891, 133417, 361947, 245256, 299041, 164663, 30815, 28224, 438967, 19613, 272748, 152563, 210249, 300439, 107351, 218308, 490687, 62800, 121800, 90801, 173864, 461964, 49838, 228158, 234482, 157904, 444871, 127489, 229318, 376701, 221263, 118017, 445092, 457378, 236902, 108794, 267972, 97260, 306297, 20765, 446464, 466225, 214988, 84973, 275372, 321578, 483035, 432252, 430888, 104507, 282843, 311681, 117807, 325964, 118421, 224551, 467801, 473716, 85957, 496160, 205624, 337594, 419831, 316670, 426957, 478455, 260155, 483178, 468221, 67472, 338398, 288155, 97910, 169814, 249993, 66962, 35325, 432920, 280834, 230653, 281436, 309485, 69231, 182953, 356791, 480212, 91375, 330332, 245694, 490806, 12852, 387088, 377457, 261627, 327682, 277821, 116893, 229725, 131281, 78359, 188232, 253809, 165044, 36388, 267869, 268990, 378634, 278063, 450353, 410150, 378220, 289064, 153779, 4192, 358681, 243732, 148205, 490189, 275955, 424463, 353056, 408614, 187436, 461141, 237858, 436635, 330934, 68426, 459574, 99304, 258401, 355451, 198260, 203864, 354253, 396740, 311438, 92204, 225352, 130902, 391262, 36138, 332272, 438673, 298790, 338572, 314256, 438003, 454601, 489927, 405527, 29280, 167224, 134495, 484283, 479337, 1273, 270715, 276555, 112628, 89747, 155787, 273575, 453822, 428348, 375042, 486583, 280541, 13963, 13670, 220404, 44099, 123920, 446335, 498543, 66704, 242462, 216941, 131984, 424480, 428097, 181758, 11872, 372741, 358719, 97227, 271546, 373276, 462748, 382426, 307789, 233924, 360838, 347753, 277394, 276400, 229575, 10604, 273094, 88521, 41927, 168230, 253983, 295162, 81952, 293691, 19059, 497140, 47819, 359765, 234576, 91733, 388029, 467580, 486217, 35885, 175600, 343308, 187433, 316830, 451709, 439934, 364167, 420398, 266503, 293464, 174415, 107616, 372468, 115009, 414699, 6181, 341981, 398380, 151450, 102041, 87626, 49044, 176255, 326695, 411663, 190943, 387784, 492359, 230400, 249102, 399489, 175261, 484886, 171774, 402857, 471978, 291177, 433774, 109285, 269125, 445598, 55392, 434199, 272666, 39399, 306412, 315482, 300791, 12530, 290653, 462108, 428998, 20229, 379301, 485337, 335377, 157329, 462603, 414947, 20251, 185281, 271996, 191998, 362883, 245700, 354314, 424160, 305416, 308121, 176544, 36755, 170449, 70239, 213561, 426222, 298291, 53194, 353084, 311617, 344630, 253709, 240261, 163405, 385621, 154851, 365510, 399882, 474244, 451470, 19030, 147855, 49691, 325175, 265171, 185401, 313108, 248739, 22059, 333105, 23803, 432498, 308796, 453748, 220588, 215369, 29895, 221822, 462445, 304420, 65879, 272782, 325744, 146728, 323421, 219988, 445337, 356762, 70657, 252137, 261424, 499357, 302222, 289018, 516, 209770, 59408, 119889, 376985, 491442, 341055, 361368, 401639, 330008, 447059, 70436, 284000, 413967, 366921, 351014, 177092, 361122, 387480, 71376, 413456, 36652, 244650, 14842, 173124, 39708, 288041, 366344, 286263, 317865, 68913, 388979, 409646, 468458, 258300, 412710, 360462, 260557, 221240, 18669, 255350, 293613, 222108, 32371, 448241, 160669, 178574, 249481, 404103, 99430, 200154, 381308, 242719, 355722, 233820, 232122, 123311, 135868, 240104, 217901, 103018, 351315, 28023, 8533, 287742, 111670, 343666, 216610, 136378, 322115, 21068, 466089, 392257, 148441, 304338, 54169, 446603, 464728, 337008, 383734, 358485, 347782, 341625, 149239, 284784, 418087, 270143, 423821, 222127, 296120, 114726, 18491, 171560, 52664, 186849, 105338, 223810, 384926, 45911, 424852, 489956, 325463, 298272, 2508, 69690, 151992, 72263, 21258, 243539, 128330, 233246, 428711, 154403, 55877, 126553, 18481, 258283, 220450, 126469, 318551, 196626, 363743, 309492, 313925, 348846, 285931, 162278, 327681, 437087, 253807, 438874, 228421, 438509, 326308, 182302, 76227, 468279, 382270, 72377, 14071, 237139, 443162, 493607, 176444, 151321, 77804, 391042, 363987, 253491, 150429, 85194, 204418, 241590, 120601, 78847, 124742, 276005, 356769, 422062, 274693, 131339, 476548, 198590, 459180, 332515, 83025, 170295, 8666, 477833, 64466, 75420, 283711, 374834, 285450, 372689, 93341, 132932, 436795, 405743, 281564, 400423, 261508, 135981, 54044, 32372, 301662, 206257, 417898, 144495, 240512, 269960, 129369, 424531, 256855, 135017, 17019, 203488, 414372, 238008, 266924, 160277, 336105, 387407, 199834, 258613, 429547, 273753, 74142, 498314, 218419, 32974, 151643, 255537, 63869, 356513, 273150, 104389, 408592, 60516, 273320, 211384, 104397, 264792, 104160, 95208, 58166, 268030, 462970, 66832, 344551, 61467, 391151, 193326, 436196, 474913, 269521, 397336, 488272, 21231, 416576, 411158, 446385, 204468, 275122, 99840, 406480, 381618, 65396, 96437, 259906, 388916, 273119, 482392, 412385, 31367, 484449, 495325, 253636, 291569, 440450, 459731, 270525, 377604, 499148, 392622, 349976, 220, 450651, 305444, 485323, 409356, 295749, 286474, 465781, 376787, 423720, 432416, 293471, 343411, 445042, 184, 398171, 9939, 229705, 319318, 25902, 154084, 427153, 96650, 491442, 318920, 298263, 375856, 62836, 228666, 410583, 289387, 224335, 15223, 189250, 479755, 64593, 442345, 402900, 284553, 354748, 136697, 389576, 210623, 103528, 164701, 330979, 74704, 450536, 197902, 397392, 230409, 485980, 497716, 98092, 95979, 373773, 69150, 338582, 132397, 395283, 333545, 273331, 288954, 295922, 221910, 265550, 171207, 235165, 396858, 377599, 166537, 150468, 197871, 402258, 137088, 232402, 91359, 169355, 94543, 385442, 335726, 189561, 306553, 46070, 436671, 106884, 488266, 482524, 217228, 317532, 226358, 461579, 32688, 424652, 378257, 173744, 340901, 272748, 78563, 167913, 402573, 470859, 109747, 308281, 11166, 155774, 487723, 369185, 264829, 235482, 151353, 125444, 195014, 370483, 373671, 417246, 31089, 354575, 328969, 295292, 348355, 322485, 439830, 424621, 474297, 183659, 51581, 32491, 59705, 478617, 37654, 252958, 270253, 479831, 144403, 339520, 469728, 411952, 10442, 244017, 201038, 189800, 46663, 220837, 105900, 329858, 105769, 182130, 289700, 107372, 435533, 339919, 135796, 384406, 482333, 56473, 134253, 403133, 432860, 194175, 472559, 95135, 355920, 199918, 135769, 116590, 91452, 286416, 126733, 87219, 110084, 19108, 314492, 54648, 227044, 468096, 391998, 94591, 5339, 205268, 136853, 391983, 437620, 218210, 56499, 361146, 140659, 4797, 323812, 175710, 430322, 83102, 429642, 26315, 370451, 116498, 27925, 2005, 280247, 113361, 76391, 109373, 168120, 353483, 423240, 267669, 461652, 454125, 445807, 66878, 9689, 391945, 431163, 108596, 202747, 129941, 217099, 325718, 493837, 381064, 157592, 243475, 49585, 378667, 230601, 70572, 41348, 241979, 130583, 18902, 343232, 310655, 327131, 484616, 298400, 135796, 133175, 390218, 10507, 189859, 108867, 132885, 143374, 498240, 156310, 243289, 136275, 451108, 58744, 483327, 162022, 210515, 145970, 41338, 287266, 418133, 222998, 265874, 9834, 164746, 476357, 194155, 35014, 263714, 288005, 56664, 384806, 280069, 217540, 187129, 114928, 138875, 325720, 345406, 314783, 11554, 188359, 435355, 45434, 20335, 132991, 287192, 86582, 229307, 377481, 122633, 161370, 128888, 376521, 369201, 222632, 55680, 387569, 400221, 496149, 290279, 400524, 456150, 36399, 92904, 449042, 196279, 277551, 172826, 198374, 19414, 273800, 46390, 382901, 402053, 93355, 80503, 206717, 313024, 116855, 150003, 86088, 319436, 118420, 166644, 453969, 220127, 345635, 478695, 355165, 475964, 436042, 231294, 492380, 476375, 171089, 318474, 48661, 417004, 105030, 293818, 460717, 119144, 39933, 473245, 318985, 444993, 145803, 494318, 245781, 470098, 250129, 192908, 448063, 82655, 189060, 397685, 356151, 398590, 160866, 119369, 307629, 438118, 448102, 84330, 31562, 173975, 472497, 242414, 336360, 144366, 191123, 103287, 124111, 271605, 124692, 125547, 331286, 422729, 239888, 114105, 383837, 348889, 454681, 466226, 68491, 298539, 283288, 249293, 45878, 195073, 62775, 116648, 434541, 492756, 179463, 29163, 148583, 318273, 107445, 247103, 322368, 358019, 450573, 177931, 378282, 369890, 308501, 296715, 313732, 395929, 366249, 74490, 276076, 304610, 25511, 264777, 210609, 135696, 304315, 436371, 320793, 95187, 93436, 358586, 425347, 483584, 291754, 246765, 389105, 183794, 288286, 441012, 13179, 290596, 461755, 125439, 95382, 340183, 481906, 407419, 350675, 31889, 164869, 291352, 360650, 114691, 275876, 488148, 420089, 261151, 382215, 284005, 260438, 315428, 27711, 60878, 334437, 382911, 414242, 305346, 188093, 2274, 86408, 290667, 141276, 177972, 158010, 386567, 221626, 389457, 440451, 455091, 364851, 41744, 355729, 463286, 23223, 322768, 286290, 90004, 153971, 288887, 166721, 61488, 116578, 11018, 245269, 177696, 467643, 120088, 42056, 233144, 147349, 92625, 337341, 414091, 317802, 475385, 432562, 243439, 335838, 462576, 443762, 158067, 293751, 341409, 98842, 168513, 291118, 164821, 303979, 163546, 400159, 347974, 52154, 45936, 244144, 57469, 462162, 222363, 3809, 194227, 43146, 464227, 476650, 102627, 432979, 479763, 33733, 117830, 342574, 191478, 27705, 210986, 450220, 287624, 40041, 172517, 32549, 398105, 358885, 6751, 174562, 121748, 491183, 216306, 494412, 89870, 26752, 364810, 172714, 227200, 495262, 46429, 4855, 269966, 104589, 66376, 376137, 218693, 344510, 88541, 452709, 22561, 353289, 58635, 441998, 4523, 268100, 253733, 5975, 170636, 413499, 419870, 101763, 429732, 175659, 469212, 194723, 415499, 457917, 383430, 433299, 286297, 198521, 441695, 31590, 219966, 451732, 169713, 276199, 420779, 116083, 179227, 492554, 439156, 449626, 156082, 14186, 191260, 439815, 351396, 498165, 355352, 282597, 209603, 5548, 405258, 261598, 147920, 61471, 441967, 253387, 3073, 332544, 491994, 178036, 147645, 149096, 240357, 484592, 428666, 116525, 245872, 375815, 973, 299660, 205416, 241560, 323226, 223533, 192118, 405261, 151291, 250900, 464323, 135847, 189682, 214927, 82930, 364735, 49073, 436078, 230837, 266544, 424103, 469936, 224429, 265170, 366082, 129980, 201996, 299327, 442250, 352259, 10014, 215747, 116958, 479961, 42913, 375269, 397063, 24509, 12768, 364331, 491702, 303244, 467361, 100261, 65301, 151258, 476676, 116485, 376635, 271468, 189839, 471874, 229538, 235147, 126673, 262437, 137650, 152886, 333382, 55051, 182213, 10932, 345333, 80102, 320093, 398354, 118703, 448236, 15529, 370384, 420129, 62796, 185311, 107143, 33787, 329720, 222795, 414208, 48309, 327478, 166683, 149497, 72174, 63435, 150085, 35835, 243470, 431449, 228942, 47571, 139027, 306863, 380599, 145716, 285435, 15119, 125207, 468081, 256538, 488605, 67488, 406462, 457381, 440657, 148878, 407266, 360390, 245338, 280440, 17208, 394543, 376957, 450262, 355052, 45382, 176502, 272607, 125775, 49393, 8981, 360854, 257584, 185918, 215834, 69220, 421016, 37362, 23608, 201156, 291378, 481446, 254119, 120216, 102016, 438894, 137478, 85258, 384264, 294610, 144661, 368832, 416039, 231922, 361480, 278111, 388611, 331502, 472170, 302725, 159915, 215500, 388110, 363573, 217958, 17577, 226898, 454850, 228134, 364784, 88890, 193153, 286198, 241235, 466113, 402537, 397955, 436827, 427175, 102002, 190715, 294722, 3590, 186287, 143223, 161013, 485627, 423609, 221942, 182101, 116281, 395079, 366421, 214068, 280368, 178621, 201679, 219655, 380266, 254147, 39354, 31969, 428487, 270348, 354038, 302451, 411510, 100585, 251753, 137701, 83413, 230552, 197784, 439376, 419508, 76293, 434895, 56683, 180622, 225390, 461185, 175186, 432847, 202588, 286411, 293258, 496979, 98400, 328828, 18577, 283096, 357704, 247150, 25695, 154848, 252987, 337487, 388800, 97269, 358795, 408392, 122747, 461386, 26824, 472774, 60032, 161103, 67521, 490800, 456982, 475878, 261794, 377256, 124280, 226708, 10349, 106323, 142947, 306258, 42114, 267389, 308177, 43704, 404395, 433129, 164107, 18445, 83882, 297021, 181826, 472010, 271317, 35705, 136886, 25380, 261402, 299269, 185424, 139021, 376598, 74104, 42118, 67977, 419058, 331228, 328597, 223092, 304129, 144318, 402568, 74825, 308776, 164712, 118465, 420184, 385027, 203709, 431319, 156932, 429038, 221666, 203644, 414429, 325679, 38821, 155526, 424175, 390717, 492459, 118533, 114989, 22638, 47133, 435928, 292946, 285163, 458993, 340799, 227164, 68276, 253087, 358152, 405507, 166579, 412163, 380129, 198749, 113339, 362105, 141883, 88053, 239776, 314045, 294978, 219599, 320233, 380574, 235489, 1933, 277684, 253164, 436908, 122749, 179111, 360684, 367805, 393891, 292402, 482536, 347042, 187035, 164678, 471232, 469439, 402862, 493178, 563, 380569, 483615, 191175, 220413, 401384, 468196, 34109, 228173, 110048, 466602, 183135, 99075, 445630, 479000, 471324, 47808, 458472, 292005, 121343, 358263, 82782, 129549, 384833, 475614, 480930, 150429, 62297, 334694, 26042, 177375, 76953, 279588, 154535, 260285, 325142, 816, 190173, 140154, 379334, 289554, 303680, 21422, 8804, 472468, 125217, 233435, 337531, 270778, 342683, 396354, 38961, 418868, 387877, 4438, 207135, 466096, 397983, 247966, 497119, 153109, 326077, 214188, 151165, 250216, 88525, 338206, 386054, 233718, 411322, 77315, 27622, 304990, 163838, 14739, 341158, 481857, 217374, 237748, 212049, 347507, 350431, 13752, 40161, 40443, 72242, 419530, 394061, 55869, 304582, 49217, 176730, 136821, 141055, 131234, 13204, 51955, 367221, 174782, 8140, 141661, 199099, 165313, 483616, 333269, 102925, 452964, 68342, 469909, 196187, 242995, 286795, 327809, 397216, 251211, 180120, 96670, 132379, 305763, 398619, 338426, 21844, 496749, 103254, 106238, 174426, 53816, 228366, 296894, 498791, 230049, 271984, 410490, 356911, 284293, 170523, 452508, 472095, 51922, 335306, 465669, 442791, 389332, 258363, 160865, 423236, 479098, 488552, 85765, 166578, 410859, 131024, 472270, 337226, 11138, 461838, 470884, 458178, 472063, 290987, 450828, 107898, 193675, 421617, 240477, 410785, 430256, 84529, 305237, 60565, 158213, 469128, 199861, 370958, 7243, 68068, 308369, 243239, 218275, 275869, 118616, 246437, 172556, 197039, 199496, 253764, 462485, 485387, 154916, 435027, 287236, 389305, 322818, 24198, 20275, 5979, 262702, 16175, 5741, 158930, 264474, 38321, 85706, 204167, 242959, 412737, 353203, 79276, 429093, 292699, 184940, 170203, 359817, 379140, 385929, 170204, 8575, 66999, 412592, 143621, 182536, 222735, 467642, 235370, 28431, 483540, 421233, 375445, 204679, 60729, 389249, 374464, 14472, 256003, 274853, 48336, 185718, 295967, 480070, 185847, 208335, 14551, 453085, 8697, 13132, 422691, 266676, 120117, 21668, 270136, 257846, 203652, 456824, 399332, 246479, 120425, 86868, 334540, 49196, 109957, 278071, 367045, 433807, 480149, 494470, 477910, 328736, 242138, 303639, 270046, 203302, 200469, 477855, 259626, 43069, 134978, 223967, 36827, 360447, 432320, 198477, 462477, 161777, 278477, 147120, 150600, 86849, 449457, 371073, 250193, 174891, 222081, 312955, 345609, 385585, 371975, 182400, 63955, 130939, 442281, 172165, 56933, 250186, 145470, 30582, 245272, 230805, 193537, 282721, 159123, 205453, 498642, 165108, 263650, 485864, 98775, 462515, 38740, 287000, 64053, 59185, 155732, 39469, 63191, 79966, 45556, 262684, 228881, 51358, 287233, 24099, 179668, 56289, 359637, 187499, 392855, 376373, 76397, 45731, 393970, 313667, 88793, 149241, 180946, 490575, 326443, 183273, 419722, 467768, 310032, 234421, 116854, 116452, 115959, 356466, 222580, 148790, 464091, 164513, 350251, 26409, 2073, 329246, 119347, 149321, 21929, 432287, 76628, 188624, 385643, 271638, 252108, 96852, 240077, 101979, 148, 348199, 382083, 177999, 91813, 195538, 450768, 284466, 122166, 294640, 64123, 343562, 42569, 106135, 17074, 283349, 210972, 488517, 64912, 405877, 382873, 102454, 388998, 410975, 68397, 209289, 238962, 239291, 156799, 152797, 140257, 497208, 480989, 33113, 256608, 125628, 140670, 362783, 105583, 307238, 85646, 128590, 273822, 478379, 225410, 218977, 231955, 424142, 433111, 288844, 314376, 36906, 290605, 446086, 210429, 93636, 437649, 432896, 361939, 67598, 302733, 183012, 108378, 393712, 484512, 70680, 269066, 76194, 490950, 109501, 474475, 242021, 248277, 244445, 346486, 82513, 337785, 251922, 252551, 247631, 162445, 449380, 42587, 342170, 413844, 214077, 342146, 75010, 308742, 292060, 306897, 452338, 343936, 292968, 225822, 120813, 258313, 178741, 60171, 27132, 41972, 59779, 16409, 403510, 325735, 11725, 161861, 97383, 194991, 95704, 226614, 29935, 372048, 116, 80534, 158153, 382926, 68596, 272081, 180755, 147431, 344503, 127670, 16124, 263572, 388865, 261758, 434949, 383266, 304232, 458724, 280472, 453572, 442538, 283737, 361429, 364816, 364894, 36310, 353227, 15668, 334404, 400882, 250560, 499575, 126176, 442489, 99904, 266560, 268925, 415698, 31336, 243007, 240343, 422080, 131098, 356180, 407414, 218375, 43085, 245049, 243047, 383504, 23116, 293320, 72532, 333331, 62256, 124770, 414179, 23635, 446699, 304761, 245466, 158917, 149485, 359115, 304724, 38035, 170217, 431901, 161881, 234814, 396838, 153550, 366641, 200383, 371458, 219379, 256070, 2850, 30588, 287863, 478543, 20753, 190790, 43301, 327188, 61288, 438248, 345133, 244801, 121434, 494006, 430908, 432455, 112928, 393707, 217981, 353020, 382833, 368057, 10893, 350231, 292735, 302191, 472778, 309141, 362380, 462330, 72036, 187390, 126273, 353967, 173473, 216685, 128334, 473635, 11491, 302835, 446040, 136566, 475852, 354940, 317210, 55555, 186986, 466583, 181970, 425285, 72361, 36797, 231015, 262082, 172655, 488245, 283669, 99415, 485266, 318963, 287644, 124663, 260897, 12466, 392662, 430657, 210207, 252092, 301314, 45240, 287242, 215987, 435023, 441811, 383491, 87634, 60845, 120550, 77300, 366173, 44620, 445523, 489282, 191346, 240942, 488616, 189614, 427940, 260233, 316528, 170944, 436337, 267107, 155752, 352628, 251027, 187095, 189888, 498988, 387247, 428306, 235282, 130591, 41419, 151140, 413143, 236418, 478275, 378187, 132259, 441373, 97639, 101050, 456299, 24971, 167552, 150340, 272904, 134120, 49371, 261736, 190305, 472707, 136271, 13429, 65054, 346925, 449642, 124467, 134283, 405581, 351187, 231010, 85541, 329716, 376070, 484309, 21061, 124162, 7730, 229919, 93229, 89824, 56285, 354184, 429790, 177848, 455028, 260934, 59394, 60503, 461097, 268821, 42320, 47501, 96441, 287288, 140022, 494224, 487216, 269336, 317176, 339262, 102418, 254622, 402191, 108056, 453012, 84611, 328341, 432087, 73558, 403942, 84119, 454339, 54371, 231233, 263624, 380978, 405774, 321134, 354573, 106335, 123607, 231937, 190400, 329423, 410750, 469298, 255008, 310830, 213290, 479221, 251038, 422769, 499364, 171633, 351328, 148365, 216867, 346894, 102145, 441975, 135236, 471561, 406137, 399613, 277716, 295847, 72695, 145457, 325745, 315004, 282403, 156917, 90391, 376762, 277683, 338148, 307452, 425487, 463129, 426572, 488146, 403766, 326820, 386935, 96077, 82008, 329657, 463920, 21278, 64130, 320228, 140182, 52939, 449739, 3582, 193591, 492567, 75494, 424619, 425891, 470755, 103029, 439275, 292565, 153065, 126759, 28622, 82878, 368454, 12770, 54245, 468742, 363698, 301642, 247607, 152577, 305720, 279049, 391431, 400830, 134351, 262579, 297866, 262289, 291820, 283525, 123707, 66561, 116261, 115410, 470806, 447111, 16853, 310026, 212238, 7226, 476224, 102310, 221720, 183759, 249856, 25976, 418826, 159276, 355001, 366536, 316963, 169348, 252136, 339042, 86913, 211451, 456243, 316456, 160521, 363750, 368615, 436868, 80100, 87468, 300073, 26322, 46539, 460694, 306808, 165488, 234544, 382976, 259449, 418817, 387661, 379575, 480739, 103874, 128729, 494497, 177499, 157506, 386933, 221232, 258643, 108502, 134171, 37196, 4395, 121664, 81312, 377750, 430681, 456287, 445842, 255685, 228895, 182899, 16242, 247628, 277546, 280020, 336970, 88114, 387737, 198256, 467108, 165977, 237296, 461197, 209719, 175173, 244388, 192581, 263686, 498496, 343032, 66456, 229015, 455037, 106776, 380432, 324498, 496344, 287852, 129405, 274330, 195389, 102434, 482838, 215341, 198743, 50254, 427739, 189076, 491718, 338294, 431163, 9392, 485765, 463740, 2467, 315580, 259645, 79531, 172294, 233089, 79264, 3424, 116133, 104723, 418011, 353672, 43912, 347996, 86023, 177230, 284882, 4557, 181518, 10952, 181796, 91119, 308415, 452881, 325129, 112181, 113004, 151714, 308241, 61102, 169670, 212419, 125496, 92474, 190303, 61703, 87851, 208184, 452990, 303631, 77127, 127295, 389616, 269976, 299806, 301180, 96235, 184189, 318563, 395376, 14857, 384001, 364984, 37313, 223654, 541, 285074, 64701, 178262, 54790, 56939, 246307, 215469, 232555, 386517, 83191, 353366, 109159, 281392, 40818, 59800, 462215, 384867, 85375, 65316, 417631, 139960, 12987, 264056, 149783, 2690, 264156, 360742, 459151, 208713, 234299, 306398, 218506, 478399, 93440, 92382, 489170, 492463, 69413, 432285, 274164, 19413, 159700, 430341, 63809, 289131, 385425, 46688, 258349, 33513, 333615, 381694, 30759, 399485, 256867, 285123, 249634, 265722, 232987, 192059, 326838, 109163, 337887, 407052, 118329, 472478, 469942, 1349, 130343, 495486, 321833, 422951, 56430, 372691, 177560, 216037, 67638, 204272, 86057, 201150, 222312, 71911, 210272, 174583, 157183, 403227, 107799, 99040, 62187, 87811, 92064, 142525, 276697, 195548, 439430, 496112, 338779, 134238, 318830, 98880, 203641, 440487, 124449, 74679, 28672, 38208, 318332, 26638, 132969, 430926, 335050, 482366, 101347, 469708, 186481, 312795, 333426, 271324, 415262, 441932, 464015, 15608, 187081, 375515, 28288, 209102, 244867, 112804, 320961, 361297, 484558, 167051, 463860, 355586, 388935, 118601, 316271, 130444, 202867, 40363, 274691, 317421, 490247, 190573, 227044, 107116, 485504, 252158, 349604, 38975, 290607, 409590, 226997, 293892, 64712, 227578, 80988, 411935, 401143, 220001, 243826, 7534, 465521, 193556, 77556, 159833, 199542, 20064, 286148, 344221, 184709, 68997, 366063, 164682, 90570, 344032, 64800, 293501, 181096, 397445, 51437, 223716, 138884, 43730, 246381, 7142, 472278, 131737, 450965, 208725, 150045, 140976, 397968, 26219, 367640, 1645, 163327, 173508, 449903, 266789, 257977, 372366, 59835, 200895, 116236, 32142, 467379, 14460, 85258, 36077, 275318, 319762, 165548, 316891, 142426, 296973, 484054, 274452, 434300, 5626, 178552, 389328, 287277, 442194, 426728, 76291, 281208, 239589, 132852, 180988, 199212, 434901, 197516, 431765, 32534, 327448, 446648, 138068, 57307, 220481, 188024, 482261, 196389, 475665, 461229, 165211, 341210, 342066, 333474, 464899, 393288, 324632, 205642, 383385, 308191, 22094, 132519, 4120, 387493, 283553, 483006, 78602, 144354, 242939, 221806, 283037, 340792, 151773, 260947, 281136, 17700, 101259, 87599, 287206, 299375, 383422, 164177, 497434, 114758, 178442, 472752, 428426, 236665, 251200, 102272, 250432, 317616, 236156, 294042, 395253, 61298, 32674, 482399, 395765, 436850, 197972, 305302, 111388, 264646, 407770, 64164, 101182, 96451, 137966, 334419, 303732, 429984, 417949, 298524, 170011, 429605, 51156, 254230, 256099, 440766, 229132, 96933, 131621, 321329, 133065, 317072, 92620, 473282, 63025, 163182, 37292, 143002, 261711, 331456, 470382, 20857, 319073, 370848, 328964, 18211, 370889, 462708, 88913, 21554, 140957, 98892, 310958, 348321, 440826, 723, 195237, 6210, 307135, 353490, 36513, 41434, 87003, 38250, 175933, 72420, 477116, 189139, 472913, 276678, 313360, 202430, 9164, 310471, 119211, 104318, 79263, 134821, 384475, 64225, 155533, 144918, 173603, 453600, 260870, 100383, 481020, 364181, 40096, 489961, 88235, 284225, 464155, 173804, 468013, 111956, 286691, 29319, 55000, 10828, 203449, 244132, 485904, 138806, 361746, 313042, 320144, 484879, 159821, 467808, 59782, 442960, 7644, 47366, 15922, 233132, 397224, 369049, 431054, 462333, 162721, 76196, 386613, 146427, 41576, 140343, 479458, 76663, 168976, 330365, 198076, 66116, 188295, 494118, 261675, 1629, 388424, 250686, 241808, 483015, 388499, 228650, 264269, 141160, 469830, 365113, 69936, 448328, 350965, 105720, 446942, 334841, 489738, 62641, 328187, 448073, 431132, 185667, 397476, 426636, 222435, 383489, 85245, 472232, 461886, 485087, 159612, 188605, 477466, 177617, 489067, 354651, 247945, 221546, 209895, 469467, 483307, 297678, 297467, 374746, 247479, 467566, 127816, 311673, 170188, 495327, 242766, 224728, 336756, 467921, 430989, 270782, 383152, 124556, 352280, 324494, 253041, 408256, 223934, 285423, 133394, 158885, 428459, 204842, 284458, 436952, 7919, 432629, 351493, 474417, 251249, 234321, 39208, 15902, 57147, 425282, 301703, 216736, 340754, 27838, 230480, 218516, 478794, 35265, 323898, 496120, 489743, 378454, 229712, 302200, 277704, 274596, 136844, 182007, 8394, 428139, 315513, 233646, 163963, 225762, 305409, 218754, 86436, 354870, 6098, 180051, 167378, 419571, 313140, 407188, 23906, 24700, 363720, 341076, 438745, 267627, 365584, 91306, 94447, 103138, 342461, 105785, 275428, 196540, 481636, 426375, 416547, 20041, 324731, 426139, 418589, 263892, 54997, 446608, 387884, 58913, 168401, 214961, 223538, 170088, 267049, 248862, 313852, 137290, 230437, 83765, 8349, 225992, 314285, 379853, 294428, 149273, 49414, 141611, 99087, 461287, 493201, 324431, 81314, 54347, 481969, 496632, 273156, 404408, 82424, 484081, 475866, 496902, 332320, 136834, 452409, 355069, 29584, 379841, 375535, 410600, 56495, 335982, 250813, 186191, 198996, 372938, 188300, 239684, 150609, 260325, 332248, 252541, 108771, 228737, 215097, 368871, 301624, 25376, 115682, 409901, 64529, 388496, 130148, 63998, 120050, 182662, 100828, 252508, 273852, 233441, 34257, 484265, 251897, 469149, 107111, 115727, 239415, 235372, 229835, 394544, 97208, 258825, 413242, 498184, 490943, 317585, 313108, 479665, 356510, 387635, 208883, 278464, 184198, 256159, 112667, 62189, 200660, 94424, 102888, 124795, 442289, 402126, 364508, 232671, 204801, 62419, 99852, 338319, 448336, 416358, 7302, 397887, 103019, 344464, 221426, 420765, 162306, 459321, 196288, 227734, 202727, 4911, 102525, 490286, 282663, 73194, 437146, 347634, 120364, 335555, 147566, 399498, 351522, 475285, 458565, 362452, 303443, 38534, 258536, 159032, 427323, 60837, 9608, 384267, 256699, 439837, 95408, 305140, 7169, 393590, 215019, 2006, 468236, 96069, 170838, 439092, 101293, 48362, 208663, 20706, 190638, 307319, 398155, 296125, 340158, 499014, 270315, 165712, 38752, 432982, 196420, 363397, 378061, 271591, 474865, 29870, 437110, 166002, 79705, 280703, 140158, 192576, 221707, 16379, 152432, 218366, 426532, 428241, 453033, 457055, 275445, 431132, 88694, 46976, 205300, 294900, 7141, 416930, 88251, 88131, 470351, 444778, 9760, 24303, 237720, 135829, 154578, 458035, 400924, 3413, 459071, 448476, 328495, 389714, 416393, 440159, 206092, 364295, 120466, 226632, 125661, 384294, 142931, 406528, 415075, 42961, 218813, 55423, 22824, 390501, 59473, 157538, 69273, 54099, 450509, 230832, 99284, 301097, 244832, 224857, 105979, 447351, 2473, 89961, 292818, 72841, 284478, 177610, 499809, 301851, 93029, 306093, 432385, 212730, 498481, 237156, 97640, 81985, 352681, 34705, 293743, 457338, 325883, 399575, 257201, 156191, 23805, 390553, 151775, 194943, 433958, 265830, 258610, 166436, 479163, 119958, 304312, 315387, 177839, 393197, 97963, 156553, 178283, 74743, 5792, 392147, 369873, 115782, 397280, 152107, 112498, 363202, 449924, 93546, 230141, 421559, 248272, 72830, 17003, 310414, 426619, 325875, 262330, 263617, 390066, 165018, 393092, 414958, 294821, 416052, 88550, 491965, 380113, 445776, 314446, 207548, 414381, 298838, 360932, 19215, 472394, 429203, 381625, 201878, 259466, 12942, 61452, 23773, 332086, 303294, 221282, 430634, 335772, 468317, 180568, 125291, 153244, 25901, 242554, 126427, 473338, 228412, 44215, 135240, 256721, 438588, 152488, 358859, 172689, 275021, 408235, 153152, 409543, 347486, 355968, 194841, 199554, 467219, 147180, 384646, 48820, 48986, 23199, 3697, 353133, 265730, 40716, 105853, 480078, 184651, 347631, 44255, 247491, 211021, 1635, 495269, 49855, 250265, 15888, 207950, 208321, 336984, 481664, 401875, 97950, 295049, 228856, 190369, 445672, 317651, 208566, 497235, 59299, 331848, 391688, 434247, 206259, 243189, 234011, 9165, 130641, 328956, 449228, 361462, 455216, 351514, 108127, 310599, 452726, 462454, 121455, 446713, 61070, 194790, 57943, 155075, 340385, 448075, 172494, 274107, 395450, 331122, 113971, 472520, 476441, 488868, 268122, 154558, 12223, 454087, 244672, 340614, 183219, 33347, 94260, 406033, 335637, 400209, 72051, 28554, 265912, 404759, 317008, 169883, 15215, 470129, 285379, 462329, 12434, 303821, 377092, 25368, 46820, 272698, 179640, 101407, 448046, 316584, 60556, 381162, 108256, 128352, 499386, 102654, 86973, 39572, 94670, 355004, 224256, 476313, 235203, 415538, 395664, 87501, 105323, 444421, 470673, 275437, 99831, 9043, 183419, 380643, 381637, 254998, 277449, 256151, 221806, 489015, 318111, 496127, 231020, 348592, 454663, 98736, 226900, 207042, 464982, 75052, 66594, 108119, 289655, 211333, 305753, 282082, 86133, 269515, 155450, 456382, 474305, 257430, 447307, 482666, 112283, 112772, 133811, 182101, 401170, 309068, 232730, 228244, 191912, 73264, 147745, 436968, 31336, 178205, 352428, 329798, 471896, 47210, 146773, 143206, 379295, 202405, 200729, 196448, 100308, 483526, 51937, 417815, 206446, 178865, 7138, 235695, 374693, 98526, 265584, 281141, 237530, 151590, 88356, 171781, 338146, 422264, 114886, 449582, 134198, 246415, 231021, 410495, 440174, 269844, 478412, 455985, 208853, 423609, 184373, 494941, 464314, 128426, 488745, 227435, 20010, 221350, 183002, 264115, 221412, 227658, 93929, 418562, 214797, 497824, 82279, 95414, 173122, 273750, 327526, 303031, 409923, 54432, 186331, 160744, 143949, 99058, 257526, 356523, 209437, 248810, 191431, 486770, 308994, 204579, 134149, 248913, 107089, 34916, 328272, 482100, 71231, 478220, 334720, 424915, 331847, 465318, 18466, 306596, 219163, 90969, 363981, 408225, 46013, 59428, 248101, 189037, 190778, 315779, 317210, 100762, 181346, 2514, 136035, 475985, 153696, 475555, 383826, 339448, 249596, 387320, 251021, 320488, 251697, 95061, 70180, 399936, 169594, 135267, 153991, 82611, 170617, 499924, 412958, 301997, 40282, 349113, 255465, 118056, 395436, 157129, 108847, 97574, 20984, 162897, 39827, 113064, 423236, 78782, 129845, 176285, 72654, 343027, 254857, 424327, 328076, 97704, 37314, 174831, 406040, 158765, 261143, 285778, 302116, 206586, 89053, 447295, 90826, 281099, 31932, 246665, 29233, 145798, 86614, 28585, 169072, 48430, 202172, 155197, 118711, 73046, 28127, 8614, 485546, 266116, 347770, 426871, 167561, 166313, 437523, 336273, 232874, 202657, 326457, 375922, 179283, 364366, 272435, 493794, 288305, 12362, 193479, 476614, 77519, 156376, 357368, 442973, 327231, 20705, 457863, 305486, 325419, 24616, 294914, 110396, 154289, 419722, 466303, 96593, 70529, 413821, 469639, 44475, 123443, 106066, 439579, 468439, 434801, 75016, 417369, 289583, 295422, 4174, 262427, 96885, 4127, 295522, 3160, 368198, 316842, 281127, 389147, 219397, 56015, 95095, 147947, 149549, 453196, 299970, 277017, 480125, 304066, 111409, 169830, 132430, 86286, 112235, 60554, 465267, 5357, 427136, 395933, 478015, 283595, 154095, 270583, 167187, 242489, 62084, 169409, 286785, 99792, 121594, 418536, 462751, 55761, 58101, 472860, 444957, 91254, 244884, 106239, 448540, 454876, 114135, 86197, 126014, 313955, 152897, 388678, 2665, 221630, 31, 269145, 463990, 331577, 421853, 477620, 69942, 347093, 485170, 403734, 263312, 409497, 374423, 467292, 373892, 142607, 288958, 374752, 246962, 239453, 67139, 383895, 271602, 102339, 111230, 144140, 325898, 227606, 334802, 416872, 268460, 313397, 283017, 292495, 372654, 12233, 491710, 468700, 302434, 132264, 207548, 72916, 48811, 401782, 282174, 235915, 409014, 68937, 62146, 51948, 393047, 352446, 236391, 265858, 361143, 263686, 444230, 243967, 391087, 19922, 226178, 384039, 422182, 455296, 104360, 27690, 132865, 240584, 97023, 34957, 253100, 488100, 366085, 259112, 150487, 170827, 439083, 304943, 475180, 111026, 396782, 128480, 498521, 269903, 85209, 252341, 340213, 47169, 57087, 95650, 407762, 250527, 286853, 154560, 18105, 28111, 174645, 439990, 419276, 452238, 355427, 79595, 492474, 94703, 373297, 438640, 439599, 389106, 475152, 429295, 168359, 221018, 41407, 217621, 227375, 165099, 355831, 136930, 290630, 251854, 26556, 416692, 293277, 140817, 191381, 280226, 262885, 9000, 349708, 60748, 272148, 342759, 71417, 295193, 284162, 55904, 36341, 359536, 396231, 236038, 83858, 46470, 473310, 220735, 227261, 114503, 293736, 136517, 102281, 74240, 89427, 386555, 83734, 154058, 96383, 35936, 380023, 443129, 329847, 393022, 94256, 483775, 325296, 485739, 482157, 31209, 15441, 88487, 488161, 44775, 99504, 288506, 34128, 338403, 475076, 329999, 409116, 6385, 417200, 277190, 255640, 154229, 293163, 481534, 95202, 281148, 425850, 450641, 392690, 310503, 75438, 110419, 55373, 103609, 163693, 84330, 229325, 196764, 69134, 379658, 143934, 238683, 485651, 315848, 160536, 477079, 157651, 404803, 201379, 240682, 466696, 268304, 433712, 341117, 119052, 55665, 451481, 356132, 398719, 226149, 229397, 193432, 473997, 99611, 259323, 145806, 303036, 159861, 184209, 472675, 336259, 148612, 395907, 164817, 97614, 477727, 7770, 66627, 491539, 321469, 148194, 76895, 91655, 71503, 408544, 404756, 39908, 474914, 36230, 142359, 324425, 252761, 269274, 52646, 499179, 39636, 413234, 302057, 112510, 157140, 208760, 171411, 252593, 454081, 217650, 87040, 310144, 471099, 467759, 116563, 315321, 75419, 172883, 287921, 269218, 16704, 157217, 202941, 79083, 290368, 182614, 369428, 377725, 229547, 337307, 3897, 451551, 270353, 75892, 357587, 146716, 186458, 482747, 382301, 295380, 418984, 383690, 227058, 409653, 430526, 189668, 494807, 109807, 167050, 132454, 31027, 401958, 456148, 344702, 229907, 46962, 182298, 444289, 347885, 281436, 96767, 173553, 318150, 458106, 129425, 139411, 401884, 452170, 4609, 352282, 257176, 365420, 331733, 110216, 215661, 291612, 298143, 413051, 391781, 358516, 318686, 81535, 461512, 374222, 56776, 316345, 204018, 258, 199949, 297395, 168950, 167484, 442558, 424354, 472522, 164660, 430221, 8310, 98154, 42359, 156230, 333615, 447136, 199214, 253686, 312528, 4457, 69286, 480498, 66045, 147819, 9072, 231836, 61762, 359009, 165587, 60625, 114502, 387930, 10383, 342513, 82895, 166951, 192778, 228525, 365571, 161834, 329129, 43105, 423695, 95791, 364754, 390486, 374859, 398171, 25677, 192970, 382909, 252362, 113648, 251022, 235873, 343056, 438712, 228420, 133602, 487276, 325591, 158236, 465584, 187058, 141713, 405760, 483509, 437039, 13469, 239937, 282512, 372175, 93924, 435724, 142099, 253559, 153504, 54817, 209199, 327805, 94610, 327416, 30427, 199196, 172084, 124291, 420305, 120754, 358979, 456649, 343858, 367863, 85672, 359413, 287249, 353615, 346604, 360609, 262895, 211362, 167476, 271770, 449761, 116107, 226035, 95749, 343983, 96962, 210909, 135332, 331247, 157600, 407278, 221514, 205395, 397706, 449591, 378962, 154645, 304088, 352136, 386961, 65657, 494457, 151178, 425404, 73266, 345997, 303980, 269033, 135400, 234830, 232710, 231756, 308998, 184275, 189550, 466711, 273715, 51991, 494127, 482201, 262610, 162219, 294500, 104770, 2102, 295424, 372309, 259343, 117233, 290218, 244536, 341143, 141444, 273294, 238381, 370850, 461028, 377394, 255514, 239818, 219998, 9570, 460585, 297003, 368022, 259086, 134861, 456557, 56313, 287530, 487652, 392487, 64132, 140855, 102514, 220176, 458286, 368085, 296593, 278620, 56694, 83093, 464942, 349379, 343008, 13756, 211588, 277672, 86358, 490135, 195307, 94073, 419006, 405834, 428103, 242625, 90933, 443091, 45633, 260882, 188173, 395748, 262883, 270075, 214117, 447183, 43675, 212603, 336464, 134965, 141692, 418797, 423068, 434463, 345495, 147163, 418810, 69918, 188678, 288844, 205849, 100056, 217165, 236666, 189380, 65278, 344148, 290792, 232554, 15730, 428644, 427009, 98365, 294996, 123770, 282962, 206290, 175988, 411256, 471918, 474046, 123159, 448895, 126559, 480227, 53236, 179829, 20616, 35349, 352589, 241095, 244237, 159459, 285650, 85405, 301320, 297585, 159404, 351792, 13491, 333199, 357296, 224740, 210104, 175967, 232342, 108527, 457619, 412851, 166479, 315740, 420045, 157862, 193972, 240189, 456030, 162220, 370277, 202694, 438111, 26591, 316599, 45352, 265147, 299171, 124531, 498815, 487757, 319139, 434375, 205553, 140664, 482242, 5367, 384939, 354730, 202783, 130297, 95164, 374218, 220809, 447560, 48388, 176907, 153731, 163959, 54479, 139686, 45144, 228914, 124802, 206248, 81532, 111335, 252977, 352025, 23526, 296194, 474011, 376087, 246218, 95550, 374961, 318533, 339134, 241615, 168719, 409595, 76765, 424375, 178521, 344396, 10588, 387865, 115649, 326703, 258247, 199595, 262884, 317458, 20743, 497287, 55131, 211172, 145418, 478977, 446557, 496472, 122991, 356244, 182902, 409653, 245616, 156885, 255873, 359671, 11340, 370764, 365613, 324110, 197929, 68559, 119800, 48718, 24775, 47163, 348913, 73899, 246748, 340907, 399325, 390403, 150894, 483054, 84491, 452161, 108719, 218328, 101186, 417864, 339759, 301116, 375043, 133478, 182884, 390740, 384737, 272104, 187386, 456237, 242920, 224402, 290938, 190874, 244000, 255699, 118458, 49047, 232815, 114214, 20800, 421890, 172424, 368861, 451400, 264493, 209639, 332621, 495653, 262049, 261094, 465617, 398669, 435057, 252557, 339050, 70048, 496973, 121721, 424606, 439300, 48402, 55503, 382387, 225564, 400246, 220957, 484113, 471948, 408236, 275666, 128192, 312617, 474247, 74088, 190880, 292659, 304605, 465289, 270128, 365287, 460180, 193715, 172244, 210627, 130544, 151186, 353191, 32099, 358572, 45915, 388888, 418710, 275993, 270023, 435983, 486424, 382066, 491471, 234120, 489697, 384240, 233118, 348032, 372278, 369514, 96993, 96931, 310694, 324933, 331029, 173069, 24428, 258648, 420872, 264906, 334624, 104420, 254027, 264177, 473094, 362604, 380865, 317671, 296710, 244985, 144197, 324634, 167097, 314512, 88712, 256665, 444711, 256454, 331490, 20319, 412228, 18988, 36034, 100292, 93072, 341915, 293896, 338556, 358246, 442728, 137799, 67634, 373897, 481476, 88344, 140087, 88712, 114330, 447329, 8655, 120220, 408420, 362424, 166904, 217885, 397030, 498120, 147908, 394164, 283464, 366850, 399886, 331627, 98789, 395273, 440967, 245156, 421275, 413657, 113376, 199490, 393187, 387111, 32195, 105833, 307756, 278728, 84899, 211476, 332093, 196209, 251512, 381854, 20947, 140709, 319306, 35106, 166023, 151176, 209238, 488754, 209241, 267174, 26216, 189180, 153280, 293269, 200223, 380500, 341643, 198889, 249173, 21369, 491982, 441437, 58008, 106556, 335703, 247640, 342504, 220360, 297579, 76874, 105435, 458470, 320236, 325953, 295837, 299841, 141666, 368770, 61654, 275561, 206812, 225099, 470580, 49481, 201123, 147920, 327914, 320294, 340692, 119976, 499275, 379154, 98001, 4271, 280675, 266482, 140097, 404595, 115673, 471338, 85153, 316646, 330177, 445833, 298861, 22056, 347751, 182476, 326255, 117043, 164349, 413221, 210403, 99552, 103948, 242710, 36631, 446037, 447244, 467059, 182993, 391326, 316740, 316161, 32489, 326927, 88266, 247208, 101278, 351037, 484831, 226310, 430845, 101323, 276594, 213647, 311628, 212068, 491433, 180840, 311925, 492571, 41499, 52695, 65109, 161192, 9848, 231582, 467184, 332611, 91432, 454293, 267438, 471806, 478372, 206506, 111118, 377090, 356215, 256015, 239080, 482791, 151210, 35298, 180486, 227248, 395727, 158479, 241793, 413565, 334067, 298957, 4534, 62195, 183095, 456419, 489084, 201451, 162661, 3827, 276229, 467498, 173297, 166599, 147769, 310934, 435307, 367367, 181695, 71190, 410786, 174709, 163440, 362582, 233720, 272692, 146248, 369780, 66156, 198010, 11336, 51386, 71277, 498481, 116259, 79984, 496515, 371203, 166797, 166753, 262228, 176410, 336016, 273916, 349533, 426688, 343844, 300505, 188511, 113308, 243574, 174654, 27713, 278593, 145286, 133528, 249056, 378980, 499569, 150975, 487180, 440097, 236733, 224012, 316177, 492775, 415100, 320800, 214971, 41204, 125388, 482217, 432728, 292148, 217834, 474556, 187259, 264326, 475275, 484711, 370306, 439319, 139402, 250646, 73607, 167655, 472409, 406412, 206870, 267950, 128163, 120761, 477150, 373778, 376016, 264301, 421459, 158053, 418080, 33479, 230935, 450678, 452375, 472245, 343805, 89231, 195436, 458659, 332295, 170301, 1227, 491650, 460316, 220674, 325111, 109274, 261622, 283414, 239694, 3553, 337010, 369812, 453864, 290751, 191448, 206938, 155186, 162004, 323078, 71709, 152118, 480980, 388180, 413950, 411056, 296696, 175312, 61860, 53984, 210464, 126158, 14121, 451731, 381917, 427333, 173033, 306438, 424008, 155501, 440135, 206799, 16013, 212336, 383958, 246190, 127510, 464622, 403967, 229867, 234847, 478357, 413671, 470875, 434206, 438577, 53540, 275129, 82761, 186721, 275954, 445457, 100953, 110858, 379749, 26350, 434015, 285795, 78830, 155101, 48750, 225380, 281597, 123392, 212799, 70470, 2846, 39309, 29294, 287882, 405748, 301149, 489941, 66464, 203963, 158636, 433643, 172760, 155414, 212798, 204987, 286617, 67590, 218086, 201642, 490400, 172580, 127028, 486912, 12530, 412387, 113686, 297203, 8349, 464482, 474038, 132296, 216838, 283757, 311997, 470131, 65358, 313927, 308314, 4643, 175629, 308550, 376678, 429655, 133052, 402350, 197054, 9899, 440657, 379060, 46249, 239640, 239357, 180094, 391826, 39838, 74430, 211069, 213080, 409626, 90398, 381343, 304419, 323668, 157396, 50559, 262090, 321287, 200989, 489976, 194172, 355067, 215386, 163974, 310571, 416466, 349321, 217975, 25246, 420865, 22892, 304053, 171477, 248551, 72334, 231790, 240606, 27781, 456035, 497515, 207521, 410232, 290475, 70981, 206459, 82898, 196697, 239567, 328509, 7017, 294165, 498280, 203354, 347064, 132517, 210298, 400779, 11481, 495900, 294834, 13352, 124321, 81007, 16525, 122131, 352221, 467291, 270642, 393326, 160396, 341934, 400814, 168908, 301216, 353693, 204583, 205926, 136350, 222076, 308362, 114001, 54184, 375511, 202006, 122201, 457907, 441449, 143760, 373638, 132430, 473513, 167039, 30839, 488169, 138687, 464087, 113626, 117833, 97503, 288300, 199498, 417462, 45309, 109983, 301789, 475371, 409801, 154751, 176499, 151726, 459365, 290874, 421322, 161110, 224327, 208404, 104070, 494501, 371401, 102193, 326918, 167789, 134484, 81308, 105096, 360675, 300765, 441018, 197351, 455441, 35312, 371947, 259932, 258567, 127080, 71311, 95937, 4357, 136932, 417443, 487742, 311263, 8592, 453154, 146999, 430856, 33724, 396435, 110743, 168473, 366820, 196874, 331282, 33817, 182817, 10236, 267467, 456865, 8955, 155717, 241461, 260610, 48410, 416155, 323428, 62882, 20956, 418266, 321410, 239072, 406131, 380674, 113847, 292675, 163388, 482638, 335430, 158571, 383112, 261085, 154911, 336787, 412477, 132012, 470268, 319970, 465174, 374983, 191012, 465529, 335741, 150706, 10607, 248855, 114512, 94097, 177990, 198592, 307440, 311632, 221452, 477302, 455764, 381466, 354876, 270371, 30758, 475646, 386621, 124654, 268289, 98561, 132864, 55699, 294713, 477054, 403420, 399859, 51213, 23979, 220032, 470505, 229325, 325596, 193618, 321569, 399408, 283874, 395131, 9903, 351635, 35416, 211357, 17798, 45526, 300403, 320545, 379183, 493252, 361096, 449501, 73383, 93298, 403612, 190719, 394156, 275604, 204806, 288600, 122751, 375279, 220962, 155934, 448498, 175259, 125786, 111949, 456155, 239346, 47375, 158721, 149713, 274542, 97897, 473981, 468534, 405637, 218222, 221158, 371376, 13821, 488296, 252425, 18477, 177661, 157234, 170896, 213103, 286687, 149978, 285477, 175977, 435354, 378841, 261662, 492195, 463080, 173991, 305521, 252363, 239881, 397535, 330033, 295703, 116288, 170592, 408877, 188527, 145363, 87016, 365353, 46060, 295742, 432130, 262732, 232867, 271704, 121898, 258158, 142256, 355874, 307081, 103288, 26350, 297251, 402185, 31852, 181275, 259457, 378532, 32497, 384702, 96958, 287117, 256100, 112144, 141269, 249015, 53593, 346483, 6022, 163089, 17988, 487813, 27218, 17584, 151036, 146242, 420059, 137435, 354041, 379890, 268679, 273457, 470825, 236450, 387934, 18751, 429248, 213605, 499104, 464099, 341195, 250990, 321830, 10571, 129842, 280156, 36892, 211104, 478217, 116142, 108191, 423994, 468737, 350126, 404214, 144136, 266803, 251854, 179730, 71906, 253289, 411607, 405569, 331265, 499082, 162756, 39411, 150023, 480855, 386506, 54126, 123331, 457505, 380871, 162689, 71759, 737, 46022, 61384, 6513, 291145, 353813, 99213, 122348, 431996, 159641, 125017, 152048, 113057, 408988, 422104, 13646, 232358, 83423, 131963, 158775, 129593, 56576, 190322, 259705, 266565, 63447, 36745, 432295, 121832, 92166, 93449, 121460, 167879, 307481, 382182, 275024, 167025, 480028, 50097, 443014, 426475, 314398, 291063, 272822, 495277, 340466, 75449, 223834, 319238, 224123, 71285, 103672, 175136, 307200, 53467, 375306, 288500, 389987, 129082, 312551, 448838, 218128, 38960, 498279, 289520, 193684, 299497, 187886, 325678, 464790, 107741, 43792, 157168, 413022, 359545, 294889, 341164, 127785, 185030, 241196, 94729, 255002, 463951, 180485, 200875, 223403, 374924, 181295, 315183, 83941, 435852, 19742, 329173, 53854, 129419, 146529, 180474, 337796, 491411, 359016, 204131, 69881, 477728, 369358, 254534, 100777, 480368, 206297, 455446, 327409, 329904, 227590, 30499, 440361, 309642, 459300, 1051, 276968, 145242, 318842, 12335, 66858, 338830, 284126, 190476, 416704, 180054, 279399, 240479, 209455, 479357, 476701, 345782, 428667, 243587, 110460, 414214, 400708, 315036, 264898, 326722, 345142, 176050, 136329, 224665, 251503, 361160, 140449, 428276, 65188, 412074, 437400, 314942, 157443, 443678, 376180, 49655, 298999, 341907, 349062, 172488, 235389, 251887, 459710, 376373, 5633, 91032, 376869, 363307, 427832, 324012, 292178, 477527, 164400, 196654, 311018, 231721, 34646, 207462, 196189, 358159, 64024, 280963, 214545, 91049, 34952, 5045, 398530, 354450, 112005, 429492, 472294, 95253, 108651, 46248, 83216, 134874, 151013, 474913, 149825, 108320, 439062, 471349, 27399, 439102, 45482, 493924, 307023, 197531, 175131, 251516, 347714, 265247, 499224, 253053, 214898, 208226, 72452, 330606, 335703, 336758, 22568, 370164, 288265, 48272, 45257, 239219, 408078, 354133, 183904, 480137, 242461, 498067, 177885, 415821, 272855, 95879, 88349, 224487, 67632, 408070, 375913, 45279, 351381, 112910, 466395, 334352, 379398, 55534, 24818, 301792, 273511, 469399, 246233, 366590, 18187, 434354, 408987, 240138, 447533, 304149, 19074, 195083, 273863, 275005, 49603, 169212, 388352, 113984, 486881, 485597, 372708, 302426, 477393, 170276, 499940, 222350, 317051, 124450, 388727, 66677, 195485, 174208, 417567, 457954, 468059, 223705, 431336, 434310, 35791, 300279, 5794, 239946, 47109, 486134, 172926, 19756, 133161, 162171, 478924, 198091, 432508, 165319, 232289, 116064, 260471, 155220, 384702, 462174, 403192, 237890, 155459, 114800, 394291, 4613, 342075, 453759, 172953, 298023, 276617, 402329, 355725, 254734, 391881, 323829, 34081, 407152, 114693, 209292, 451766, 417139, 191945, 121188, 495781, 375611, 230244, 140520, 237975, 132614, 488162, 471025, 35187, 462227, 308643, 404324, 86139, 365988, 150938, 27743, 209785, 28644, 5895, 277290, 489615, 218875, 268846, 73367, 108591, 473588, 307726, 443008, 307625, 115497, 286581, 250981, 492295, 460530, 488700, 213039, 308496, 349105, 103586, 225006, 146625, 359000, 455943, 147876, 164146, 4822, 333678, 432536, 342697, 269989, 84405, 191998, 456063, 157773, 114550, 17510, 417413, 121746, 93213, 419199, 392168, 322293, 369986, 251880, 464549, 343718, 105582, 191599, 359568, 397392, 303556, 300261, 120165, 6952, 94451, 453646, 497837, 407648, 305329, 442601, 57810, 155570, 148447, 251741, 450227, 408313, 78153, 30218, 17803, 325808, 379310, 92584, 32967, 268566, 492591, 215929, 41993, 144511, 375612, 324019, 323807, 118126, 146896, 395551, 355841, 248423, 278758, 125546, 38300, 418844, 404065, 213240, 416056, 19466, 414019, 291526, 50661, 14628, 80012, 232473, 178860, 219268, 414475, 331527, 414105, 182843, 325512, 125300, 327463, 120986, 140702, 287092, 426764, 493446, 53407, 442520, 267870, 113811, 394671, 324026, 337891, 134410, 137746, 320679, 351724, 353063, 168713, 168856, 183975, 432724, 28911, 173, 281849, 385452, 218359, 468852, 108631, 215742, 250606, 287301, 182306, 430599, 229974, 365918, 317844, 328646, 187923, 190167, 479148, 68088, 403631, 208630, 350047, 26344, 149401, 82595, 153926, 172508, 167929, 455283, 400440, 489348, 103821, 296638, 326537, 62133, 363550, 497488, 96316, 270191, 242619, 484017, 306619, 222262, 289423, 211417, 77875, 438329, 126260, 354874, 304080, 213336, 285457, 239865, 368511, 316366, 96459, 486669, 34030, 466138, 269740, 487332, 413049, 343996, 444369, 234483, 456394, 357991, 229382, 170987, 325833, 261290, 130484, 370782, 223210, 424343, 91665, 270482, 349266, 205655, 295496, 212223, 215071, 253357, 19404, 130453, 232240, 254625, 10466, 181016, 398440, 490729, 447349, 67517, 33614, 93029, 473931, 119998, 41917, 90668, 471234, 401087, 174775, 127992, 294461, 388804, 483966, 86631, 374193, 313834, 24596, 168697, 451724, 308283, 427436, 176850, 320402, 113979, 187255, 368893, 126139, 262491, 349418, 296035, 498539, 343113, 301720, 305910, 132514, 423193, 310239, 417764, 185465, 45015, 338962, 217182, 149560, 306694, 338922, 171124, 52439, 168795, 394740, 28180, 101845, 235832, 289115, 61165, 310376, 282340, 201163, 89789, 432644, 133663, 64222, 381964, 45480, 393823, 64300, 14202, 2946, 267051, 152931, 38302, 77415, 49148, 41677, 71744, 69954, 495435, 121248, 324193, 247779, 109938, 254107, 178409, 141629, 397072, 177494, 354770, 44037, 86813, 164825, 360845, 435002, 257483, 149538, 140666, 63796, 188873, 126158, 339381, 344181, 202661, 180042, 135582, 203374, 355448, 357565, 267044, 20330, 246767, 269796, 225841, 235567, 487895, 324550, 28943, 230684, 87275, 280365, 175250, 153588, 310971, 82041, 19237, 361024, 405734, 221075, 274853, 319025, 305939, 183633, 115563, 343128, 455145, 130881, 451482, 249125, 342079, 12333, 79634, 46337, 460696, 77238, 305014, 3151, 284711, 392780, 185387, 341048, 181361, 41707, 239812, 56349, 173214, 352271, 441051, 229874, 473538, 293955, 185760, 276610, 268247, 40418, 394728, 317628, 267683, 447684, 19207, 19767, 99621, 253708, 303504, 241971, 199070, 295428, 240333, 102077, 43234, 454815, 182509, 339038, 6985, 175580, 201662, 101218, 297891, 63523, 211921, 322827, 445668, 140091, 25670, 299131, 244591, 280737, 155481, 260141, 83836, 208250, 115514, 6990, 284119, 78640, 101221, 379353, 41438, 137200, 92760, 434299, 485269, 133461, 368457, 259092, 231815, 185675, 190416, 229913, 267824, 258938, 213215, 472651, 97789, 476829, 39008, 401199, 423333, 367580, 445074, 406842, 410667, 481130, 22025, 420126, 277401, 69563, 130232, 498247, 251069, 2600, 2790, 295419, 137898, 462503, 172103, 292659, 364729, 438286, 218464, 275843, 76071, 437979, 137928, 244184, 224966, 243823, 441707, 210725, 11119, 294352, 18404, 483972, 238190, 364909, 272043, 477957, 385323, 29708, 82284, 343153, 355142, 422767, 370457, 147628, 283462, 259889, 110708, 128278, 273852, 314144, 485723, 420551, 43929, 348881, 378651, 489089, 140257, 237233, 387417, 398497, 200119, 366750, 107181, 13989, 267229, 98851, 234285, 455160, 76336, 263004, 258637, 227113, 180078, 93794, 470167, 254316, 37118, 447547, 156571, 202956, 289062, 220009, 178310, 321412, 435677, 381046, 362232, 95979, 407691, 202834, 209760, 253120, 42039, 203598, 135210, 59242, 291889, 178716, 76887, 395960, 60802, 189577, 477276, 93480, 396767, 277350, 399262, 413477, 482087, 272171, 341707, 94739, 26038, 448159, 315537, 109528, 357131, 73664, 457262, 296417, 353290, 268877, 301110, 289326, 222436, 401757, 453708, 34434, 213144, 59814, 378154, 400532, 430197, 58626, 415897, 64778, 462279, 439693, 191092, 220930, 497276, 114403, 216020, 291449, 256059, 271978, 107300, 312461, 194132, 284563, 168669, 259287, 115855, 314581, 187324, 33415, 309823, 276747, 57709, 63867, 81877, 209168, 385315, 390881, 54440, 452908, 38473, 372329, 269422, 378704, 360601, 390541, 302613, 268999, 167807, 266597, 72547, 403746, 21862, 98778, 160579, 440609, 496727, 138149, 497607, 288686, 418865, 46907, 459124, 68215, 486799, 182420, 162708, 482673, 185670, 42560, 326518, 281967, 423336, 358616, 99377, 284525, 85244, 369802, 155868, 33605, 372535, 175075, 469731, 53110, 287087, 416494, 327015, 253624, 84029, 417138, 71586, 135511, 257898, 270311, 246827, 296699, 176003, 110842, 405797, 127866, 491864, 403107, 309843, 473673, 164198, 440556, 432552, 301070, 182423, 171857, 415293, 199179, 489035, 361320, 237972, 212114, 144923, 65155, 3924, 425938, 118886, 165319, 82558, 181642, 369201, 38774, 240857, 3384, 447966, 311595, 348445, 323430, 348575, 90556, 175609, 246301, 39644, 386227, 178493, 93085, 352512, 444461, 274317, 185493, 178162, 70984, 50574, 4787, 461104, 238323, 119815, 261539, 385420, 130398, 247791, 323396, 336353, 404356, 48639, 227062, 498027, 98096, 270706, 166875, 172956, 253876, 499220, 419216, 236484, 121765, 180575, 222462, 239018, 116661, 267269, 283855, 19608, 279173, 277889, 428214, 318321, 421640, 60594, 212662, 315156, 407609, 106539, 352045, 18830, 84616, 440847, 12167, 348394, 60452, 56837, 297584, 257620, 467706, 223902, 402401, 230451, 453720, 225062, 123319, 101494, 291997, 487985, 203264, 96520, 344654, 234949, 214987, 214454, 451124, 358798, 10553, 325230, 131173, 145771, 299676, 263464, 111511, 68165, 251406, 345658, 199695, 310905, 67051, 147375, 495715, 164912, 382042, 110832, 86194, 125224, 51434, 409651, 315707, 456398, 24200, 299587, 19670, 183856, 464450, 496144, 254689, 26014, 227131, 164178, 243932, 180183, 114859, 102953, 246812, 253386, 358767, 308643, 286918, 192801, 257958, 425581, 495520, 264880, 197387, 232363, 92588, 95789, 405322, 314731, 427007, 253128, 83554, 83356, 16248, 26689, 162690, 44263, 67222, 383744, 6588, 47512, 291374, 494737, 414700, 220548, 131682, 82216, 270625, 176527, 403640, 348900, 233338, 441043, 388843, 388646, 243846, 348303, 191770, 496786, 442075, 159140, 284526, 418006, 357414, 219705, 172577, 271408, 39886, 226067, 20437, 57504, 499840, 370028, 224655, 384065, 136415, 368180, 218682, 331159, 296357, 433715, 113500, 218904, 84870, 112093, 138835, 472507, 35817, 20515, 112702, 197781, 154717, 213557, 166964, 172282, 463626, 330608, 138165, 272294, 124133, 209657, 386671, 170895, 162858, 353823, 230669, 108903, 438777, 184548, 497743, 83362, 214442, 75456, 304216, 150975, 460273, 191331, 7820, 364945, 236300, 274566, 174529, 448294, 340911, 252812, 413203, 274800, 441195, 496004, 299999, 115423, 269082, 157435, 136763, 356322, 410752, 302959, 375141, 336117, 33205, 253114, 205036, 438182, 450987, 237635, 195122, 292143, 312122, 438985, 267326, 134213, 71537, 329089, 472289, 177529, 110127, 146582, 231347, 161542, 232619, 268849, 47312, 127178, 438203, 1663, 102722, 338914, 201027, 460609, 193828, 106620, 80830, 68117, 53704, 403109, 423501, 436161, 237592, 134978, 17728, 291547, 29888, 191304, 65169, 146509, 185399, 401122, 439712, 188284, 445639, 262354, 206216, 137014, 8508, 214731, 475541, 330846, 359921, 210654, 106636, 78671, 409828, 105505, 160600, 344601, 479055, 247616, 327443, 370443, 257766, 33860, 335174, 411215, 291338, 446594, 28868, 335353, 405754, 495753, 439950, 243023, 376902, 217111, 334725, 28554, 299705, 141029, 382645, 474975, 432263, 93711, 62994, 371983, 157988, 310432, 462447, 374330, 306530, 235057, 498490, 334765, 247255, 498387, 216715, 328376, 290999, 332486, 360704, 490548, 424728, 79414, 476375, 171449, 382077, 304803, 467728, 45634, 41176, 231526, 112331, 390660, 155298, 67697, 425005, 38049, 273331, 42632, 152871, 7859, 331742, 379368, 184747, 117675, 303474, 369219, 55368, 141429, 110268, 177467, 296950, 183236, 152813, 489037, 36327, 165239, 9411, 271186, 405035, 384539, 385548, 68859, 107731, 15229, 413444, 308278, 358815, 350839, 262852, 207519, 448001, 165676, 222389, 442803, 463345, 476397, 25460, 218371, 251428, 457497, 386888, 147432, 313144, 37628, 308611, 178002, 317476, 385031, 479619, 243434, 4935, 70637, 477423, 286081, 326790, 4196, 266117, 34603, 150290, 51888, 396754, 163559, 74979, 162531, 59422, 323989, 499353, 486088, 279706, 85919, 46570, 84357, 358290, 319084, 138274, 55197, 314447, 163514, 406856, 346832, 110528, 104757, 121345, 295157, 427551, 448496, 315251, 351813, 277666, 465737, 13336, 214359, 8066, 308806, 491938, 341514, 319671, 304877, 264847, 348492, 23348, 314363, 425772, 261233, 436324, 133513, 494941, 459997, 437576, 880, 280062, 186951, 68027, 160278, 346564, 25901, 80678, 78706, 137742, 296591, 366533, 219998, 386674, 337925, 154963, 267916, 205331, 13342, 155462, 322583, 344380, 420705, 249857, 332086, 392248, 155098, 413423, 164279, 411910, 404287, 485047, 295807, 183751, 187577, 461357, 70705, 31853, 87906, 351645, 188617, 22569, 355043, 276061, 403139, 19159, 373547, 92790, 323941, 423519, 137402, 92077, 375708, 436631, 408846, 317621, 411302, 118628, 171001, 87054, 432179, 70052, 299482, 209600, 98084, 171954, 496146, 296291, 115195, 304741, 431652, 313394, 310426, 31854, 231017, 485651, 337736, 255801, 78187, 114345, 490624, 356389, 394209, 10276, 114379, 219755, 147544, 288040, 38004, 226423, 364111, 186794, 392574, 207705, 41899, 411426, 240299, 183204, 472704, 253695, 163229, 270807, 382298, 286449, 116143, 435930, 67582, 298311, 222505, 443884, 367627, 164287, 276616, 346866, 415822, 445287, 337545, 439722, 207898, 390523, 144388, 221882, 285981, 100488, 68549, 460970, 366933, 215839, 40030, 212036, 151916, 256568, 35030, 220656, 14037, 41211, 218243, 98603, 455927, 427127, 493603, 406506, 252551, 19833, 330512, 485296, 164241, 117458, 232904, 449650, 474295, 324410, 66878, 399074, 274171, 106186, 316236, 318032, 186285, 442051, 25266, 191625, 346653, 312953, 96561, 40116, 91952, 2746, 409371, 136850, 254161, 392421, 265950, 370438, 161051, 207326, 176760, 300796, 49633, 289981, 423617, 320626, 425196, 357173, 51459, 288143, 164020, 435038, 407463, 481691, 321276, 309007, 423948, 125117, 13559, 25702, 135543, 146365, 120617, 93871, 319001, 449344, 420567, 464825, 87939, 200642, 450329, 309926, 30978, 350355, 342221, 137242, 367468, 65308, 270149, 458359, 470191, 488625, 139144, 470462, 269364, 56383, 420052, 385972, 353854, 222170, 85301, 11402, 112996, 10075, 198248, 231216, 425280, 421689, 69976, 371811, 409779, 147808, 358357, 153372, 300859, 95989, 345978, 497337, 12246, 347491, 386456, 145573, 490626, 220901, 111898, 418667, 484145, 175170, 425546, 192871, 247844, 412091, 351467, 252946, 134505, 247960, 209658, 193361, 420435, 51587, 362214, 441332, 494938, 203524, 356918, 461675, 345530, 75043, 474336, 167571, 152326, 465322, 157411, 447853, 173888, 188193, 118426, 30641, 139558, 111941, 393449, 399285, 111145, 424115, 162420, 306625, 292807, 262949, 417144, 443712, 275537, 413358, 424241, 8914, 192278, 207745, 11922, 434092, 179317, 52578, 382736, 128595, 362972, 211712, 242511, 428799, 27468, 22371, 261677, 260295, 178490, 7937, 283530, 140549, 10119, 186527, 138541, 303986, 363167, 434647, 190864, 415830, 127172, 380848, 123016, 213890, 335995, 364587, 25534, 244488, 95691, 85453, 459794, 203749, 48102, 77613, 477488, 65291, 334548, 244213, 382819, 159958, 496677, 445057, 120574, 43778, 435892, 470789, 30712, 172088, 415659, 120173, 323957, 185477, 46250, 424933, 202526, 111622, 395257, 449426, 324564, 40093, 303297, 118435, 134557, 276301, 211326, 300027, 162355, 252, 77100, 217393, 498984, 222467, 427685, 444896, 190147, 415738, 5017, 86670, 109089, 192259, 263144, 302846, 424351, 79948, 430942, 164852, 107282, 141904, 131284, 277719, 454037, 35990, 41299, 283645, 134945, 224510, 21408, 337923, 336664, 155169, 335728, 22730, 182600, 364853, 436159, 50911, 498433, 214781, 194255, 211783, 292242, 359356, 159823, 407795, 247338, 34766, 241816, 266077, 98878, 136847, 371176, 116601, 182065, 134871, 268525, 11865, 423490, 143842, 310976, 216398, 24343, 409549, 300462, 246964, 275245, 193288, 437493, 371900, 133510, 427898, 381763, 370212, 186600, 391762, 279997, 156804, 465075, 396858, 440465, 37602, 185133, 333503, 458080, 150555, 338160, 124606, 61211, 171283, 341732, 339872, 168218, 425065, 479647, 87512, 367937, 226742, 419224, 379484, 169773, 346865, 286497, 414432, 90307, 353042, 364988, 34189, 288399, 394718, 114971, 465179, 55291, 398865, 166978, 415820, 263374, 18975, 231012, 20838, 333087, 96381, 136810, 139246, 244910, 260619, 50214, 387324, 133990, 50585, 402185, 242675, 50765, 149108, 474166, 11282, 406098, 485947, 405570, 360276, 176450, 144914, 275401, 241478, 348021, 477950, 202176, 389122, 285563, 390032, 289210, 48735, 409746, 258461, 309847, 6249, 74813, 362453, 380011, 105149, 85143, 170487, 182608, 237503, 108843, 472137, 217753, 199662, 149258, 388396, 461327, 473485, 56564, 429088, 115107, 29479, 318113, 455437, 385665, 83846, 459671, 46789, 279331, 195132, 64691, 303628, 166161, 8397, 157515, 218090, 414388, 342195, 435100, 365687, 82575, 130706, 243002, 410922, 419355, 187464, 186832, 289298, 152006, 351767, 329830, 337280, 413123, 308726, 376216, 173734, 299970, 436143, 123604, 494599, 204156, 495391, 240539, 499794, 384481, 488785, 247113, 56689, 441638, 360093, 126604, 254986, 10690, 26056, 426081, 234619, 344425, 139664, 355031, 114668, 446622, 55866, 441906, 47635, 52582, 410269, 449483, 476672, 23049, 418430, 459720, 274349, 381865, 323943, 766, 202141, 423570, 276900, 358300, 83552, 485811, 81072, 234842, 174098, 245742, 373119, 178215, 359782, 305924, 237904, 400185, 58104, 33318, 263773, 300088, 248849, 487190, 285289, 385584, 167201, 41820, 22961, 444638, 358298, 233180, 49027, 169956, 19098, 483672, 310733, 140999, 218680, 366840, 26067, 139957, 27488, 423135, 265640, 297874, 207245, 247237, 405797, 144401, 496302, 76104, 216845, 388412, 467176, 340254, 169560, 307264, 179021, 25181, 205749, 162489, 186814, 183722, 186339, 319364, 477314, 31148, 225701, 314205, 234014, 278125, 281796, 415313, 102376, 351686, 71513, 60658, 32268, 333971, 201108, 402774, 200450, 428998, 14445, 7227, 186852, 493929, 351048, 318858, 153657, 363728, 305391, 387565, 50044, 472075, 214862, 156938, 143761, 228898, 219665, 452948, 118404, 67989, 103208, 325287, 415323, 242260, 451716, 356503, 398103, 304931, 34242, 463110, 285774, 323788, 94859, 457856, 73277, 255112, 392008, 118119, 127554, 457316, 167759, 296621, 429981, 450587, 398762, 466733, 123962, 267806, 202478, 285709, 56784, 346998, 110312, 135929, 41056, 307645, 10798, 240879, 125179, 146593, 2015, 249391, 384032, 93140, 278635, 183114, 272459, 125789, 49690, 499673, 269931, 383398, 321715, 449542, 305474, 13887, 69411, 480403, 41303, 184382, 212945, 135815, 460888, 236427, 476288, 95996, 159915, 118591, 486032, 421723, 477062, 383247, 20557, 11524, 99132, 111138, 357386, 87923, 381591, 39391, 250049, 155764, 339577, 205754, 377180, 219909, 36210, 45711, 10814, 269500, 109569, 99489, 89943, 153457, 137954, 158642, 293735, 430176, 452705, 198601, 197287, 55178, 286837, 83231, 399932, 267921, 63947, 297778, 254960, 52143, 38104, 257543, 273862, 222393, 425244, 264541, 201352, 358152, 3516, 377838, 299855, 164138, 207822, 2559, 112847, 39609, 483686, 481378, 415486, 28909, 287487, 243504, 418752, 37051, 446607, 440347, 64443, 368052, 122372, 397327, 31236, 89555, 166356, 56676, 418120, 118294, 374434, 191612, 261690, 66520, 316239, 303919, 1354, 29280, 483850, 87208, 313621, 177391, 210413, 283233, 123580, 181909, 478507, 392495, 422359, 331522, 87464, 378658, 405621, 458792, 140603, 139961, 192742, 7287, 59923, 365666, 109769, 243817, 141859, 274196, 132055, 492582, 251503, 370397, 160043, 35422, 241564, 243685, 363759, 190174, 75268, 178994, 129978, 151284, 202455, 57192, 320672, 479954, 20271, 484780, 448207, 253209, 368421, 106322, 206705, 244346, 166427, 13704, 464213, 138901, 363655, 324444, 42676, 435594, 396750, 28291, 138282, 4085, 212861, 209074, 443822, 169598, 187530, 368973, 299860, 222365, 189979, 455276, 373652, 236605, 253556, 450923, 193599, 274178, 6916, 398866, 207951, 17094, 242957, 299748, 43145, 323039, 200636, 498225, 415115, 496642, 261212, 48017, 1606, 424412, 241220, 22584, 448119, 158286, 128728, 482685, 176029, 343417, 210510, 207289, 255671, 334645, 42031, 460514, 350786, 160224, 403867, 41337, 487916, 245281, 184747, 377456, 226204, 413375, 54803, 55057, 169820, 168982, 187476, 184053, 360220, 160760, 242381, 91325, 284646, 250127, 141125, 131243, 115794, 120242, 117859, 366029, 490940, 218555, 483226, 266895, 178014, 205282, 310426, 329503, 416191, 328850, 238065, 258147, 355914, 494135, 166036, 485267, 274769, 440272, 380472, 141512, 452035, 248299, 28896, 422753, 490707, 241959, 260424, 197404, 293828, 352231, 57939, 290173, 444188, 21970, 250543, 368863, 348715, 108152, 469002, 53180, 254692, 301758, 28659, 323313, 475846, 497353, 454624, 139826, 239003, 322479, 213052, 449302, 61781, 433433, 450608, 387335, 293162, 382650, 196717, 196544, 431155, 460237, 8087, 439592, 199759, 85035, 457761, 171739, 346344, 82568, 213615, 469769, 167174, 488801, 255933, 76008, 253290, 70049, 159240, 24588, 129466, 187721, 487614, 116249, 190271, 433592, 111597, 63293, 30643, 283390, 58422, 39428, 139424, 365166, 425559, 174353, 322754, 483115, 432025, 280001, 31034, 402939, 105226, 18519, 78509, 130755, 442879, 390377, 12922, 78926, 140160, 413513, 346877, 333051, 52812, 403301, 42117, 406794, 457243, 17374, 148558, 309579, 84170, 66537, 19613, 140276, 380888, 247898, 94371, 77445, 119138, 358311, 479575, 155378, 387617, 146784, 14028, 263163, 331061, 251446, 145001, 157412, 193034, 29956, 253509, 375788, 192120, 159623, 274836, 133425, 109469, 304837, 222675, 483854, 253057, 124247, 382466, 487545, 470053, 287448, 441123, 276414, 152637, 319710, 61226, 295307, 270757, 247948, 228308, 67267, 296285, 398379, 72973, 406468, 411857, 265618, 1583, 246507, 196684, 140650, 266475, 449697, 23017, 26821, 115307, 62647, 479006, 283048, 110205, 458693, 42032, 234800, 370687, 484887, 132662, 252876, 494277, 452781, 135592, 467569, 9780, 185793, 18589, 38580, 94302, 160486, 402463, 453918, 295483, 212416, 138105, 415764, 119853, 151203, 417898, 334689, 360729, 459582, 88904, 29118, 427739, 382274, 493662, 248257, 167097, 484984, 332351, 102103, 179305, 432069, 498251, 451769, 13973, 405585, 233874, 375340, 495644, 460171, 21437, 57527, 167454, 195181, 93103, 360490, 167333, 186379, 409758, 119119, 60693, 115997, 354388, 89804, 417240, 132474, 51165, 453814, 60494, 368877, 421011, 413169, 3041, 361440, 429035, 44459, 199718, 216741, 483210, 235098, 75761, 490442, 90118, 40547, 15130, 345489, 145996, 47756, 177168, 64882, 225573, 470960, 238937, 26895, 231060, 202738, 323670, 233254, 320599, 440760, 464693, 19076, 132784, 137339, 184296, 290645, 38343, 215252, 293098, 223520, 141759, 404850, 11918, 13898, 387764, 150432, 127818, 383958, 404734, 218868, 22075, 120490, 175491, 340006, 392526, 12332, 247438, 138826, 217153, 106641, 267178, 470253, 327486, 308772, 245335, 163302, 285102, 434931, 356856, 230539, 13473, 218623, 483158, 370868, 473872, 353305, 330482, 381465, 323084, 102226, 263911, 116155, 376535, 201091, 379213, 254923, 394902, 336901, 28304, 496308, 127761, 336808, 49640, 24200, 57792, 115348, 261410, 149872, 279250, 351415, 53844, 457302, 57934, 468901, 277940, 288140, 141905, 411377, 98471, 186, 317426, 71537, 3391, 340299, 350468, 167218, 172715, 199053, 493045, 280070, 100630, 441112, 60453, 103252, 55375, 490469, 433368, 206900, 159833, 25101, 158356, 247487, 447464, 420809, 483439, 297291, 214307, 350419, 443342, 243830, 297416, 54193, 331464, 261824, 90056, 28650, 138456, 380383, 197191, 73910, 327494, 387658, 67389, 35432, 61164, 208523, 347370, 69401, 375969, 76938, 425129, 316946, 167731, 336698, 338244, 212204, 289153, 63169, 457492, 242043, 167243, 142557, 63987, 274802, 309404, 167931, 351280, 465001, 339916, 338091, 303088, 224365, 125944, 246910, 305465, 136025, 385905, 199780, 104268, 481782, 260775, 131234, 170096, 238966, 443634, 394284, 263576, 88094, 69534, 359615, 115473, 201949, 26457, 399857, 383071, 171613, 36341, 395047, 69344, 355231, 4153, 348651, 51050, 118394, 485599, 40298, 118744, 174786, 172562, 374143, 243357, 222851, 301953, 145699, 231130, 341409, 153350, 285947, 35255, 138005, 138043, 122993, 337214, 472160, 138753, 387828, 448256, 479271, 413650, 296953, 354127, 238016, 295599, 162924, 296452, 267989, 470763, 295691, 196634, 79144, 82318, 11828, 82318, 272766, 472956, 284411, 424268, 134793, 53448, 230236, 280992, 68418, 366858, 209344, 32326, 484940, 303860, 476685, 191647, 400891, 300195, 347607, 484632, 208457, 333332, 265062, 109870, 227129, 315393, 238174, 49362, 17786, 72807, 471856, 34873, 37616, 320899, 46817, 111109, 179432, 313786, 136357, 123489, 460297, 293969, 161996, 436571, 440312, 177902, 4523, 267032, 233197, 484561, 481924, 393567, 70403, 485172, 33432, 259352, 310084, 186689, 484752, 170909, 144052, 258267, 28460, 2278, 23472, 127878, 52360, 43985, 3202, 386256, 281731, 223390, 324459, 285131, 338315, 359789, 445202, 164180, 46581, 376099, 47860, 327197, 114124, 299593, 71149, 103409, 228075, 441844, 269811, 18028, 234653, 490978, 302152, 297998, 335939, 11824, 419958, 488678, 104015, 1797, 394158, 139207, 252582, 301092, 436097, 20740, 461209, 217009, 209863, 489062, 189384, 243941, 38545, 239236, 118926, 250680, 106512, 156423, 253223, 19142, 201469, 193955, 112634, 35128, 56859, 384450, 400991, 106692, 321389, 395206, 276586, 7540, 225219, 170030, 180441, 331683, 425872, 263361, 130640, 379527, 370245, 313287, 245610, 449343, 194177, 95797, 413616, 410387, 431646, 203416, 344200, 5903, 395169, 193309, 279140, 302217, 224060, 117270, 98260, 61287, 143409, 86670, 330379, 318519, 466146, 249031, 182991, 365088, 384311, 432778, 164960, 148124, 374756, 321503, 111788, 136116, 456961, 308635, 451981, 57359, 157060, 202084, 151526, 189377, 105645, 244002, 93298, 98361, 141129, 162790, 178296, 297702, 391978, 280965, 180189, 124371, 432637, 266964, 357637, 190675, 138824, 461123, 291547, 148144, 306042, 478641, 187449, 125093, 409241, 219147, 326028, 140724, 46437, 180089, 393713, 108267, 67057, 375595, 205448, 459638, 491832, 106391, 79296, 132342, 373977, 256379, 432245, 288060, 415416, 327421, 22696, 95922, 289906, 5011, 334561, 479674, 469249, 479559, 209063, 213396, 295039, 463437, 423119, 224859, 49224, 278483, 496433, 444085, 17970, 431673, 269060, 233504, 194769, 246090, 458077, 441183, 154783, 202108, 216536, 181147, 371388, 230954, 8888, 457156, 494232, 142908, 462732, 416148, 58568, 250574, 296583, 424474, 460101, 345549, 254170, 89154, 271029, 384695, 80619, 341544, 26598, 50150, 320858, 3590, 196440, 83248, 98803, 249364, 148633, 193542, 2975, 44334, 375630, 483149, 115029, 422369, 340806, 335143, 270722, 27347, 64481, 84521, 351087, 245024, 161708, 228492, 197315, 421538, 11820, 341591, 12250, 25541, 463836, 309574, 475580, 134383, 278534, 475183, 186399, 79629, 152320, 439649, 302885, 475971, 199656, 211427, 307730, 277920, 160127, 99986, 262974, 370851, 148460, 405068, 205761, 217059, 154992, 176645, 330554, 393374, 6171, 289910, 221383, 218222, 438358, 250079, 165362, 182305, 463697, 10068, 337859, 413119, 98746, 435988, 428792, 353737, 154866, 23541, 382533, 465930, 42832, 215141, 480735, 367123, 474450, 319368, 380624, 156612, 457605, 495087, 272443, 289154, 405970, 381311, 401430, 321074, 6888, 222932, 87438, 410210, 498714, 45104, 113532, 387327, 158960, 399264, 111190, 75883, 66967, 337111, 454578, 255827, 27876, 368385, 465356, 358680, 415168, 112234, 257857, 176227, 144859, 476926, 23403, 14771, 184191, 425167, 225577, 394703, 19422, 157364, 213128, 18386, 65420, 438340, 16288, 114337, 445534, 77534, 8040, 479100, 208223, 414195, 140744, 22819, 446966, 9151, 98635, 148832, 107798, 365675, 494859, 118074, 333649, 60166, 90361, 279034, 43493, 303015, 117858, 15954, 408290, 465379, 97486, 389819, 73252, 257995, 73758, 102246, 80636, 210394, 472908, 494479, 425832, 9019, 442709, 151244, 359069, 58171, 221627, 30156, 136124, 435190, 454454, 268798, 43270, 249923, 53122, 400826, 371527, 16771, 100771, 6724, 213074, 201829, 224264, 290030, 482769, 194590, 172283, 77928, 307628, 395847, 115803, 411319, 44523, 241887, 489694, 45450, 12915, 408790, 362514, 80849, 322812, 324042, 159033, 265844, 311693, 207731, 240511, 10886, 96630, 117084, 206666, 259274, 7375, 403355, 219299, 209973, 315034, 479103, 272182, 473776, 449433, 335098, 170064, 376447, 91585, 241944, 259095, 214741, 126582, 300414, 358386, 336624, 481330, 10710, 230041, 87572, 89172, 272091, 469666, 50399, 147542, 398220, 16907, 61640, 247545, 20982, 337452, 159961, 279656, 126354, 76261, 207067, 220805, 296838, 204778, 117910, 287341, 232836, 273226, 439345, 54241, 321680, 407636, 161410, 487158, 147361, 16247, 191585, 370334, 431239, 412500, 50087, 344810, 249887, 147576, 220043, 395914, 373121, 286850, 390362, 238964, 461062, 93228, 110955, 425493, 174619, 107165, 376028, 260653, 96294, 26221, 188771, 425528, 305579, 64008, 437330, 92745, 202407, 97934, 63232, 84698, 495618, 419545, 328040, 138994, 443404, 76993, 93618, 296792, 335038, 225232, 235788, 27796, 106559, 89439, 116942, 390138, 263853, 311704, 243023, 383004, 172242, 394270, 398464, 418394, 126329, 292786, 175811, 168113, 254586, 63990, 253814, 55880, 90545, 463753, 146666, 262667, 328586, 202305, 233117, 7362, 351060, 100159, 235549, 9330, 379528, 438118, 455552, 277258, 420538, 123763, 196678, 286403, 332060, 186327, 407003, 275328, 429590, 38632, 108378, 298725, 377895, 138696, 127998, 238663, 156785, 126434, 201186, 112836, 71135, 290226, 83958, 189394, 226685, 280357, 433541, 52756, 389874, 205466, 8508, 227601, 361767, 25356, 456332, 452759, 327145, 192928, 436822, 171654, 265134, 240833, 40694, 13061, 486533, 116783, 215259, 240108, 30316, 248383, 461367, 328147, 140459, 309875, 281366, 468797, 282221, 37712, 157735, 243710, 445463, 190087, 487070, 79998, 114333, 427986, 128349, 191766, 222119, 17928, 260397, 461623, 90329, 193831, 42982, 139921, 497707, 86043, 296941, 202976, 70612, 218649, 440484, 359657, 348441, 342279, 459021, 403476, 348501, 443574, 313618, 237576, 67705, 205466, 200293, 301046, 258530, 352086, 392821, 265514, 197671, 157887, 446357, 201278, 372698, 137924, 407076, 292433, 421179, 26242, 301743, 374478, 234093, 253444, 449298, 5794, 280962, 453536, 372580, 324214, 330249, 129410, 254717, 383793, 216182, 416234, 399968, 427425, 348698, 140869, 350949, 436641, 276500, 368321, 123726, 361777, 209626, 319597, 2116, 473590, 293092, 64413, 115310, 106077, 61922, 182328, 318036, 427159, 390186, 181764, 124218, 188187, 392099, 343706, 36591, 409628, 414648, 483388, 266851, 287184, 479125, 151562, 120465, 29448, 192654, 242469, 73268, 293787, 327373, 478163, 277740, 342006, 417076, 45257, 75582, 77407, 211472, 400514, 351133, 64664, 273531, 375230, 5849, 274881, 214848, 89975, 495726, 355042, 70399, 335235, 22902, 186651, 212261, 379209, 140355, 342964, 246682, 398004, 354842, 303182, 206548, 166397, 89842, 219892, 231886, 451098, 100521, 196776, 92602, 301549, 292501, 107206, 178836, 445947, 200120, 55361, 63547, 68802, 221563, 102959, 376908, 228530, 224986, 279512, 217655, 291088, 344126, 109275, 55710, 203036, 328175, 253764, 429239, 236549, 433786, 278828, 363855, 216289, 252259, 380605, 410560, 68681, 289811, 330586, 207834, 348434, 148222, 9375, 435487, 284392, 94194, 177962, 325764, 477530, 375522, 192394, 59450, 1477, 292502, 235449, 237065, 360173, 188857, 265370, 421679, 29147, 143668, 419966, 431234, 11768, 429871, 125428, 124326, 463195, 457604, 12415, 320261, 173359, 304047, 483463, 375754, 213779, 280196, 468989, 1156, 74152, 104154, 160119, 386695, 181866, 138156, 176641, 331332, 109541, 197323, 16479, 5888, 330464, 222074, 462990, 272182, 296204, 218289, 425217, 424836, 368603, 322696, 464343, 322158, 145435, 278362, 280315, 347170, 393314, 192933, 119688, 339062, 214494, 214906, 233319, 262407, 180831, 469557, 606, 311455, 104644, 30870, 64169, 305753, 74762, 174003, 291439, 359268, 12743, 166953, 327727, 164277, 245910, 70140, 203989, 164078, 378049, 395473, 395808, 44274, 153925, 400195, 103854, 20684, 226762, 261850, 481330, 12050, 101383, 10793, 267747, 456773, 138671, 80088, 154932, 74211, 305714, 225657, 87062, 412310, 46949, 424461, 362620, 46589, 76411, 327120, 204589, 56616, 151770, 146656, 408916, 71504, 179474, 237843, 279616, 281381, 142638, 370480, 187676, 204507, 436333, 258781, 345901, 434205, 163817, 380361, 52637, 486067, 404578, 146592, 224759, 92052, 234110, 148328, 134271, 495368, 487955, 235398, 215961, 366836, 68108, 439083, 379585, 270582, 143705, 101224, 164654, 192567, 445796, 189988, 134103, 435595, 427434, 271706, 24376, 205989, 399849, 21103, 495000, 448089, 478499, 90323, 136748, 363237, 279178, 7313, 25616, 208003, 402847, 188999, 241927, 473240, 436603, 6709, 227319, 280897, 19721, 50337, 269316, 439712, 324611, 283463, 356106, 143949, 36618, 248198, 480254, 166379, 220024, 261292, 23619, 345215, 487901, 142177, 229546, 144830, 65407, 440496, 173689, 33077, 388581, 215655, 168713, 322983, 310796, 351175, 269050, 290797, 289738, 44862, 82156, 388596, 477810, 488113, 8071, 362270, 126524, 110727, 348951, 369942, 184468, 291876, 270772, 474838, 428343, 436266, 489131, 431566, 464092, 159907, 64157, 315665, 281434, 384383, 48158, 495026, 323358, 280798, 166464, 379940, 43940, 102358, 174222, 249321, 268195, 196919, 370295, 445376, 418206, 311839, 126170, 252823, 10999, 135400, 282710, 276678, 178109, 499387, 476304, 85665, 285969, 363962, 57369, 478477, 123725, 400402, 294151, 204672, 481036, 90946, 467672, 146760, 260987, 401378, 45667, 368960, 356643, 149998, 238993, 327553, 304313, 329569, 373470, 370401, 292537, 258745, 305574, 381964, 120282, 201281, 313922, 373811, 289668, 366509, 368933, 364868, 396788, 125655, 49769, 318025, 94824, 414947, 319044, 202667, 187031, 484072, 248367, 50930, 113145, 330917, 111071, 326463, 42324, 8958, 346047, 220213, 131054, 314680, 311788, 257311, 65104, 6195, 21926, 456260, 148630, 157255, 439950, 19336, 442815, 260743, 35566, 390521, 133273, 376167, 179423, 123435, 109053, 412143, 151203, 460456, 364454, 148305, 381703, 68554, 354650, 316426, 200789, 372473, 141447, 309469, 167184, 122549, 322702, 345316, 114517, 476905, 354269, 383758, 280661, 219124, 108169, 250231, 346766, 54896, 41092, 127117, 96973, 301043, 485917, 460057, 262539, 181796, 294759, 167412, 344051, 268615, 400883, 29506, 331254, 165571, 345181, 384942, 267933, 347931, 42612, 115770, 154023, 380106, 332394, 221888, 369826, 188952, 170330, 26566, 375062, 227782, 54922, 304182, 62631, 335921, 360975, 430143, 325382, 203867, 487828, 55855, 118771, 332394, 430779, 100786, 116740, 305537, 332924, 321497, 368952, 116921, 404578, 96819, 17388, 498810, 474303, 277249, 67686, 489775, 21175, 87801, 309090, 445024, 313021, 254854, 450763, 476271, 216432, 364728, 166409, 289454, 451273, 431249, 233735, 223425, 451464, 239981, 171763, 131634, 371508, 107596, 7226, 161631, 37503, 430107, 328367, 52551, 217303, 3470, 99223, 61147, 379414, 350129, 280516, 389388, 244538, 415236, 148947, 422445, 162302, 382965, 257042, 145851, 394742, 17627, 491315, 64867, 418783, 203106, 304640, 439282, 234545, 305140, 374017, 356174, 461859, 217469, 7690, 253128, 432205, 140446, 4082, 219832, 335260, 226235, 16770, 163451, 406251, 43015, 8600, 187177, 231512, 51380, 331567, 219288, 294072, 10756, 342706, 382616, 138499, 425765, 289875, 249518, 245847, 199159, 310749, 383682, 195168, 425616, 127909, 76892, 289572, 282812, 475926, 248141, 348714, 265274, 11801, 91485, 448647, 248469, 158862, 229375, 438882, 276922, 335487, 125166, 389625, 397172, 489106, 75398, 181066, 113662, 126862, 112897, 429182, 98182, 7804, 335580, 120738, 498930, 326983, 242150, 77777, 370473, 57743, 141751, 83227, 330874, 161596, 453265, 416253, 3130, 236018, 1509, 243180, 355660, 415645, 115192, 107154, 442044, 495082, 190378, 456933, 124507, 376767, 311953, 269141, 94392, 266983, 381736, 316818, 272449, 229534, 24900, 369917, 16148, 85256, 127630, 127485, 141995, 60642, 361311, 126098, 247199, 109185, 29129, 362895, 303656, 320216, 48167, 132344, 112915, 474379, 448952, 384011, 42657, 133300, 381468, 449042, 111882, 324670, 277289, 218833, 432211, 30690, 74011, 9882, 102231, 252990, 404703, 86849, 201607, 265986, 303391, 252242, 487458, 240714, 377129, 278942, 343998, 319337, 246641, 143240, 332108, 233293, 394402, 313404, 103560, 238750, 286639, 307423, 74336, 77261, 314922, 250095, 274601, 493123, 113812, 31348, 94306, 223668, 210458, 62268, 173179, 349453, 384376, 297742, 316622, 381372, 21138, 128166, 295926, 343573, 374310, 182332, 107922, 486162, 849, 375827, 164603, 237316, 295521, 287404, 289877, 106774, 35907, 422049, 55547, 655, 204954, 466658, 117311, 462269, 458148, 183188, 104047, 13283, 28076, 146629, 427121, 394271, 245699, 403597, 50673, 229583, 431917, 453606, 175805, 250659, 318194, 463932, 366086, 7063, 311817, 285930, 428271, 296769, 477655, 314825, 354130, 240889, 250184, 340067, 139371, 249170, 74962, 392172, 282360, 370840, 473238, 414717, 137446, 22255, 494003, 360391, 485863, 203466, 2079, 120995, 408725, 419856, 251089, 90559, 158287, 260160, 425178, 113488, 178799, 385910, 85107, 359685, 400397, 320372, 337416, 147686, 212461, 402845, 268249, 113782, 24346, 349587, 52711, 99975, 132230, 348566, 307600, 51519, 24125, 88878, 6334, 227814, 98146, 197883, 181122, 3173, 439850, 402047, 338050, 99884, 315865, 74698, 281993, 446657, 163227, 379344, 340250, 496704, 387511, 143543, 471566, 289954, 342045, 98249, 128300, 226151, 305216, 288232, 31573, 453456, 41032, 282517, 270944, 105899, 267793, 479712, 333427, 164206, 238753, 266960, 426064, 282109, 360508, 403861, 290004, 329351, 11391, 9874, 135937, 417547, 351319, 112722, 354547, 383511, 181304, 53562, 81509, 37662, 347115, 249275, 210449, 358176, 76957, 74784, 474698, 420238, 206769, 293046, 153487, 300556, 396167, 49193, 147206, 301677, 405520, 259568, 59523, 371908, 207263, 52190, 468324, 60968, 443682, 447760, 63608, 361032, 235206, 226374, 350605, 245336, 350716, 281774, 429553, 410668, 411356, 460887, 430071, 193779, 164810, 109569, 148303, 110376, 171832, 405276, 163647, 139837, 248762, 450801, 67494, 92162, 42375, 150324, 21810, 329507, 303491, 165407, 413915, 169079, 195252, 422813, 422469, 3996, 315, 338307, 423890, 356268, 409798, 466294, 378002, 220503, 204524, 380802, 413487, 258122, 46242, 315786, 345566, 306546, 414164, 222095, 453828, 121241, 419925, 434909, 18056, 268206, 309038, 343083, 10430, 343968, 187173, 390267, 275681, 342722, 439876, 278659, 464548, 311753, 217228, 166139, 389235, 9430, 48019, 97820, 163211, 430851, 431079, 210112, 457044, 200954, 69395, 75773, 322967, 283632, 81336, 278535, 273633, 180681, 66432, 441706, 175005, 203878, 443566, 368208, 303175, 263099, 141575, 353850, 397544, 456112, 94646, 109088, 411109, 150378, 116243, 315369, 343455, 107650, 8050, 121076, 476370, 314355, 198034, 42854, 252469, 391630, 411010, 173203, 374976, 265190, 34249, 229092, 488245, 203783, 426243, 41530, 60580, 64694, 92751, 439101, 28425, 32231, 176568, 95826, 118635, 232346, 218941, 481758, 450589, 35398, 41623, 367992, 346643, 368357, 72945, 403250, 418987, 185265, 313064, 461842, 372648, 67619, 30098, 68687, 482337, 369822, 192914, 187539, 238640, 413604, 374132, 411806, 415822, 190890, 135922, 449200, 478, 231737, 377308, 145172, 172020, 386297, 389006, 55221, 132701, 321474, 221415, 325518, 6804, 176780, 93317, 51155, 342684, 382433, 392297, 450657, 196780, 257210, 308481, 91579, 28265, 181725, 315625, 485697, 48363, 84762, 194156, 431957, 31019, 476553, 453333, 271880, 286709, 45726, 378898, 141479, 467459, 237133, 339271, 38515, 153836, 429641, 13807, 198814, 148545, 53030, 211163, 59399, 237327, 36943, 162617, 67358, 210758, 287611, 259552, 104647, 294174, 79235, 188575, 485228, 177182, 275102, 402278, 237495, 36439, 179060, 103955, 364972, 243368, 45858, 391857, 455998, 48574, 417571, 2829, 298979, 358623, 37238, 11874, 252562, 471458, 319682, 43454, 441731, 349045, 430842, 315899, 203862, 242635, 479153, 472151, 338220, 215044, 386746, 432930, 287889, 136313, 186703, 456934, 116205, 111920, 449730, 70981, 317440, 152598, 357001, 84813, 310725, 89242, 414113, 84942, 292772, 84706, 112010, 178697, 315992, 464015, 5511, 36200, 297832, 261895, 438517, 220008, 233028, 413270, 439958, 495377, 268038, 399108, 38190, 76885, 89294, 309854, 337354, 71983, 307948, 317510, 283408, 58428, 141332, 284503, 411844, 270483, 412979, 212634, 320635, 486086, 107855, 264710, 357557, 198582, 21222, 15893, 423363, 265938, 28549, 81104, 333859, 183516, 472263, 297311, 1907, 109760, 24939, 357371, 256413, 293601, 288065, 16860, 167560, 183857, 29887, 347600, 386406, 481059, 464961, 290957, 216950, 188012, 400440, 203667, 451686, 293430, 438962, 277519, 50849, 471735, 86415, 422574, 345578, 115679, 38472, 452453, 339896, 437621, 109087, 180364, 399492, 74718, 56162, 130833, 312972, 268715, 219489, 409460, 315732, 96727, 280980, 119098, 125658, 360516, 81907, 94666, 224264, 5024, 195226, 309080, 74013, 200822, 427162, 335888, 292311, 67763, 492635, 62412, 465010, 296707, 327861, 83193, 420569, 391309, 216336, 255731, 214419, 351452, 7025, 169627, 15026, 85920, 109472, 277021, 441889, 409366, 366815, 369135, 464430, 169974, 456656, 216793, 147539, 235023, 7964, 293579, 445328, 465567, 183925, 268035, 128459, 276046, 84289, 215163, 447664, 151656, 493732, 79328, 17339, 313915, 61750, 145873, 185843, 151907, 416386, 192236, 362448, 138860, 271638, 496075, 25034, 347769, 229291, 426571, 133106, 128675, 439378, 138987, 41223, 146567, 93524, 326078, 238497, 470291, 243353, 384605, 497911, 15445, 426220, 455218, 329798, 425748, 180907, 74072, 289585, 392674, 5021, 298218, 360413, 364689, 172432, 81530, 104006, 277906, 116116, 488200, 161199, 93498, 424342, 157412, 80713, 123346, 73720, 89867, 216418, 93901, 345260, 78864, 49609, 221212, 305413, 160257, 187851, 224017, 232021, 314921, 31583, 444940, 166614, 126008, 309000, 180680, 135061, 383730, 482363, 257810, 149418, 484592, 50087, 8930, 448751, 184825, 231622, 59458, 239211, 64680, 260574, 358433, 180284, 285853, 379816, 179035, 475794, 223131, 19503, 104159, 51690, 454337, 894, 83669, 485613, 443209, 402975, 15657, 162301, 116880, 275647, 334799, 431115, 274736, 423624, 44866, 380654, 9502, 388839, 241631, 54791, 412939, 16614, 157441, 136576, 30920, 367938, 131465, 181734, 88475, 295271, 380995, 98336, 369499, 326152, 21470, 481718, 64459, 468249, 352116, 355232, 150312, 246801, 215596, 186061, 24488, 199917, 127423, 23686, 493418, 31501, 192854, 481718, 317459, 398345, 225817, 310454, 25663, 325779, 152395, 487448, 388338, 378273, 449957, 148859, 345930, 408481, 31155, 48713, 338975, 37676, 308555, 302105, 89419, 353540, 431, 193413, 366633, 212690, 434109, 144330, 211189, 92623, 430605, 371982, 84902, 286477, 410359, 221457, 363974, 364402, 239764, 224732, 224360, 211512, 485919, 269137, 397360, 475084, 109546, 203301, 412985, 160169, 204315, 299872, 497746, 404855, 179165, 244294, 479060, 481883, 173711, 155631, 84476, 405397, 138661, 136498, 422256, 422915, 24145, 438438, 298143, 277217, 400827, 117320, 31988, 364329, 464043, 64714, 62826, 102813, 306017, 180244, 178885, 238438, 151107, 442850, 316762, 115311, 287370, 357290, 426375, 76982, 474561, 3799, 156014, 147831, 161080, 129712, 275082, 77837, 219582, 405130, 53657, 328646, 235910, 206409, 123261, 149194, 252636, 116490, 76748, 163843, 190869, 136071, 425157, 312262, 67841, 418115, 51230, 419437, 400587, 299655, 410915, 45242, 400508, 158742, 362339, 497752, 170440, 274221, 413426, 53330, 168439, 188688, 253976, 440130, 431547, 104364, 388490, 390242, 455253, 125082, 381492, 459073, 105657, 401937, 218768, 156518, 371163, 327182, 40701, 35586, 45877, 328815, 179801, 171303, 206373, 272747, 113012, 477491, 407584, 412376, 391787, 322898, 206454, 330410, 58910, 143741, 11969, 135580, 447246, 13515, 93420, 471827, 375593, 49680, 349341, 171584, 181067, 134431, 415632, 119159, 217976, 457544, 258097, 342244, 19278, 171305, 493792, 313647, 273803, 313669, 451533, 408389, 357353, 64931, 281467, 110040, 268034, 127691, 337376, 72358, 360785, 204913, 234505, 499452, 272678, 50984, 240963, 284611, 138308, 487955, 11441, 269522, 379819, 431472, 14985, 397128, 385862, 180040, 337533, 361536, 171, 407729, 298304, 489701, 253506, 216030, 299842, 68171, 205302, 240985, 317362, 137220, 256670, 197654, 393736, 455727, 492220, 212794, 481877, 259111, 289197, 294517, 109896, 478723, 148473, 298720, 401288, 67902, 353415, 107522, 18400, 457608, 462924, 8106, 8241, 362739, 1536, 101997, 26625, 81696, 341539, 236711, 85185, 396245, 448159, 16463, 434708, 65507, 184059, 356117, 308994, 322261, 207728, 384265, 465936, 223731, 108364, 331765, 286539, 31364, 392178, 407851, 356261, 20429, 364269, 387738, 279811, 2434, 304077, 138924, 462993, 382500, 258258, 494327, 245353, 274167, 286762, 486682, 185953, 92266, 195910, 483379, 170251, 289693, 226260, 335316, 221806, 397912, 312933, 382398, 409964, 461682, 128055, 452004, 389239, 52644, 182696, 340478, 251906, 329928, 1845, 264619, 97395, 25416, 269531, 379122, 379778, 242055, 328552, 86521, 88912, 298473, 270584, 447267, 57148, 119118, 78408, 179427, 266092, 387188, 394928, 94957, 289501, 53766, 357224, 102559, 221476, 338922, 346559, 348360, 47937, 202010, 19448, 366705, 247977, 342260, 310121, 428615, 325796, 225870, 163181, 314817, 368518, 72113, 267171, 123968, 219557, 434662, 82643, 211281, 443193, 471080, 484633, 19950, 468039, 273820, 392974, 41061, 748, 117344, 104348, 177277, 272854, 162458, 283822, 476450, 62742, 281729, 252758, 130732, 341691, 488911, 379563, 15246, 135871, 290638, 376847, 212506, 182958, 241876, 196127, 359269, 219912, 467581, 450884, 499452, 427332, 279431, 199911, 377751, 312462, 27255, 449669, 52765, 222967, 134832, 449140, 118320, 404379, 428094, 85806, 317580, 240307, 95914, 300475, 358432, 125328, 150832, 383268, 157418, 118740, 463408, 427274, 226222, 453611, 339103, 265028, 92474, 37903, 430362, 368234, 389644, 25892, 433998, 85205, 379437, 309321, 78830, 47563, 185280, 238468, 224421, 477004, 387460, 121192, 387752, 322532, 3125, 484617, 18213, 256470, 460595, 40454, 78204, 106958, 149382, 129117, 317962, 64080, 240873, 202426, 298033, 146942, 197785, 201311, 130311, 388562, 168752, 452503, 359486, 64551, 268582, 204892, 126191, 475354, 200080, 316831, 95954, 246869, 362593, 280506, 210362, 436517, 385422, 200519, 232168, 325072, 72536, 330184, 306235, 187056, 268564, 133062, 390603, 275631, 294897, 169937, 20490, 217068, 304043, 478357, 39249, 67319, 491018, 359294, 12758, 328671, 343836, 212283, 404709, 324452, 296792, 169909, 429214, 33458, 396904, 243742, 418547, 226942, 217275, 330469, 61257, 486747, 480257, 425912, 475010, 211655, 331649, 377618, 260571, 456248, 242788, 157559, 44112, 312623, 327914, 340760, 240475, 183352, 318411, 370572, 413364, 419551, 326589, 179341, 354693, 210350, 170152, 205215, 262023, 271949, 310936, 442298, 57528, 369817, 172550, 36705, 414082, 213501, 191384, 273964, 107033, 135094, 46381, 387757, 109151, 407839, 360873, 468040, 322584, 291796, 473995, 493144, 130806, 218001, 302373, 142312, 218226, 445354, 67705, 485334, 34322, 370508, 97105, 329866, 447638, 388312, 427399, 201253, 379261, 232589, 163896, 484314, 333598, 37104, 281599, 366189, 129992, 106432, 368175, 146433, 440904, 362770, 231957, 33050, 109035, 112543, 243437, 173738, 12806, 434024, 157809, 115045, 113852, 374706, 187413, 248325, 35883, 120270, 48875, 265226, 53196, 219762, 252809, 486047, 296939, 215337, 239178, 331845, 14784, 344132, 448653, 483924, 205087, 309043, 155604, 276750, 92021, 442072, 3321, 360645, 252761, 288400, 248867, 384959, 493483, 481322, 217347, 46244, 92967, 411070, 316244, 200818, 245887, 99814, 38669, 138954, 392634, 315133, 228677, 319500, 235, 499257, 118824, 454347, 368895, 115108, 324153, 112696, 168818, 366658, 5011, 313459, 313376, 2104, 225989, 301342, 270994, 311117, 412898, 297893, 258543, 341397, 332500, 417815, 94313, 462670, 118756, 209787, 250873, 115487, 366075, 313329, 39300, 57744, 8075, 183664, 310345, 17529, 133236, 55061, 181491, 393297, 243727, 269480, 270868, 173180, 12118, 388496, 494737, 277641, 330125, 150735, 493029, 170519, 334275, 219024, 353014, 42488, 323589, 315393, 470831, 257111, 84598, 457197, 327872, 396826, 1385, 312865, 439729, 247686, 321140, 198294, 323090, 239803, 316367, 280359, 294038, 15735, 183127, 259225, 271267, 469419, 237658, 246868, 372309, 424232, 439953, 227663, 146140, 356212, 282534, 160242, 172293, 485809, 219918, 212688, 164040, 341366, 282397, 44381, 405635, 201084, 266973, 214943, 496192, 140758, 289771, 309702, 44078, 15953, 64510, 22762, 121280, 145156, 206042, 451442, 331946, 266892, 217012, 368108, 125871, 40657, 464413, 405477, 64203, 306845, 356585, 434817, 29053, 24122, 125245, 29446, 140538, 55782, 261551, 283588, 145510, 457471, 381226, 160827, 88806, 73710, 67984, 399839, 360910, 342484, 270629, 144485, 170451, 62434, 433177, 124991, 344404, 340428, 159596, 346590, 470387, 79151, 69083, 251519, 318546, 402705, 262228, 406063, 169204, 239229, 252986, 238460, 159831, 104577, 390481, 383593, 346613, 114723, 414243, 154051, 490802, 152262, 437647, 193567, 332462, 131717, 50563, 433288, 473593, 160672, 496045, 127520, 493534, 182082, 302673, 104151, 423834, 11601, 422572, 2199, 16532, 450340, 331954, 126489, 166045, 250965, 341774, 270730, 94740, 479196, 226109, 457934, 222153, 452431, 302924, 313864, 243563, 387059, 296378, 382854, 313698, 498884, 222989, 445974, 343977, 411950, 176865, 48593, 43385, 145824, 445925, 330350, 499297, 421361, 268734, 176303, 30758, 1576, 171422, 268441, 381529, 495098, 131329, 468332, 232984, 163858, 446160, 424733, 314798, 394782, 18767, 104944, 124294, 150445, 23210, 496960, 284997, 257646, 299805, 11626, 294408, 124034, 464742, 235179, 412877, 81444, 450911, 215431, 464254, 272257, 278670, 343796, 416671, 431445, 233832, 313818, 219637, 356099, 310519, 288985, 277317, 484892, 327490, 217200, 471885, 421808, 400120, 126075, 90985, 296149, 451887, 115277, 429383, 16562, 303966, 262765, 495733, 464049, 408203, 314592, 142232, 47158, 38751, 203555, 384009, 88813, 153475, 84454, 174796, 192060, 397985, 249805, 152794, 214480, 376097, 31570, 250069, 352268, 38871, 459046, 14206, 47054, 356929, 366671, 181550, 377291, 105832, 439796, 213185, 115186, 95388, 10304, 57798, 330761, 291222, 196479, 278148, 176472, 80300, 368930, 227636, 50934, 41803, 88435, 6137, 320333, 312205, 122015, 279768, 8078, 437213, 118871, 262579, 477734, 24104, 128954, 401595, 493297, 443000, 342113, 275112, 283711, 415810, 63580, 292813, 382279, 306536, 223945, 414503, 200081, 487330, 91237, 251195, 171254, 25684, 405701, 97286, 91368, 245876, 379458, 142927, 302156, 152993, 437172, 116047, 117025, 472761, 16579, 181801, 94226, 447801, 293629, 405732, 94157, 494394, 324038, 347319, 6165, 188153, 92322, 177623, 455927, 347248, 258325, 310288, 133836, 293759, 358896, 469037, 446912, 262012, 486864, 173207, 131947, 391316, 389046, 57885, 393254, 132257, 489064, 348777, 493694, 488525, 218134, 311778, 394035, 243648, 442561, 466864, 311341, 124784, 491369, 27419, 465070, 316115, 31247, 50742, 338194, 405101, 378815, 418849, 323403, 338304, 49671, 22506, 15602, 267143, 187507, 414039, 368256, 32915, 1990, 134965, 30833, 186105, 64595, 35863, 398988, 341601, 439478, 434853, 401716, 487698, 471954, 348667, 357527, 54018, 449474, 335712, 330963, 388122, 294047, 275284, 40376, 455837, 348247, 157057, 356742, 277501, 381751, 379659, 386487, 346318, 297367, 192110, 185725, 440925, 349841, 498915, 208837, 395117, 37474, 95949, 216493, 235728, 274875, 481933, 180510, 479494, 220553, 56213, 339308, 69283, 462280, 148918, 348434, 176937, 180271, 439441, 258220, 463615, 470313, 442256, 233791, 222917, 316785, 456061, 456441, 193150, 307376, 191805, 431437, 185027, 158830, 498537, 334292, 210130, 172824, 167347, 138489, 259023, 401433, 256214, 348251, 298271, 363034, 224385, 292957, 283185, 162937, 353812, 164412, 120124, 354985, 218790, 303052, 195133, 479176, 75301, 466318, 472053, 441389, 262792, 113754, 74350, 245683, 387042, 363167, 181577, 149425, 237658, 398847, 485546, 69651, 435966, 81356, 212052, 411050, 18518, 180273, 158785, 307970, 111121, 318249, 379317, 302131, 47204, 402810, 496826, 236943, 341906, 354642, 425109, 146358, 401503, 139015, 200887, 84260, 369113, 435987, 195843, 168719, 284124, 196304, 26776, 348494, 364011, 242449, 154910, 62646, 177654, 272818, 186359, 150996, 72199, 220931, 410461, 255316, 253430, 478229, 244018, 177960, 192690, 348717, 483166, 471014, 323820, 213260, 156206, 491224, 413904, 479788, 176390, 360090, 333472, 31088, 131536, 191885, 387550, 237799, 227960, 466495, 289046, 18075, 42921, 214301, 359670, 59454, 460140, 412190, 85101, 482265, 366458, 386801, 477208, 59818, 224374, 130319, 128674, 24569, 141317, 447971, 166705, 71202, 37051, 62462, 160923, 309269, 139702, 379013, 196329, 139381, 222789, 393679, 155926, 473278, 231636, 164511, 276423, 304717, 66948, 86836, 86274, 219176, 6203, 336956, 299679, 467267, 10945, 31702, 378648, 289264, 353144, 14440, 82633, 222170, 472081, 157665, 217597, 53234, 234594, 214130, 128127, 308366, 133187, 15068, 214994, 17967, 402530, 148171, 360963, 257331, 490208, 148149, 265101, 315653, 158489, 156491, 221716, 471457, 116074, 113643, 56767, 362779, 394626, 290354, 316614, 173400, 90538, 331412, 490546, 357790, 274656, 377287, 255688, 372869, 75672, 39201, 121813, 173598, 489079, 299608, 440691, 57109, 250451, 2434, 353257, 11626, 352633, 306979, 355852, 112186, 253930, 294406, 399887, 95286, 93326, 6606, 313576, 449791, 162431, 250060, 283836, 379662, 338838, 224525, 209007, 443512, 401125, 184823, 353093, 87769, 494735, 495201, 199116, 154994, 221235, 370231, 109177, 319506, 73886, 75662, 433493, 108930, 445836, 50088, 119887, 367313, 399185, 155549, 182522, 165130, 106272, 484021, 219214, 298927, 1885, 56698, 305612, 352329, 485363, 287591, 368926, 225212, 126888, 430675, 116184, 235309, 160320, 481633, 220028, 213216, 150179, 146622, 475644, 372726, 75289, 353366, 376140, 205947, 65581, 208526, 169679, 337563, 63290, 18848, 187632, 421243, 22831, 90127, 83569, 268181, 47057, 402886, 226540, 72992, 41261, 274887, 488195, 196903, 230377, 324736, 178156, 143404, 257295, 191726, 446585, 108485, 377987, 213986, 110377, 478308, 325526, 323575, 228420, 1988, 406196, 76006, 317703, 230229, 418847, 48075, 412646, 485861, 158049, 367418, 168170, 416897, 267339, 338609, 232860, 353855, 269526, 87666, 304305, 347112, 102850, 340759, 273625, 263146, 122999, 490551, 289787, 455756, 142257, 73033, 245966, 203209, 402043, 260533, 402486, 264399, 235781, 365596, 219726, 426722, 143477, 269775, 141981, 489933, 426185, 327854, 218898, 20344, 290881, 249539, 449888, 6890, 464088, 313178, 117351, 298914, 107774, 118185, 69248, 261816, 217757, 144735, 219389, 311761, 241442, 481951, 451010, 17947, 229669, 229089, 493820, 117996, 366653, 89713, 223133, 170745, 101328, 491637, 123646, 75959, 284148, 311893, 286216, 381313, 426793, 397049, 157807, 294035, 403361, 15071, 451927, 329559, 75894, 205635, 268390, 447008, 257999, 293776, 237080, 160146, 222990, 447420, 335114, 464595, 236832, 187186, 274374, 21280, 90950, 237679, 367123, 426857, 61380, 40653, 345951, 382545, 117236, 495170, 455845, 417573, 12926, 186024, 145387, 155767, 180703, 248144, 331052, 118943, 434766, 108560, 11638, 8813, 493249, 133111, 94838, 494076, 146240, 475686, 352044, 368332, 259507, 315373, 194383, 346080, 490459, 322386, 227280, 431687, 143504, 108336, 281110, 54859, 204841, 348201, 43543, 405044, 164603, 242027, 207251, 183592, 446538, 36043, 389200, 136119, 189738, 136002, 136864, 419316, 338262, 414798, 24431, 145781, 408222, 452343, 191327, 143455, 330304, 390958, 418474, 25689, 329005, 496145, 306466, 309799, 153164, 10471, 489661, 424696, 369282, 26448, 211630, 52488, 457685, 82393, 62686, 331970, 434100, 111938, 13892, 210620, 251194, 184559, 370060, 33969, 420515, 67139, 391785, 269866, 127363, 272582, 309153, 144380, 241207, 142800, 297746, 456041, 140019, 244044, 267749, 273832, 47555, 361599, 243831, 225405, 202256, 54772, 236909, 146258, 129326, 165746, 137772, 291885, 185329, 303849, 233104, 7925, 406946, 24196, 214008, 131436, 262332, 228580, 37162, 386089, 81647, 128637, 321196, 329568, 389114, 274378, 430575, 269000, 412666, 35215, 5508, 58258, 497782, 472258, 129213, 300544, 121967, 339424, 114709, 220798, 171381, 134874, 57520, 2449, 354151, 47694, 38649, 121220, 104596, 49180, 36497, 229830, 477095, 64983, 218182, 459061, 251878, 256713, 34509, 409644, 228695, 293934, 18576, 60494, 327851, 144523, 276567, 153549, 256583, 328096, 123858, 472624, 471803, 319136, 201398, 357974, 255093, 228712, 328264, 55524, 379498, 277525, 20095, 211926, 288567, 423014, 94555, 197218, 82754, 454982, 144039, 416570, 148043, 244140, 382728, 176066, 490654, 335264, 218354, 276214, 127007, 427908, 98696, 187244, 393154, 362035, 41009, 291737, 154993, 329506, 383685, 14202, 498862, 93572, 46809, 322309, 494074, 473955, 185666, 244807, 278307, 74206, 310405, 26654, 121913, 345188, 235522, 226620, 114714, 101696, 400517, 30170, 71563, 256999, 107613, 217892, 308347, 215752, 168358, 77593, 181902, 379869, 370608, 286685, 105484, 405355, 135183, 178875, 277952, 191973, 50777, 308940, 220137, 395315, 304727, 410717, 463468, 265352, 942, 229702, 450723, 404601, 410508, 304203, 97115, 57965, 136945, 388088, 253411, 42253, 438199, 106612, 430995, 272106, 140943, 355770, 249150, 156513, 151702, 372154, 316403, 496616, 491127, 488440, 302038, 493295, 288262, 395798, 26806, 394104, 409577, 104291, 362739, 193482, 332102, 179849, 365514, 338602, 396684, 144084, 206325, 43754, 275294, 11029, 252338, 69475, 134671, 177072, 334667, 76339, 191703, 340350, 490541, 200745, 278326, 219238, 362635, 98321, 68819, 495943, 157850, 458301, 444843, 260821, 16053, 185577, 212096, 249588, 289798, 244839, 132589, 333645, 236099, 434607, 233620, 495601, 268366, 325954, 239699, 331546, 324551, 13750, 356366, 198532, 323013, 310977, 149641, 51296, 80016, 70548, 446459, 8480, 12418, 5810, 64090, 433829, 355668, 288577, 37899, 43580, 31795, 159996, 440561, 109192, 240548, 375163, 262564, 484441, 449150, 309502, 118982, 281958, 250193, 413576, 437765, 195641, 271184, 249676, 211881, 147135, 342334, 187481, 56414, 157208, 32315, 33300, 24548, 481604, 28058, 376234, 328565, 165115, 193624, 402590, 379149, 442606, 186718, 22544, 32690, 160993, 466199, 472584, 62460, 455941, 23430, 454434, 359857, 325073, 345571, 423296, 435957, 85483, 353077, 220861, 301974, 95266, 87179, 391552, 49864, 1545, 94242, 103855, 327351, 228908, 373787, 487546, 163559, 254716, 278436, 383637, 423127, 364583, 162754, 127362, 77581, 22114, 366469, 425530, 495573, 371295, 407543, 208246, 134809, 466343, 338746, 62560, 354956, 47698, 469458, 258499, 88759, 400931, 380707, 84692, 338576, 361778, 121876, 235773, 360067, 350162, 492272, 422652, 36689, 297821, 271621, 403886, 478588, 260432, 343229, 4841, 354212, 22996, 328585, 312340, 307264, 491227, 371829, 248765, 393960, 283046, 474506, 403057, 141269, 386923, 206839, 61883, 323951, 499418, 293848, 9206, 419095, 170369, 16988, 48542, 371198, 98572, 250922, 35839, 428226, 419494, 91217, 397072, 282365, 260290, 142980, 252143, 26355, 205745, 74502, 224107, 173050, 152012, 297178, 477534, 387677, 360133, 451998, 285211, 314676, 64391, 260429, 142899, 216261, 30491, 117471, 455325, 139273, 97929, 276592, 65319, 491057, 343725, 163166, 460701, 320968, 332244, 349665, 217614, 381753, 136285, 282434, 156277, 57608, 107946, 445309, 160333, 492862, 448920, 320798, 326136, 208140, 169977, 334563, 463896, 58868, 378001, 123965, 373619, 242049, 387362, 15895, 297923, 208346, 13870, 372040, 159113, 75368, 9307, 33918, 225592, 129863, 31587, 275677, 470511, 355010, 56775, 13288, 300288, 119739, 88929, 298850, 96591, 216773, 382702, 409907, 427582, 34347, 202545, 27234, 210401, 268471, 194863, 416356, 449261, 283298, 184995, 320451, 78530, 318861, 427644, 29923, 76581, 129298, 195249, 158004, 495236, 369258, 440817, 73475, 469579, 58212, 63474, 40263, 199380, 37645, 166290, 144449, 44867, 485420, 470188, 107640, 130873, 119923, 69236, 126657, 55353, 285263, 345721, 17755, 240496, 351162, 271348, 158057, 432309, 331504, 365125, 299492, 474539, 109670, 362383, 300244, 83465, 179130, 55822, 57313, 170708, 76728, 356687, 461724, 58303, 148625, 315411, 23748, 391343, 332608, 55881, 386980, 300891, 468740, 238330, 102272, 243052, 383192, 73992, 223239, 78694, 312298, 231981, 256527, 403371, 3520, 328457, 88559, 172639, 246375, 161571, 180044, 452683, 18713, 286906, 245378, 358182, 290815, 358596, 154142, 134948, 429179, 128062, 168208, 109010, 346659, 267155, 51856, 79045, 207445, 323264, 117759, 322915, 4073, 295132, 327482, 195292, 208127, 340485, 474181, 293863, 97312, 268787, 131458, 118554, 483557, 53746, 306448, 456968, 241986, 167394, 221586, 297312, 332082, 404384, 225200, 277270, 163649, 332680, 36369, 161748, 250068, 206134, 487399, 406427, 278362, 52289, 118553, 257900, 26251, 321216, 302874, 398313, 176610, 383210, 445844, 330443, 330365, 269885, 260039, 129206, 453021, 496692, 391281, 91526, 50164, 440763, 442265, 484135, 95925, 17619, 436928, 339888, 141074, 250192, 146563, 16438, 141175, 466416, 168414, 400007, 113661, 20323, 18110, 30071, 484740, 95607, 160990, 398212, 5846, 111576, 459433, 94785, 106125, 59109, 239987, 439568, 389754, 479646, 463012, 144176, 490667, 373708, 184313, 347437, 371432, 132096, 122249, 30399, 451338, 52034, 365127, 419521, 439960, 477507, 285149, 110957, 300273, 161996, 252722, 321029, 184441, 390481, 88845, 154888, 295611, 197515, 14604, 491644, 493045, 280368, 417963, 423473, 490216, 381168, 144677, 124718, 198530, 475200, 301015, 143477, 25609, 352208, 235020, 76710, 5997, 273227, 499789, 426780, 463039, 58400, 430392, 475034, 104997, 93912, 75483, 70362, 481381, 191020, 454192, 322045, 113822, 461222, 10014, 169100, 129488, 379975, 387712, 231537, 201387, 227972, 378893, 100210, 422274, 90000, 350401, 260628, 235095, 186219, 456761, 330475, 61227, 168600, 455620, 31110, 366508, 499233, 342370, 218906, 83383, 283275, 389843, 464751, 254983, 257735, 423807, 71535, 195809, 59883, 432071, 373739, 115937, 342885, 261319, 410858, 250697, 137788, 16052, 390806, 106277, 78298, 188913, 455172, 142295, 365705, 288170, 108573, 43851, 106851, 260277, 263119, 451880, 421647, 246201, 396542, 471289, 415448, 490983, 108420, 492033, 385874, 308170, 82609, 37171, 318605, 242991, 322445, 347516, 472834, 148572, 203940, 415280, 9705, 368243, 295676, 408297, 345712, 6886, 291661, 340747, 173276, 483184, 29337, 42588, 57337, 108600, 96512, 497987, 161453, 113150, 453340, 209586, 450887, 236919, 265035, 119783, 197175, 436249, 127033, 71915, 339530, 296549, 374578, 149026, 216094, 78420, 267986, 230861, 148019, 117423, 252183, 70259, 410707, 479875, 90399, 311217, 483144, 399663, 323791, 390548, 423079, 141855, 268379, 221086, 294790, 43925, 59376, 414482, 297351, 33358, 114226, 13102, 17735, 276562, 255474, 89438, 2699, 238401, 143962, 15897, 24127, 317323, 165210, 325375, 316671, 250907, 62212, 183071, 145664, 403281, 267820, 401785, 360825, 134285, 211188, 200600, 222786, 201379, 357307, 378432, 170203, 247978, 155508, 347538, 387384, 293683, 424767, 92601, 114893, 471602, 70064, 87439, 297581, 360350, 223471, 354559, 11005, 354366, 325954, 3662, 353976, 211151, 241654, 312253, 403585, 188624, 205056, 160086, 149816, 56420, 179735, 391811, 366376, 385489, 188518, 270166, 152681, 414524, 425618, 54456, 246009, 89216, 362319, 278553, 474474, 479531, 390951, 28875, 73467, 343502, 354802, 477713, 386574, 191147, 292677, 368918, 202610, 272626, 177265, 179328, 371505, 131491, 141613, 374698, 322813, 166718, 329711, 59452, 248090, 196511, 445659, 259759, 183748, 21594, 69760, 377363, 275395, 149747, 233301, 55299, 111309, 247438, 406908, 138569, 57697, 139065, 294570, 376049, 414598, 474287, 134181, 499759, 222900, 193370, 25768, 481618, 140401, 183601, 155885, 165978, 379854, 277900, 497557, 390911, 48475, 170713, 320530, 313537, 370268, 162472, 335807, 35125, 442783, 485461, 312034, 432483, 137871, 250304, 338843, 97821, 313673, 297823, 154239, 479407, 252751, 70467, 472973, 324051, 153324, 418597, 352133, 105608, 336624, 179096, 361532, 236815, 358557, 376059, 315366, 207965, 282842, 259602, 86913, 126378, 444246, 209809, 90294, 195574, 247130, 339093, 16376, 397607, 172719, 226793, 278757, 414374, 333624, 49058, 334903, 194244, 266201, 167182, 358098, 47549, 157118, 144849, 87987, 108243, 300373, 175138, 435990, 117054, 111832, 34659, 236801, 456463, 436894, 427718, 109338, 142118, 14262, 282015, 248632, 235526, 56903, 68677, 375652, 51251, 386541, 483308, 304913, 124222, 214963, 428721, 173626, 462684, 298053, 468722, 354046, 299262, 21627, 450075, 142683, 435248, 369178, 137497, 274996, 449269, 79228, 114898, 151554, 479769, 359700, 194896, 393254, 102410, 407413, 287444, 60248, 406035, 237029, 407659, 11243, 90059, 267161, 335168, 256275, 467418, 167833, 198621, 334199, 426395, 158405, 104360, 237357, 254937, 398668, 71760, 312563, 126113, 362318, 128698, 301841, 447243, 154659, 334996, 381422, 313144, 52242, 294158, 133203, 358848, 228360, 444996, 274188, 311712, 19221, 382954, 260368, 174580, 89223, 413923, 147704, 173356, 282386, 151261, 308774, 127965, 449690, 165419, 64461, 492494, 137939, 59142, 282780, 422182, 365690, 144705, 1371, 409366, 286235, 96987, 145619, 359007, 452774, 254297, 314885, 25721, 95630, 94665, 251888, 2426, 455750, 256047, 45804, 111033, 402240, 185787, 371329, 458679, 200731, 447911, 63799, 423906, 265367, 91396, 241084, 352045, 161487, 425734, 284702, 66088, 488362, 290964, 231970, 324224, 213628, 461501, 249174, 350212, 305647, 11169, 235343, 341549, 186438, 134796, 377378, 390418, 111090, 129181, 456337, 158666, 44464, 391041, 280581, 136370, 52869, 352325, 195216, 261191, 55823, 381513, 429016, 72236, 159876, 88400, 163999, 235090, 461739, 497448, 108123, 313165, 371252, 112860, 415562, 260002, 45022, 154098, 102414, 467014, 57153, 288201, 342097, 151854, 342436, 228619, 104503, 258008, 49026, 300853, 393718, 371139, 189265, 465550, 361830, 250664, 5552, 263637, 366642, 15543, 485128, 410055, 262367, 486496, 237949, 173373, 120227, 323745, 191390, 422172, 223758, 7636, 358004, 39104, 298463, 461269, 491291, 300221, 462881, 350278, 156422, 97688, 165765, 163673, 384414, 373029, 337786, 233088, 90261, 390105, 289032, 176967, 384186, 327272, 230264, 487837, 111475, 81544, 407319, 375808, 441575, 192240, 312351, 37023, 378829, 404845, 43673, 299579, 261683, 409771, 465610, 358758, 398467, 243324, 265639, 398457, 427785, 176471, 310255, 192857, 37172, 142690, 331473, 62976, 42760, 362490, 478954, 226673, 424562, 445381, 215831, 457335, 108520, 263823, 103708, 499625, 485314, 75687, 33490, 108284, 264211, 492087, 176294, 331589, 103209, 381975, 25261, 130359, 37092, 90344, 469768, 400390, 178965, 452703, 232422, 167063, 154114, 95376, 230680, 219996, 55968, 444098, 310634, 6609, 285535, 75332, 149521, 203348, 407628, 103554, 135308, 29936, 79082, 247831, 350211, 37930, 476723, 182566, 10540, 448407, 315307, 15177, 332972, 217732, 488845, 238310, 302897, 260552, 234580, 45928, 30495, 157703, 19556, 394985, 367783, 450598, 360386, 419126, 348081, 333866, 72709, 269289, 4197, 380217, 175962, 491130, 444434, 130378, 194248, 224796, 1701, 435940, 316635, 167972, 137653, 457681, 407647, 452324, 310710, 26674, 355776, 326052, 168380, 87738, 413340, 415894, 334751, 330070, 257569, 72017, 171353, 48707, 191230, 8906, 184910, 153998, 376281, 178010, 25723, 55081, 478428, 275757, 105280, 343006, 67499, 217919, 132042, 199932, 434351, 76045, 246306, 124091, 381954, 120895, 441185, 184855, 94103, 376717, 193224, 161085, 270557, 349625, 392022, 472649, 125595, 430560, 146940, 48803, 308356, 217851, 339363, 331664, 318305, 446902, 34685, 419208, 363255, 114336, 46754, 50286, 375532, 181552, 242293, 383095, 294766, 36604, 205708, 192672, 39319, 456738, 11983, 349728, 64310, 394214, 66133, 198566, 403638, 81384, 25369, 260157, 212188, 445280, 63933, 216190, 13219, 153117, 314581, 294839, 152641, 216449, 283030, 26945, 39487, 171092, 221402, 316889, 157514, 153405, 338076, 431310, 486672, 96395, 92314, 70243, 439271, 208270, 262296, 243087, 460468, 555, 206585, 336267, 112781, 406314, 156599, 139452, 216370, 452501, 273746, 407944, 450923, 315409, 423833, 463034, 466197, 333084, 29026, 305162, 55802, 413662, 89007, 233648, 377560, 372265, 200682, 321841, 257505, 35650, 212801, 88302, 33656, 60832, 367568, 487868, 139439, 482471, 389750, 14570, 253102, 345328, 305046, 394759, 474699, 458798, 81062, 196884, 370546, 466536, 367281, 314086, 127391, 214218, 390039, 245440, 7259, 424471, 167135, 86733, 64817, 103920, 474689, 363496, 446443, 378471, 74345, 391227, 394317, 425202, 388428, 264983, 117192, 10063, 98821, 25411, 349392, 155749, 415850, 263450, 287764, 236634, 470748, 103648, 470650, 264162, 5575, 106697, 311152, 289621, 57999, 450737, 470267, 385363, 441511, 424034, 332410, 35710, 173036, 379371, 466452, 298223, 412905, 250547, 66142, 23246, 431551, 242450, 100140, 338651, 32522, 265718, 44058, 135903, 287437, 344856, 353428, 445730, 353324, 105692, 254425, 372002, 497234, 343515, 71234, 304107, 347033, 206843, 416085, 334056, 332537, 110507, 351673, 301991, 161958, 158257, 336048, 331912, 209911, 43604, 339004, 260177, 212921, 173138, 324941, 374554, 62201, 392521, 5340, 358781, 207191, 176665, 232128, 218573, 419250, 54976, 105702, 71841, 67910, 385357, 460086, 136382, 237460, 52409, 455099, 40594, 363518, 305205, 366104, 57653, 72603, 60608, 293883, 366848, 382056, 6648, 459403, 472022, 354664, 50095, 219968, 141995, 94517, 187102, 496029, 395147, 314716, 335462, 494308, 330923, 21120, 107726, 376364, 449721, 82443, 317673, 340094, 22942, 10483, 276763, 376612, 126862, 278834, 68819, 169310, 217488, 240909, 392972, 137047, 303642, 414599, 21588, 476964, 271465, 164107, 17548, 310997, 456506, 146924, 289636, 29527, 394056, 322677, 177075, 138193, 331658, 113418, 431514, 324905, 37022, 334165, 153568, 434526, 41563, 462124, 224206, 337490, 232147, 152291, 31170, 134322, 210156, 64933, 41796, 329528, 166685, 82034, 204454, 315343, 25027, 116041, 487987, 65043, 483485, 324538, 170090, 282725, 187634, 106154, 409556, 27972, 490062, 105422, 68474, 151657, 432405, 162647, 398550, 397931, 360698, 21427, 337605, 165425, 260117, 23293, 2776, 175567, 365650, 169849, 283750, 75399, 270498, 8431, 381499, 143984, 35126, 239758, 453009, 15312, 441085, 65588, 261691, 411936, 17352, 178234, 488911, 371179, 143, 329607, 288645, 347246, 222112, 186654, 215785, 105734, 301982, 139244, 128036, 213221, 424335, 286554, 441905, 341572, 488270, 374819, 401377, 77333, 161600, 193891, 247748, 106351, 479632, 111884, 177906, 242555, 469733, 129345, 92006, 92133, 290239, 333705, 150809, 485379, 460715, 68105, 86446, 240877, 76164, 407283, 125273, 247643, 309438, 382548, 349516, 366087, 17235, 307183, 77430, 29255, 58722, 366102, 105260, 438346, 486520, 458871, 443611, 308703, 210101, 460509, 86953, 321667, 233121, 428443, 86842, 418256, 240168, 198251, 415406, 246794, 321696, 279128, 270679, 118743, 87802, 451537, 194652, 10784, 207482, 413947, 112975, 15182, 477847, 453049, 395188, 178718, 67924, 134219, 241560, 474153, 226177, 229789, 373623, 383836, 71616, 466062, 127998, 492782, 248133, 399941, 394695, 15667, 191642, 323304, 349099, 60646, 88473, 68489, 174807, 418518, 167400, 273772, 166872, 22030, 204937, 481582, 216705, 319642, 375460, 306950, 159951, 115491, 38814, 351357, 497370, 271893, 277421, 203722, 142718, 215454, 113308, 75723, 120058, 405258, 127087, 456388, 258543, 440739, 478199, 448819, 129419, 122517, 337823, 401906, 339346, 394745, 170495, 232659, 172373, 241313, 299798, 204899, 440123, 458659, 352479, 439921, 475956, 102768, 135718, 252835, 256631, 431365, 411288, 419047, 270380, 453492, 315572, 320500, 352038, 47562, 118615, 304217, 432891, 402404, 27714, 18471, 354075, 336267, 349984, 81651, 468635, 417714, 110886, 492461, 53522, 136346, 227747, 250655, 198031, 146734, 331080, 412813, 49536, 367390, 251049, 91927, 332430, 132523, 402355, 67585, 484637, 331749, 123971, 401702, 245333, 19761, 278196, 154170, 187558, 221706, 39858, 431927, 185366, 378446, 22083, 252566, 64906, 245617, 431061, 91297, 205490, 30005, 135931, 255948, 284458, 27475, 359554, 324622, 155956, 111320, 292897, 207949, 433890, 242529, 11829, 312959, 245143, 231792, 285537, 33634, 423576, 142064, 440586, 339007, 216878, 207218, 455174, 420045, 467221, 198398, 422892, 376709, 103514, 141910, 88038, 231464, 190433, 336741, 25866, 78135, 400042, 44958, 415692, 61547, 161810, 80592, 333446, 442203, 120844, 435763, 465298, 286678, 43073, 47407, 458436, 189712, 152271, 212327, 335819, 202161, 23633, 221304, 486839, 142326, 108395, 190388, 384481, 267370, 37639, 452222, 157157, 137713, 280356, 392528, 335847, 444005, 492168, 410053, 231461, 164880, 232176, 468082, 15240, 360597, 75625, 491870, 376070, 493943, 433173, 359773, 94278, 121823, 149127, 214698, 53357, 354869, 224989, 376974, 166207, 417799, 492301, 320284, 205995, 173033, 189451, 106859, 485668, 304001, 362221, 244732, 5739, 17612, 379174, 13103, 321447, 145001, 492097, 152049, 365136, 291686, 92652, 226243, 5613, 58492, 366248, 82641, 155625, 344211, 385772, 274592, 48801, 366859, 105333, 75093, 464517, 266701, 42505, 116425, 329378, 405112, 378710, 274409, 405457, 489318, 289941, 389088, 159412, 393906, 48396, 291719, 454121, 99570, 135375, 194489, 261092, 494221, 419084, 428983, 52389, 257200, 462713, 120865, 297036, 234731, 317361, 74542, 180711, 50301, 263529, 483944, 141091, 357386, 472592, 411173, 302634, 374069, 487368, 345104, 58267, 475207, 360153, 184845, 97020, 291101, 248612, 442993, 218390, 86686, 121763, 323610, 25923, 251545, 81912, 344545, 317508, 72499, 198778, 331389, 304017, 226555, 135900, 8408, 103152, 40735, 439926, 32419, 344866, 482677, 347340, 339916, 152177, 175406, 267659, 51340, 29108, 162693, 280897, 428811, 65961, 444559, 498290, 346577, 382761, 149197, 188272, 7845, 99372, 208858, 407603, 23723, 100295, 71647, 18229, 290935, 173363, 318710, 74741, 229661, 456878, 62436, 276792, 118710, 483504, 201527, 359749, 236559, 473475, 434203, 290128, 201698, 389697, 302347, 370030, 342127, 160318, 493675, 458516, 184810, 382990, 172373, 224883, 101429, 228078, 268042, 169814, 128664, 202923, 234051, 234145, 337846, 220532, 455591, 175283, 370690, 54779, 200745, 360009, 427541, 201167, 208749, 493405, 206766, 367171, 187602, 171872, 174126, 234543, 95991, 457550, 178263, 47126, 484038, 67653, 498607, 82326, 213912, 457703, 320965, 452621, 414363, 442603, 468066, 21556, 138540, 288541, 223501, 353902, 411322, 104034, 229232, 264258, 452669, 406759, 89403, 324650, 201716, 177729, 146730, 298582, 471604, 468346, 57689, 47774, 283523, 401475, 461439, 387426, 372795, 390855, 484741, 458289, 486376, 113215, 134284, 266081, 377859, 163180, 118320, 151695, 434433, 259199, 460720, 270374, 353670, 122882, 312755, 84949, 464764, 200595, 233547, 150857, 104367, 307312, 239147, 432460, 414102, 406963, 486980, 486114, 251543, 194344, 353196, 266533, 194424, 181923, 124457, 458054, 471005, 333834, 133005, 344694, 186401, 13480, 401404, 346007, 163202, 464305, 331770, 61115, 400830, 19067, 376381, 483219, 359865, 313219, 184314, 320597, 400307, 430801, 10129, 390876, 111997, 430157, 175987, 165336, 302345, 5616, 418890, 126168, 161567, 328033, 256445, 90044, 246549, 209218, 169839, 152312, 326159, 363245, 334119, 73979, 93557, 281389, 298603, 369586, 252119, 290563, 447885, 47145, 252740, 283936, 270684, 462566, 190852, 215290, 338406, 22926, 498118, 159254, 424515, 290457, 345426, 320178, 130341, 204614, 331765, 379826, 227971, 116531, 61732, 46438, 488589, 111791, 465381, 136070, 364258, 473220, 403094, 336629, 484979, 492619, 3171, 487023, 20890, 429153, 405384, 386022, 146515, 136350, 256379, 169280, 262384, 167784, 24945, 351923, 155846, 389290, 319502, 243497, 17475, 82401, 425552, 163819, 153849, 61599, 247993, 70076, 226321, 277009, 435602, 152390, 29502, 483541, 317248, 347764, 412210, 306449, 8748, 386210, 211074, 177869, 177414, 235904, 422052, 361360, 426269, 285137, 366338, 247213, 133804, 201444, 197789, 97206, 343213, 493327, 390966, 374438, 212624, 386817, 386829, 400046, 365750, 60433, 225982, 86947, 478604, 76693, 499116, 57051, 210231, 171185, 482419, 142456, 143385, 465270, 331042, 86012, 24300, 458916, 366891, 253866, 418935, 369313, 291254, 270335, 353058, 25581, 307028, 457037, 112872, 105078, 257995, 252708, 496564, 198763, 205350, 354956, 329379, 156329, 173851, 28712, 87893, 336821, 374318, 381040, 444644, 454585, 484795, 204395, 164413, 72226, 212408, 331267, 169844, 458368, 44805, 198112, 455410, 494577, 447516, 106302, 400316, 206138, 463426, 192724, 174607, 315517, 318516, 272455, 5161, 130099, 6550, 371492, 160185, 20205, 224746, 23839, 51990, 136160, 465003, 415384, 23042, 13537, 330114, 310020, 433365, 493104, 491222, 249688, 93669, 292412, 295309, 163054, 133740, 437665, 493299, 159569, 98286, 336629, 61139, 475226, 13376, 338063, 164929, 210902, 414356, 354933, 372255, 364330, 233772, 52313, 304967, 41093, 332315, 189987, 85154, 368556, 491438, 318159, 276628, 436812, 392540, 98194, 36787, 245482, 154830, 274846, 488014, 16971, 301571, 55119, 142250, 267808, 25135, 475852, 388414, 111187, 479489, 396079, 275334, 231547, 323853, 317061, 263670, 299828, 138616, 344853, 335408, 126506, 381825, 201597, 159448, 418397, 368332, 475025, 378393, 402011, 340874, 51770, 372185, 464914, 243167, 381911, 393509, 320904, 365540, 287269, 238538, 182522, 347882, 73016, 233345, 343574, 174856, 248327, 290019, 14302, 82051, 374668, 160298, 420866, 495211, 333495, 284637, 24009, 128717, 180470, 313361, 140878, 100538, 264831, 452773, 152662, 479808, 223445, 179778, 277483, 48240, 16203, 49463, 328027, 444782, 129469, 394159, 335752, 307584, 404421, 469228, 85221, 4579, 116458, 90819, 341501, 98127, 58328, 25522, 384397, 389592, 15117, 316416, 340185, 364505, 102608, 174049, 368905, 55972, 283324, 347794, 44919, 474161, 340041, 253577, 73302, 150244, 122659, 56728, 50513, 238642, 157035, 171343, 46900, 416688, 347569, 81663, 123072, 192230, 390145, 481409, 34593, 408140, 365837, 132181, 56755, 124438, 67805, 110847, 283254, 478677, 324090, 113932, 52821, 89125, 198133, 23633, 369287, 226849, 435072, 221953, 81023, 298810, 47668, 52371, 352357, 234761, 165417, 153964, 153959, 413389, 369949, 427744, 33922, 417129, 267627, 264105, 300396, 239613, 471859, 474050, 423269, 216882, 165059, 226995, 147208, 170689, 3861, 495162, 187498, 471174, 475832, 66071, 431815, 192037, 213249, 217572, 184649, 25025, 335378, 376088, 491119, 390331, 399311, 330494, 216315, 285938, 184187, 421134, 449982, 404754, 466715, 289917, 494921, 459194, 230513, 326813, 31955, 364137, 214486, 302852, 66122, 314934, 219358, 253683, 50477, 472378, 10784, 135640, 492823, 442616, 464835, 408091, 286976, 405664, 471543, 321998, 176707, 351597, 488543, 421150, 2673, 274824, 58280, 422699, 124017, 135743, 261577, 115072, 229709, 238969, 323213, 434742, 405580, 84316, 281485, 355851, 476275, 6763, 289176, 421004, 271638, 321025, 427670, 226848, 87331, 202523, 436759, 173137, 461960, 321448, 289189, 169902, 141608, 397222, 48809, 88372, 128810, 203100, 87151, 7618, 361992, 333325, 180034, 173402, 49568, 178787, 460727, 427586, 332185, 456067, 195623, 280684, 209588, 2822, 36665, 411642, 179898, 168762, 82923, 267161, 385525, 170127, 71084, 219808, 427503, 189202, 325306, 78391, 151921, 376316, 200916, 317603, 116575, 75972, 155813, 136970, 207560, 112718, 327810, 184197, 225907, 435808, 193545, 477150, 391729, 499786, 493535, 158637, 78114, 14222, 198295, 193713, 249193, 52955, 269339, 322530, 270407, 210039, 380707, 42388, 64184, 205814, 164659, 416681, 158417, 154088, 75990, 141664, 99054, 209904, 478721, 66650, 140577, 111717, 222776, 180052, 300365, 17356, 240296, 210447, 290421, 484596, 79403, 274893, 254044, 333303, 38706, 358198, 261561, 314498, 404986, 439515, 176309, 458313, 290829, 67353, 319081, 210757, 76522, 82749, 164049, 197564, 122828, 19170, 23273, 303191, 268092, 222030, 2068, 261657, 291128, 88033, 380047, 275213, 370115, 171455, 293141, 296452, 321195, 475753, 327072, 168441, 162451, 487600, 130200, 65369, 232825, 194817, 231894, 390421, 104967, 436946, 330257, 270374, 240729, 217408, 314421, 71368, 21099, 51966, 347440, 362351, 124725, 199784, 118037, 120303, 432927, 247893, 21921, 255418, 169783, 207643, 412836, 231772, 446577, 150251, 182164, 259734, 489150, 255834, 233329, 142062, 328102, 188122, 127025, 113996, 496941, 232023, 482302, 98625, 233892, 62789, 421867, 226367, 263995, 252096, 198211, 89205, 223564, 283369, 378667, 340788, 466025, 188366, 311824, 279730, 495664, 179433, 265428, 132926, 154536, 58057, 306079, 491966, 161962, 391604, 323427, 462560, 244828, 59851, 354959, 126496, 469222, 402188, 458514, 427407, 216845, 257825, 251651, 60891, 450984, 370990, 186591, 70976, 256593, 412653, 435147, 319548, 135523, 417587, 276116, 475379, 24569, 470208, 197899, 111775, 186487, 143704, 198719, 121371, 409655, 198235, 232920, 294286, 138381, 254363, 100439, 197883, 298479, 29886, 308342, 171606, 118935, 74128, 399695, 280417, 196157, 443065, 205175, 392602, 16281, 67288, 298823, 265219, 102974, 193004, 331476, 388290, 470167, 296059, 147597, 4722, 205360, 421320, 312246, 345458, 33650, 265909, 145384, 111516, 222263, 79883, 226421, 65676, 459095, 364558, 474148, 336744, 126716, 173806, 463776, 126375, 327288, 103592, 408235, 328801, 67667, 345692, 259261, 321488, 262191, 406719, 208810, 222699, 141668, 424489, 162278, 276383, 356939, 106332, 110376, 175569, 78815, 375692, 350428, 357072, 371146, 400861, 478149, 429115, 269945, 406338, 474727, 95487, 40933, 343354, 488214, 308338, 468395, 170914, 73981, 142803, 63565, 468426, 316238, 651, 14203, 280705, 328102, 350570, 357671, 9477, 46456, 242832, 50087, 127686, 349024, 370424, 401339, 2731, 176395, 388618, 202773, 358415, 374515, 462810, 322861, 447834, 148935, 313496, 22954, 39166, 83792, 5993, 160694, 267155, 250855, 453796, 219539, 391615, 17471, 102515, 363475, 454713, 279780, 86317, 437608, 86561, 307443, 228502, 194806, 408550, 175653, 388670, 262937, 486198, 195699, 98665, 231637, 99950, 134648, 47015, 456731, 456415, 244494, 83130, 92957, 28805, 177781, 248635, 10122, 26320, 263403, 328837, 245368, 465171, 1942, 306176, 476101, 74726, 112047, 231636, 303299, 121441, 279948, 42983, 498293, 366379, 396730, 46088, 344108, 191222, 451765, 477380, 55782, 109513, 144474, 62536, 418053, 228503, 103483, 151103, 379314, 359665, 285721, 330368, 492674, 99984, 465537, 324592, 355179, 485082, 45368, 329593, 289326, 289684, 450661, 116522, 65077, 257741, 36751, 299055, 134962, 141799, 326407, 141545, 172104, 60381, 297786, 421399, 76749, 145309, 49780, 178094, 428345, 30103, 453220, 49629, 409525, 421207, 322854, 442582, 68616, 148395, 340636, 157912, 495403, 79845, 23618, 95850, 438760, 471683, 4424, 390144, 35060, 330570, 349373, 450306, 439279, 340426, 217085, 195877, 124553, 399027, 287583, 338389, 318131, 174806, 199196, 1195, 261285, 444789, 22323, 4763, 422499, 150877, 284741, 301168, 79826, 216691, 109017, 3695, 491301, 229904, 499332, 428837, 150310, 428368, 180658, 315250, 368563, 414558, 253296, 293826, 479272, 175665, 35431, 260941, 388566, 315448, 219332, 157480, 466475, 418358, 130332, 74934, 34571, 237139, 452879, 253397, 371542, 177309, 61188, 292927, 488805, 206667, 85625, 216606, 219847, 255401, 349076, 364795, 482298, 9198, 209074, 184217, 380407, 381055, 59132, 77495, 304580, 397257, 443285, 356969, 424067, 182950, 355164, 270907, 407382, 369786, 90015, 457965, 55522, 256384, 477197, 113335, 471220, 288379, 401975, 467371, 43516, 472005, 164075, 214224, 466464, 476503, 235983, 442967, 229608, 297344, 238174, 493459, 190587, 126555, 292317, 456065, 416632, 326867, 277213, 176821, 63199, 313592, 353745, 230501, 103042, 184882, 449917, 181587, 308550, 80338, 122081, 55420, 28573, 372705, 445580, 22751, 291037, 493595, 449453, 300428, 290377, 334024, 393747, 380514, 167214, 7055, 281751, 259737, 339151, 193666, 66469, 43299, 212747, 277987, 301522, 16317, 392818, 42931, 333327, 83786, 343842, 408802, 192652, 233560, 265916, 158429, 233632, 392101, 313954, 210269, 294885, 173852, 1637, 207860, 213590, 354696, 444244, 412525, 361559, 109596, 88515, 496289, 298066, 273190, 144542, 220863, 144744, 92096, 41637, 342531, 303772, 61758, 192427, 240231, 497939, 351026, 269480, 413333, 230249, 331547, 397286, 224982, 460567, 201785, 183729, 443634, 216954, 126367, 27543, 131777, 257920, 167749, 303741, 26177, 296949, 88480, 78796, 124374, 359473, 421464, 392879, 92786, 215023, 438407, 66120, 12350, 124047, 359295, 355748, 364202, 344120, 375177, 486865, 197962, 297244, 486191, 87882, 42231, 47129, 160530, 376881, 76620, 454225, 319626, 56233, 70426, 191700, 55165, 140217, 238420, 457976, 81131, 321448, 408312, 192091, 150693, 454968, 288137, 206947, 97711, 392495, 218051, 333069, 495326, 109426, 35947, 68654, 185150, 426535, 421517, 195851, 353798, 496331, 361186, 481270, 38243, 107468, 63136, 167499, 250286, 310030, 360738, 25054, 464968, 304499, 210948, 273037, 477845, 275244, 104703, 456278, 228691, 166276, 361270, 460951, 246830, 378772, 432436, 238399, 333278, 58744, 139018, 295735, 256365, 385577, 463083, 154477, 20410, 155507, 416465, 347953, 307277, 87360, 112387, 162157, 65071, 304570, 414956, 214562, 162903, 79649, 25358, 180224, 209142, 31949, 204834, 88171, 116746, 367320, 359169, 463632, 296542, 52571, 346724, 133109, 148300, 393354, 198632, 59961, 42469, 273289, 77895, 212115, 247369, 144928, 149428, 484901, 143042, 334737, 203592, 29185, 90206, 350792, 225785, 495213, 160221, 381035, 495858, 376081, 70558, 479955, 420752, 409180, 163813, 5639, 235569, 341954, 456135, 246323, 174928, 272580, 236065, 443050, 424149, 375952, 150128, 357911, 147136, 191676, 489159, 428460, 267061, 328624, 407119, 372137, 67790, 396414, 105348, 104035, 198333, 417346, 295394, 345310, 77335, 464009, 489145, 400134, 153912, 189886, 244652, 359015, 344112, 66861, 322577, 473584, 348490, 124252, 266800, 263645, 383124, 16456, 208789, 102988, 207793, 89875, 169050, 379853, 22567, 425325, 21461, 152896, 478952, 192406, 222237, 438266, 386346, 269495, 453593, 211850, 47033, 403623, 290260, 158588, 283479, 61948, 94758, 400063, 365691, 450282, 312720, 425685, 179715, 248193, 72051, 66119, 339666, 319330, 34427, 93572, 21538, 4592, 47975, 313672, 370305, 325523, 332475, 60757, 323451, 14986, 348856, 474407, 451543, 147947, 134312, 394492, 71780, 412658, 497107, 336617, 173426, 261088, 193629, 151281, 145140, 67782, 157844, 63845, 152631, 185785, 15167, 199152, 421030, 393401, 165430, 271742, 330806, 466868, 386948, 45696, 86422, 30321, 358380, 88879, 138618, 167957, 362284, 463907, 455478, 2454, 112765, 147039, 303172, 90160, 275825, 259060, 21622, 366671, 379963, 27432, 18620, 349999, 304781, 58959, 293908, 277309, 2089, 15429, 262693, 292321, 336830, 28177, 263479, 323729, 111364, 50988, 379153, 47955, 216587, 178385, 160724, 419335, 357961, 221959, 139742, 382325, 138755, 200969, 278737, 203346, 486431, 160136, 45949, 476382, 204824, 179547, 352637, 43280, 321634, 248951, 218094, 48745, 265860, 154016, 12531, 221172, 436541, 217750, 88224, 75972, 13105, 201998, 258951, 356454, 187358, 155901, 343725, 60395, 437641, 451778, 319134, 322803, 224303, 145783, 327655, 53403, 234201, 361350, 362373, 480670, 322032, 455929, 19119, 490039, 29197, 96188, 67700, 23675, 229110, 249329, 195441, 333303, 409762, 463906, 240842, 124396, 209659, 463124, 470604, 129605, 243017, 430723, 8760, 13931, 121386, 467373, 50084, 438643, 404569, 429705, 392428, 373904, 390949, 213251, 490782, 460005, 122589, 33131, 84788, 466840, 294170, 292236, 68931, 130768, 320141, 18466, 459779, 214613, 57336, 161085, 454004, 205409, 361666, 66548, 436797, 494001, 118537, 455687, 217232, 92638, 118442, 278650, 133798, 152780, 297383, 36471, 84958, 454917, 313080, 384319, 78742, 398769, 261788, 95719, 343979, 49609, 343362, 53853, 80389, 271125, 818, 199186, 395296, 373826, 38049, 72407, 410387, 354438, 167903, 252550, 101578, 347602, 222018, 80993, 131661, 173069, 319522, 36007, 441259, 217990, 166448, 107424, 483695, 248954, 432, 417078, 16239, 282280, 261981, 106088, 18384, 332249, 444444, 150548, 79521, 461373, 172932, 252431, 337397, 485091, 67560, 108996, 273607, 265043, 480554, 497807, 275313, 455944, 59228, 229016, 323552, 90852, 491183, 317872, 14138, 29491, 250694, 106265, 282079, 167886, 167816, 6260, 176423, 197924, 435714, 341753, 293205, 48387, 176056, 107043, 316630, 242362, 96162, 262302, 43936, 216804, 270169, 123689, 154932, 488028, 182471, 211834, 250691, 199039, 126090, 459253, 70614, 286820, 89692, 282731, 148357, 400921, 383752, 463460, 92075, 463620, 81981, 274283, 410119, 270752, 445400, 342634, 361694, 150557, 483106, 497411, 21722, 232856, 238487, 27551, 104265, 267952, 399040, 91824, 462282, 269787, 264677, 48410, 355232, 399220, 338443, 187877, 422620, 181839, 278814, 177, 461140, 367381, 470364, 471786, 283097, 48822, 129845, 46182, 221440, 445155, 264823, 272393, 460743, 98441, 151183, 382912, 66995, 463169, 391287, 484874, 244152, 81488, 394499, 232704, 64607, 112366, 366829, 116886, 51327, 391435, 142064, 479652, 310825, 133473, 61994, 308694, 256849, 284675, 449665, 231403, 319026, 46507, 208502, 213115, 80625, 160770, 296419, 212143, 264042, 227034, 261351, 320584, 373963, 209292, 368492, 15206, 279037, 276792, 46701, 410610, 473305, 338466, 293141, 210986, 1321, 437924, 333250, 234393, 107302, 483530, 455135, 46279, 482108, 297188, 451907, 435814, 103659, 396464, 163214, 106887, 97598, 348511, 285686, 392279, 251196, 166838, 313678, 488943, 158220, 292808, 185850, 9432, 481097, 16457, 154283, 30670, 228114, 102584, 73944, 51764, 221863, 25758, 202617, 222520, 95880, 71808, 314707, 417688, 383175, 321571, 216816, 485344, 381893, 75198, 283124, 459008, 269252, 15975, 326912, 103968, 494371, 256591, 361442, 145644, 407729, 342245, 37464, 221251, 488867, 385502, 254540, 377091, 64070, 410942, 339824, 114210, 56519, 84743, 324466, 295194, 68091, 357970, 149191, 192266, 41801, 424010, 453171, 174646, 275243, 88696, 84477, 306654, 293837, 246963, 67388, 360935, 452018, 365961, 449503, 211222, 396456, 139733, 16504, 445438, 473505, 295432, 89247, 297766, 489649, 217445, 388391, 336348, 195915, 410243, 51100, 453486, 437265, 313356, 423628, 52053, 407723, 198779, 357152, 379885, 337284, 57287, 81700, 278604, 197778, 51855, 69659, 492250, 196989, 112463, 479171, 63620, 243354, 349317, 468114, 408002, 497354, 212809, 8435, 304382, 206424, 40594, 389191, 147708, 250041, 187544, 283263, 100022, 489935, 447412, 331182, 86787, 239806, 185139, 152942, 156187, 278208, 36267, 50831, 227783, 432824, 451069, 170833, 138176, 363563, 304539, 479880, 482023, 218573, 53058, 232345, 175732, 261249, 34838, 425900, 349666, 34497, 84572, 4953, 494286, 155484, 94245, 133719, 125364, 116884, 451239, 385034, 405847, 58663, 113559, 420709, 210602, 274428, 402368, 483304, 254747, 56328, 219977, 373238, 195751, 209746, 248880, 414033, 398325, 408475, 333401, 86341, 456047, 404789, 332301, 437442, 341546, 170197, 264049, 261159, 327458, 408301, 170291, 332763, 202604, 327467, 97084, 462320, 98999, 472036, 449576, 107590, 289477, 390551, 289444, 112813, 346838, 492462, 16888, 164662, 372617, 86075, 371543, 174580, 61491, 306239, 75021, 158056, 389732, 274300, 169222, 411242, 419077, 14131, 355630, 343851, 321748, 116091, 128325, 369920, 282425, 25795, 130606, 31545, 241723, 60014, 65724, 376870, 232383, 349612, 132913, 123394, 160760, 166884, 384191, 238492, 255886, 226738, 187847, 353146, 275181, 222141, 278439, 338113, 352547, 115527, 195339, 222759, 293059, 118547, 210319, 278297, 433749, 96715, 241224, 219146, 103566, 38382, 130147, 276759, 479281, 214768, 447190, 47180, 481885, 358893, 407428, 346213, 8511, 230585, 474230, 251570, 170104, 113447, 308368, 254326, 114270, 435784, 142204, 433481, 430782, 221404, 304637, 354422, 250577, 98315, 275939, 89111, 236672, 235185, 317879, 198702, 341618, 324931, 82075, 494183, 425939, 259024, 283907, 6537, 119181, 346834, 257380, 335388, 174916, 459866, 376738, 51765, 365104, 331876, 116950, 131036, 310950, 365628, 283506, 413187, 315793, 151172, 109355, 317488, 155165, 12123, 3512, 9418, 449169, 492719, 281434, 10199, 152684, 75977, 280835, 48807, 103272, 291385, 367563, 179136, 399124, 278751, 171695, 259338, 430767, 470473, 58843, 99428, 190987, 195399, 423853, 67427, 173565, 264872, 221126, 476009, 57498, 271006, 231921, 82714, 400396, 200069, 163583, 326908, 364767, 12865, 213394, 271353, 256736, 302856, 447649, 146884, 87670, 260727, 216282, 312897, 40481, 5848, 264926, 221828, 9190, 141906, 318452, 243919, 374253, 322231, 460279, 21544, 342441, 77950, 94454, 349882, 183474, 142852, 382463, 264683, 147372, 35524, 461741, 499487, 474669, 18677, 54642, 42469, 321274, 232209, 295374, 399823, 117459, 316602, 352270, 149950, 296563, 74247, 117473, 192022, 55339, 385695, 78213, 497336, 155455, 176910, 71080, 198656, 26349, 31989, 491469, 202084, 233522, 336688, 325848, 97194, 194964, 77945, 312571, 258301, 426051, 413990, 124991, 133564, 435212, 241641, 129221, 437615, 483949, 434393, 267667, 184788, 80460, 121245, 253727, 339633, 128638, 495211, 18617, 277600, 215327, 209075, 124293, 155844, 322245, 232356, 324235, 26519, 50928, 308085, 401003, 32124, 318646, 6683, 285128, 207380, 313533, 91097, 298057, 497922, 262601, 135248, 229483, 308613, 192384, 280727, 216160, 132152, 283003, 405452, 317954, 44425, 260999, 61225, 102100, 454952, 51796, 335499, 411903, 245059, 484223, 425329, 471309, 281901, 209017, 364321, 336487, 57313, 128596, 377972, 463184, 66111, 291115, 461403, 129367, 435664, 294864, 229753, 469266, 94759, 388342, 242267, 99036, 229958, 432403, 54185, 105752, 163102, 466743, 124644, 25426, 425462, 23900, 325217, 22471, 337564, 305866, 30996, 375285, 399236, 29791, 2373, 296435, 93225, 69827, 142519, 196032, 1969, 254418, 26294, 292239, 163615, 254895, 151181, 184855, 371709, 120560, 320477, 176211, 321574, 133102, 328874, 272706, 75859, 258288, 4132, 349310, 385613, 192214, 257394, 219337, 428094, 338188, 375450, 91572, 27078, 165800, 298257, 169071, 436121, 418667, 266507, 207232, 61921, 332212, 17627, 32710, 362808, 34013, 17347, 369712, 97139, 124071, 344140, 480019, 224110, 393172, 157229, 375142, 334339, 492047, 378469, 409773, 13654, 323913, 335681, 328681, 16806, 369307, 82967, 481482, 11880, 115320, 151404, 419457, 159734, 2600, 412990, 471736, 207248, 127310, 11039, 25108, 199611, 88729, 278624, 141712, 141523, 383973, 337512, 343010, 309261, 174653, 77964, 197621, 387576, 109261, 81165, 61782, 348636, 426199, 330879, 356602, 116494, 84927, 441635, 48238, 405207, 428087, 322958, 16327, 479407, 220028, 209933, 124758, 110571, 66470, 168851, 195431, 109908, 289032, 489617, 477541, 169411, 197909, 100801, 32772, 135787, 354295, 29601, 348600, 99656, 357184, 165671, 57532, 57468, 17787, 304844, 400699, 316658, 333290, 147545, 497352, 304557, 261071, 452979, 491951, 336193, 356945, 4709, 388772, 308865, 352783, 422758, 297759, 63563, 112970, 168866, 399281, 209217, 398468, 201627, 117637, 43004, 261121, 106805, 357387, 444398, 485257, 181645, 105903, 281019, 278409, 394189, 402311, 233193, 261520, 296347, 160460, 11701, 72556, 173444, 416163, 119841, 244106, 338517, 259219, 217358, 402596, 141455, 193552, 197641, 363257, 138894, 354672, 231607, 349237, 498577, 301015, 82140, 42792, 31267, 186044, 139915, 251882, 244297, 313638, 459834, 184770, 127438, 155752, 458093, 287887, 425084, 132759, 92760, 380527, 109967, 418256, 472550, 131234, 12569, 72300, 402633, 176522, 413224, 433618, 295644, 95968, 115188, 92537, 172745, 238592, 92389, 398326, 267546, 329050, 328351, 216735, 93524, 400905, 228417, 472942, 456116, 370251, 495613, 28976, 482032, 394300, 216705, 264266, 90742, 194959, 67300, 157632, 361860, 497930, 225531, 73780, 144469, 129872, 131951, 297530, 275476, 207560, 429127, 59291, 266082, 256535, 304535, 265105, 491269, 334997, 223025, 334679, 158236, 210560, 56815, 432367, 476277, 292882, 101753, 218745, 145558, 91876, 159473, 347876, 396642, 62988, 102148, 10313, 191404, 459856, 95549, 112714, 23642, 37410, 498613, 81494, 359079, 11165, 170005, 417029, 303725, 335465, 252194, 449038, 184329, 143283, 255336, 122195, 190915, 113928, 50563, 58862, 133390, 389742, 177077, 86049, 233257, 240734, 273005, 350476, 499803, 122090, 227373, 175416, 231652, 259907, 155541, 205003, 179622, 10137, 390211, 436469, 63197, 120787, 64609, 120489, 424624, 172680, 133911, 32961, 107032, 185975, 151518, 432196, 120717, 64694, 275836, 251356, 58034, 202958, 394653, 128309, 299095, 321748, 318223, 13407, 120371, 390585, 436877, 365113, 90112, 303762, 121412, 52019, 162391, 269474, 80250, 30040, 385489, 460300, 406051, 331740, 251010, 284615, 108442, 147632, 439808, 317007, 311519, 321504, 189414, 299659, 467719, 352075, 5700, 246144, 419437, 83453, 165581, 31970, 385904, 234574, 293839, 286830, 281641, 49814, 404582, 411644, 393877, 369062, 240835, 218729, 316130, 255853, 302670, 483904, 270699, 199000, 430937, 458001, 93311, 179820, 467925, 336822, 77368, 211046, 201663, 242189, 431550, 350659, 388698, 388843, 344535, 421815, 136084, 67550, 158108, 207057, 338962, 29337, 58007, 221755, 340571, 137386, 225567, 43085, 427697, 81608, 349058, 314771, 130843, 167966, 134117, 261517, 386006, 245275, 84416, 34197, 101222, 444837, 367709, 398468, 145515, 413509, 342155, 203643, 361815, 165722, 253739, 201808, 153143, 239945, 471485, 108789, 78881, 216559, 235899, 244638, 495516, 103478, 18843, 131008, 259062, 30173, 41597, 414781, 466193, 117945, 294718, 298931, 118179, 336640, 405446, 21987, 485887, 349914, 199294, 461800, 139793, 78005, 105132, 308705, 412272, 271419, 280871, 221437, 121540, 354425, 205656, 29785, 491551, 217951, 287637, 39529, 258070, 448954, 231105, 120687, 471385, 398921, 372204, 238638, 293285, 392877, 420090, 433315, 190980, 462281, 370251, 73149, 121986, 425391, 125362, 162858, 465080, 32248, 39106, 415914, 244512, 261423, 443589, 76380, 121595, 440771, 144085, 229606, 429910, 175797, 343287, 235302, 464220, 186437, 1155, 209702, 249327, 174230, 418929, 196695, 318306, 86318, 312712, 182199, 367854, 499431, 476728, 424756, 99357, 243815, 358855, 203180, 201118, 263899, 299726, 343276, 360018, 484401, 177513, 343422, 287930, 25292, 381822, 35121, 263427, 235908, 7710, 210387, 21291, 841, 148934, 173963, 346157, 40950, 177032, 455360, 484850, 197879, 23351, 89838, 267875, 227927, 29871, 24296, 489344, 352681, 379177, 384926, 253528, 374195, 67320, 46619, 409289, 345085, 150754, 130752, 265210, 161201, 342944, 395157, 298848, 374505, 113729, 364258, 24716, 392773, 398411, 346583, 251187, 115248, 261106, 498154, 365872, 22492, 397457, 367023, 204436, 120446, 243927, 55962, 43776, 476991, 397721, 36041, 483253, 388944, 168960, 382163, 362957, 6965, 418200, 327792, 163350, 430254, 223101, 188730, 142874, 104639, 456920, 282949, 102526, 313624, 359767, 58306, 27201, 163582, 193286, 403746, 234396, 153358, 419242, 475212, 231248, 184380, 227611, 358502, 151829, 348668, 374693, 49207, 86800, 460731, 122824, 344398, 364095, 165890, 166378, 258851, 305428, 372193, 20044, 138435, 346007, 495794, 218620, 415352, 97112, 222889, 147644, 66676, 427690, 264233, 115318, 246725, 483873, 286823, 277996, 294957, 169458, 231844, 347931, 335080, 404162, 211442, 396180, 474959, 50086, 254697, 186240, 489654, 172563, 53587, 362210, 474644, 343597, 74823, 288056, 12030, 499967, 134232, 179892, 194912, 312649, 56965, 201471, 235343, 80023, 295683, 41615, 253578, 261239, 81486, 464426, 204519, 354567, 7385, 193177, 425679, 144660, 31080, 422342, 392561, 374763, 17849, 219406, 299915, 15951, 316670, 285543, 494280, 385077, 194826, 157264, 89465, 436858, 166354, 343185, 35708, 452250, 268088, 433829, 395889, 452998, 348727, 303434, 39202, 289896, 34711, 408335, 399101, 238947, 493127, 488863, 188419, 296444, 124799, 61097, 387818, 414906, 176190, 64764, 4011, 229670, 51497, 51536, 206313, 113614, 420000, 77634, 210416, 315815, 307315, 243796, 491572, 247746, 452971, 261945, 266602, 125049, 220386, 396139, 75347, 213679, 208075, 427585, 225837, 476295, 347532, 123962, 428986, 487711, 29223, 419153, 324589, 110362, 115648, 410701, 205804, 442317, 1955, 429712, 300256, 112211, 364103, 33202, 92158, 445281, 444375, 357744, 475858, 460707, 37356, 315594, 170334, 55326, 411529, 393346, 144352, 34141, 447946, 280137, 33515, 387660, 57666, 315666, 329086, 4030, 291026, 332497, 307067, 362286, 418210, 222452, 63091, 297241, 35522, 109059, 439430, 499800, 462408, 404050, 427150, 489309, 243231, 234456, 472225, 142392, 396318, 112196, 407776, 273150, 38214, 366583, 65819, 354147, 290550, 457004, 481963, 280968, 326773, 415856, 69728, 59752, 91474, 177463, 409717, 69101, 223181, 447542, 56077, 79878, 295923, 181894, 11949, 20059, 43613, 355630, 407251, 346447, 224343, 455927, 283352, 150941, 268774, 440714, 155504, 259533, 359502, 93939, 433133, 455530, 74637, 450503, 149617, 496374, 296871, 66995, 454015, 55857, 59450, 149770, 302481, 353285, 426014, 424534, 419616, 333175, 339656, 127067, 278712, 438929, 127404, 377618, 461449, 362317, 463981, 257833, 350830, 37326, 93287, 34093, 131814, 82609, 254499, 120039, 305385, 349970, 177405, 383565, 201105, 395347, 169109, 317569, 39612, 429481, 178681, 111133, 28275, 183137, 422862, 60854, 273168, 327958, 327597, 81022, 149825, 79383, 401120, 341628, 156226, 195681, 338895, 349415, 489096, 174988, 68576, 402953, 154001, 340472, 241522, 148732, 406541, 255337, 293817, 368837, 421367, 451010, 1206, 476774, 178279, 409523, 256127, 129130, 438628, 238519, 364039, 178351, 271311, 392050, 11026, 44454, 406630, 138926, 256008, 421711, 402314, 295960, 470858, 410272, 259921, 147984, 154985, 286582, 47134, 39578, 218782, 289522, 77310, 115906, 28478, 258404, 161262, 137902, 154326, 218801, 209204, 465735, 194331, 211728, 135623, 326841, 188076, 346986, 18700, 73789, 194131, 191381, 115175, 120990, 44171, 94840, 281764, 58031, 265891, 219349, 282770, 184776, 360543, 219170, 77589, 434402, 278930, 392994, 425786, 108600, 13945, 468019, 410528, 306021, 337341, 390616, 428472, 145866, 416197, 227426, 227785, 110838, 218877, 381935, 79530, 417839, 444408, 301551, 90538, 198194, 457857, 126978, 107808, 119946, 295008, 18735, 36410, 128207, 326814, 3643, 160901, 51158, 137640, 117945, 45369, 489513, 372409, 270942, 17646, 476844, 245874, 261329, 93730, 275942, 419030, 10861, 87218, 233451, 169610, 11149, 125163, 482541, 463004, 210730, 200350, 243427, 141584, 273326, 236186, 434176, 355924, 321066, 379756, 43092, 438623, 202753, 11619, 375727, 173553, 315317, 195778, 356290, 82923, 140248, 470432, 229970, 142245, 247446, 249045, 61809, 107152, 86088, 286643, 224589, 201269, 90990, 413354, 132813, 134891, 301263, 69825, 141257, 51080, 432711, 4758, 442280, 244546, 34536, 20365, 300742, 486861, 153083, 394217, 421701, 223223, 394405, 445462, 104008, 236411, 178392, 400401, 337034, 434608, 19094, 2367, 345798, 231872, 433532, 237169, 319817, 297935, 23593, 469926, 220657, 410856, 328493, 349428, 107005, 9121, 17637, 144877, 427433, 333643, 408707, 196628, 274099, 30202, 408420, 297871, 376059, 227546, 368590, 4896, 254295, 248948, 221962, 36563, 422895, 467559, 438389, 334640, 369988, 195652, 255995, 495486, 306878, 36231, 63371, 31317, 462607, 198011, 21653, 347567, 79016, 177509, 438954, 126779, 64781, 415193, 75016, 110399, 188827, 303621, 92718, 346546, 137743, 360189, 410337, 296476, 493010, 494193, 279350, 158780, 430346, 317260, 340109, 371773, 219097, 480095, 75037, 160288, 496930, 384571, 119621, 308976, 194135, 427216, 9974, 188803, 459286, 149629, 461544, 341591, 95640, 492905, 219403, 236646, 312079, 72845, 42443, 9190, 463936, 188641, 486185, 42050, 188755, 45804, 178911, 138062, 494461, 342868, 89425, 39597, 383421, 466443, 13051, 265437, 115467, 363474, 82158, 373866, 153519, 243158, 256798, 275812, 328610, 478481, 488752, 83806, 71923, 42298, 273814, 242153, 496570, 416357, 477462, 247186, 485372, 158324, 178318, 178576, 336693, 19230, 315514, 152597, 126291, 352876, 284978, 441792, 406815, 168389, 414411, 65070, 5158, 450349, 204761, 457444, 180740, 153306, 405090, 421365, 72311, 234871, 400348, 297502, 47863, 308624, 196459, 154661, 151846, 105288, 197004, 240894, 351571, 309769, 110824, 364360, 463097, 327548, 325675, 246346, 241461, 222621, 244462, 341083, 380829, 184818, 472794, 129950, 238305, 470477, 238075, 497979, 245560, 35959, 430261, 432967, 372263, 273655, 412356, 289827, 492624, 397366, 401251, 333245, 251709, 295792, 270806, 445971, 479095, 294921, 423961, 327696, 6960, 480621, 259296, 137313, 315247, 311691, 496616, 226180, 279900, 332049, 307512, 256349, 173353, 497575, 78325, 439837, 978, 196774, 256140, 386509, 282423, 423081, 94046, 181442, 257468, 458201, 445570, 301929, 303761, 235760, 351273, 16457, 475312, 71903, 399721, 361797, 91011, 427836, 355658, 190344, 137016, 4053, 11805, 40932, 77107, 75342, 38974, 80342, 365651, 145017, 260415, 55558, 26762, 359313, 120982, 328471, 8056, 288897, 122344, 350981, 472617, 314313, 477305, 239887, 490463, 153766, 76579, 215486, 367652, 370009, 174611, 374846, 221455, 162704, 495003, 277126, 160788, 2404, 102989, 241157, 249035, 458990, 94951, 45823, 480033, 414981, 484068, 130753, 77109, 424346, 375758, 404041, 421988, 17177, 145180, 152356, 232722, 201404, 458987, 383711, 372880, 220689, 176556, 350585, 394662, 243084, 475575, 388221, 234400, 334321, 195797, 421877, 124966, 425696, 153974, 307464, 200273, 476623, 389035, 446447, 376356, 334453, 287420, 255109, 470456, 49767, 234496, 485194, 462942, 433838, 276037, 416849, 447284, 15215, 300355, 481355, 256787, 159722, 419176, 312825, 358319, 136706, 159884, 482809, 338731, 77954, 3491, 203384, 132101, 475500, 332870, 40269, 160998, 395557, 327862, 329097, 265156, 438077, 247549, 327490, 132564, 38901, 212729, 196, 148143, 349809, 65847, 383875, 70958, 189349, 9839, 283252, 207603, 491883, 466209, 368466, 54144, 27251, 337605, 333797, 165324, 211815, 341264, 16836, 300009, 383514, 425399, 162302, 140756, 139756, 411908, 468255, 297069, 230623, 164184, 69380, 271254, 175334, 138655, 440183, 494309, 390074, 95472, 334296, 24892, 340428, 363044, 439309, 308864, 470166, 100980, 475025, 349791, 376834, 452080, 229490, 355340, 85826, 78266, 47908, 382324, 64016, 476715, 272283, 189960, 209185, 119883, 270805, 101479, 272696, 81872, 429834, 467364, 349666, 119378, 65677, 28024, 242814, 248194, 22711, 478455, 159988, 422186, 127498, 127724, 362509, 375435, 83263, 266687, 103108, 113496, 201392, 69869, 429057, 130812, 210243, 185319, 366336, 69283, 314125, 394116, 37698, 477777, 102536, 454879, 36642, 401610, 363012, 393916, 137149, 308384, 287579, 6811, 316144, 389542, 21610, 56885, 365555, 334536, 42641, 163902, 357483, 271606, 204296, 285270, 499225, 468514, 76000, 70887, 324120, 450248, 3831, 397379, 376264, 235600, 240192, 462725, 223344, 249508, 235328, 385790, 72147, 420239, 24013, 213181, 41543, 250636, 232410, 75884, 293674, 107450, 165266, 235285, 2078, 346708, 390250, 20930, 394477, 72617, 484733, 493879, 184550, 146400, 146067, 10568, 71700, 237112, 291807, 403032, 239703, 185937, 49062, 1944, 99690, 56363, 41223, 272745, 211829, 125919, 238892, 114929, 34058, 305994, 71243, 170005, 294508, 288909, 284722, 190586, 405217, 31932, 444574, 237438, 98289, 65837, 193770, 105505, 430810, 458071, 306591, 309186, 459407, 242561, 328437, 358877, 362837, 74769, 470450, 134079, 67886, 413552, 395626, 442360, 360416, 237973, 4680, 133669, 70910, 316186, 163280, 269259, 172299, 273123, 381805, 9713, 352006, 285419, 162904, 336673, 322347, 237192, 368639, 117061, 238718, 384498, 209716, 25353, 165426, 245361, 470645, 184636, 164324, 259949, 130801, 286157, 102810, 180061, 10547, 27341, 395925, 208554, 498196, 194870, 468364, 452233, 381849, 44911, 16760, 490296, 389601, 310643, 379641, 455149, 394156, 186166, 14818, 39901, 84695, 137750, 259604, 253904, 96533, 462219, 331740, 171471, 250015, 481500, 299952, 56284, 292710, 242071, 355253, 475435, 227367, 75706, 162326, 420747, 278456, 1516, 90351, 285530, 447657, 108194, 350084, 278646, 60227, 229248, 251036, 83288, 209170, 273960, 412999, 202790, 292538, 228663, 171593, 28139, 443108, 73388, 398827, 300081, 299948, 32881, 262100, 364097, 439273, 58759, 270498, 237756, 96315, 203498, 142993, 283856, 344984, 194649, 391845, 464191, 134582, 191490, 316125, 160221, 427077, 370776, 181821, 102658, 464032, 468149, 212038, 203245, 152815, 136791, 319361, 323668, 170016, 448259, 46825, 452290, 394211, 361524, 356623, 306004, 38405, 413650, 286358, 46377, 448862, 451597, 76467, 8839, 112197, 70790, 204685, 227978, 88291, 46182, 318846, 335948, 188822, 393364, 247499, 178478, 488460, 61784, 106705, 425119, 328794, 290816, 95006, 465878, 396151, 232361, 272987, 109088, 411221, 474809, 172913, 322747, 459044, 226014, 112751, 308966, 470692, 91130, 158238, 383690, 6642, 421429, 401180, 194043, 340671, 335042, 55748, 11276, 66503, 392102, 283445, 312126, 98574, 286077, 245990, 15437, 468190, 219066, 427291, 75536, 256631, 244478, 101083, 420061, 439799, 353082, 229735, 53574, 68339, 452390, 435193, 77878, 395507, 50813, 380459, 331074, 109898, 172280, 429566, 474935, 408359, 176172, 73161, 349953, 261675, 180207, 470094, 78440, 247322, 326150, 203372, 409822, 163817, 228014, 119920, 338871, 446539, 108215, 144900, 362923, 333850, 85277, 157369, 130816, 112043, 238157, 415753, 499570, 207646, 3647, 357349, 17207, 333473, 386809, 199724, 433183, 429484, 28484, 58570, 312577, 164983, 455641, 307861, 73547, 316634, 435094, 490878, 136373, 265043, 243409, 217376, 100863, 153237, 165533, 82993, 244448, 399214, 184561, 393704, 204332, 105708, 292508, 276479, 127774, 136065, 449863, 306698, 479322, 134246, 283037, 457970, 4493, 51434, 342586, 327547, 272500, 463784, 173476, 222335, 111127, 451459, 369629, 455912, 289948, 38767, 202044, 224981, 329943, 177299, 113820, 480085, 477903, 420277, 246433, 405390, 132573, 442503, 260188, 234783, 164307, 138273, 100795, 277628, 493502, 209871, 308043, 495295, 75673, 420177, 447560, 173264, 313885, 85564, 396787, 305312, 117819, 468624, 221995, 377026, 438819, 409983, 139276, 485858, 473748, 83660, 251222, 137750, 157218, 433280, 432335, 164472, 435840, 149170, 210772, 54441, 63233, 308792, 122814, 172194, 278964, 139720, 160723, 483778, 465149, 278091, 784, 310190, 463451, 308291, 124131, 382667, 167819, 1430, 228902, 172391, 154158, 474881, 54170, 20800, 390956, 494716, 44065, 264566, 414423, 223439, 413603, 292298, 335972, 256506, 2476, 183066, 380924, 398366, 483450, 401933, 289823, 238776, 368775, 119086, 132897, 418097, 413108, 330674, 442952, 193480, 451346, 8902, 116385, 2048, 455454, 178623, 397878, 401429, 464740, 217184, 194007, 430537, 428797, 169485, 292749, 167659, 16882, 17203, 99325, 467411, 466038, 121935, 286151, 154354, 299655, 10369, 64517, 414886, 23482, 229241, 307524, 47451, 488825, 96963, 426517, 303454, 305618, 452237, 463870, 60413, 248656, 72765, 247120, 441165, 280408, 8373, 376580, 24533, 302537, 373866, 268577, 199636, 367440, 16819, 280140, 476478, 120751, 347270, 396990, 341426, 104468, 162400, 66006, 476940, 97798, 125883, 382547, 232876, 451733, 376776, 357638, 428545, 40250, 303072, 287904, 140098, 20165, 416044, 489694, 267965, 22030, 392039, 311392, 384052, 477229, 110802, 216403, 55357, 48652, 407227, 1637, 120072, 411304, 409443, 165983, 171284, 111653, 105879, 237309, 286732, 62909, 329511, 482487, 245474, 485444, 39353, 330983, 363329, 265972, 407500, 114898, 310679, 222848, 331263, 244821, 253103, 35203, 16210, 290719, 65551, 140616, 330455, 433020, 218338, 401758, 25882, 106655, 211952, 243406, 57028, 351647, 111750, 437906, 56998, 175459, 230754, 240547, 364224, 360529, 306466, 266138, 327340, 465590, 200970, 405477, 159637, 451971, 112648, 198598, 440410, 462278, 115459, 318068, 404678, 358488, 382815, 485341, 104940, 244976, 156605, 414432, 169854, 457056, 32433, 69858, 65068, 435600, 343049, 261787, 61953, 267943, 153263, 404658, 106241, 443331, 457660, 128435, 120120, 248731, 206232, 377114, 419001, 12895, 26295, 210882, 493223, 281094, 423305, 209090, 102232, 292308, 294873, 129542, 126177, 7238, 292334, 381218, 160991, 385347, 300303, 498321, 166403, 306153, 145377, 155935, 88718, 194351, 84848, 227225, 476447, 384021, 210672, 71350, 110955, 73086, 191213, 396396, 264818, 255283, 354668, 418096, 488055, 184131, 251354, 43876, 304358, 157751, 393484, 133808, 304747, 24196, 146295, 469261, 23855, 237941, 143651, 90718, 382466, 71098, 339138, 96547, 127573, 169760, 182030, 177485, 204767, 294380, 184136, 466700, 10851, 255890, 446055, 270387, 338137, 240034, 230912, 267476, 31621, 343332, 76795, 348640, 442434, 361104, 95315, 45976, 47277, 221388, 453430, 46390, 486675, 73572, 385250, 418963, 358784, 73718, 207572, 83430, 119492, 325857, 297231, 47994, 385483, 104537, 93284, 282236, 407081, 355920, 343907, 153295, 89537, 496722, 396829, 45833, 326266, 152201, 47900, 449826, 229407, 408515, 104278, 367699, 18377, 251709, 310117, 204042, 99054, 301791, 452243, 63450, 298531, 149246, 4978, 358603, 244092, 266996, 317346, 426378, 103969, 232868, 319541, 300338, 176797, 333480, 110313, 401768, 130652, 27798, 167335, 336969, 423511, 12024, 9056, 352207, 182698, 400557, 365172, 263065, 368535, 290878, 466325, 147547, 225507, 161677, 56981, 267690, 308564, 166362, 160484, 202674, 36757, 325929, 338575, 152482, 228456, 145082, 114277, 314655, 493789, 94481, 199881, 493455, 317952, 445549, 341812, 110686, 387461, 441056, 119428, 87222, 26960, 16477, 40170, 375911, 419055, 451158, 428920, 422653, 314287, 279898, 441824, 251204, 119571, 364748, 386521, 231059, 389223, 201238, 48166, 91215, 236840, 434583, 455766, 181129, 314573, 266360, 4611, 460349, 251978, 418941, 427089, 237163, 25622, 132424, 116836, 431866, 287741, 450045, 477296, 461267, 258101, 351486, 493392, 176943, 191612, 401491, 163423, 488671, 335468, 342596, 405324, 144568, 442107, 241440, 269170, 498292, 146537, 404905, 288871, 266173, 101294, 173007, 184623, 463365, 377578, 353715, 21701, 156172, 135266, 383526, 306319, 57348, 242008, 421555, 359678, 27940, 200583, 208950, 42779, 54463, 203707, 195448, 66940, 229267, 384270, 265932, 395704, 146765, 212222, 219885, 131148, 12684, 266361, 413552, 214101, 135822, 275309, 213344, 196891, 278633, 145850, 393445, 31958, 189248, 462165, 139787, 167845, 356214, 258973, 16772, 324045, 175773, 480275, 164049, 137218, 393932, 53462, 45532, 449556, 314507, 25730, 163918, 19288, 295744, 437403, 192460, 492697, 333315, 169643, 201879, 174789, 292715, 122080, 59121, 90244, 189754, 204972, 36094, 52347, 246767, 100758, 485359, 355871, 44638, 329087, 348968, 416091, 320586, 221101, 171446, 290592, 229177, 178451, 329980, 261764, 174874, 347902, 439208, 380071, 398524, 378732, 142534, 72509, 475838, 82016, 188571, 73529, 316493, 30520, 142776, 332463, 441731, 484536, 166551, 201064, 402883, 280368, 337817, 318754, 275866, 217727, 4387, 450771, 74942, 294345, 351022, 47649, 233720, 185225, 496197, 409851, 448307, 56494, 125499, 10739, 81389, 130542, 222065, 266215, 70588, 484789, 360066, 249217, 461641, 390983, 388201, 56092, 438049, 317187, 135594, 95904, 335314, 40942, 275263, 161110, 351581, 386441, 141706, 74872, 412822, 147758, 67963, 157340, 290136, 46620, 114180, 98478, 397987, 364964, 351620, 210675, 42933, 489923, 196644, 84843, 117182, 371248, 410341, 59145, 452384, 491660, 453837, 20958, 46369, 254960, 447998, 264620, 225683, 398423, 405312, 271681, 141848, 64328, 410425, 179634, 115580, 346695, 294833, 491551, 158823, 287138, 441356, 27545, 18270, 255202, 160042, 253743, 167828, 200301, 194067, 445222, 420324, 392155, 318467, 208957, 236686, 416706, 331623, 322662, 160640, 125687, 29545, 115372, 266753, 468418, 439087, 29013, 36710, 412947, 153102, 37109, 94310, 302965, 77579, 241354, 476510, 353226, 314899, 330978, 438830, 312309, 369448, 441022, 60749, 359994, 490489, 167013, 443494, 294956, 255329, 83324, 456763, 338692, 442636, 201935, 22874, 64910, 73208, 35699, 201843, 486658, 155350, 378518, 496199, 159465, 49367, 363406, 133758, 362727, 422954, 112143, 38793, 336623, 268385, 57650, 71108, 258562, 187422, 362519, 105339, 6360, 231279, 488170, 80113, 80467, 443200, 25131, 18561, 264118, 114947, 414373, 28338, 326848, 206162, 146600, 101867, 135457, 383120, 397270, 107008, 237500, 431003, 64044, 193707, 208574, 366895, 323262, 36058, 421619, 267980, 475098, 160265, 179842, 471497, 270459, 207371, 132398, 178823, 1185, 488264, 191473, 42535, 8512, 399228, 197208, 17481, 343645, 37340, 194123, 447084, 193505, 429554, 175387, 444577, 232870, 236311, 492759, 129068, 273713, 491874, 457472, 137599, 292334, 334194, 141889, 126455, 360471, 16474, 127397, 247159, 268917, 37459, 375019, 240900, 79484, 13346, 228894, 366016, 381026, 292707, 284947, 11319, 247410, 51206, 189570, 341146, 54266, 119388, 189769, 37716, 341884, 111852, 48521, 485769, 185925, 66488, 86681, 261587, 130396, 292521, 156518, 284131, 339027, 262816, 326082, 343485, 409739, 6497, 427517, 436033, 449073, 36251, 382557, 426936, 174778, 468418, 162342, 363348, 480687, 217992, 406778, 203667, 460563, 4648, 456492, 79383, 37404, 237198, 278386, 42853, 189251, 232514, 273792, 321198, 439824, 481661, 175560, 28236, 145153, 291358, 442048, 141525, 175472, 42906, 301773, 104629, 175120, 104503, 63078, 491750, 19775, 180089, 285620, 466363, 230523, 472252, 17450, 16838, 197470, 423636, 321375, 222226, 492578, 221323, 21334, 92758, 458308, 414248, 436103, 334764, 208660, 271998, 119305, 163111, 360582, 85003, 480504, 54398, 104594, 393424, 121435, 394522, 6787, 281714, 81349, 323733, 375154, 161537, 76073, 298506, 401178, 307618, 89767, 329257, 12034, 294129, 5672, 130192, 393823, 283212, 64401, 479352, 163256, 293251, 236535, 109466, 82919, 251300, 495737, 315206, 52844, 475387, 361438, 20242, 491934, 380055, 39893, 344844, 157677, 122003, 377715, 456046, 407551, 219085, 181587, 409269, 315191, 44710, 26542, 302746, 496766, 130879, 456658, 371823, 178787, 279079, 443282, 147964, 366135, 312495, 282784, 140683, 301106, 289739, 119907, 476964, 289870, 181661, 161619, 68937, 178796, 411694, 1489, 429093, 106360, 82359, 431416, 497444, 228461, 429270, 34398, 473468, 221439, 330984, 394359, 445742, 315346, 322006, 46335, 114987, 378477, 251374, 492058, 47455, 469893, 462886, 255199, 27515, 199281, 301805, 45955, 223170, 138990, 462543, 184736, 439929, 160113, 54794, 49983, 141019, 429807, 361955, 172423, 280309, 180801, 397400, 228031, 229480, 224948, 24560, 307121, 298556, 156273, 251292, 294135, 168950, 276210, 101125, 386917, 23275, 396994, 286554, 127279, 177298, 421182, 320679, 153411, 280714, 210785, 300077, 186188, 336333, 349833, 457725, 56320, 314390, 274990, 317049, 479464, 375187, 184690, 356055, 321744, 48582, 419052, 313918, 98346, 292292, 69570, 355952, 237465, 282006, 390277, 477869, 175854, 192503, 385637, 306067, 221127, 273964, 383765, 343253, 292060, 205241, 88728, 422840, 159682, 297708, 414493, 314667, 384735, 181351, 128089, 372981, 139764, 406969, 223936, 251066, 424785, 356642, 445689, 406827, 111418, 134781, 186467, 242655, 215979, 399302, 64693, 194083, 251367, 206714, 232450, 419348, 464922, 375823, 149791, 293834, 43764, 82193, 77386, 401710, 34163, 129621, 44477, 240082, 53900, 320740, 112394, 369752, 277769, 372132, 452365, 341309, 102234, 210004, 227180, 124879, 373818, 429846, 236913, 101316, 239845, 163619, 65630, 110311, 246894, 256296, 31876, 188745, 148741, 323862, 187363, 101908, 142834, 140010, 53544, 411593, 489166, 426943, 198863, 402533, 392728, 59922, 148096, 235877, 311577, 47250, 210890, 356290, 392194, 464436, 321182, 48999, 64820, 166139, 419172, 329255, 434782, 59657, 88114, 292921, 9011, 281772, 377584, 336877, 485829, 390406, 406879, 495879, 267314, 284360, 113967, 487184, 366654, 452943, 309401, 372636, 476936, 160908, 17938, 290639, 207772, 472834, 222236, 242730, 335351, 476173, 181338, 265300, 233140, 10410, 251709, 120543, 35928, 445035, 87120, 103858, 177428, 286582, 40999, 287869, 446978, 392486, 361916, 234695, 474596, 97331, 139940, 298318, 121786, 443017, 257930, 296052, 278983, 175072, 286394, 479526, 85059, 322457, 449065, 313316, 114892, 294636, 290362, 259921, 3445, 376738, 93554, 19317, 398953, 22077, 217865, 332685, 289941, 498216, 267754, 54231, 156859, 119177, 146395, 232333, 45998, 84192, 313103, 155490, 351497, 289094, 135844, 176945, 421895, 95792, 194291, 324485, 27929, 323901, 259240, 284038, 159370, 5500, 102247, 172354, 434032, 174988, 224929, 328513, 425258, 102967, 379809, 121181, 311707, 474339, 79047, 476265, 201983, 294192, 308964, 367767, 328050, 229644, 15184, 427757, 402122, 306599, 166126, 484977, 5524, 295883, 12041, 431745, 412140, 331061, 63790, 350161, 274619, 96980, 299791, 353563, 442632, 291038, 487757, 371478, 431705, 387249, 51473, 135612, 95904, 409996, 497201, 73601, 235484, 115156, 324749, 152844, 469493, 230173, 307601, 162825, 58115, 472331, 222627, 406561, 181726, 240734, 292339, 57927, 245583, 294552, 294800, 483088, 306286, 229391, 27933, 302133, 495826, 12942, 187287, 10557, 348611, 328885, 6008, 61619, 249028, 99746, 151521, 199322, 136996, 280613, 16995, 236565, 11967, 205130, 125756, 421891, 60681, 369293, 487975, 456220, 173, 106931, 170214, 166554, 255103, 451060, 51373, 392002, 290195, 348067, 318311, 361298, 77301, 221525, 304735, 298076, 276922, 480713, 396697, 330560, 76892, 154400, 399290, 361183, 327388, 136086, 135630, 197018, 221772, 365386, 483725, 258219, 211607, 291580, 434800, 482312, 405033, 231234, 268859, 21782, 287415, 144201, 371482, 131293, 322063, 496514, 111126, 210620, 476917, 197462, 243530, 90215, 69715, 233823, 19462, 420516, 293171, 445309, 498562, 242972, 450313, 429915, 76771, 433556, 375391, 205549, 5267, 280634, 439064, 476827, 194636, 14656, 224181, 256150, 413389, 30655, 116513, 447544, 8742, 430339, 263080, 272678, 7016, 53863, 55382, 417378, 456239, 425953, 85248, 288387, 342326, 15886, 289624, 408245, 254167, 102479, 463240, 79466, 289489, 322061, 328698, 262981, 61639, 77261, 382161, 213523, 363481, 113630, 40261, 286551, 135683, 108684, 134779, 81719, 52131, 222602, 294164, 377035, 264488, 54291, 11660, 400230, 215197, 77283, 168753, 241108, 321753, 476075, 58900, 38638, 340296, 294863, 460537, 44347, 220033, 479195, 330323, 498643, 155554, 218216, 201045, 360486, 252351, 329904, 432655, 495344, 150787, 349744, 22546, 391597, 67493, 158129, 499173, 422450, 259938, 377940, 248255, 103807, 339500, 30065, 405490, 233942, 458027, 34458, 115689, 322387, 386935, 490381, 173222, 442981, 193584, 402483, 348076, 362449, 144981, 321014, 238703, 260881, 54717, 406854, 207381, 445878, 34687, 145623, 225206, 462520, 317935, 217018, 2429, 477733, 371255, 60510, 35086, 24004, 238405, 70611, 181363, 234937, 338830, 127892, 468388, 498459, 216876, 33848, 48273, 189042, 317892, 496446, 298775, 296923, 230860, 254457, 394438, 493783, 391516, 363144, 66901, 218084, 477373, 161444, 136932, 158526, 107656, 219364, 264168, 382832, 378979, 350357, 426854, 177984, 334905, 472784, 64649, 97543, 381651, 13290, 280622, 394702, 178848, 19064, 348838, 65397, 397246, 288005, 388561, 176311, 356932, 278977, 465819, 18749, 206163, 443082, 394262, 352741, 123569, 228838, 492183, 57064, 52082, 220188, 330957, 411112, 195421, 234020, 185533, 15109, 143511, 460742, 236750, 79112, 398730, 257954, 458257, 430308, 328076, 284785, 58976, 166217, 346394, 350085, 485198, 401902, 141944, 299313, 230272, 198870, 365358, 44453, 178252, 381239, 434245, 98167, 82986, 44031, 115182, 117856, 211929, 80439, 244534, 464298, 138452, 437632, 63989, 319427, 175592, 238627, 159457, 42250, 197481, 106893, 73254, 122850, 58286, 402838, 261099, 297456, 194614, 154489, 302754, 180313, 154665, 276995, 80287, 436551, 126115, 226383, 227928, 324541, 312567, 470153, 487463, 232471, 185673, 381972, 148131, 174952, 155017, 474772, 336981, 494984, 53368, 486910, 400530, 350613, 337846, 251097, 284543, 39515, 321184, 108523, 242831, 148467, 32792, 174866, 316757, 224992, 54447, 265031, 71322, 193457, 380471, 61589, 419252, 464717, 159073, 238625, 74908, 53830, 36304, 23334, 197269, 455205, 166844, 182289, 139839, 180248, 404932, 400318, 391659, 293295, 150245, 471806, 36997, 211676, 199497, 22466, 53785, 488825, 305513, 100441, 146777, 272362, 236029, 6468, 482619, 170587, 230347, 189771, 203722, 376229, 454207, 271444, 481494, 8894, 254827, 146358, 1142, 246391, 401121, 130925, 466990, 404908, 366438, 185204, 204734, 25714, 304792, 144583, 91015, 32674, 484584, 320986, 339592, 283606, 456376, 232895, 298324, 356790, 35073, 27478, 487552, 270162, 492145, 247716, 232889, 291719, 13374, 446306, 92495, 433180, 370852, 457654, 270936, 486439, 498218, 6837, 121436, 249234, 138420, 492116, 254896, 343791, 334308, 68623, 480379, 276927, 280016, 67463, 256096, 67596, 378, 262459, 255421, 12045, 351717, 113723, 278578, 122582, 57371, 260313, 222739, 71760, 318630, 139703, 106409, 157916, 69183, 82050, 89351, 102138, 174951, 119464, 98626, 188187, 130679, 125233, 357084, 280054, 83113, 361537, 440269, 228692, 409114, 268147, 193193, 287938, 231298, 348196, 5179, 365266, 148871, 368386, 462512, 241989, 114802, 75643, 119725, 90363, 374752, 203203, 476462, 95927, 441787, 325538, 362569, 334477, 257469, 453435, 466694, 350308, 156748, 167114, 334792, 331088, 38631, 340184, 172802, 479917, 253061, 12609, 491897, 220668, 83791, 26795, 377257, 24987, 157515, 321393, 135932, 317941, 477714, 231641, 450471, 136038, 151704, 161263, 101113, 191229, 383180, 383888, 484332, 467779, 305015, 385860, 445387, 491943, 232458, 278502, 115502, 336532, 138027, 58948, 159616, 90959, 225873, 54900, 277100, 22871, 375753, 150089, 125077, 399847, 442268, 205142, 466742, 105055, 43459, 61519, 1273, 202619, 201178, 95783, 221127, 405178, 65674, 103354, 453765, 250259, 71166, 3616, 470388, 418579, 39852, 245734, 126483, 117513, 410475, 61921, 465752, 313399, 124057, 113620, 314043, 329323, 83797, 313568, 425808, 124016, 71552, 360682, 3515, 221643, 34012, 340739, 335364, 146657, 348949, 117553, 95730, 427455, 197391, 12096, 499088, 201366, 423269, 438911, 494642, 258233, 5226, 239534, 82139, 391392, 268366, 173088, 447925, 102694, 217817, 44415, 316780, 127999, 152621, 433644, 494609, 325769, 24316, 68924, 411983, 442721, 122579, 12867, 417763, 40472, 193974, 24228, 41717, 271841, 95182, 184608, 28456, 7324, 78247, 434343, 7586, 351630, 487991, 296485, 178394, 304102, 195809, 19428, 469693, 326770, 182511, 403181, 408731, 287426, 293584, 376669, 430033, 130508, 95574, 131397, 249833, 124297, 482129, 455278, 354981, 188433, 135473, 112879, 242447, 76306, 381325, 389143, 426738, 271803, 131143, 124786, 320596, 245656, 50512, 349000, 481292, 405576, 84290, 494957, 485781, 140284, 345975, 432923, 54878, 36528, 34445, 69186, 78401, 279684, 9274, 253450, 499319, 395009, 749, 460910, 242448, 227570, 431601, 14638, 135607, 334398, 68971, 258441, 258497, 156518, 190216, 68779, 147670, 447160, 172204, 374044, 317796, 434622, 189980, 265793, 424254, 363471, 225481, 228764, 490625, 394996, 206643, 363315, 389727, 498072, 461445, 358669, 253476, 374258, 430883, 51644, 156437, 4620, 371143, 66952, 331610, 150805, 193600, 482602, 68567, 350562, 256057, 101453, 493703, 121673, 472723, 393204, 340955, 260162, 39467, 343252, 371514, 286579, 112425, 150703, 494837, 45204, 227019, 107242, 50138, 276505, 311291, 73273, 350026, 255294, 336190, 264933, 305849, 201575, 329523, 43925, 342399, 177574, 435113, 113869, 118158, 241978, 191802, 496719, 407505, 238138, 269784, 40643, 437322, 53157, 76478, 50788, 185199, 451762, 318711, 217360, 381095, 328480, 341334, 472501, 434150, 116153, 86254, 64134, 92712, 71415, 476226, 32837, 184754, 139104, 316226, 127427, 23744, 151586, 235132, 468474, 280502, 97627, 135193, 37480, 71969, 356192, 164256, 106984, 135, 178397, 195099, 495514, 144339, 172821, 71182, 54187, 199817, 391448, 101855, 387755, 227564, 125781, 398832, 313940, 230487, 246159, 245555, 317355, 82873, 275788, 84187, 18313, 482171, 67917, 144403, 28060, 324279, 294713, 190678, 296622, 274929, 235713, 456346, 106503, 14373, 106944, 332920, 112249, 310360, 130427, 156904, 51075, 74747, 412371, 56667, 269570, 476684, 287805, 40143, 96956, 471460, 213473, 9032, 199185, 268628, 15585, 110343, 34607, 118258, 369668, 432412, 291767, 408915, 194992, 264202, 269153, 137060, 48814, 16166, 273361, 174721, 471129, 64573, 28683, 319616, 256888, 390580, 411325, 74170, 494415, 235604, 376065, 256185, 457133, 107308, 47502, 206169, 454759, 118255, 215640, 439252, 226546, 446674, 138498, 335107, 440658, 115885, 337339, 293992, 373628, 483344, 115921, 223579, 112480, 3051, 320174, 5548, 174729, 183743, 94577, 254180, 330776, 283690, 386475, 155999, 24482, 264717, 89576, 407824, 50142, 165506, 427199, 177691, 299543, 119741, 88551, 447783, 96284, 162446, 481319, 45033, 52939, 132195, 235351, 71709, 162721, 61832, 403384, 428300, 474162, 154319, 183292, 422676, 317763, 223908, 482435, 177468, 34208, 55353, 238270, 241582, 80978, 333681, 88992, 237400, 76539, 336510, 251276, 400461, 153328, 88670, 48865, 124052, 416641, 205169, 274030, 203014, 435988, 77850, 448556, 175018, 313412, 67514, 30506, 348443, 92600, 279358, 215900, 229295, 353431, 152663, 364165, 224231, 120446, 395472, 52378, 347460, 114092, 338931, 5946, 297360, 430388, 392932, 226883, 255757, 181125, 435671, 451922, 333042, 448002, 174020, 321032, 12024, 473797, 251514, 103894, 462942, 26747, 16024, 79174, 433601, 482504, 376276, 499212, 399816, 363668, 378442, 202570, 465022, 116590, 438840, 447206, 382110, 213200, 417446, 54659, 124069, 226332, 410669, 440917, 6455, 317967, 348407, 161561, 157956, 23473, 307173, 385747, 308064, 1686, 80412, 334460, 135058, 293929, 260585, 351643, 95144, 233632, 225910, 374853, 375692, 207387, 99739, 86254, 14539, 445302, 435661, 432438, 280785, 3510, 166881, 359335, 416630, 68985, 297919, 432129, 101620, 331343, 455225, 438795, 263251, 223009, 472827, 377700, 319524, 219014, 351534, 53534, 83337, 260164, 188205, 332244, 202875, 152179, 282261, 211817, 14870, 442339, 223149, 489656, 206889, 221161, 443570, 176948, 30778, 434901, 25490, 431585, 80111, 28387, 240641, 233011, 400143, 448392, 164624, 51119, 424869, 418903, 470576, 498658, 228107, 182314, 276541, 33165, 101488, 189126, 113833, 247230, 5416, 331531, 105485, 333240, 182067, 228279, 232875, 280635, 118307, 379358, 217048, 469377, 170637, 253765, 237061, 272332, 453090, 352635, 458276, 377513, 467429, 201052, 211956, 239145, 352292, 446438, 271173, 26284, 145901, 484178, 493911, 337274, 35228, 439545, 192891, 276226, 394588, 259714, 279725, 424983, 373788, 67193, 241333, 402225, 202904, 16379, 253075, 227455, 156202, 90014, 156365, 24751, 59819, 448247, 178510, 391997, 187434, 461919, 264837, 467587, 237563, 306064, 464542, 250441, 269450, 355035, 61519, 407902, 110344, 95172, 185618, 469964, 463896, 181078, 488342, 386268, 364877, 110133, 129155, 288751, 268460, 436257, 218138, 173642, 465083, 51626, 277944, 449935, 106684, 167874, 58567, 283821, 457560, 387355, 309568, 462613, 277052, 473132, 11710, 372819, 97188, 294464, 28080, 244257, 29887, 93354, 232262, 390365, 443151, 41608, 32438, 412609, 74840, 286834, 380025, 116165, 246368, 491552, 152718, 272628, 145807, 70993, 422644, 247690, 163499, 130269, 453406, 325003, 333788, 447346, 270579, 152461, 244664, 443901, 473222, 338706, 55953, 232857, 95992, 318517, 498929, 487891, 403714, 276313, 80967, 79819, 250698, 221122, 425574, 261440, 297400, 409494, 30321, 55247, 137488, 317611, 244920, 189875, 305809, 261198, 161327, 451642, 293875, 58625, 393868, 58804, 368684, 115791, 480460, 165093, 104208, 439327, 27486, 484927, 345102, 371548, 137325, 476240, 188902, 494054, 397400, 307693, 491990, 465647, 76817, 443496, 268232, 486403, 298613, 409490, 412857, 293428, 480804, 253060, 36225, 453651, 99911, 263484, 328877, 463415, 434482, 428920, 243885, 364706, 183345, 17505, 315601, 110573, 335463, 132425, 85917, 16396, 496772, 342185, 39473, 16311, 184220, 441289, 328571, 378997, 60034, 246969, 254542, 480048, 416665, 5710, 247703, 53243, 90592, 320627, 145032, 82533, 422964, 377459, 475445, 80277, 61879, 11519, 163942, 296278, 256297, 497631, 71739, 346487, 350793, 372831, 323043, 336229, 402722, 39889, 14579, 341542, 96603, 202523, 364474, 430265, 29416, 248824, 293314, 123966, 145233, 84554, 111249, 60436, 288978, 307386, 366725, 444660, 290021, 380361, 371506, 21396, 175107, 276646, 155730, 324823, 283221, 85890, 494673, 186389, 37139, 325982, 499740, 115229, 134964, 463687, 114887, 169710, 205507, 356524, 139234, 298338, 427173, 422092, 250737, 238823, 479086, 284191, 370204, 390201, 254885, 426320, 136094, 457030, 8873, 238172, 134177, 326608, 443106, 425172, 258392, 6624, 214454, 10314, 220385, 359559, 229311, 217827, 386688, 221134, 384766, 121563, 52073, 460, 185472, 130409, 212928, 174027, 462551, 152008, 142788, 366786, 397300, 275317, 443220, 296357, 281469, 53727, 150696, 154673, 265974, 40499, 382604, 145052, 48410, 56707, 178035, 70628, 496340, 137808, 353806, 440200, 312446, 95680, 263796, 205619, 151539, 71486, 122281, 235762, 479016, 309425, 59638, 465865, 362969, 274209, 204209, 411284, 442663, 231617, 414597, 87105, 210881, 354985, 274701, 59219, 190727, 279380, 114631, 173059, 272568, 285942, 38168, 235108, 393716, 427168, 76181, 292124, 43146, 71376, 483446, 195882, 213285, 102672, 350495, 204802, 103201, 468457, 290338, 274612, 123085, 302582, 337603, 354296, 290447, 274337, 65063, 190200, 178175, 399641, 1823, 402696, 342774, 246699, 286066, 349169, 380981, 160697, 181938, 107419, 481098, 364785, 381420, 433147, 233243, 460930, 320360, 218385, 303339, 202398, 19097, 341658, 337709, 92376, 401104, 346236, 477058, 221969, 358841, 247575, 373744, 155594, 199228, 6844, 133935, 283276, 182179, 257124, 412373, 383749, 11235, 280187, 321799, 198800, 311423, 419935, 185116, 217320, 55415, 463647, 210692, 121620, 161531, 347258, 103949, 408345, 274111, 295999, 212166, 452581, 17741, 71720, 192547, 375575, 103153, 236744, 196339, 474091, 466117, 320750, 203287, 481829, 3890, 461030, 274771, 66458, 388301, 404117, 284593, 498383, 439016, 432537, 463335, 330252, 31156, 64156, 22950, 221073, 275836, 192014, 492799, 345056, 256719, 403019, 248671, 233393, 482747, 412987, 194797, 35029, 138668, 34262, 358924, 223013, 440921, 92713, 25914, 37830, 62567, 94236, 175898, 427461, 53238, 13139, 123705, 332241, 277223, 415024, 23607, 1947, 283742, 45943, 365885, 111768, 196426, 327450, 498562, 316900, 465894, 467239, 473238, 85554, 203707, 309961, 120915, 434275, 367268, 426550, 321366, 221156, 261168, 93252, 461303, 120742, 65932, 144756, 349392, 191376, 232648, 240471, 448827, 244893, 271126, 304088, 272927, 342501, 423179, 187620, 396700, 267006, 338153, 175290, 315522, 125838, 341864, 33387, 406124, 379337, 57381, 189817, 381618, 465108, 94042, 223906, 244186, 385383, 140050, 340777, 402580, 151478, 4196, 205511, 119792, 95704, 162751, 395920, 126972, 1673, 106780, 304184, 454775, 314561, 172679, 265683, 170403, 8212, 31601, 389471, 329637, 252654, 303922, 486849, 183351, 180355, 229301, 365201, 26992, 179927, 404240, 219929, 193967, 94675, 477465, 230490, 409377, 62018, 17931, 189094, 474164, 497327, 275653, 425455, 228752, 454869, 133810, 109667, 243938, 6064, 134041, 150409, 46349, 343374, 62102, 345231, 479129, 348481, 401183, 63619, 396962, 254422, 108774, 252496, 35431, 61086, 450569, 300035, 114934, 402607, 464659, 108837, 78381, 437551, 93408, 25112, 355855, 259145, 36529, 371803, 441586, 68468, 425796, 382109, 147783, 68474, 177821, 272507, 284406, 375959, 14784, 20653, 227513, 293092, 412608, 62011, 413094, 449095, 1970, 247664, 408026, 66731, 248728, 323715, 236815, 397468, 122741, 323190, 318743, 478050, 372126, 442499, 92618, 381158, 361496, 59612, 193681, 153259, 474183, 226166, 223546, 456247, 297626, 833, 52416, 434576, 254790, 402315, 119795, 480308, 75937, 375176, 321808, 6351, 408270, 328556, 111176, 172252, 426200, 281278, 406971, 204048, 178285, 367776, 716, 244528, 143948, 180301, 335596, 402277, 383241, 148098, 68599, 140804, 422079, 82523, 138239, 160263, 103628, 3684, 272151, 407889, 292263, 465705, 451425, 357530, 230895, 101859, 236072, 362848, 241520, 381800, 382395, 63828, 353942, 408519, 240746, 77466, 312529, 314988, 391812, 339553, 492266, 290701, 169540, 184684, 221748, 353814, 361582, 493847, 252245, 265571, 137289, 211015, 445158, 291736, 452261, 439997, 457052, 164090, 10106, 406951, 243819, 176967, 245884, 397623, 401922, 434612, 394816, 397974, 110367, 213247, 14052, 144275, 427075, 242592, 92878, 133755, 354149, 230770, 290903, 455987, 270076, 214470, 181632, 334830, 182517, 139084, 468067, 390698, 324647, 90604, 425011, 137445, 72437, 174968, 372431, 498260, 405026, 290934, 484373, 134833, 125100, 360180, 358567, 387097, 149882, 278508, 456807, 454574, 410768, 180898, 425188, 463273, 170089, 277394, 339506, 224974, 470702, 237271, 185178, 409800, 254917, 70599, 94537, 134562, 11545, 63876, 276352, 82595, 433111, 30496, 439537, 464186, 149174, 444935, 231020, 76169, 408668, 482078, 404714, 93708, 135075, 147530, 283248, 88674, 408407, 435144, 365005, 386534, 180995, 437059, 175686, 196888, 347612, 114336, 336806, 188837, 66629, 356749, 133266, 93008, 266987, 372717, 196026, 445377, 190984, 203005, 381159, 157115, 379477, 228839, 309134, 71253, 318617, 400239, 30409, 422354, 239628, 422728, 142724, 292777, 341258, 458330, 471225, 194878, 261557, 420283, 173508, 22498, 49613, 490398, 49012, 95107, 145462, 456666, 306597, 366523, 114529, 281917, 241629, 45406, 474871, 440667, 96737, 239587, 117308, 93749, 474399, 407282, 441478, 79606, 161809, 123158, 33507, 417190, 217015, 175773, 213314, 76046, 414191, 349993, 400644, 294152, 332960, 31989, 477347, 338868, 41528, 478743, 93171, 109822, 400637, 165034, 372894, 236556, 390672, 321870, 187441, 161609, 35037, 289770, 361147, 82352, 470803, 180883, 128584, 340830, 115963, 448379, 235081, 178164, 207265, 68005, 427184, 73475, 75086, 452544, 417164, 52715, 375615, 200769, 461506, 189019, 413149, 401604, 440088, 196889, 162231, 144451, 436487, 288335, 474452, 382505, 364404, 303443, 108244, 395443, 260035, 32206, 5656, 390550, 198401, 365747, 165509, 231236, 15669, 148039, 370332, 479381, 204441, 77986, 231620, 458855, 472945, 260273, 151625, 155723, 16231, 386077, 492584, 459237, 44998, 439112, 356552, 341214, 63663, 488712, 16447, 151665, 203554, 186673, 11451, 138846, 460455, 75440, 105001, 250508, 347123, 430585, 448926, 378920, 307355, 210584, 420357, 438084, 312524, 249925, 431900, 271199, 73216, 172055, 357262, 45111, 371083, 86458, 60963, 16308, 282333, 443886, 358165, 150642, 206931, 59209, 135616, 352961, 412637, 298865, 301726, 447725, 69666, 154713, 425868, 43431, 436770, 100249, 73130, 369714, 192037, 424329, 36625, 248845, 19802, 81319, 274735, 257411, 488656, 355361, 380903, 128419, 271205, 392320, 281119, 331034, 215807, 303421, 295818, 494302, 127889, 160691, 106403, 246664, 496472, 38188, 81998, 159764, 384413, 470926, 138891, 206652, 473719, 244508, 350612, 492293, 413689, 250947, 275709, 207545, 248010, 238313, 163344, 266162, 414242, 193943, 387221, 42891, 155560, 215253, 347337, 423873, 31262, 293203, 57780, 400111, 243148, 137783, 200218, 362052, 459979, 99349, 142416, 266800, 296309, 423409, 184005, 55878, 415283, 90780, 303436, 225113, 101872, 6045, 159627, 22824, 411613, 397841, 44450, 280826, 25630, 355941, 213635, 440879, 354942, 346003, 221866, 488145, 436949, 439467, 273491, 499069, 449549, 295271, 294739, 255298, 113262, 464750, 146521, 210536, 311151, 269416, 48228, 65538, 272838, 89431, 448493, 353361, 380737, 370585, 420277, 101998, 29832, 397057, 84551, 78232, 430585, 281180, 75243, 67805, 338659, 273170, 52098, 418823, 184512, 81377, 35784, 382499, 473, 15010, 461165, 14375, 24135, 172010, 314773, 154435, 375101, 94884, 143447, 323941, 250514, 487368, 249818, 31034, 416561, 121971, 408084, 250943, 241852, 149624, 19976, 122114, 28162, 84007, 107509, 241329, 103175, 492267, 303152, 236951, 334806, 285709, 365318, 26120, 431349, 144281, 419324, 338307, 165712, 146192, 455277, 411945, 7223, 166265, 308109, 408339, 90318, 167106, 312428, 330949, 231325, 249571, 237854, 450671, 204723, 385526, 307672, 268053, 459146, 352265, 315360, 175316, 56856, 57444, 83228, 125101, 361287, 30627, 293104, 44997, 95191, 124358, 181333, 148522, 249721, 234511, 166558, 162578, 301616, 327097, 495298, 196022, 412420, 407380, 34774, 127331, 417665, 434934, 437781, 62974, 446355, 26638, 48560, 388734, 448921, 84649, 312526, 200517, 168248, 116031, 282345, 494737, 27116, 484530, 170867, 221651, 348796, 96391, 255438, 346713, 131198, 240596, 390945, 216607, 403387, 302406, 486801, 183934, 369284, 419329, 383117, 146569, 106030, 470783, 462307, 86453, 181229, 393606, 249474, 376575, 23990, 431718, 222693, 325298, 367660, 494802, 482462, 124400, 302284, 145342, 116149, 310861, 39974, 348087, 377602, 356601, 103609, 340792, 98569, 427732, 191820, 202347, 464086, 172841, 31946, 411121, 67616, 192877, 421909, 79381, 442165, 474230, 274322, 442728, 179415, 177877, 132799, 2922, 380868, 475487, 306645, 182331, 341936, 5331, 389499, 440915, 441815, 51462, 480032, 112627, 143932, 46735, 115396, 263827, 392121, 71327, 48000, 135015, 162793, 164723, 231950, 227706, 55529, 311065, 89932, 193966, 283502, 320486, 177496, 342998, 338154, 468305, 304424, 114388, 213246, 43240, 469319, 489031, 446600, 66506, 60810, 223553, 236936, 114321, 67571, 86968, 72418, 74126, 240356, 474423, 452199, 286843, 112296, 462241, 20502, 253787, 294062, 359253, 230929, 217780, 401623, 412778, 10353, 240584, 21820, 478273, 116278, 53073, 341860, 177664, 168467, 446055, 35653, 389186, 85971, 349554, 430042, 230305, 266134, 479005, 200967, 332511, 426793, 126392, 418762, 147222, 472929, 458752, 53966, 130225, 188299, 171427, 76304, 359674, 391522, 94679, 336850, 306881, 484916, 201488, 305258, 127950, 323899, 200575, 226513, 145392, 256449, 162834, 149837, 141327, 14958, 225103, 120727, 263166, 23025, 369174, 483910, 264929, 416669, 340215, 428623, 198910, 480236, 442760, 284883, 259486, 82579, 264902, 333842, 189807, 455603, 38590, 342116, 410537, 193859, 324400, 261204, 217164, 188404, 113220, 47886, 96979, 51476, 179002, 173044, 86305, 340784, 22987, 149179, 105586, 193605, 237677, 328736, 83694, 418122, 242655, 272258, 315202, 305087, 401007, 495247, 332912, 370198, 98307, 74354, 430908, 136554, 428513, 96191, 380344, 25570, 266548, 370792, 274870, 6621, 425311, 425358, 261215, 476828, 337232, 437128, 449660, 393129, 108096, 25088, 300336, 276122, 103228, 387775, 109607, 249771, 243673, 284940, 225751, 205007, 401803, 256801, 65908, 471672, 91932, 95773, 236150, 50030, 428952, 137445, 124793, 194266, 363157, 229491, 120849, 496520, 453599, 68609, 467802, 289304, 193714, 357492, 485229, 25158, 26138, 267778, 458779, 95742, 393961, 263995, 104382, 99636, 130286, 332866, 238006, 382483, 251660, 443921, 413563, 75280, 424744, 47583, 138742, 200541, 220337, 419965, 265746, 359655, 397509, 150889, 47665, 73817, 180815, 207166, 316339, 440732, 32203, 317024, 189963, 112574, 332317, 216282, 334098, 7137, 370839, 468496, 435305, 295026, 400975, 211883, 456351, 114128, 287156, 247872, 380280, 8046, 64486, 324162, 452396, 264661, 347427, 34638, 386213, 442175, 128386, 49887, 362941, 210695, 423995, 94912, 226526, 463015, 10735, 418307, 31272, 227235, 31976, 159662, 444718, 193152, 406194, 263995, 285045, 72826, 289664, 419345, 246585, 349759, 265504, 381128, 209041, 330667, 348608, 86435, 237753, 440195, 309862, 76094, 44637, 221502, 77820, 286847, 472931, 236878, 10522, 305025, 442740, 424432, 360379, 484019, 40067, 291452, 30495, 426812, 71739, 178534, 43706, 257987, 392084, 393164, 266182, 373519, 255556, 348358, 132676, 309032, 260075, 393087, 249127, 56089, 459399, 197984, 222709, 480666, 121465, 488853, 408772, 241118, 439219, 290232, 147165, 331372, 433191, 443404, 407187, 444092, 414532, 16906, 128238, 360886, 450908, 417966, 152206, 122004, 201269, 64215, 386242, 193672, 404184, 387769, 411845, 121135, 371355, 234646, 102655, 192631, 141407, 24251, 9734, 461881, 133261, 434753, 419495, 355856, 120572, 497497, 102272, 79666, 332212, 130010, 336893, 276534, 438005, 62401, 167928, 345754, 120727, 374156, 12234, 403533, 173158, 451168, 399834, 48206, 269927, 9537, 387483, 301180, 68700, 314285, 339064, 194, 195273, 88660, 269944, 439961, 306488, 430111, 7691, 316871, 139817, 385351, 1896, 194104, 359777, 27478, 144686, 88488, 252818, 487107, 219507, 87227, 380962, 203158, 394662, 290450, 96579, 226788, 265994, 496079, 80691, 350410, 120910, 62106, 422052, 265466, 123536, 365933, 38756, 444429, 419355, 309062, 92566, 331488, 249570, 267609, 122642, 482898, 386751, 427993, 422286, 457149, 262795, 467363, 417702, 385722, 345748, 238068, 265634, 78470, 244218, 420099, 265189, 458837, 466443, 392024, 425603, 69587, 131602, 91590, 245476, 334272, 242569, 388633, 131059, 264686, 374431, 383826, 438509, 235928, 334955, 177419, 6899, 354386, 23984, 262031, 120678, 126215, 157752, 475355, 69621, 217206, 124087, 240569, 15726, 449217, 445316, 148496, 181850, 421827, 300909, 421886, 429052, 247262, 159543, 130609, 172738, 139417, 12228, 180713, 499597, 357699, 352294, 352858, 259148, 274714, 349189, 178350, 5217, 397576, 397976, 327992, 164864, 269325, 457434, 342873, 310855, 496808, 315769, 153221, 24930, 250463, 260014, 428993, 86890, 328547, 346717, 256360, 199481, 1036, 93380, 347269, 235458, 378138, 142496, 496041, 233507, 210885, 206246, 330986, 94823, 40661, 81392, 279058, 444787, 298592, 454109, 72892, 224213, 86011, 31898, 305966, 448348, 498038, 263863, 113775, 203537, 297426, 231662, 460457, 38515, 412556, 328369, 265685, 135583, 406436, 223287, 342173, 312384, 234734, 374305, 198747, 477084, 278231, 331621, 487532, 248485, 402699, 121733, 369671, 47531, 17718, 186371, 62124, 55970, 83190, 343186, 382998, 400719, 90598, 299518, 133101, 378796, 478466, 91651, 496743, 4810, 288134, 420465, 196214, 133053, 420131, 65376, 187225, 261333, 257410, 105812, 465687, 497476, 348496, 9135, 227237, 480362, 35887, 336892, 212448, 350872, 292446, 13841, 5839, 298173, 444461, 473622, 192162, 198857, 134512, 479018, 83384, 193642, 193106, 221310, 322337, 87478, 286013, 425632, 446247, 421633, 251103, 466754, 499085, 430859, 246641, 351338, 115611, 437455, 300339, 279323, 361332, 343896, 228640, 44952, 55195, 100718, 393179, 253508, 192689, 344061, 431977, 154514, 185490, 20873, 51884, 359892, 167248, 171612, 154233, 445880, 53002, 477425, 471459, 105649, 331932, 225914, 48950, 9003, 380045, 173676, 198619, 89096, 70316, 381622, 127614, 224383, 447270, 257234, 274548, 458882, 365996, 236113, 263105, 328770, 165910, 231088, 209984, 378634, 68087, 268733, 113118, 15377, 91124, 255863, 57832, 2894, 175567, 372454, 39191, 481337, 208629, 285832, 150126, 272598, 496907, 309022, 337604, 32222, 461464, 411137, 322705, 342087, 176988, 146622, 407750, 14925, 321500, 286634, 188030, 90183, 481271, 296288, 48173, 105463, 194132, 303788, 142329, 368560, 318904, 365989, 205140, 231831, 24476, 277166, 115038, 142151, 175028, 374231, 175546, 384319, 425725, 49041, 12638, 397090, 202896, 432816, 321122, 88090, 89597, 129760, 367975, 346541, 101559, 282879, 332600, 87345, 6468, 354103, 361235, 264109, 144053, 46144, 67132, 180980, 173529, 267686, 401032, 474448, 399246, 315026, 191930, 47370, 273245, 362691, 360846, 87611, 244899, 317978, 192664, 364668, 10299, 481045, 140135, 457618, 297818, 168714, 94840, 489954, 347895, 364163, 159322, 79702, 94257, 109798, 197705, 286959, 14531, 437508, 137593, 459176, 83865, 266317, 85262, 394192, 468371, 483397, 444643, 64917, 220638, 439366, 408976, 439907, 174153, 92462, 173050, 231615, 316268, 406755, 131705, 398568, 138963, 19482, 250937, 55581, 498525, 34413, 169176, 448402, 375811, 219842, 91375, 42641, 489984, 391595, 145594, 359561, 490458, 113457, 61786, 63090, 349028, 209702, 396674, 459770, 190554, 56706, 184026, 241027, 145565, 367072, 337250, 136147, 442132, 72252, 236162, 184446, 455199, 439802, 194566, 298764, 356997, 360902, 9433, 335425, 256578, 297515, 352042, 82957, 441197, 331186, 51053, 163748, 255841, 171545, 243594, 315759, 287948, 98216, 347505, 487515, 416450, 289772, 322801, 228581, 330414, 87791, 46743, 7696, 389574, 103832, 81730, 121799, 198625, 75632, 366320, 203748, 367774, 364228, 51220, 191398, 31997, 370866, 393367, 398840, 426562, 229848, 197376, 401030, 155291, 427362, 378465, 260690, 119024, 446456, 97652, 268260, 10873, 382536, 256165, 368346, 69282, 206547, 220799, 405518, 390293, 104536, 151324, 146583, 213368, 337183, 151441, 121204, 204317, 217551, 338667, 103344, 62133, 151047, 247057, 133830, 1222, 212702, 173790, 131117, 5161, 377929, 420884, 325178, 378101, 239966, 342852, 304615, 55428, 104422, 150183, 14318, 419901, 413397, 465096, 22176, 130790, 118687, 113452, 482784, 245768, 214472, 119340, 251808, 188270, 199156, 30496, 271861, 99100, 225551, 206561, 246019, 496760, 103491, 271031, 404428, 234105, 274786, 332269, 64842, 61186, 82404, 24909, 433877, 63840, 275704, 418977, 293046, 209576, 23593, 80334, 327826, 101813, 357059, 135309, 271522, 488608, 79006, 224281, 310980, 234896, 19408, 448532, 448018, 42763, 423301, 161032, 331297, 8312, 443015, 61100, 147914, 433866, 21729, 108424, 411611, 109138, 255028, 4051, 166341, 339213, 114087, 444331, 309537, 69441, 346013, 387675, 421206, 481109, 224276, 340263, 272594, 326821, 68325, 21345, 174412, 320232, 171138, 118782, 447631, 269364, 57525, 201885, 156053, 91572, 206055, 163929, 362818, 403306, 121860, 16987, 216129, 387224, 88764, 341957, 321427, 367603, 156872, 278497, 415597, 87867, 295346, 435364, 45015, 241929, 388091, 170925, 341463, 355940, 142936, 456678, 111470, 106135, 69921, 279456, 471081, 66742, 412910, 296441, 237914, 347753, 437303, 59242, 484123, 355100, 162150, 390731, 214956, 475619, 65582, 58031, 460751, 4473, 497846, 179715, 283008, 468631, 86236, 423603, 137214, 375297, 384169, 59216, 385183, 242125, 284931, 255431, 95333, 281660, 232137, 454350, 31205, 208749, 167765, 483164, 264995, 244619, 10737, 405922, 353893, 370231, 378796, 485365, 285430, 195485, 253202, 479979, 208489, 316414, 438082, 42488, 102049, 199293, 216253, 76722, 441175, 460514, 261034, 233682, 265761, 17304, 74658, 205122, 136334, 18416, 238651, 149613, 300119, 246154, 491879, 198310, 323447, 408359, 166270, 329733, 272601, 125208, 151087, 64769, 486318, 105982, 236556, 138437, 224732, 411595, 303780, 294334, 285337, 310547, 353208, 296893, 319589, 241044, 296362, 443195, 328181, 253228, 368725, 165636, 43118, 10571, 265237, 144800, 27898, 88541, 224874, 1910, 388140, 288004, 188277, 32935, 327419, 79970, 108167, 22541, 223235, 385324, 413477, 318761, 477224, 350247, 392381, 154592, 308303, 34404, 361935, 360529, 490268, 161869, 305132, 357914, 346849, 157962, 21935, 296201, 248745, 413061, 337166, 489242, 282101, 299960, 306298, 188726, 424818, 490077, 477627, 69631, 450002, 440518, 62622, 481233, 70872, 443626, 118665, 106453, 315, 97536, 84719, 310469, 183570, 24321, 32901, 383183, 146734, 153958, 114104, 491396, 183240, 498228, 154662, 434740, 16819, 482146, 134974, 131515, 12047, 372229, 1139, 27130, 279353, 179916, 93621, 44398, 39550, 320766, 439301, 109878, 73005, 395702, 269390, 359903, 36844, 373384, 37370, 402967, 361387, 451870, 18575, 284609, 487538, 57279, 68638, 68249, 43752, 147138, 213985, 17125, 121608, 3344, 451362, 176172, 361418, 127029, 489315, 61454, 465610, 223723, 137233, 459596, 445881, 41867, 129551, 348676, 84105, 84335, 9167, 7910, 305105, 175719, 461911, 88547, 459765, 28549, 49922, 425136, 215657, 437700, 473101, 473940, 112752, 50790, 178163, 175817, 424647, 157802, 225348, 416322, 255329, 499898, 68051, 422976, 207703, 72669, 231860, 22696, 365218, 351755, 171240, 32881, 221420, 313353, 378285, 342634, 179516, 366948, 18849, 361607, 140321, 191205, 222424, 432667, 432403, 372978, 184784, 490132, 72018, 50039, 301594, 12760, 235665, 133890, 33521, 126621, 172328, 346217, 453544, 236648, 433473, 249611, 453977, 364753, 209424, 458899, 149723, 247689, 409740, 20208, 360431, 93254, 462298, 375244, 28549, 315329, 330159, 430840, 455945, 150909, 387512, 56272, 355455, 77175, 64707, 214073, 100950, 381075, 323523, 139613, 495884, 374743, 8393, 310447, 8228, 79815, 325617, 424867, 138439, 312796, 280826, 233327, 127262, 223257, 112094, 6054, 356692, 223308, 261482, 275285, 344388, 371724, 84572, 454658, 222215, 234120, 304438, 479756, 72180, 90283, 107666, 206250, 327315, 228524, 182198, 1504, 351425, 245081, 328788, 254490, 154046, 401735, 107354, 395873, 154882, 206278, 188894, 170019, 409416, 495149, 292550, 368518, 158502, 454137, 332279, 246987, 130230, 479375, 462098, 478765, 433091, 87307, 411437, 150718, 136707, 425793, 386064, 145873, 188764, 339196, 338495, 93470, 218684, 150068, 108494, 104800, 34627, 323496, 22653, 259785, 326016, 245095, 441067, 108912, 372466, 280207, 393051, 301382, 133642, 269798, 418882, 60995, 252987, 287424, 117333, 143831, 120080, 468596, 326339, 37398, 260625, 205226, 320410, 351092, 470379, 182014, 177078, 426259, 417052, 212288, 9626, 118975, 277194, 196667, 474564, 199013, 121679, 473834, 362117, 286004, 111389, 419612, 375388, 160800, 269160, 253442, 357846, 343077, 58012, 432579, 347246, 482182, 463518, 346866, 279672, 64246, 455104, 173932, 174859, 472632, 116520, 280719, 409424, 284349, 344489, 107207, 427152, 170413, 211630, 484842, 76993, 54036, 167040, 318770, 260164, 21088, 190982, 478476, 11083, 327945, 431062, 227530, 135187, 408187, 92102, 406685, 32157, 99176, 294425, 367020, 89704, 98083, 140364, 92817, 420503, 40004, 322625, 421804, 219258, 166467, 388546, 185048, 61821, 340053, 390867, 64926, 314918, 369686, 132794, 251932, 388473, 213218, 164398, 93881, 63134, 250590, 25774, 331555, 79989, 379972, 20662, 193158, 445702, 198828, 165285, 410774, 256923, 55609, 27434, 35701, 87749, 281192, 484868, 420791, 468226, 76709, 444696, 38076, 450333, 452159, 218971, 133699, 294807, 94804, 207766, 141729, 336478, 395122, 43182, 469946, 34346, 212159, 385739, 132381, 159566, 291960, 424849, 93612, 349293, 291001, 325061, 174421, 381214, 8463, 28299, 58367, 229333, 57077, 72473, 368939, 354741, 268437, 111797, 128301, 400464, 195097, 125730, 209709, 395728, 190726, 235879, 475885, 74536, 351919, 362196, 381840, 97989, 369417, 363222, 235920, 55963, 257113, 57781, 335322, 255890, 212221, 407558, 217414, 457412, 339319, 386253, 248263, 493019, 394572, 111131, 384359, 241292, 491083, 121244, 493854, 338946, 24905, 336239, 127931, 8487, 315961, 124904, 206882, 70643, 372528, 279182, 272058, 101887, 182935, 213155, 478070, 53365, 339065, 467656, 223610, 353024, 18914, 274204, 51907, 423257, 281001, 229605, 156181, 3886, 44624, 263244, 492559, 236467, 452917, 111170, 83321, 456074, 415662, 231498, 375832, 320281, 185871, 446217, 155159, 31676, 109299, 56495, 377608, 179806, 151161, 318480, 416597, 361293, 487317, 395736, 455163, 103061, 336317, 470509, 216190, 278087, 471286, 286100, 431331, 91314, 335558, 36304, 48170, 476088, 163238, 101813, 298566, 146656, 280148, 187004, 407573, 19859, 102248, 201976, 367999, 276475, 453813, 187570, 160750, 205492, 359355, 112768, 251519, 387066, 223035, 368455, 121061, 90344, 222048, 55379, 36935, 446539, 23050, 483899, 478652, 410224, 27375, 384039, 183556, 200825, 382363, 336865, 438783, 347556, 412652, 138055, 189450, 445485, 77255, 303511, 373297, 396474, 58021, 38173, 191382, 216297, 426599, 108301, 53892, 376655, 72873, 429057, 423835, 278866, 133875, 106132, 100694, 433867, 482643, 340452, 314159, 486217, 141676, 329280, 271462, 491533, 281203, 277868, 367931, 229183, 137307, 58065, 341121, 366798, 292172, 148403, 43346, 265320, 3815, 400814, 99799, 254839, 191965, 331498, 16732, 332669, 115561, 187868, 406167, 8, 190976, 124553, 294, 156984, 476075, 379325, 375926, 431956, 234383, 324931, 303459, 52469, 463057, 228396, 41504, 350224, 11210, 310437, 459912, 339918, 256762, 461882, 291654, 36606, 22613, 227389, 36837, 120820, 230464, 389220, 257878, 485378, 278132, 443763, 304406, 422267, 416248, 372256, 69271, 323258, 471111, 259861, 487995, 186161, 485446, 349645, 206027, 189205, 143913, 261927, 67963, 464960, 133591, 387388, 14230, 95568, 389229, 430454, 250276, 244517, 7399, 291193, 204324, 349615, 228132, 338382, 492733, 486929, 24885, 477320, 389387, 214511, 24920, 463270, 140811, 309878, 414077, 489681, 251322, 458913, 3728, 176500, 66343, 37118, 431126, 37060, 56393, 156816, 457935, 417838, 153290, 318329, 75843, 236445, 25934, 390780, 237766, 237254, 318736, 237129, 109563, 1596, 369502, 27268, 245191, 291143, 207146, 458703, 358430, 402522, 214361, 259116, 152371, 290098, 335245, 18704, 452331, 124068, 209818, 492527, 45274, 65536, 441694, 173956, 482627, 305413, 479562, 219106, 485857, 244194, 318080, 395241, 194278, 395587, 168761, 131432, 218807, 470898, 107086, 47120, 426840, 329094, 249355, 356184, 203993, 203644, 249021, 24684, 335728, 170339, 441963, 490775, 342812, 149589, 468721, 379067, 463177, 167884, 352343, 304189, 104545, 34572, 269869, 12924, 86520, 15370, 243626, 224285, 484535, 119620, 290607, 152973, 126767, 36946, 47280, 33544, 174431, 48823, 136801, 95238, 485300, 462320, 19610, 224258, 393446, 100880, 336239, 168316, 409168, 212085, 155686, 244487, 189463, 310107, 288658, 254236, 284988, 457159, 426926, 158343, 435265, 362048, 1663, 419981, 292597, 457962, 304263, 253490, 190782, 335466, 239530, 83457, 3244, 28154, 46372, 56211, 149332, 249645, 482864, 308885, 429987, 467675, 355035, 5452, 42250, 162577, 292555, 247989, 418523, 306615, 95714, 33833, 96152, 489280, 480051, 280257, 445070, 5186, 377060, 3920, 178583, 210919, 284699, 68596, 383947, 89307, 216110, 224658, 14999, 385893, 198023, 59128, 255219, 57185, 135154, 385354, 242417, 70462, 335316, 442752, 254823, 469953, 280755, 95076, 271550, 273634, 101202, 296107, 21235, 34794, 281849, 272652, 381319, 390154, 156327, 429615, 147013, 310311, 410259, 303590, 230110, 155935, 221462, 45949, 369737, 361593, 29404, 293563, 189134, 376383, 422197, 80349, 9628, 468481, 68448, 67603, 124050, 262202, 228804, 339630, 217858, 414877, 20655, 261852, 53208, 41521, 481922, 473323, 332180, 71889, 79061, 31295, 405632, 21657, 227489, 446854, 103123, 393307, 395518, 90435, 300311, 468617, 172705, 405048, 362197, 60819, 67526, 211108, 48320, 429793, 20500, 450377, 387389, 129847, 429099, 1191, 127329, 157884, 269630, 489350, 324877, 428167, 425045, 444600, 241274, 469235, 443625, 415627, 290344, 138625, 180496, 395678, 74609, 456535, 23629, 285025, 123477, 256333, 304172, 442195, 284268, 56162, 409991, 188736, 53751, 79525, 69153, 77589, 314399, 76452, 298509, 181469, 234316, 90301, 459648, 453523, 480130, 371325, 108089, 169239, 484369, 292845, 356436, 205466, 240546, 129365, 280521, 436294, 470607, 1288, 152068, 20407, 479493, 473364, 200901, 229110, 69209, 68360, 209057, 346416, 474071, 87527, 82675, 424418, 229596, 9209, 96315, 294515, 92465, 12771, 188565, 244783, 450397, 89731, 183614, 37110, 262379, 341767, 89450, 475835, 42290, 351679, 162192, 2084, 67854, 309941, 36093, 87693, 37939, 86477, 499583, 240794, 219276, 289399, 130832, 64835, 233827, 204789, 217072, 234012, 181263, 420000, 312569, 216727, 243025, 443201, 70007, 212463, 451985, 329409, 290021, 168144, 342189, 449882, 425797, 395094, 472944, 110836, 253135, 43995, 424001, 254951, 183215, 191552, 358115, 164194, 33364, 319336, 12493, 347164, 105851, 78806, 376178, 345712, 411150, 131603, 463706, 46286, 303739, 440701, 409965, 121630, 343307, 7121, 462313, 212078, 250912, 111618, 99269, 430560, 229550, 309692, 216434, 46736, 243765, 248488, 291740, 434932, 64305, 491923, 256428, 130594, 179216, 442822, 142901, 375789, 498979, 478271, 339157, 486474, 169843, 46452, 416614, 197024, 121748, 115474, 109608, 344888, 394135, 267932, 170464, 180907, 411555, 89993, 319420, 317131, 157242, 466678, 126553, 492059, 72461, 233238, 428404, 138376, 33859, 446559, 330035, 166105, 496150, 439549, 349378, 205561, 195941, 358718, 442744, 198411, 482666, 159695, 123404, 380304, 415075, 115818, 242261, 432728, 335988, 6433, 447315, 148694, 294129, 491864, 289870, 326916, 202346, 82680, 329127, 144499, 127866, 39140, 478655, 451771, 281339, 61642, 189536, 90114, 155378, 286799, 358305, 215722, 47009, 99125, 263434, 256848, 450239, 17982, 146883, 184124, 95080, 128917, 163417, 124010, 33016, 29918, 238966, 339158, 238141, 290548, 233235, 154511, 134748, 271986, 383544, 149655, 489105, 368999, 415515, 226936, 435952, 26398, 317645, 323468, 371579, 278079, 298335, 156000, 487535, 263604, 430036, 290698, 114120, 4112, 254611, 382681, 322730, 173767, 295985, 168612, 219359, 216697, 376425, 214563, 473064, 40187, 357840, 17255, 237242, 265882, 49455, 468820, 81184, 349838, 125294, 147147, 475699, 287105, 297384, 264517, 227054, 426146, 355245, 128276, 369965, 450298, 219824, 49320, 418956, 183203, 64644, 185604, 378793, 472657, 284265, 382555, 251054, 360994, 335947, 278954, 31720, 229518, 489330, 454803, 404138, 166837, 19710, 167726, 468618, 465828, 65451, 129681, 197906, 271851, 463481, 180321, 311465, 414486, 313352, 51379, 26523, 15826, 289727, 145595, 456038, 280678, 470143, 87472, 4875, 407760, 437250, 434531, 100121, 425243, 133797, 439175, 115552, 30043, 276272, 266056, 321487, 385271, 78498, 300196, 340983, 287681, 87347, 232133, 419095, 143889, 327110, 445501, 146798, 12509, 352614, 27880, 254155, 115941, 196899, 296989, 346061, 19959, 355887, 265374, 499026, 384140, 95088, 148909, 332861, 268870, 156970, 213503, 224732, 393752, 131075, 92652, 318664, 150144, 154472, 125338, 446787, 52573, 387283, 92987, 478113, 162661, 2795, 39990, 444479, 397311, 214775, 403906, 313805, 386043, 319051, 428120, 283154, 413241, 239928, 115687, 248647, 69125, 241138, 204879, 409930, 495422, 445239, 183451, 61511, 325296, 109895, 76185, 191999, 191987, 33527, 88886, 252983, 421592, 193445, 100544, 319622, 217839, 238355, 436368, 332338, 187830, 197185, 100599, 189786, 328669, 118114, 368157, 335327, 178888, 445993, 105095, 319206, 100374, 205366, 287462, 370282, 84563, 229835, 475942, 280050, 327215, 252001, 253326, 297508, 101599, 485224, 65112, 288614, 49428, 3913, 63337, 60823, 332401, 63306, 474783, 374087, 194015, 363032, 149887, 18916, 363114, 53315, 296651, 385757, 430136, 128587, 114202, 36267, 385509, 354871, 119021, 157666, 19528, 208560, 37709, 162640, 167174, 182405, 382300, 332017, 203055, 321069, 394007, 320811, 148601, 201191, 295490, 316801, 345228, 229966, 337839, 246311, 312978, 239625, 488479, 269374, 343251, 30950, 362802, 340507, 406702, 244801, 183832, 208684, 263196, 271618, 395502, 7482, 392683, 168593, 150978, 310624, 163538, 437962, 165203, 154957, 292025, 6168, 39097, 296246, 401463, 199599, 248988, 68511, 472035, 410984, 397229, 153678, 145024, 260866, 203320, 250670, 252076, 104547, 268020, 95607, 118477, 161621, 19509, 105208, 133593, 373654, 270732, 364134, 288151, 464390, 488555, 268552, 144010, 443059, 170549, 248928, 152303, 216260, 68784, 463917, 143049, 6015, 146260, 286423, 31703, 436583, 264960, 232556, 429574, 446994, 291254, 476013, 11036, 409625, 272514, 478198, 438655, 477607, 453635, 214737, 152462, 332463, 402361, 173664, 194552, 116663, 68615, 173815, 159214, 309316, 493743, 305632, 370961, 482113, 333200, 218267, 469619, 106536, 100107, 442792, 314906, 99638, 317856, 244274, 229641, 613, 252488, 320063, 328455, 50891, 143340, 290332, 403806, 486143, 21861, 129792, 281643, 458982, 67324, 248563, 267979, 110501, 337136, 440147, 284124, 411762, 169174, 13064, 490913, 427813, 156388, 200931, 96141, 167163, 279752, 206619, 23773, 461294, 106081, 306115, 479889, 227874, 413010, 239439, 224079, 110005, 90534, 486996, 438342, 293711, 499641, 422185, 359917, 129862, 333827, 165005, 384788, 377539, 52933, 277389, 173827, 445532, 191188, 467751, 417871, 237800, 167264, 466999, 83195, 58476, 256530, 113756, 247405, 413852, 421664, 385913, 130370, 168377, 363442, 379419, 449096, 438867, 292803, 390632, 12690, 222052, 352687, 279598, 270502, 39122, 114001, 478973, 170003, 174535, 252003, 50027, 482281, 450396, 112528, 233882, 452912, 278336, 177101, 32955, 110676, 179057, 25143, 10494, 497699, 485101, 130169, 388788, 446081, 132129, 391674, 478822, 476643, 271660, 140663, 478568, 296250, 43326, 223186, 368941, 303508, 239197, 200398, 172824, 107030, 309916, 23740, 58901, 21275, 174691, 265848, 85793, 297336, 86657, 470353, 291759, 397301, 85110, 73516, 328483, 484772, 348475, 235474, 58354, 303987, 116348, 264472, 420675, 450723, 165389, 422429, 293081, 38553, 39972, 427980, 165484, 149708, 179333, 484978, 64545, 288027, 111341, 491222, 216348, 292046, 443666, 353239, 117821, 150322, 456435, 445149, 383779, 31580, 44751, 210360, 186403, 317969, 367867, 163009, 396150, 99278, 91623, 275731, 464076, 170571, 424295, 126861, 74416, 458001, 264104, 466205, 148897, 150034, 474711, 201535, 145854, 433347, 147109, 166234, 188228, 465862, 231609, 72290, 468097, 287116, 335129, 269744, 305899, 333805, 422490, 353919, 498796, 156329, 3088, 346535, 181426, 212524, 178577, 498936, 383453, 290087, 145892, 426926, 254469, 4936, 365135, 183890, 184537, 198371, 375018, 396425, 256199, 306775, 239184, 438875, 432489, 88696, 74335, 315284, 225022, 229823, 297920, 203773, 6519, 99430, 125113, 164601, 234165, 291940, 248033, 278759, 125907, 439071, 182850, 195175, 3581, 470617, 173070, 59253, 32941, 451935, 241828, 412733, 35184, 23116, 211791, 87748, 62063, 167873, 326583, 182827, 385790, 134175, 266769, 481459, 318122, 29408, 289010, 266488, 363433, 57465, 183545, 310701, 194851, 264734, 97125, 150664, 271900, 173992, 146347, 485890, 296142, 422712, 102420, 40492, 489902, 492933, 429923, 234376, 166736, 408892, 93718, 316269, 44443, 242701, 217717, 426291, 15950, 412858, 486189, 185624, 434723, 469741, 458976, 17060, 152396, 324439, 397842, 488050, 346612, 361800, 70321, 461548, 27916, 346993, 188659, 46975, 471423, 104969, 73617, 466558, 270035, 223844, 18294, 315359, 14102, 313803, 263885, 324925, 358705, 385228, 182536, 59023, 405267, 354067, 388098, 233888, 200490, 440845, 129708, 132324, 149388, 234353, 78176, 170806, 499809, 28845, 95433, 399479, 366904, 332271, 173190, 158286, 35346, 251242, 180400, 396537, 177805, 164921, 66943, 111069, 393221, 491373, 37237, 138924, 150250, 252795, 204234, 449932, 262394, 373582, 112479, 449760, 231508, 105759, 448922, 151156, 470225, 483715, 493543, 25248, 485853, 477274, 475117, 241070, 478902, 403669, 467561, 217227, 22071, 353236, 312030, 100322, 202816, 51364, 93509, 39451, 471499, 119317, 210812, 221121, 393646, 143175, 72477, 163540, 423678, 430446, 68201, 68275, 9977, 240653, 443295, 21600, 372192, 137104, 166624, 214346, 259311, 429863, 497282, 278914, 327033, 20012, 242720, 181689, 387949, 268149, 258343, 27590, 24527, 344615, 431137, 89539, 390348, 205947, 487879, 369671, 474852, 444819, 333786, 218314, 288524, 320964, 247515, 376624, 73760, 276169, 167869, 400393, 14765, 248102, 157599, 341499, 50605, 328057, 15018, 223752, 287336, 59150, 183191, 369869, 55298, 326091, 196872, 402349, 291158, 13686, 416527, 457002, 151416, 464960, 190510, 167770, 265216, 464437, 394661, 444945, 260802, 416111, 317595, 7571, 419648, 385054, 466277, 394673, 422598, 412897, 167861, 384758, 109123, 175547, 27957, 354358, 180317, 64406, 144704, 14484, 157250, 339528, 312632, 386292, 335950, 97753, 408654, 118518, 291316, 273253, 380720, 344651, 75890, 186751, 348370, 399873, 325439, 102454, 180753, 27007, 35787, 426243, 124270, 485672, 431125, 141347, 162720, 38335, 382135, 425126, 442275, 259862, 438082, 139717, 1027, 173386, 176781, 486893, 284860, 138862, 302647, 177669, 95922, 217633, 407082, 335721, 262768, 323745, 465932, 338896, 158179, 175770, 14922, 26349, 391121, 437493, 319398, 92640, 267130, 182101, 439200, 490157, 346075, 423642, 389155, 159581, 244777, 430997, 103323, 301941, 462190, 433236, 313660, 473620, 412263, 440732, 165194, 2320, 464436, 39399, 170516, 240577, 22545, 453873, 259846, 456531, 477224, 261565, 90043, 320594, 82910, 442682, 49880, 120892, 233869, 371020, 339307, 321025, 313216, 120102, 348434, 444876, 447622, 280227, 115904, 58061, 401207, 486791, 337053, 9600, 395071, 43075, 256624, 355580, 135121, 382030, 81817, 53038, 464614, 326297, 404358, 442285, 487053, 207823, 372759, 17949, 18905, 93118, 92883, 104376, 388447, 439915, 198347, 452094, 136291, 294371, 9551, 31106, 203750, 220885, 341321, 10100, 435671, 367681, 210172, 301949, 352537, 370086, 183499, 251820, 374350, 76248, 473993, 150969, 331125, 450406, 396064, 159891, 323318, 280937, 405649, 480537, 82574, 412322, 156059, 254332, 402500, 127032, 457094, 77364, 260814, 478005, 189565, 478758, 350903, 22756, 375290, 74146, 357877, 493496, 483096, 159501, 186226, 273848, 480402, 383188, 89820, 104682, 69000, 353944, 415899, 424799, 393459, 64137, 243024, 239853, 386160, 59191, 441923, 272508, 235601, 244237, 183086, 227078, 174373, 189434, 474955, 57316, 390488, 255045, 96640, 219549, 46024, 112920, 225142, 38013, 105867, 346719, 286632, 139312, 408650, 298413, 462471, 269518, 292541, 343001, 417781, 424248, 38978, 482858, 382362, 100691, 13717, 4002, 159019, 395790, 316693, 295884, 309245, 420734, 403045, 106331, 119736, 117718, 28967, 218799, 324717, 127393, 212682, 60537, 446264, 485820, 89346, 472376, 280994, 176949, 127918, 385410, 53376, 143233, 386729, 240126, 195369, 69026, 147541, 385138, 345813, 83544, 428611, 161796, 76290, 427921, 45516, 411000, 175340, 175944, 473698, 448425, 218690, 439101, 245340, 347928, 353089, 258287, 414392, 94815, 292799, 404122, 168600, 185349, 258752, 91473, 309550, 479543, 294886, 330052, 274961, 56117, 339177, 111199, 316696, 343749, 276041, 115664, 293603, 468743, 466387, 168401, 82660, 183676, 362487, 209521, 199218, 283953, 81527, 114997, 485197, 163523, 90007, 284726, 383030, 271192, 403464, 189579, 140340, 196459, 343776, 34669, 451465, 288563, 446949, 249870, 444300, 733, 141124, 390243, 102785, 214925, 155399, 65839, 493521, 204410, 417140, 231549, 110103, 95132, 119731, 190280, 190769, 19750, 240417, 118860, 87804, 327905, 402289, 379904, 112533, 454169, 52403, 202579, 265372, 93625, 434215, 122498, 174853, 61319, 99267, 149383, 297866, 139951, 223655, 446473, 100511, 463160, 426908, 489362, 92096, 410638, 204778, 280382, 59793, 434661, 483339, 208892, 299445, 423880, 130957, 424948, 248499, 142362, 194643, 279749, 23014, 58690, 30025, 144039, 234557, 450889, 284183, 435261, 351378, 287027, 116336, 194299, 352442, 153503, 110800, 437112, 427217, 129474, 241, 173592, 140227, 300682, 408961, 98148, 576, 141023, 31558, 287534, 351135, 257833, 430022, 185897, 301983, 488607, 100086, 255071, 429719, 207967, 300890, 375124, 314852, 390963, 107473, 0, 72945, 73216, 286541, 479927, 149293, 371771, 385287, 102254, 237939, 315821, 303627, 31456, 456440, 456339, 371886, 261614, 408030, 402805, 35004, 248531, 412555, 251052, 31375, 481873, 52371, 142024, 126900, 149522, 340220, 148620, 113024, 365451, 278747, 76000, 115210, 1139, 261018, 470275, 153221, 94050, 22980, 484425, 61787, 458276, 110211, 273018, 387457, 480147, 404897, 126955, 47921, 8421, 118946, 35864, 380405, 61666, 290735, 51639, 271414, 142229, 139691, 275390, 181297, 438483, 78443, 88532, 394557, 89596, 66914, 373223, 259667, 280779, 286843, 310348, 269508, 319907, 14535, 466221, 461417, 318720, 355115, 220047, 21628, 181632, 126782, 5096, 198113, 85751, 103935, 443915, 412420, 332856, 48480, 189299, 348481, 393239, 194339, 44229, 209854, 4966, 306825, 89026, 271748, 145398, 351661, 329228, 117332, 103362, 282915, 242625, 57555, 493633, 50013, 475126, 205414, 321156, 371091, 482562, 428481, 288091, 135932, 475622, 112566, 137721, 84715, 161896, 461799, 354507, 183603, 345411, 317835, 425889, 429576, 397942, 5569, 344421, 442024, 4407, 178217, 219920, 462576, 467330, 267149, 432266, 381215, 419775, 114808, 185101, 78414, 10712, 212215, 191866, 34181, 132362, 164138, 209207, 450704, 365100, 119310, 184632, 64536, 498956, 139623, 430114, 472015, 433558, 289086, 427527, 237515, 198075, 374610, 11079, 392560, 275012, 455616, 420428, 61591, 412832, 466273, 429367, 467817, 173190, 220326, 108220, 437025, 50049, 95110, 216926, 399267, 13517, 443182, 476533, 157159, 436003, 163851, 67853, 436761, 196731, 240645, 492087, 86220, 347518, 318995, 276461, 354592, 246961, 351622, 141736, 435403, 94599, 363122, 139180, 344680, 308293, 110301, 479829, 328593, 71227, 113383, 154808, 355768, 385911, 234410, 395004, 72858, 331387, 475014, 74425, 417511, 226666, 137590, 393543, 95414, 242072, 252551, 450070, 235519, 397462, 491599, 160151, 101435, 286650, 123280, 497538, 107330, 89773, 203501, 452962, 33719, 172854, 497613, 288417, 311124, 42127, 138100, 200224, 325121, 330604, 115352, 167756, 397246, 79124, 230655, 61079, 261159, 417968, 129344, 269809, 24439, 467317, 462177, 306092, 381951, 154253, 69395, 242792, 331018, 186388, 110489, 86791, 491033, 406588, 352793, 80609, 373164, 329118, 113391, 181438, 433156, 388329, 134345, 69566, 386413, 236187, 366826, 83169, 330746, 203874, 384987, 160609, 95800, 419744, 435935, 117227, 291070, 492585, 386600, 25648, 484990, 301008, 157870, 244311, 456960, 339055, 266795, 255199, 32164, 222580, 68614, 436981, 171541, 428420, 272124, 117577, 194127, 468492, 79053, 28634, 95488, 334347, 256974, 215731, 292067, 138423, 356984, 75138, 114209, 138286, 465292, 464916, 469875, 306912, 2117, 405829, 130032, 3976, 196313, 330918, 108659, 338703, 399817, 117570, 427275, 479031, 221957, 320354, 216935, 473406, 319587, 81381, 331678, 411123, 211152, 136849, 417072, 7094, 479868, 315834, 247590, 209862, 193480, 376984, 44221, 164576, 185435, 347597, 346771, 482581, 481305, 230878, 93553, 227155, 114433, 348988, 28706, 45990, 132471, 440056, 367920, 289014, 402501, 303284, 312257, 228416, 297537, 168068, 264929, 251676, 399226, 394307, 97323, 295750, 249120, 82115, 307951, 453764, 462285, 287261, 22105, 137911, 86244, 259647, 408244, 117065, 128285, 46972, 433644, 417305, 166901, 442445, 117918, 27069, 360990, 55089, 37989, 65687, 1886, 256591, 254271, 265662, 172129, 47462, 75216, 262558, 263991, 314603, 112420, 81074, 398996, 361031, 366429, 244693, 235400, 76655, 116291, 296010, 314748, 190861, 454848, 171473, 254574, 358699, 24564, 478405, 167759, 110070, 347516, 472241, 434753, 419152, 397999, 127233, 473589, 61389, 464188, 219944, 182131, 205600, 33425, 28619, 484756, 443668, 10024, 214595, 439320, 140468, 62510, 82468, 43250, 79484, 414638, 383957, 67620, 292131, 125763, 86243, 175025, 348527, 81527, 142932, 306833, 180460, 429856, 139242, 263309, 205417, 62986, 202619, 204266, 213877, 479270, 197929, 43161, 261491, 447517, 263762, 53878, 61393, 47359, 432627, 199396, 449771, 476303, 446558, 96781, 100528, 209902, 20967, 439615, 171667, 95009, 308732, 222624, 197047, 173194, 373278, 73902, 286996, 319964, 197532, 346856, 22286, 106759, 137328, 45760, 412034, 184983, 138436, 438787, 365022, 210049, 186152, 276536, 435993, 5228, 310323, 178855, 78366, 453400, 185036, 429984, 382069, 32431, 191530, 145292, 367093, 425858, 220603, 435185, 441719, 402451, 110672, 99413, 214431, 157574, 13635, 222199, 445380, 66117, 274642, 31532, 215123, 128457, 118837, 42231, 347027, 337189, 307357, 40297, 414040, 447560, 488228, 393029, 450866, 471484, 115683, 232257, 3733, 295417, 482774, 167276, 41982, 109626, 384661, 226621, 121395, 52275, 345878, 113954, 79254, 146783, 222369, 181491, 483743, 45301, 299481, 206571, 188055, 291841, 118728, 77408, 325079, 330995, 78000, 333165, 376742, 495889, 326413, 176365, 384682, 489017, 330703, 210755, 328031, 337116, 470378, 131627, 74378, 412732, 312871, 364118, 330180, 92479, 440992, 284772, 448985, 296742, 60912, 273760, 469707, 490991, 375860, 40834, 312085, 187769, 261069, 358931, 200110, 409364, 396704, 486843, 487786, 103892, 153945, 98429, 401261, 380822, 423052, 441672, 76251, 318098, 386523, 335499, 108821, 495258, 28754, 103635, 264895, 197024, 414999, 238482, 93989, 287396, 206380, 136769, 494464, 354577, 181727, 401396, 445768, 346365, 443297, 80195, 205963, 329559, 220623, 188369, 178955, 189626, 280213, 333573, 151356, 482288, 432872, 115436, 73091, 246365, 77547, 313693, 356826, 471385, 94858, 484562, 154737, 337973, 76684, 450645, 92262, 212304, 31250, 464266, 478687, 248089, 436566, 312640, 200620, 250075, 78795, 52303, 8486, 313674, 415074, 144467, 219688, 204843, 96388, 313776, 16400, 373085, 236472, 121965, 10089, 27052, 460080, 34588, 455564, 219463, 123123, 162394, 10621, 274857, 378980, 228437, 292616, 188253, 373379, 436926, 65785, 305374, 494660, 341204, 394871, 359562, 435381, 314331, 78945, 316991, 266734, 78005, 233262, 133640, 40985, 347817, 216511, 385828, 465569, 89660, 454220, 13181, 283886, 395726, 190400, 218274, 378168, 458500, 181394, 206972, 398557, 379863, 111535, 35860, 348440, 294992, 203263, 207314, 5308, 206430, 144910, 278642, 150, 464497, 379214, 246418, 250378, 193396, 149490, 24939, 64751, 428848, 346513, 364293, 298910, 388706, 142949, 309078, 271132, 256376, 126470, 498546, 453460, 439029, 331708, 292562, 396613, 425608, 103277, 436234, 231315, 126098, 89041, 488162, 322188, 183653, 158412, 482291, 256667, 186290, 315971, 161427, 72880, 68277, 434880, 145737, 431035, 58966, 123391, 58850, 42309, 393361, 479047, 297736, 132686, 6583, 26392, 387852, 119793, 39907, 165216, 476691, 281589, 167679, 208412, 161444, 451753, 421872, 81133, 8075, 481662, 359126, 393380, 215916, 286479, 475205, 177014, 487875, 424329, 155668, 395148, 18343, 162105, 162035, 31706, 384838, 442162, 28291, 253103, 167149, 326601, 252177, 129846, 48585, 41802, 25895, 25337, 208924, 430798, 368472, 487433, 486368, 327600, 2540, 385943, 387760, 450002, 333178, 50312, 243064, 329568, 115560, 195772, 102767, 241660, 84460, 159076, 84477, 432446, 375663, 237484, 43625, 485146, 139563, 398640, 221451, 205371, 266222, 220784, 117624, 407093, 315416, 338780, 98604, 381488, 9105, 220348, 370493, 223663, 451353, 456428, 323514, 393026, 470853, 149936, 476063, 467897, 286147, 195663, 45529, 205771, 236789, 395461, 274960, 122760, 164473, 192041, 43592, 238523, 236423, 168701, 460731, 81408, 449101, 481975, 238097, 202698, 294525, 331412, 370126, 485242, 133814, 286193, 450391, 363077, 360784, 42157, 38785, 493664, 393699, 47434, 11664, 206120, 441390, 102022, 116455, 492843, 480282, 498226, 186848, 437490, 241869, 134821, 25368, 55913, 471052, 57037, 232777, 287421, 477090, 344476, 433054, 329225, 399282, 242610, 174869, 475950, 360458, 25585, 33595, 155013, 121584, 182740, 440952, 152161, 228397, 409035, 136822, 460603, 37859, 411018, 214833, 255607, 364778, 355696, 204932, 221130, 296962, 174984, 396833, 214495, 35496, 6357, 51927, 33674, 233787, 355318, 315210, 320542, 279416, 395115, 41300, 444088, 394524, 210083, 251922, 441377, 169528, 343230, 344572, 400108, 204811, 109308, 75422, 453024, 386180, 427743, 275431, 264413, 88335, 357316, 435502, 346309, 434124, 402709, 117594, 438205, 465044, 278562, 403837, 450608, 21694, 17624, 37377, 209501, 167309, 331416, 173055, 448980, 293820, 124881, 497905, 338331, 256124, 348621, 291538, 220667, 82588, 290103, 307344, 4002, 372957, 410474, 314253, 331026, 204504, 491984, 201739, 213557, 293671, 216077, 93450, 30182, 47817, 219229, 135746, 204924, 60891, 189092, 354636, 177359, 478087, 292031, 18489, 416487, 499858, 337561, 49393, 298765, 175887, 199746, 440739, 216688, 120397, 246361, 426878, 31020, 301288, 188138, 342236, 177984, 212636, 256119, 53526, 401153, 494322, 149240, 412068, 210862, 47106, 326293, 114294, 475586, 66952, 80226, 499186, 171071, 137678, 447649, 162943, 401016, 276021, 250353, 140729, 426095, 350102, 405423, 103870, 124795, 213471, 496289, 387116, 380096, 99257, 59709, 56787, 407739, 307131, 115763, 294503, 445524, 149904, 497822, 64894, 468303, 224778, 466510, 296476, 271993, 218767, 92316, 483014, 377003, 291006, 123351, 98322, 254285, 117534, 165892, 402709, 191217, 128029, 318046, 164798, 361987, 42918, 3632, 485794, 446477, 372721, 455742, 126964, 22740, 111141, 137421, 490551, 29700, 39980, 45451, 104509, 273592, 71492, 33805, 337946, 68437, 232397, 21184, 469452, 35888, 327107, 404134, 438371, 56919, 389008, 77235, 46421, 157195, 296688, 403683, 239613, 36245, 79318, 343908, 373363, 443640, 58869, 213925, 244346, 271941, 106069, 224086, 36750, 58784, 267233, 277443, 32585, 122552, 47086, 411071, 357235, 38701, 449712, 359024, 190827, 245770, 489103, 395332, 312381, 462593, 439268, 167888, 288467, 134390, 34219, 452779, 225268, 25138, 100364, 293847, 244239, 196719, 111135, 345190, 490708, 499929, 466659, 270882, 60733, 439243, 116595, 287605, 242754, 228984, 257385, 49498, 343941, 395792, 80672, 171573, 253092, 460123, 471048, 186053, 97901, 445258, 170264, 309722, 293181, 335466, 144129, 150782, 23520, 332955, 374256, 8518, 257827, 304093, 118418, 332913, 223065, 367479, 237515, 68317, 170699, 36745, 455986, 492595, 89411, 383556, 419166, 31513, 289440, 185200, 180382, 213426, 367340, 355442, 482760, 469347, 166097, 372406, 319151, 354021, 438393, 286696, 327138, 334808, 11329, 254449, 411551, 73577, 199021, 448268, 218483, 444813, 447110, 53122, 485331, 172722, 376337, 189663, 196979, 80469, 101677, 416973, 156040, 157476, 320685, 206103, 312790, 180176, 254443, 894, 218894, 365750, 186659, 339243, 6757, 120182, 161452, 383737, 336249, 230968, 33656, 229220, 17380, 100633, 206732, 453468, 185810, 314101, 131551, 317289, 281319, 115615, 187377, 96963, 5404, 74855, 111084, 447882, 432839, 55693, 168384, 217240, 254207, 485337, 321892, 165370, 34960, 155575, 225579, 438924, 478439, 404994, 419054, 174272, 335164, 480979, 202510, 323564, 272274, 235228, 93623, 74695, 63488, 94713, 295753, 60317, 444227, 219709, 194762, 174653, 281378, 298442, 365781, 137603, 232455, 279926, 151104, 246976, 30841, 405528, 25833, 461105, 411006, 340497, 221953, 272306, 148990, 224026, 57802, 377872, 18196, 409414, 137728, 495451, 124680, 403135, 74466, 410777, 9888, 430625, 187244, 336939, 277496, 338517, 448462, 405041, 344160, 186183, 63289, 467825, 43204, 7474, 120850, 115003, 390626, 241617, 8852, 346146, 317819, 280797, 412219, 407097, 425694, 50996, 230830, 22580, 161194, 93025, 348257, 91082, 243016, 226886, 248267, 199393, 282386, 272232, 27893, 51731, 443022, 461671, 127110, 409758, 131848, 150170, 497191, 97003, 268109, 407175, 309281, 73779, 113273, 398901, 425194, 110179, 129955, 261849, 96320, 170603, 405745, 188125, 43241, 217669, 241836, 172079, 46698, 312954, 201651, 63590, 100429, 478773, 319940, 136610, 223455, 487456, 497729, 499890, 491622, 472656, 493216, 394791, 239585, 329179, 416657, 383984, 344130, 381313, 267576, 179472, 142343, 79663, 210363, 130674, 406034, 13653, 496216, 426594, 394405, 188127, 393847, 427750, 333638, 253108, 363036, 85713, 18252, 441653, 325853, 81856, 362904, 166728, 93642, 148589, 380372, 114081, 434089, 109239, 74629, 349318, 77767, 112161, 98895, 491213, 66590, 153173, 193231, 204838, 150872, 297020, 485980, 165392, 81987, 407533, 71402, 245838, 445275, 62826, 139513, 461950, 157252, 191034, 50282, 75359, 491069, 311322, 376367, 198943, 191537, 345227, 125219, 307636, 173771, 88840, 306344, 238278, 92669, 273461, 123716, 212884, 153696, 123630, 154314, 5049, 406367, 448256, 288104, 299541, 338443, 266180, 308417, 200740, 80491, 56932, 406568, 257760, 260375, 365629, 63875, 337063, 205269, 421601, 251462, 369146, 39202, 121403, 43869, 245146, 129113, 254445, 204749, 242751, 487675, 469051, 278332, 11427, 449177, 490281, 231385, 149290, 465192, 487630, 88126, 465858, 124463, 479443, 367586, 186952, 245316, 434657, 275888, 200760, 463837, 314062, 213687, 390107, 472178, 89887, 476091, 208796, 52887, 316763, 41706, 295952, 341897, 354542, 393875, 431815, 225393, 470386, 128842, 198846, 446391, 426642, 163798, 279514, 105315, 8887, 101993, 62236, 274859, 307272, 122820, 109702, 213271, 456726, 343897, 121124, 309649, 435327, 195131, 19831, 10671, 177129, 284155, 496704, 468272, 253839, 124588, 156657, 86927, 55274, 226968, 324621, 32464, 463675, 145585, 120824, 163569, 46010, 106182, 429223, 460244, 374622, 313158, 400216, 236677, 462277, 296011, 418887, 424143, 250422, 267445, 390980, 488111, 161286, 465556, 381755, 463155, 121603, 195844, 312394, 20263, 458079, 383867, 12507, 390146, 359260, 10235, 475173, 103094, 6180, 299351, 43885, 469892, 34285, 289196, 309904, 439907, 65489, 245276, 216605, 305937, 380399, 40184, 281577, 424378, 307878, 359576, 334480, 251431, 313993, 277000, 384523, 455219, 398327, 399062, 114999, 38879, 337349, 359057, 276022, 31200, 300870, 392812, 455143, 296382, 93010, 375415, 338287, 289622, 374677, 158873, 411312, 314440, 469207, 482084, 334806, 61892, 209527, 198494, 58024, 178169, 112343, 198598, 134470, 128468, 326986, 9794, 499803, 407218, 339086, 72261, 314376, 125922, 289093, 37954, 97887, 494021, 201930, 67795, 389948, 301365, 191850, 255197, 231400, 108296, 478976, 113108, 16215, 93652, 124355, 259957, 211056, 86244, 202924, 158919, 361976, 399328, 459119, 460934, 451668, 96112, 89725, 349530, 131393, 60196, 93266, 27835, 470487, 87918, 432446, 9171, 93689, 92045, 89510, 371776, 330510, 59658, 326856, 470878, 229648, 11203, 356656, 248344, 124802, 102539, 207070, 247254, 110633, 111845, 1500, 268371, 339640, 444864, 383519, 135647, 224967, 399249, 263384, 208954, 49647, 382102, 343876, 452351, 102162, 77492, 86396, 176477, 441148, 357954, 359534, 487614, 194223, 108733, 205639, 461081, 96333, 170208, 340891, 463041, 103896, 352939, 342214, 458462, 322129, 496392, 413765, 329249, 185312, 488397, 70662, 472791, 125553, 23257, 414042, 18157, 255447, 434678, 118321, 225751, 318979, 362668, 17528, 96941, 342262, 423731, 262392, 414259, 236317, 386386, 422629, 404312, 459635, 70914, 353835, 123394, 116403, 104173, 406572, 159314, 25397, 174508, 224130, 212344, 192281, 178552, 267779, 345252, 232944, 60046, 135950, 481221, 396887, 22602, 423879, 382943, 375623, 360417, 229348, 320971, 60093, 105069, 127655, 230260, 224145, 259789, 320980, 373481, 191155, 280948, 141439, 11143, 143580, 304068, 307937, 92167, 306197, 368368, 185026, 248492, 376681, 341098, 104268, 378890, 357588, 421748, 98466, 134413, 133550, 248184, 472084, 352181, 409709, 435272, 282262, 26333, 147377, 96649, 472395, 381052, 177555, 497432, 60826, 84751, 460038, 223114, 261763, 46634, 403020, 104067, 258341, 156977, 410335, 434001, 196084, 8618, 436034, 87237, 359648, 278125, 258379, 319760, 210344, 145810, 277969, 189143, 389254, 465008, 258628, 339938, 147930, 186111, 280427, 438309, 451085, 273780, 224471, 273274, 347180, 369305, 178311, 179534, 163606, 8002, 477977, 255234, 150287, 321300, 207684, 238286, 284667, 226008, 146939, 254867, 374542, 12785, 248561, 9698, 397590, 373434, 70689, 282537, 64249, 443571, 373894, 359805, 338959, 415630, 50160, 85709, 81762, 3876, 191635, 476755, 290336, 54698, 280913, 157337, 431985, 152491, 244899, 145327, 112441, 220543, 16328, 260182, 13612, 402823, 322042, 477574, 434974, 398197, 92741, 249915, 202596, 150463, 44200, 15248, 311745, 424516, 253091, 105874, 267055, 32836, 46516, 186212, 313402, 191034, 451289, 333786, 55133, 242155, 43454, 260545, 358910, 90126, 444953, 445494, 244235, 184149, 230571, 266717, 233305, 402819, 168182, 208451, 362686, 471498, 20898, 245773, 166943, 375983, 178712, 113958, 130868, 337367, 42004, 460186, 462357, 365597, 470226, 407235, 229464, 133801, 439191, 388570, 355942, 246817, 134695, 487878, 165926, 476123, 319354, 436812, 120333, 38854, 448644, 78326, 440289, 41298, 126710, 55173, 397786, 301963, 402738, 474341, 268637, 38476, 362690, 327235, 95630, 176103, 326932, 146023, 468302, 254623, 39761, 95339, 174714, 79813, 260629, 480567, 415119, 385845, 198942, 124546, 296506, 177212, 49632, 190622, 157612, 329975, 483869, 119855, 308996, 174894, 416660, 166804, 37054, 350945, 218799, 337909, 279394, 233971, 202888, 89985, 198721, 278731, 446363, 67967, 21976, 203275, 375107, 361712, 134322, 58723, 384483, 436444, 160309, 298018, 328783, 49314, 61018, 111215, 414394, 16732, 169996, 354749, 2490, 424835, 262559, 90814, 161456, 180263, 171564, 378339, 86081, 343050, 283868, 214950, 18139, 428512, 63826, 63968, 295665, 474594, 189896, 173578, 302036, 261295, 444390, 214508, 34534, 6797, 62223, 336590, 466808, 235850, 175174, 34125, 112121, 268853, 306375, 404850, 234024, 338443, 364850, 253100, 76938, 26726, 70954, 54996, 273776, 129934, 316799, 64857, 105008, 204462, 275322, 491743, 299376, 12844, 232253, 310254, 31363, 8088, 451372, 36848, 22943, 412034, 98160, 482443, 425366, 252729, 86329, 286809, 254076, 258478, 251045, 201615, 119736, 279019, 85430, 64537, 403542, 174916, 437979, 375652, 173687, 171656, 266231, 235406, 487422, 3353, 310458, 397499, 171256, 499997, 84954, 18459, 449577, 191567, 347455, 28543, 413959, 33355, 14823, 481293, 324526, 326657, 44161, 115082, 347751, 422343, 391116, 392785, 205463, 303704, 84171, 343605, 416465, 281347, 329373, 403504, 497054, 254714, 340931, 459161, 359410, 387456, 423985, 422947, 442574, 108998, 456696, 243700, 283105, 57770, 239941, 312746, 84949, 183353, 266319, 168796, 246497, 194222, 259836, 175279, 65814, 441164, 173298, 72311, 77045, 130108, 433053, 73380, 60522, 57503, 3623, 103433, 53515, 442221, 132231, 324313, 251497, 480857, 260068, 480486, 276909, 447014, 181163, 187173, 435878, 28811, 367476, 117820, 19919, 216317, 387408, 465867, 92392, 323709, 329731, 138769, 421779, 203074, 144750, 463289, 34387, 168649, 183991, 352023, 465225, 93537, 398939, 34187, 374044, 315013, 278179, 116121, 38438, 273588, 442740, 144418, 270700, 319443, 273105, 85857, 324889, 434397, 71975, 129467, 469324, 492835, 8983, 188088, 136845, 93926, 443895, 428649, 480760, 18076, 490480, 473660, 132348, 102606, 91656, 478950, 283269, 18412, 190965, 913, 236928, 67889, 3014, 163225, 79539, 412265, 274899, 143716, 338244, 270336, 337510, 165861, 387414, 30956, 244061, 328396, 291278, 161798, 292721, 174805, 127217, 15490, 495847, 435009, 258020, 271478, 269831, 302913, 385010, 477228, 330912, 289815, 463791, 293620, 140370, 56909, 224019, 130154, 357967, 42974, 210543, 422661, 54183, 355308, 387294, 64832, 435786, 194075, 47498, 52537, 373211, 69825, 339592, 30242, 308947, 235770, 154643, 361186, 366565, 137074, 156601, 155363, 311642, 230399, 204046, 416172, 372742, 348607, 244382, 28112, 8973, 340711, 475575, 346414, 443736, 146121, 219558, 114395, 44230, 406613, 225709, 164211, 31046, 70789, 352839, 321198, 287619, 83207, 20809, 134436, 45842, 34072, 332320, 413673, 483393, 114409, 236446, 250948, 47454, 203164, 335304, 189545, 407070, 73912, 466370, 171119, 191963, 109060, 229436, 227020, 245498, 391801, 488997, 367712, 89079, 52469, 487738, 407392, 396456, 13731, 392118, 51797, 336636, 496791, 354582, 469768, 361811, 403191, 104623, 390079, 303059, 396155, 453746, 248982, 185644, 380853, 110231, 357490, 258690, 331067, 286867, 311146, 150845, 267175, 313605, 162515, 388559, 219022, 465665, 430270, 459465, 446298, 347507, 388391, 315374, 379914, 473552, 240905, 72443, 413889, 334797, 86425, 16280, 405561, 256517, 348096, 67457, 43389, 82874, 423213, 327495, 155994, 365264, 272802, 144433, 441554, 30202, 35679, 66265, 494011, 337994, 345877, 325958, 60337, 296698, 352381, 322478, 140795, 476041, 404862, 190565, 92381, 272942, 442707, 58322, 410338, 205799, 272964, 351538, 494368, 121960, 242894, 209524, 425871, 294740, 121113, 16790, 82034, 343310, 353013, 196602, 187743, 243226, 126424, 493043, 387544, 340128, 125958, 424670, 263373, 357426, 89253, 295684, 277179, 148980, 149, 190420, 77123, 274056, 445085, 492991, 223317, 185163, 217863, 112827, 373215, 496007, 129751, 263441, 431310, 107216, 56814, 214686, 448207, 448807, 163993, 102810, 108380, 325409, 180491, 327359, 121518, 59166, 10565, 128344, 499777, 22095, 87871, 313919, 169147, 133756, 373738, 71042, 172060, 282311, 411817, 168655, 346943, 270657, 232584, 100632, 362614, 197503, 116804, 135460, 86614, 44983, 263922, 21164, 358284, 422718, 382116, 135, 76604, 342660, 499374, 62645, 211345, 418086, 439109, 196746, 72472, 300076, 58544, 119183, 311315, 76784, 186749, 253403, 331297, 431844, 227746, 349599, 484805, 462455, 14943, 262526, 128692, 346998, 12599, 15040, 29744, 339385, 204299, 1260, 396729, 12282, 30554, 416995, 68355, 274736, 347457, 62546, 202158, 239403, 4054, 387597, 362524, 487037, 109367, 27842, 59758, 295052, 390707, 247697, 384157, 426140, 204738, 377596, 42387, 70743, 317674, 418971, 257571, 152244, 369197, 345740, 15264, 332386, 87435, 93824, 243888, 158542, 187483, 67514, 240753, 401409, 69359, 483769, 306541, 346425, 328787, 279981, 324976, 150157, 238119, 420577, 80213, 264195, 417136, 194643, 67746, 132507, 188008, 97313, 406797, 23225, 393967, 300674, 229467, 351336, 184849, 99816, 72547, 358363, 164590, 285865, 123915, 119115, 350560, 318952, 10023, 149604, 138038, 281980, 20957, 134063, 385217, 379092, 394348, 281105, 178924, 362311, 459767, 129139, 369656, 475973, 82167, 37455, 411172, 181039, 252166, 284598, 34563, 80798, 228140, 29238, 495369, 334491, 149510, 108984, 273625, 398253, 366404, 427326, 181236, 112356, 50130, 171278, 464897, 359267, 446080, 389094, 279098, 325846, 90007, 128925, 446585, 229665, 349322, 396291, 36884, 67807, 243703, 439291, 259681, 407859, 439685, 458891, 54145, 468426, 56845, 82235, 295087, 423783, 499037, 388960, 122608, 284835, 72696, 353359, 398363, 44117, 86029, 193759, 72609, 205918, 221541, 441240, 200273, 205817, 445031, 422068, 165317, 496732, 198894, 438339, 143090, 412589, 496040, 374280, 495754, 366850, 183894, 106717, 432958, 433596, 108, 479156, 323341, 117404, 71686, 290412, 1815, 407266, 312873, 317673, 399247, 185471, 23038, 10668, 58901, 244935, 331239, 130884, 84450, 456732, 393399, 304502, 290067, 401767, 389485, 423081, 299478, 404510, 307717, 64380, 395670, 264389, 191921, 403531, 198939, 134731, 145228, 436496, 237514, 362232, 488940, 149682, 455070, 431719, 461882, 313573, 457110, 361884, 334831, 458531, 191275, 248280, 373201, 265351, 11148, 35272, 141142, 179984, 428448, 2883, 396446, 321953, 424719, 92875, 83151, 129529, 382128, 176914, 289929, 100937, 120757, 412939, 123766, 495984, 167148, 417386, 475589, 61341, 81929, 455484, 154614, 356953, 303647, 398727, 463449, 372105, 278524, 366749, 322830, 71597, 2858, 335194, 41605, 134613, 173114, 345374, 22831, 8686, 234288, 30082, 54296, 42185, 101803, 471232, 422871, 107442, 52688, 156426, 286348, 396451, 300551, 300638, 54631, 175812, 289659, 305831, 249008, 489887, 64179, 429372, 495063, 198766, 259676, 251037, 10500, 360290, 308527, 49359, 199953, 336873, 215862, 378452, 284775, 326480, 200446, 387688, 93788, 160342, 37875, 319859, 254875, 33103, 415181, 249513, 259124, 43372, 450543, 424686, 189317, 264587, 423700, 288554, 23983, 181086, 262790, 259085, 396146, 445738, 160602, 394580, 330343, 151485, 458829, 219571, 370155, 276796, 452987, 401314, 357535, 162386, 195609, 28232, 87004, 386507, 20508, 75749, 489570, 96673, 212109, 489996, 297002, 24528, 216457, 291918, 147422, 118897, 104836, 3929, 113972, 33186, 346206, 370998, 139722, 477051, 38467, 311138, 320949, 275302, 320165, 379065, 276809, 30871, 73615, 340150, 385692, 4151, 340617, 359998, 480276, 310109, 473536, 257769, 205415, 66418, 206869, 211361, 337489, 296960, 127242, 220365, 381102, 365474, 37323, 228015, 386076, 397667, 492953, 346052, 442512, 409349, 262149, 396614, 458427, 91836, 34129, 164829, 293299, 264960, 350975, 5989, 277045, 230759, 436767, 231866, 199842, 321964, 233421, 335439, 67345, 37377, 351023, 232290, 194680, 296159, 240103, 243831, 252789, 416739, 434815, 167854, 35848, 261524, 274165, 328487, 1056, 476348, 142996, 185121, 14356, 361223, 166177, 347401, 90874, 126418, 448278, 367242, 344913, 124840, 87799, 490543, 364839, 442658, 203030, 454349, 354181, 116991, 455126, 8681, 472018, 13132, 451113, 132840, 289486, 359008, 450698, 13315, 206254, 347092, 171781, 282277, 212161, 156148, 466456, 91521, 391100, 334518, 146948, 485770, 32544, 451533, 166370, 15840, 80900, 111001, 60068, 239870, 28946, 125659, 99963, 404798, 239654, 233674, 402156, 464396, 408427, 108787, 108495, 385928, 347368, 482722, 408952, 399959, 320182, 303222, 37909, 199819, 220422, 22981, 9450, 458516, 208324, 422569, 94217, 463447, 454045, 215862, 118137, 264365, 26516, 152528, 218400, 146568, 483973, 224074, 100860, 312769, 111579, 238851, 308038, 35241, 380833, 13176, 264915, 210657, 198866, 280718, 429012, 9965, 32174, 4539, 293237, 322964, 110719, 310519, 498618, 8208, 394011, 15813, 490960, 138590, 120490, 382106, 423554, 63869, 16595, 431407, 104736, 454820, 254393, 48639, 186744, 444199, 77745, 230097, 348945, 331216, 194678, 267584, 40834, 251716, 82790, 99619, 340313, 53122, 207692, 63500, 85233, 231870, 432802, 256513, 311919, 478096, 28205, 424051, 452719, 484142, 124978, 180740, 432224, 312086, 407079, 134524, 498597, 119550, 161003, 124694, 423255, 376829, 444325, 402126, 249714, 299096, 398314, 382062, 189033, 170461, 177034, 43073, 7010, 120058, 221404, 41161, 217117, 399283, 134007, 140804, 109442, 253326, 292745, 211569, 258391, 168695, 369895, 99645, 328799, 423262, 187833, 218811, 219796, 314841, 477497, 84109, 419727, 383942, 488269, 304116, 106738, 118413, 53511, 225660, 478469, 203221, 250776, 173662, 427060, 474537, 139797, 372936, 490784, 471779, 179183, 246654, 28550, 198456, 343807, 163572, 210813, 497659, 119773, 93280, 164992, 484344, 152220, 392982, 349333, 164257, 401528, 225788, 37238, 410976, 404996, 269518, 351051, 299257, 225997, 199806, 389977, 133632, 193099, 271104, 252090, 488185, 335178, 424355, 493984, 491018, 383007, 293207, 31224, 240096, 141023, 493815, 263851, 486881, 295060, 61158, 332346, 418757, 435161, 450327, 6922, 479721, 499992, 425122, 204374, 96492, 107602, 234491, 409918, 464104, 196309, 73786, 145140, 53838, 463498, 435603, 163554, 47424, 54433, 27244, 428831, 86987, 23027, 356982, 338149, 207672, 227492, 424275, 76101, 410317, 490720, 230952, 348916, 408846, 419601, 330107, 365601, 423567, 163903, 451218, 284408, 102729, 101538, 79835, 234727, 17312, 441590, 78039, 425482, 461304, 305915, 74346, 339305, 388236, 34342, 85335, 423394, 7317, 437997, 305997, 167454, 226972, 77365, 19606, 393016, 412458, 254839, 462527, 92215, 280520, 17471, 197878, 476714, 203940, 195621, 132838, 480682, 463858, 178238, 273804, 97540, 433215, 78812, 375301, 487754, 175600, 67588, 73455, 431169, 10712, 486344, 183488, 316446, 66, 383971, 414296, 240343, 251845, 464043, 64813, 338574, 267077, 11285, 366846, 224101, 54699, 111965, 294389, 302505, 391431, 251504, 87288, 263297, 478026, 314511, 485659, 306389, 355461, 307592, 337837, 183586, 52199, 20836, 393516, 164757, 237021, 322541, 109426, 107933, 422420, 137801, 328566, 138512, 204555, 151908, 141030, 137547, 477881, 324396, 306601, 249383, 146170, 250784, 261609, 155872, 23179, 353946, 120590, 118288, 85739, 13395, 122490, 258317, 355496, 76235, 403371, 394992, 378004, 407036, 119079, 15396, 74269, 128222, 430992, 454626, 365016, 183345, 151282, 99246, 200615, 34432, 376566, 455673, 49655, 335170, 393724, 32183, 336147, 320812, 445649, 371873, 336390, 386573, 312143, 78294, 498222, 498645, 314776, 380553, 246708, 244949, 131061, 45504, 410087, 55480, 380373, 396636, 271072, 367031, 83686, 387742, 30909, 39422, 288053, 196844, 218568, 311476, 28199, 198850, 390254, 250242, 137269, 50387, 66269, 440027, 180416, 407298, 159117, 357095, 110137, 263484, 371500, 468231, 80342, 330479, 346293, 469713, 295906, 95143, 71555, 275106, 287116, 387844, 17343, 426344, 228640, 54407, 273818, 62472, 377704, 302632, 326513, 333842, 248836, 164872, 138501, 25037, 315448, 214905, 372997, 78239, 1076, 490970, 20565, 28368, 379457, 412866, 302557, 80259, 159005, 325748, 300486, 8474, 333721, 66678, 226199, 226476, 283076, 32317, 378132, 349932, 490304, 37665, 88608, 441256, 99088, 214535, 491194, 34394, 41980, 48905, 237314, 315770, 64852, 382967, 356497, 124046, 17015, 388867, 473646, 305628, 177821, 246548, 262640, 473922, 205351, 309267, 179300, 362183, 282013, 452358, 161150, 753, 36860, 126533, 253431, 36913, 260698, 450685, 463122, 126869, 442465, 271493, 406412, 477752, 459804, 203022, 7202, 119495, 455601, 435554, 464719, 297089, 323212, 179952, 59857, 414960, 344081, 276886, 439467, 59852, 281644, 403817, 182690, 44637, 292750, 253463, 54814, 48477, 149725, 328798, 93418, 52125, 376458, 152930, 175093, 189666, 102672, 432616, 244753, 283891, 130555, 83171, 93327, 21993, 217917, 322345, 418458, 472097, 395268, 315853, 39845, 223342, 390627, 94831, 392754, 484022, 232750, 386361, 291632, 366262, 265829, 413506, 262259, 15124, 473506, 295129, 477974, 334659, 158015, 111996, 471676, 141142, 186799, 344099, 454934, 433325, 337706, 306146, 220819, 4081, 494698, 319040, 22547, 64922, 15948, 266382, 324687, 425379, 207957, 402968, 20608, 389499, 214865, 338121, 327960, 406727, 59227, 444446, 129119, 498955, 494224, 399532, 384897, 328034, 343802, 436694, 315210, 209601, 29686, 61432, 354127, 265912, 111610, 233395, 270459, 360236, 178933, 364547, 445688, 47239, 78615, 477575, 317145, 348542, 87879, 339494, 287675, 477814, 176009, 282970, 408928, 22587, 16650, 20085, 76502, 223783, 410749, 477978, 31249, 153915, 173255, 297456, 491175, 244432, 396004, 443534, 398550, 322649, 407619, 407589, 18493, 372503, 412294, 116417, 63424, 195693, 479669, 151605, 270797, 54802, 119454, 206434, 388590, 104819, 8461, 489073, 403586, 135194, 480265, 148578, 243241, 284635, 385051, 215779, 243900, 242826, 185077, 406139, 81156, 358580, 279018, 53751, 183834, 419638, 59436, 265994, 411194, 182180, 41872, 338738, 35108, 325868, 250856, 337372, 130715, 69831, 17046, 110433, 466698, 155362, 155112, 137432, 68479, 241232, 183483, 51512, 298656, 371486, 22082, 322243, 44240, 257531, 45145, 496456, 297225, 304681, 259220, 51004, 171671, 469774, 85469, 332504, 266678, 25723, 131941, 45187, 76588, 244489, 80084, 465687, 139965, 108623, 376744, 121808, 232379, 435164, 81265, 369703, 45348, 332198, 116112, 12201, 373589, 359589, 364834, 424255, 29106, 431412, 36881, 271831, 257630, 31863, 37055, 163785, 44954, 106562, 239836, 490436, 349730, 9623, 369828, 223082, 385455, 274409, 277577, 122987, 136094, 104321, 336798, 366521, 284746, 240761, 196942, 75573, 205257, 420663, 426626, 100860, 438901, 241087, 364231, 158088, 239983, 252162, 150236, 453402, 108938, 149412, 489653, 83534, 345069, 179936, 378165, 192193, 449825, 200999, 15416, 953, 349349, 168115, 367002, 250249, 120028, 37157, 114707, 485511, 138824, 16214, 41158, 212006, 201514, 266814, 366835, 372171, 242149, 189460, 58596, 39922, 148306, 32215, 3336, 55372, 372775, 22758, 75287, 489517, 31238, 458419, 446058, 191083, 27915, 17141, 181877, 93229, 465689, 283896, 144337, 481952, 157965, 50910, 333254, 166216, 28353, 179542, 330744, 255615, 482204, 261020, 321479, 204680, 398842, 327857, 82176, 322746, 390559, 45179, 327974, 201450, 186702, 220748, 68582, 414189, 476231, 247409, 325407, 294879, 62729, 287233, 65629, 177150, 224119, 28047, 73024, 334838, 341556, 276155, 24449, 351270, 66576, 207, 128301, 27936, 193791, 485800, 266670, 9772, 65751, 50800, 69792, 103749, 66455, 148403, 301345, 57502, 309304, 299084, 1483, 116696, 227347, 368370, 160660, 360369, 164612, 262291, 132554, 212989, 163859, 130427, 460673, 123955, 457042, 368005, 156524, 133100, 403915, 220433, 40469, 32066, 336112, 313877, 247409, 413147, 305182, 346252, 305907, 317942, 294215, 397574, 43416, 251449, 436247, 158882, 167445, 392493, 397931, 200839, 95022, 335613, 375857, 52718, 72603, 412527, 247189, 494072, 176191, 444118, 358712, 15838, 265283, 232099, 415846, 459189, 420223, 62523, 302907, 310210, 220683, 451228, 76085, 26212, 7930, 45536, 193021, 491818, 85273, 110138, 222485, 183486, 498124, 190044, 313002, 405810, 59722, 37401, 481, 285584, 236063, 125264, 318675, 190160, 31168, 228635, 456719, 13317, 281367, 450526, 76708, 193291, 264891, 64985, 99849, 72671, 261111, 122247, 114839, 203432, 138631, 494252, 84773, 295191, 337655, 7022, 365680, 457893, 317960, 284917, 374763, 385176, 235543, 184863, 444390, 218696, 262917, 459130, 395894, 365460, 442342, 392599, 477687, 443622, 168691, 355884, 452814, 147787, 384025, 441968, 228660, 51821, 126130, 228490, 370157, 257214, 178404, 483996, 366587, 23938, 399942, 471703, 220795, 129703, 241465, 311934, 117842, 3819, 88587, 95703, 278599, 90045, 148324, 170529, 211875, 85455, 367240, 277660, 440899, 291140, 39054, 250285, 341726, 291249, 264454, 402490, 218757, 123447, 328741, 117023, 62688, 189346, 459676, 183248, 492580, 313929, 114512, 390116, 50583, 167491, 353153, 192673, 220459, 113610, 169281, 471149, 245385, 445958, 197571, 370568, 312099, 182328, 17115, 292994, 209348, 286652, 409660, 489406, 145040, 397364, 15946, 236615, 301795, 437559, 312396, 200244, 195497, 197924, 475813, 472139, 22653, 427610, 122375, 313603, 386270, 148277, 315127, 315626, 130864, 123188, 253006, 198082, 171762, 106181, 52197, 119284, 359646, 363574, 285832, 454448, 405509, 394793, 373409, 287819, 129131, 153416, 168685, 92979, 315888, 219934, 111918, 194645, 444018, 278507, 94623, 258857, 128065, 486430, 483308, 408655, 378496, 297354, 41492, 84912, 177164, 221373, 242176, 331228, 187123, 242612, 296375, 301500, 480111, 440732, 36631, 394216, 490851, 374148, 286546, 276232, 128589, 227383, 246396, 118483, 127365, 57187, 193601, 32719, 420264, 291186, 460234, 480624, 448012, 360478, 36647, 306475, 41333, 469554, 151869, 289018, 159971, 134025, 310413, 146243, 1374, 335801, 94310, 438392, 368238, 196348, 114229, 390134, 265335, 187267, 106877, 172604, 316358, 297994, 431982, 454717, 159914, 350853, 492956, 90399, 392657, 499675, 115926, 406747, 235198, 236993, 166590, 672, 259666, 47281, 317846, 271272, 422746, 43815, 487353, 62748, 338187, 211376, 494766, 469073, 20224, 349835, 134288, 361660, 131724, 100529, 165331, 362328, 371971, 342098, 486832, 412988, 332584, 118697, 497812, 163810, 314782, 451745, 32082, 317010, 38212, 262496, 217784, 68465, 301788, 369541, 1161, 263605, 117493, 338042, 361514, 55998, 204769, 163, 453230, 433966, 198134, 145200, 322273, 99638, 73101, 26938, 157854, 411137, 52991, 243282, 335348, 414463, 405710, 106210, 352482, 238755, 211649, 62248, 436443, 331022, 315240, 465236, 344911, 304152, 292865, 464789, 418467, 426090, 126364, 296400, 357146, 69889, 83657, 428910, 403526, 166914, 330911, 421641, 232414, 295390, 43126, 486319, 52832, 29225, 248300, 92989, 15073, 204403, 299135, 228572, 209370, 271251, 83562, 273971, 393822, 88381, 450141, 495167, 220966, 331739, 14877, 355565, 330396, 117540, 313103, 80749, 485026, 399982, 269228, 456660, 128760, 79150, 312765, 486631, 17884, 187564, 335699, 163775, 172698, 492069, 133847, 77083, 267596, 309494, 309, 135233, 33978, 3324, 1202, 107571, 272272, 407074, 240411, 485201, 381417, 245113, 429245, 375022, 51210, 4542, 289610, 155652, 108585, 73065, 109291, 400127, 30542, 217061, 472698, 400966, 61082, 132922, 307820, 332512, 270423, 401087, 31341, 286351, 369411, 168538, 79120, 68218, 2922, 270258, 402048, 283129, 373728, 50241, 162500, 292867, 231872, 123259, 436571, 80003, 63384, 250353, 352157, 207595, 20527, 332976, 482877, 287863, 353193, 129301, 468295, 123169, 450381, 94819, 402488, 116914, 29336, 143049, 28580, 56320, 160097, 162596, 219562, 364596, 343436, 169164, 454398, 116883, 203319, 5527, 226382, 175125, 160190, 472874, 320183, 146825, 288539, 218450, 485745, 498917, 30135, 414911, 385705, 128480, 327093, 418246, 493248, 285637, 323632, 73044, 390244, 423835, 465243, 401873, 61482, 244212, 440274, 356338, 134211, 131086, 225003, 34193, 164347, 290899, 155098, 423939, 373508, 44951, 393835, 114109, 460973, 1871, 67938, 45659, 249267, 77790, 182509, 399649, 7962, 121378, 204097, 279794, 216217, 488993, 92763, 84593, 13646, 96636, 151481, 252922, 412963, 139103, 212490, 382823, 449620, 404316, 203295, 26454, 53455, 55434, 295377, 82127, 393259, 328050, 456873, 404563, 240702, 426952, 218495, 357238, 412441, 396607, 105795, 456308, 21949, 22804, 19311, 351837, 167887, 120546, 478981, 205310, 332962, 4347, 1092, 410848, 386003, 411228, 325350, 198346, 278330, 332490, 225767, 353613, 282744, 291361, 258293, 96985, 197623, 404850, 188056, 311087, 443088, 86548, 404026, 195771, 102032, 11218, 174454, 113653, 168503, 391504, 171502, 26825, 245670, 116853, 271148, 213566, 281416, 239313, 297762, 493440, 434346, 171551, 179916, 469540, 42785, 486823, 224916, 98595, 306746, 24199, 417532, 412553, 334707, 476394, 447440, 37435, 89336, 208961, 481265, 342984, 285995, 25435, 379963, 207874, 148057, 182347, 18114, 120137, 371375, 449261, 95909, 336387, 267734, 492604, 155513, 359486, 348385, 489132, 497106, 363750, 138632, 422968, 307159, 258012, 365324, 99058, 337099, 217060, 283126, 153933, 119462, 189513, 65792, 142282, 285795, 330323, 84627, 373592, 1854, 249505, 101263, 29864, 94113, 490649, 255992, 327140, 428350, 77870, 395842, 139187, 264458, 333917, 140187, 257866, 257018, 354599, 387781, 34571, 100533, 84068, 332834, 46514, 399537, 301297, 392692, 119046, 233188, 199521, 339228, 131348, 359478, 371190, 162757, 267553, 26453, 71129, 282008, 36463, 258162, 444575, 151422, 497915, 46578, 343401, 227250, 198004, 425586, 394557, 37972, 257678, 139977, 365859, 237180, 87476, 148790, 440006, 29508, 488966, 85913, 208862, 412044, 70531, 383743, 298019, 336064, 38348, 257857, 465432, 160135, 70377, 326471, 78137, 402014, 58372, 283116, 454469, 330217, 4013, 377497, 236086, 114848, 152886, 284306, 92992, 137085, 395829, 383376, 207143, 15561, 77053, 335705, 131471, 416888, 373838, 75017, 267849, 56660, 463107, 193975, 236165, 310992, 159458, 459851, 169345, 351, 170365, 214265, 119641, 58651, 485048, 15507, 177101, 396790, 117137, 86398, 11751, 442255, 57797, 264694, 318321, 5587, 145259, 139826, 427474, 495555, 390964, 258612, 270571, 37223, 128835, 40296, 364574, 482635, 230208, 409733, 425096, 294547, 15222, 174311, 476813, 343297, 6181, 493345, 415729, 121119, 290081, 49904, 251916, 101384, 140442, 376413, 7818, 292777, 94348, 288250, 125719, 205435, 96618, 1295, 307073, 434120, 274290, 10143, 211830, 129184, 121536, 285990, 163070, 278549, 372089, 208784, 489675, 436821, 251555, 461575, 266972, 303131, 252983, 111939, 41710, 386642, 162318, 218346, 359023, 127520, 18430, 352406, 82514, 312813, 168460, 31935, 284379, 150811, 225432, 353868, 263471, 413373, 299547, 246301, 402106, 486923, 263152, 234264, 128830, 116520, 443677, 147744, 312155, 479711, 431963, 276137, 7725, 399075, 451586, 350978, 386330, 81321, 436368, 3040, 176359, 167133, 268744, 475253, 459611, 490429, 24353, 457382, 275848, 392605, 357443, 163930, 361033, 357066, 232781, 59670, 301808, 436504, 273554, 398974, 95953, 191013, 17949, 244798, 198394, 33263, 334593, 160106, 50262, 32363, 10221, 7110, 86499, 301060, 14348, 334719, 354706, 432710, 383814, 443793, 417907, 257351, 23348, 55981, 14894, 11070, 306013, 176169, 76141, 495517, 114736, 251752, 92114, 176509, 177701, 282283, 19803, 270860, 488290, 405083, 8026, 116560, 287013, 171202, 343322, 84624, 54233, 287496, 390586, 231509, 363803, 342735, 103878, 88172, 450788, 275969, 10374, 23637, 471821, 222971, 475099, 59412, 412662, 295923, 376118, 23699, 292120, 67174, 253661, 44882, 392566, 166014, 187928, 63184, 285841, 440520, 249690, 331286, 61394, 381415, 313587, 483905, 64995, 442513, 487629, 27882, 17609, 323343, 442874, 367537, 451087, 174517, 127438, 91696, 113064, 121506, 242939, 314300, 222543, 420907, 46580, 186339, 234311, 27794, 184238, 90670, 400307, 177770, 411629, 232558, 320674, 27637, 86406, 45523, 80857, 411185, 179188, 401899, 33569, 377041, 423393, 103958, 210507, 132791, 179715, 226293, 294587, 204089, 210053, 496692, 428199, 470574, 245182, 171493, 160566, 341938, 278466, 369329, 489504, 218617, 133362, 439789, 216806, 199748, 409405, 86924, 345850, 123306, 350774, 355457, 199153, 24562, 195367, 263887, 444835, 305125, 12483, 49136, 68707, 256790, 44077, 147858, 202253, 62912, 194114, 258282, 250864, 39705, 356637, 260843, 111106, 57019, 298241, 296612, 361617, 10823, 381657, 394333, 277645, 245689, 281862, 378065, 188311, 214721, 451288, 163501, 221972, 240071, 139071, 179810, 409894, 51174, 227852, 307270, 298376, 182584, 419807, 484621, 488451, 321769, 236085, 201574, 99928, 353735, 134975, 406106, 224964, 196668, 34931, 267583, 191452, 266130, 287406, 30980, 216365, 34105, 379568, 320678, 385424, 360814, 56425, 140008, 358050, 157192, 150173, 76839, 331799, 478994, 9623, 197970, 50548, 483978, 1986, 277605, 415757, 290897, 172044, 127116, 245251, 263578, 86677, 9350, 289980, 497363, 321633, 305670, 150978, 307890, 183419, 247232, 222201, 116071, 28354, 191520, 20328, 93200, 360804, 362636, 154995, 471671, 72735, 245412, 207480, 344981, 193692, 298799, 19807, 381983, 145354, 396448, 89407, 269056, 165689, 351897, 245498, 395498, 60686, 274578, 18641, 171854, 247031, 249689, 83784, 200830, 442230, 358988, 19306, 42203, 228097, 449833, 17105, 376092, 304633, 489291, 406750, 62142, 316411, 148847, 92651, 467576, 420159, 451212, 236737, 249787, 140451, 239171, 220434, 348216, 352459, 175019, 287443, 294183, 205543, 223222, 146530, 462491, 450400, 251104, 481813, 100733, 174863, 438835, 37984, 455640, 237473, 284218, 323747, 457910, 270722, 276131, 119577, 218930, 136721, 394443, 340769, 83431, 446974, 79987, 463660, 127201, 207059, 27119, 438988, 226129, 362831, 128924, 265888, 353077, 367607, 24917, 95215, 489994, 484089, 177981, 100561, 120852, 461204, 31421, 433698, 210866, 314816, 113068, 280530, 145661, 443069, 308324, 428585, 382700, 289973, 289977, 159552, 165753, 160409, 129638, 254013, 32966, 70439, 359547, 442248, 134892, 43244, 127953, 455567, 291449, 309464, 487135, 387158, 287744, 498025, 54109, 385904, 140741, 296795, 399539, 53213, 428974, 16327, 18688, 50922, 496231, 274625, 175036, 34290, 415251, 195087, 102883, 218063, 416171, 102612, 52365, 293278, 286582, 167164, 191248, 401358, 419517, 178, 166645, 266194, 147682, 310177, 283086, 483537, 82820, 211939, 291240, 280906, 17315, 244412, 273420, 482550, 360539, 103345, 208520, 203593, 319619, 475985, 301096, 448029, 24033, 127527, 457976, 385679, 378186, 11280, 100833, 436211, 22600, 305906, 124072, 311528, 397893, 268763, 430743, 118348, 146613, 63791, 30721, 413433, 454422, 436990, 97509, 25666, 302690, 470119, 151894, 25163, 261924, 131515, 494021, 315710, 236333, 254014, 146601, 423346, 178504, 130136, 60404, 460171, 356539, 311259, 41798, 48389, 292284, 410272, 430286, 277699, 203821, 375981, 186781, 79811, 120306, 118374, 462200, 142627, 20305, 258703, 429846, 84123, 372494, 250011, 244029, 361077, 66879, 61308, 402892, 465800, 360698, 281095, 200420, 5906, 313919, 155406, 461878, 205732, 25593, 239118, 401680, 206656, 146468, 452231, 81064, 166360, 225515, 133046, 478816, 235341, 82858, 326347, 263445, 379309, 7486, 345413, 260700, 56905, 75411, 395046, 299747, 228205, 442068, 434469, 92148, 305126, 327743, 79867, 70799, 251616, 237662, 114297, 291892, 83805, 18690, 269199, 153268, 120895, 488102, 365538, 72188, 277226, 233750, 141519, 16199, 25420, 421348, 213952, 241240, 490977, 440190, 171834, 253387, 220582, 365632, 76500, 486068, 315296, 339612, 282002, 384892, 131255, 476561, 318851, 23788, 5219, 119597, 396203, 311180, 36993, 73797, 193972, 20729, 388259, 446632, 139581, 408471, 374407, 163194, 292919, 455312, 259367, 16646, 33124, 137903, 58340, 388300, 162087, 162784, 486128, 421638, 417071, 371740, 413573, 21439, 368725, 199897, 372695, 95642, 17810, 430875, 155099, 148042, 396914, 98867, 119626, 415476, 488500, 125011, 150366, 410336, 425128, 172679, 481744, 488139, 480843, 191029, 210165, 376778, 227451, 241993, 414941, 478528, 147167, 89333, 442638, 349291, 497158, 443735, 98540, 29872, 187551, 134503, 80617, 249332, 17554, 368291, 32588, 296442, 432511, 292010, 341731, 414304, 188742, 490802, 323296, 59936, 165254, 444197, 492338, 128740, 1107, 452580, 498146, 89558, 485762, 167652, 432089, 400556, 465564, 168526, 46237, 25058, 231486, 290526, 441482, 121300, 240001, 453451, 266035, 493004, 450770, 362860, 77812, 12771, 303482, 365814, 349407, 309399, 406749, 137887, 123565, 241320, 59294, 286411, 396718, 260733, 111529, 100206, 212641, 337978, 44797, 106376, 355132, 143625, 110599, 26136, 25375, 234733, 45127, 355497, 394830, 53345, 82335, 264845, 372681, 307906, 79162, 277718, 228997, 251380, 335021, 494124, 24321, 338831, 362892, 19550, 162069, 266134, 420319, 273299, 300320, 350893, 249321, 231539, 447363, 42353, 90834, 38616, 491664, 452799, 337966, 242520, 460301, 18215, 453398, 198899, 163332, 76553, 355870, 199240, 177684, 490291, 269505, 215824, 479811, 491126, 46676, 178139, 145265, 324796, 116489, 69515, 341495, 487512, 243782, 64510, 222639, 460613, 492976, 156575, 56907, 362091, 407633, 99443, 277365, 11920, 202525, 445982, 407729, 427840, 76114, 470600, 114031, 202368, 289481, 467708, 9085, 223735, 16340, 464972, 255877, 100849, 323612, 202738, 255699, 103815, 18152, 246544, 437316, 93624, 390084, 174788, 56731, 32490, 431740, 72568, 459900, 40238, 34570, 127912, 175351, 211426, 292086, 450499, 399581, 133705, 22821, 7320, 60246, 203562, 153873, 364344, 206723, 27868, 127762, 290353, 352925, 473567, 490841, 359576, 375627, 24647, 22402, 97034, 324436, 268127, 225430, 344931, 283098, 95839, 219297, 75677, 234351, 217225, 499882, 294350, 211648, 271848, 246173, 53125, 26087, 101203, 413203, 315286, 324584, 272652, 399024, 83875, 198429, 357308, 463987, 155905, 374578, 108341, 340382, 361966, 234500, 332209, 343034, 309985, 69769, 161119, 192071, 425491, 244245, 163946, 360655, 320223, 153428, 47895, 256360, 493152, 267855, 81119, 112267, 496285, 94420, 391076, 228207, 49997, 84170, 33913, 227860, 468370, 53895, 179101, 411321, 68725, 412086, 207462, 123268, 286847, 219774, 63174, 181118, 417381, 40938, 36680, 412031, 303224, 108535, 85868, 37760, 89656, 110375, 130552, 323157, 44266, 387864, 412300, 450225, 60024, 102900, 492276, 186895, 402940, 447963, 296410, 342137, 463183, 129821, 140068, 390247, 204632, 383465, 441405, 310746, 156541, 419686, 434080, 441708, 351099, 386157, 211156, 29505, 293676, 109194, 401061, 479844, 76661, 334020, 101838, 224370, 280396, 263432, 203000, 214758, 457367, 465302, 489833, 413184, 79337, 390182, 407284, 416507, 173282, 383137, 400345, 475916, 370932, 217742, 93483, 29484, 498971, 47604, 484030, 194287, 382071, 231222, 106237, 386096, 3701, 355154, 364574, 32663, 470380, 339480, 399344, 437736, 26020, 404678, 417585, 149326, 303638, 96496, 83028, 307337, 128413, 232248, 448962, 96524, 201890, 476751, 15120, 495278, 452347, 76295, 188930, 310970, 7122, 463655, 355127, 202316, 233758, 155749, 109180, 455517, 459845, 178121, 163183, 392901, 128474, 483456, 70629, 140246, 422297, 438975, 379190, 191019, 231727, 9472, 48934, 322517, 460481, 496674, 318638, 69850, 88865, 111315, 116314, 2387, 200123, 430636, 57624, 72097, 306242, 278826, 201742, 213421, 138164, 196149, 261561, 135568, 229734, 20800, 480675, 320925, 244868, 220794, 461457, 374317, 281309, 477970, 311236, 364662, 58715, 156822, 92990, 108093, 290397, 167969, 194119, 144241, 340827, 132808, 17948, 258897, 341683, 288780, 433194, 288678, 92518, 236922, 295389, 445583, 243193, 293123, 129400, 200384, 396068, 310224, 355319, 169718, 63425, 492788, 187, 1903, 464330, 316369, 132128, 44966, 29199, 273767, 405488, 253357, 127487, 271783, 332697, 366042, 487761, 124109, 349267, 263670, 119264, 302293, 110780, 121981, 356365, 420781, 17504, 272172, 194514, 351261, 358934, 299123, 260628, 242887, 26571, 2786, 482371, 325063, 12472, 210546, 491053, 241128, 481275, 450567, 189228, 206323, 400348, 167554, 37067, 55812, 243191, 271845, 357333, 422674, 209899, 443396, 150249, 148962, 419707, 245906, 257381, 142232, 236098, 41720, 256839, 292131, 31858, 329149, 378062, 38918, 2129, 484626, 491165, 160931, 16768, 435558, 239231, 291113, 188512, 11184, 77608, 70113, 269337, 238448, 274413, 86481, 371687, 190244, 430645, 472173, 8911, 54369, 357401, 7758, 71251, 406334, 188649, 418482, 299271, 183101, 336173, 475987, 426711, 183258, 80820, 122246, 280834, 5350, 440709, 50335, 163271, 351934, 196829, 302646, 267601, 473612, 212446, 111546, 59295, 91537, 260790, 311114, 227410, 206000, 478205, 77844, 206791, 169124, 461895, 75778, 278009, 430877, 381229, 394700, 369010, 254548, 235183, 476663, 209018, 369418, 204367, 146934, 473412, 374298, 48081, 246422, 412749, 11734, 178266, 172064, 67144, 239175, 86902, 270273, 243856, 236361, 340867, 382803, 18484, 95958, 382995, 123434, 436755, 225662, 204135, 198401, 106041, 484422, 473094, 287330, 22022, 105497, 474607, 279126, 281901, 423506, 498909, 86403, 379232, 140521, 386037, 42669, 455706, 362483, 106341, 451638, 106958, 88285, 323896, 21158, 47859, 352594, 290849, 313397, 330115, 64086, 201936, 389318, 78296, 162185, 489411, 379080, 316654, 292993, 496247, 2577, 488873, 346183, 487159, 54759, 477884, 266301, 334128, 252836, 172277, 186984, 6618, 395537, 381897, 436086, 158517, 395355, 239829, 445583, 442482, 426976, 16759, 209235, 353485, 84582, 43318, 386032, 234466, 120721, 323056, 231566, 372805, 318253, 167758, 446696, 106589, 423205, 378319, 180081, 312147, 214669, 42914, 343092, 227714, 456255, 134169, 135630, 27335, 22211, 482353, 266427, 126124, 18979, 40087, 327140, 432421, 118796, 358989, 298033, 248897, 494510, 286248, 445591, 176206, 395728, 366682, 83375, 275717, 295382, 333410, 365077, 295047, 87211, 231795, 40517, 11198, 59448, 184910, 271967, 101410, 256393, 223319, 212056, 140250, 135353, 82472, 254652, 370188, 196789, 468871, 63003, 53504, 291816, 370511, 40071, 397545, 465699, 478809, 358332, 384328, 450424, 85536, 33537, 379883, 62947, 58652, 450903, 471243, 421807, 25711, 222826, 413462, 232362, 188593, 374236, 211923, 491940, 400000, 406114, 99981, 285125, 104384, 231925, 367283, 48519, 464517, 311435, 77751, 433495, 120596, 493994, 241501, 630, 206268, 57795, 308230, 341510, 43294, 197396, 435819, 17154, 122330, 292632, 76389, 70362, 299139, 340287, 28453, 430591, 499888, 403410, 242826, 366118, 364082, 391374, 184545, 349144, 202854, 17844, 254512, 49723, 382478, 92767, 990, 31826, 143437, 6790, 285809, 243028, 211617, 455833, 278996, 472754, 134641, 352386, 149285, 238122, 480908, 334930, 95974, 285506, 461970, 129939, 17027, 339992, 293085, 7631, 473846, 172308, 132923, 74452, 133732, 233586, 161726, 14939, 296513, 255252, 124410, 468889, 394867, 220994, 472968, 272395, 37859, 409248, 174829, 291968, 172877, 394580, 240346, 409776, 207562, 247157, 72057, 476936, 87011, 436111, 345669, 222520, 434061, 182350, 386128, 213353, 487785, 438907, 179512, 339685, 27062, 338076, 342277, 2651, 175553, 32363, 58709, 66430, 38945, 153384, 198829, 142307, 276896, 321494, 264175, 292612, 261823, 413988, 49744, 316262, 371277, 250838, 17557, 316345, 234948, 163325, 100204, 446166, 186218, 277377, 224307, 170245, 134792, 493154, 131558, 147775, 44832, 169612, 17602, 198342, 224521, 139597, 67768, 390711, 234083, 420418, 53670, 171367, 424221, 168914, 180620, 41168, 220907, 498078, 77585, 488772, 120764, 7351, 290665, 51252, 494361, 481937, 463525, 145621, 446068, 73687, 242260, 155138, 231480, 108067, 468639, 388369, 321179, 246318, 211765, 404772, 127737, 393149, 130291, 187967, 227702, 224286, 89290, 234730, 252726, 12513, 104716, 197695, 428023, 193862, 150361, 46662, 363370, 83876, 384291, 236795, 456160, 239087, 293594, 224187, 498646, 435196, 205732, 39531, 417143, 13782, 134639, 413049, 117353, 188809, 94456, 177497, 13575, 446787, 238753, 353656, 3147, 233073, 92145, 184566, 79163, 263439, 300147, 147533, 56502, 484974, 155496, 340622, 204709, 87432, 169902, 55507, 265700, 270853, 98157, 410295, 126650, 69693, 374213, 122783, 281708, 282448, 57091, 395867, 140513, 129905, 61159, 153407, 228506, 63887, 393757, 116109, 454781, 225923, 481590, 169978, 392590, 471379, 227389, 323445, 314597, 14140, 186245, 398014, 376299, 139335, 137853, 387620, 451587, 440412, 340033, 152442, 103366, 273554, 101465, 430146, 373901, 374848, 82720, 376532, 431755, 355805, 52578, 30145, 229040, 58988, 282529, 226661, 143669, 469088, 274867, 483577, 432643, 361979, 282681, 228495, 273699, 171962, 49832, 301014, 369081, 363675, 468633, 199693, 495283, 365397, 67544, 179008, 86676, 351370, 145252, 265028, 185050, 112547, 326837, 266437, 182346, 371998, 419193, 150913, 65912, 148895, 443568, 445203, 172041, 183926, 218055, 40622, 344905, 237365, 138055, 15790, 180280, 487134, 213953, 415405, 295185, 232009, 239894, 439756, 133811, 120096, 452341, 51232, 354101, 48411, 312653, 423774, 273899, 72552, 158168, 79729, 186330, 173356, 498359, 400032, 402307, 423538, 166905, 228281, 460395, 154138, 217997, 170530, 152190, 183554, 165132, 18958, 354960, 319277, 16422, 278572, 21728, 396931, 434926, 76861, 488305, 88862, 5286, 324557, 456999, 381556, 182620, 442352, 92826, 187190, 110594, 284875, 428328, 3453, 193029, 392305, 192332, 273158, 56996, 267595, 213674, 193012, 486783, 4906, 412965, 170611, 466561, 31072, 481644, 209603, 166466, 438980, 424710, 448721, 375199, 473485, 307942, 189186, 255081, 156300, 198557, 244571, 371472, 22395, 397600, 132133, 185337, 4493, 66709, 100276, 97682, 389403, 365880, 284499, 19701, 416148, 253623, 481921, 255904, 138849, 298793, 90883, 269864, 482831, 43725, 435052, 423127, 370212, 268707, 238595, 419799, 251128, 21981, 85521, 238219, 117187, 483859, 313227, 84642, 351175, 237350, 494910, 118192, 431981, 272938, 388848, 323064, 201534, 282836, 478389, 5355, 234441, 103285, 369861, 113603, 411740, 337176, 316027, 310108, 5238, 219919, 311638, 28100, 83031, 177452, 471642, 80268, 336787, 366801, 70074, 232395, 482872, 380041, 245727, 27988, 319234, 440582, 271390, 395124, 338186, 298622, 22533, 273473, 109288, 424017, 498549, 98352, 250735, 122983, 9525, 27934, 386469, 324108, 49966, 53700, 175713, 136042, 363067, 132752, 337628, 55514, 300480, 208337, 373617, 140012, 68424, 121848, 42523, 156574, 151632, 259148, 164478, 193697, 37202, 177820, 136454, 258306, 400631, 86354, 442337, 250676, 25243, 403949, 235120, 335862, 307409, 466274, 139440, 124435, 31012, 47769, 134597, 469512, 347316, 434767, 301373, 407803, 240212, 106690, 298504, 123008, 298906, 287573, 408104, 406323, 118850, 70319, 227720, 499502, 265286, 66560, 40388, 207566, 261537, 146517, 478519, 221953, 274951, 126372, 282344, 268786, 5000, 95210, 239180, 86555, 490123, 452852, 112890, 260324, 202441, 20690, 478382, 384870, 66995, 187572, 324053, 80189, 496891, 61744, 223650, 418493, 182972, 100596, 62132, 432663, 129695, 293558, 84416, 158440, 351488, 132658, 171647, 489065, 297348, 107961, 226828, 262920, 83086, 498360, 246886, 69820, 259505, 124518, 421508, 458303, 173674, 64814, 48564, 385664, 193015, 257435, 482883, 33609, 311703, 326222, 337280, 86903, 228832, 466471, 1881, 284305, 200894, 72539, 446417, 458034, 306937, 152053, 198639, 128496, 323911, 472447, 68277, 239352, 39191, 62979, 434060, 84140, 80303, 291190, 282165, 406152, 308233, 408656, 484550, 462773, 28068, 427264, 317570, 206483, 277046, 111130, 342650, 474854, 227294, 423152, 181559, 216328, 382709, 100785, 318404, 447258, 75664, 37811, 193663, 347061, 211893, 35789, 455595, 349260, 285532, 393774, 327942, 477377, 54974, 396444, 293377, 324181, 134807, 445403, 324297, 416853, 239820, 302623, 12451, 222076, 282486, 375388, 375446, 86683, 430920, 469664, 126794, 113580, 480316, 201722, 262506, 325544, 227935, 139533, 336612, 168751, 2002, 490006, 277360, 285723, 475183, 67127, 225055, 176703, 98677, 235483, 269073, 117084, 382486, 192105, 199220, 278584, 402009, 354379, 451058, 417325, 59371, 168098, 275652, 20048, 340153, 318134, 166030, 335614, 116396, 499896, 83166, 28013, 133255, 413372, 66322, 278876, 291142, 492122, 270295, 278921, 371628, 165181, 179179, 168065, 73867, 416059, 273430, 162818, 319497, 163151, 476877, 172697, 421979, 457013, 154102, 32234, 161732, 61448, 108687, 89982, 270313, 440624, 338794, 249544, 134179, 114569, 171387, 2484, 212815, 199361, 314451, 452969, 305224, 10889, 281533, 330243, 431941, 456278, 335799, 144904, 430132, 99300, 397438, 120703, 200365, 465171, 389164, 464674, 76714, 361809, 64141, 205621, 37450, 279360, 54116, 373693, 120660, 498562, 86701, 460648, 179909, 166143, 365260, 380227, 63152, 181774, 489159, 14229, 315481, 324082, 378321, 234751, 349256, 466177, 415263, 461102, 384012, 428957, 491842, 348626, 175304, 320624, 320775, 25614, 151415, 266467, 429482, 374263, 263821, 171018, 377138, 336274, 239791, 81198, 333463, 239264, 100061, 234667, 36723, 133459, 366026, 144638, 161177, 2762, 468641, 104627, 415122, 107084, 298140, 37587, 400, 93827, 242232, 383899, 299852, 36402, 433235, 331935, 232317, 57613, 191872, 393145, 248165, 218571, 168381, 184624, 483376, 488304, 474735, 451372, 40322, 446884, 346500, 149789, 462401, 5847, 397190, 35877, 22160, 356473, 242278, 481928, 351096, 385134, 341730, 207546, 339395, 378707, 462558, 181335, 295114, 174055, 269843, 166675, 289148, 8952, 241434, 145854, 23186, 231073, 307067, 186971, 188409, 439253, 76326, 45270, 123302, 22787, 172580, 34430, 264760, 334823, 301344, 58189, 281153, 456086, 414932, 386655, 420718, 243884, 319507, 461103, 171440, 279508, 373656, 257309, 397256, 23554, 77600, 7579, 463166, 393623, 63907, 152998, 103718, 3032, 451139, 327426, 191454, 161853, 110105, 431540, 278512, 179537, 201932, 217517, 428882, 55701, 462310, 360594, 411862, 261051, 282656, 275389, 136938, 163511, 481339, 263115, 391887, 297933, 122750, 209439, 300573, 440957, 119724, 78720, 105080, 162827, 418355, 14576, 473134, 114287, 122852, 292216, 16325, 405285, 150477, 52013, 405127, 76311, 9120, 459694, 144625, 457452, 79103, 26683, 123269, 438139, 439978, 258632, 432102, 315755, 116337, 457305, 475533, 379268, 136030, 288529, 435647, 35248, 253309, 45957, 401171, 434557, 335185, 185171, 367080, 442175, 123229, 214728, 301829, 227772, 167699, 328280, 303668, 69152, 372530, 954, 252984, 421572, 33464, 362548, 153679, 109664, 27551, 430493, 350204, 50465, 119610, 499357, 264426, 369175, 303767, 344535, 84059, 192621, 97163, 53105, 270051, 84570, 248458, 38562, 26023, 408459, 278255, 478270, 117756, 320833, 12815, 339453, 163182, 128587, 196896, 65760, 218280, 146450, 10298, 438222, 106807, 494935, 136536, 12548, 147564, 43093, 177183, 274472, 443419, 71130, 247930, 371970, 147979, 53149, 33830, 418507, 456545, 15367, 116175, 374685, 310180, 174527, 187013, 181401, 45590, 70203, 378956, 491324, 132052, 487109, 367879, 189222, 198606, 82014, 221205, 249192, 161911, 108797, 21600, 211450, 114741, 203995, 478079, 127366, 236747, 401415, 365357, 437839, 264681, 404583, 477036, 128867, 36447, 178213, 63717, 37940, 178870, 98733, 455190, 301573, 69008, 70595, 243509, 393400, 407841, 428016, 385770, 443246, 23966, 480416, 230482, 40823, 447015, 253829, 278824, 170243, 107372, 168334, 417730, 100376, 78413, 226136, 491485, 212410, 361704, 334826, 203613, 287791, 307018, 109651, 275518, 152064, 212204, 271251, 278489, 357745, 243384, 370667, 33822, 366547, 71579, 48644, 242769, 367386, 461629, 160982, 401477, 164264, 212728, 201689, 224295, 264059, 50606, 148053, 313034, 174206, 281839, 118455, 282807, 25398, 400045, 115412, 61510, 57794, 443177, 242539, 467289, 140584, 213055, 239085, 8035, 315923, 49633, 356574, 417482, 99988, 253722, 423396, 477881, 491659, 299080, 101280, 316128, 55398, 119073, 237979, 289364, 274010, 138849, 340995, 8133, 5680, 155825, 459595, 445468, 96473, 168694, 299116, 437652, 494769, 185089, 287245, 316088, 195627, 246271, 437379, 365049, 480819, 202911, 255459, 364719, 40092, 278008, 184227, 344068, 321536, 64796, 477393, 226481, 344851, 400820, 71231, 57735, 339899, 494342, 360637, 154141, 395701, 257151, 3465, 429423, 35473, 251583, 210308, 309676, 399774, 464954, 457449, 296731, 491867, 342585, 495900, 72369, 38660, 314049, 156461, 230743, 257461, 456856, 390313, 372191, 218422, 454831, 411423, 474823, 115006, 377154, 435093, 354346, 446180, 288053, 140472, 372165, 257986, 79795, 138620, 65090, 45573, 384898, 209525, 192726, 271052, 496170, 312145, 146996, 200360, 209250, 324014, 126170, 468049, 200828, 390097, 433557, 17440, 31055, 284296, 465504, 278408, 471091, 275910, 320479, 7452, 137946, 329906, 48872, 414029, 203677, 77818, 290883, 153807, 123245, 19308, 406932, 101785, 224336, 106128, 129012, 373216, 355492, 446022, 334326, 430643, 445580, 34675, 381140, 63289, 437147, 468556, 14073, 364789, 106290, 497760, 184415, 38374, 183597, 334148, 354617, 109789, 444484, 4437, 254929, 258024, 186799, 245000, 255613, 58361, 411274, 66269, 166759, 25115, 64474, 435612, 278121, 47333, 230254, 220625, 368720, 180264, 416998, 427637, 346589, 489769, 489484, 320671, 237134, 272789, 307751, 23196, 69721, 329457, 52800, 205078, 199753, 54915, 462717, 427727, 208439, 376163, 236489, 375514, 481546, 346723, 20587, 104391, 203170, 441225, 74152, 75302, 429000, 1471, 407029, 238185, 333129, 362813, 2357, 131798, 239899, 285729, 301773, 478737, 81104, 235226, 358486, 393250, 462835, 219222, 449772, 336, 480969, 357621, 298505, 78754, 360501, 105096, 358826, 6218, 63293, 174478, 146973, 128029, 47002, 281077, 401432, 466799, 209401, 256821, 205666, 376434, 341740, 303409, 312577, 151353, 151080, 110252, 199412, 484521, 182751, 117794, 186190, 91121, 204303, 56868, 199503, 282595, 420691, 11797, 403504, 35818, 494482, 57182, 235774, 11891, 262255, 488574, 267830, 243985, 334366, 8683, 99668, 299706, 72437, 52753, 207517, 311185, 130887, 363898, 480910, 327938, 140962, 79903, 395593, 221983, 240096, 44314, 322449, 277093, 87993, 224238, 396539, 98209, 281904, 100268, 314584, 321530, 119731, 157759, 104570, 428951, 277284, 24775, 278326, 264317, 176705, 193274, 410981, 361185, 200739, 68889, 465275, 402794, 206039, 248341, 117143, 90038, 421443, 334962, 450074, 39196, 241268, 393294, 17062, 341545, 148078, 123555, 239749, 491222, 181745, 366869, 182903, 149565, 56451, 229480, 172140, 393605, 175674, 107703, 112633, 112490, 197797, 90996, 443587, 136647, 429423, 3885, 159988, 271151, 174164, 65592, 463220, 131178, 62533, 183749, 114487, 194870, 491559, 106539, 24280, 424520, 115938, 14637, 224519, 203794, 477439, 360166, 199127, 423722, 193493, 263448, 142644, 182213, 337989, 52682, 345471, 197117, 128721, 295904, 114292, 416330, 74307, 246986, 193779, 416992, 447072, 357147, 6619, 269982, 28474, 171710, 371706, 362082, 282968, 129849, 404705, 429860, 311116, 248943, 181600, 431763, 176077, 339955, 293327, 246120, 280124, 483062, 223972, 10472, 142099, 403375, 172527, 62886, 371431, 101092, 205899, 444864, 258277, 60343, 462473, 84818, 185476, 196903, 54212, 358521, 137876, 222240, 15024, 1307, 410526, 432391, 411525, 52273, 274453, 245944, 69704, 468946, 286488, 487369, 48958, 403381, 389287, 164677, 77021, 358930, 325882, 482346, 419845, 170244, 110535, 494214, 43438, 240856, 177147, 483985, 303229, 319772, 305306, 118793, 231374, 306046, 297547, 250942, 4286, 185762, 300596, 77594, 135462, 316038, 32593, 30288, 158792, 373260, 44348, 374412, 416912, 190640, 350120, 346346, 447397, 92347, 43639, 356490, 322768, 445175, 289867, 336400, 325517, 497227, 430242, 97034, 23817, 471822, 129066, 357589, 485662, 254358, 395614, 427010, 50518, 165913, 107113, 364284, 156061, 62206, 178770, 185307, 6847, 176052, 491521, 497130, 359736, 57530, 131242, 352415, 310462, 259846, 339651, 309460, 14174, 491356, 262784, 104396, 486765, 375514, 470305, 305770, 277032, 193747, 33172, 376460, 227243, 12490, 463834, 113565, 439169, 489391, 483641, 106754, 41357, 225610, 422666, 232131, 361403, 420380, 108780, 336885, 349308, 31037, 125324, 142510, 124323, 84, 401815, 214709, 403455, 155704, 421418, 261996, 458188, 365337, 6748, 127950, 405044, 332316, 443409, 403248, 423992, 208324, 50489, 237598, 492939, 28871, 66959, 356394, 457469, 408426, 131138, 390301, 265982, 283441, 91516, 482674, 454016, 85941, 193415, 127297, 10606, 254340, 23614, 304077, 337628, 470417, 82009, 188688, 160693, 454146, 404601, 135928, 27322, 467316, 359579, 123551, 199889, 132092, 65445, 262112, 292334, 100096, 249021, 30229, 416007, 52536, 123152, 254418, 272908, 495635, 209121, 197039, 429677, 109409, 287349, 51171, 157809, 326007, 200220, 448415, 227960, 250288, 392680, 300556, 340185, 463754, 249165, 396841, 288787, 344860, 44281, 330651, 297783, 394582, 215600, 89946, 243567, 397310, 100830, 480025, 165148, 104422, 294504, 217840, 3887, 394705, 223982, 462626, 363969, 401542, 399471, 163817, 78042, 467958, 29576, 452907, 45343, 425557, 490535, 135652, 251959, 77670, 442198, 59572, 430854, 309881, 169425, 295006, 108495, 272736, 295355, 368339, 157653, 494554, 163984, 466651, 384475, 272132, 115510, 489489, 458573, 372396, 117041, 14635, 289003, 40156, 291806, 174255, 326759, 476441, 270033, 303445, 460980, 50293, 258637, 296438, 357607, 460309, 421298, 427763, 479835, 248391, 22191, 126181, 217386, 462653, 448976, 279184, 273203, 295015, 82464, 394250, 139561, 423715, 322780, 334559, 452899, 287557, 296418, 304683, 247400, 135, 211555, 13283, 198844, 334128, 20362, 457241, 213535, 187784, 17146, 75520, 111465, 189565, 288445, 442260, 433046, 391428, 109344, 171175, 332310, 169123, 454746, 307962, 488389, 159453, 446614, 202803, 81050, 272209, 479286, 222292, 397977, 12358, 390424, 82869, 458006, 245510, 449635, 376406, 299577, 343874, 20910, 324970, 300781, 380655, 252085, 218825, 168703, 134489, 49599, 101642, 7752, 317818, 476711, 129150, 156012, 377817, 233877, 293407, 326520, 324361, 478835, 394466, 276290, 421726, 231818, 421506, 349302, 299441, 212924, 425426, 462541, 130742, 474587, 249811, 332637, 224186, 68521, 306516, 479312, 184325, 59632, 203956, 95457, 266543, 480274, 378683, 193228, 49633, 409385, 186989, 487278, 478520, 66987, 59912, 104307, 337140, 223928, 271248, 171837, 14305, 114185, 485616, 200785, 303421, 354785, 135387, 320983, 38273, 223457, 14490, 106887, 197459, 413445, 245079, 155942, 79632, 340044, 25191, 132715, 163565, 253511, 198065, 472373, 238587, 241528, 468788, 87611, 188915, 458408, 2559, 450893, 184611, 455211, 361493, 452080, 308701, 413617, 129058, 106269, 65951, 229661, 276335, 109716, 489455, 323784, 264700, 298828, 136210, 252259, 391392, 261850, 193291, 474910, 496226, 52564, 408186, 338290, 277049, 336726, 436977, 387772, 18135, 63376, 482162, 51758, 385644, 424387, 430480, 328046, 154150, 448255, 301750, 424347, 230187, 325523, 223954, 77893, 291658, 458780, 244410, 497430, 182808, 372066, 32255, 227017, 397482, 335727, 484292, 124464, 181156, 301440, 466710, 79344, 211807, 320503, 351507, 400218, 74585, 222128, 150886, 474036, 75867, 372405, 50681, 247901, 16491, 11576, 247038, 499210, 343850, 254241, 172926, 277646, 177910, 252869, 304465, 462220, 54136, 385459, 67982, 325334, 438025, 444061, 147382, 219169, 1170, 144547, 256583, 223538, 190066, 477477, 40627, 59826, 270236, 332850, 230656, 400748, 40252, 133290, 113393, 441717, 490530, 352668, 313605, 243832, 481775, 47361, 267287, 100787, 462368, 52094, 246143, 131646, 93030, 206997, 470464, 146231, 318822, 260050, 279293, 29472, 360654, 450962, 242570, 234391, 208860, 145727, 391075, 212639, 94927, 247457, 92582, 161607, 332581, 138059, 453712, 183061, 23287, 468741, 316470, 52150, 56982, 475587, 398216, 140790, 166234, 372651, 325485, 96579, 173878, 469934, 199878, 402287, 65320, 154061, 452572, 428032, 172502, 280298, 470290, 460502, 78119, 454089, 124132, 244868, 279636, 220665, 121226, 11715, 140153, 288084, 106132, 320973, 284077, 126694, 50691, 957, 417483, 140788, 93195, 376658, 439040, 400124, 48528, 498506, 154081, 368135, 65387, 13458, 19027, 279536, 135712, 401938, 388765, 462370, 352590, 304676, 76830, 78883, 318628, 164968, 44127, 280296, 59650, 418853, 432063, 143860, 295819, 386947, 399447, 255165, 484533, 461283, 428242, 25529, 391157, 243482, 479076, 106582, 174843, 471635, 477160, 304717, 121195, 37833, 472054, 178286, 354987, 438061, 114136, 276249, 327352, 233318, 419375, 248300, 241037, 467283, 462172, 193519, 429798, 36786, 302185, 153699, 294126, 184447, 76252, 661, 56404, 244006, 380865, 21779, 144247, 66036, 141552, 124326, 281957, 176878, 6531, 283032, 305398, 229544, 488210, 190828, 291752, 327294, 90354, 292044, 140114, 431364, 473905, 488829, 206212, 54338, 426545, 48661, 90960, 166453, 410174, 137975, 380157, 263647, 156669, 167292, 478063, 316909, 409779, 266299, 352325, 419979, 290400, 45624, 347032, 8411, 397040, 240086, 244793, 252133, 38158, 324190, 328766, 458170, 379188, 475288, 164717, 287032, 316839, 158066, 292286, 138430, 175577, 275469, 351210, 471010, 300020, 151684, 249850, 303411, 136791, 498798, 128550, 102102, 272586, 296510, 44487, 436081, 228, 483530, 162435, 146729, 334503, 391449, 428748, 55814, 221592, 241012, 358414, 312243, 17343, 59563, 381594, 170791, 412303, 478806, 301527, 419042, 17555, 61379, 63014, 452424, 438657, 249522, 301889, 253542, 76893, 296285, 223391, 165897, 215414, 254534, 270515, 239737, 300645, 75220, 415762, 411002, 157670, 252527, 227134, 227073, 1553, 12145, 487890, 390443, 1504, 249413, 369915, 92576, 224990, 229454, 18085, 492378, 485601, 91414, 338828, 254289, 205155, 46099, 469318, 357652, 330941, 353513, 365259, 222015, 233600, 364974, 247855, 56344, 243201, 262971, 113138, 105312, 2186, 4491, 24445, 429651, 182814, 154371, 238497, 352420, 201030, 257713, 308143, 471776, 223284, 321478, 228187, 148267, 296475, 456820, 416478, 326222, 458786, 36364, 345108, 212657, 299754, 140594, 370854, 462634, 17859, 192411, 65788, 291354, 104723, 108982, 101623, 187747, 498084, 92350, 22082, 425783, 184880, 420634, 342133, 96046, 161631, 467317, 139219, 148832, 157777, 3381, 175277, 228156, 488426, 417465, 364003, 103372, 206206, 413181, 359120, 59242, 127091, 3577, 497100, 194829, 220504, 228504, 372115, 174028, 293761, 347649, 76989, 331025, 474784, 120341, 426645, 433663, 446513, 361887, 77066, 406121, 243242, 396005, 87713, 35085, 75906, 86690, 453475, 438985, 49856, 358170, 352663, 372160, 370887, 373340, 492157, 221163, 13725, 210768, 267803, 304533, 13306, 61691, 32112, 31596, 447747, 10485, 197235, 21915, 44399, 479021, 239502, 337401, 314623, 18065, 332545, 448588, 121566, 107786, 153270, 417999, 429458, 136322, 343147, 375888, 493136, 177692, 149350, 462193, 59322, 417414, 459725, 233133, 447529, 239885, 350271, 146649, 391291, 278713, 483986, 32842, 449584, 60332, 121554, 28661, 398272, 384194, 283961, 426516, 126230, 459617, 483140, 335299, 37968, 476414, 386408, 18783, 359636, 135307, 481954, 164308, 184137, 53508, 244846, 316803, 409172, 282894, 184599, 62126, 383267, 378751, 480542, 454886, 93865, 64382, 67513, 471543, 100403, 157932, 144086, 311330, 344878, 370017, 83177, 225390, 56247, 434715, 458009, 28574, 227697, 177846, 352553, 144586, 131865, 213742, 125877, 51507, 285607, 453342, 106107, 24529, 382296, 450539, 347843, 276288, 462101, 470653, 152484, 417226, 372546, 145482, 435973, 396821, 309430, 174786, 255013, 355733, 416705, 256823, 373010, 351505, 206991, 384771, 101466, 138800, 190679, 218007, 15029, 131605, 131235, 396515, 204691, 402974, 181843, 370315, 306935, 54769, 357635, 347283, 438953, 75524, 331082, 8631, 441141, 253870, 84036, 324626, 74801, 180387, 31274, 94886, 363178, 33430, 361226, 489200, 240663, 401496, 450955, 342605, 195830, 87783, 238465, 5551, 82104, 239091, 65867, 268640, 392073, 401770, 333526, 140168, 491207, 3096, 274693, 235088, 152947, 43764, 97005, 189467, 25497, 390460, 133962, 38646, 429675, 348438, 232077, 420516, 60990, 486848, 18921, 136189, 459465, 88501, 342154, 292517, 379057, 69514, 377798, 149039, 414224, 216413, 475368, 502, 392754, 4976, 311349, 308921, 103750, 334889, 377271, 27998, 379291, 212537, 439602, 439049, 304143, 101489, 259237, 443678, 306592, 157279, 362765, 161519, 262183, 458644, 373118, 396598, 498063, 155380, 33443, 327337, 232492, 413735, 32064, 256100, 170718, 410094, 329458, 118572, 248990, 265482, 288803, 357484, 305151, 68211, 299357, 160322, 58638, 126629, 224953, 499420, 434127, 463232, 311536, 495159, 289155, 113882, 53787, 395132, 109801, 458196, 2626, 127132, 458139, 425901, 24364, 193063, 495704, 421558, 415640, 494279, 135858, 397771, 146569, 360697, 346013, 343532, 61111, 273604, 294632, 249177, 156150, 159413, 264648, 433438, 143854, 431019, 223101, 162767, 331858, 331247, 207158, 42957, 258198, 436878, 119585, 382142, 199905, 211946, 495240, 11522, 134437, 118237, 217857, 379503, 239699, 466076, 312987, 249754, 415157, 426835, 214350, 11242, 180804, 65314, 441604, 490777, 49891, 68593, 66927, 68955, 370255, 290599, 387665, 236384, 306680, 270730, 477835, 8570, 480434, 480925, 346632, 87918, 404649, 30034, 144180, 128275, 36848, 291599, 147916, 420346, 318079, 176500, 25700, 57379, 104006, 119197, 301186, 418837, 441213, 653, 370608, 310913, 446380, 233488, 76522, 183089, 37555, 91526, 31485, 217375, 152257, 432754, 217154, 62036, 256089, 231669, 150837, 123452, 309236, 210140, 369446, 153190, 71280, 117032, 491693, 116287, 345892, 347028, 263599, 347801, 234517, 440840, 224269, 402029, 337703, 361219, 43740, 292808, 484172, 203392, 17567, 359091, 59227, 63547, 48337, 254162, 147317, 59684, 486742, 435947, 257144, 91083, 419353, 171105, 333237, 228460, 389319, 385956, 457366, 322151, 178979, 135119, 30209, 62885, 425079, 396243, 325581, 331732, 208243, 477600, 239344, 126600, 56706, 147533, 485624, 309958, 279073, 21509, 280696, 160475, 177035, 152308, 477168, 302116, 197932, 417294, 485228, 242180, 196054, 315559, 20702, 398812, 128492, 418825, 339231, 71632, 389096, 92028, 490972, 205843, 334049, 139476, 363006, 366960, 406124, 32800, 405976, 466698, 151793, 42679, 123970, 450569, 377024, 210756, 99094, 144931, 137563, 200242, 287438, 208171, 279622, 219419, 103965, 308985, 351428, 156205, 124183, 334551, 9885, 433403, 475569, 2512, 232147, 350660, 404829, 215673, 291444, 235827, 386881, 290159, 154098, 477961, 79177, 16700, 353097, 117198, 271104, 253206, 170647, 496356, 248380, 311533, 492518, 364921, 254749, 196953, 390529, 261019, 429282, 363203, 2792, 51763, 306467, 156147, 233850, 17385, 173628, 335645, 423138, 202884, 140511, 432061, 147077, 58987, 186549, 185929, 225356, 224647, 281945, 274945, 143118, 333120, 481584, 207010, 140162, 70349, 247890, 461189, 94624, 376653, 218030, 312242, 70587, 385196, 274555, 232566, 385524, 38148, 319037, 354037, 341698, 224732, 263075, 385537, 242627, 17980, 3378, 267683, 63616, 105587, 481573, 449114, 401528, 334618, 540, 349553, 156324, 87598, 109709, 417220, 139003, 218663, 333474, 234928, 236382, 67893, 236912, 411616, 483313, 490730, 101151, 441497, 38969, 44598, 44284, 456581, 382321, 382103, 472533, 80409, 197068, 37529, 54008, 430550, 452063, 441312, 49784, 415518, 253138, 369096, 287671, 148114, 495485, 204622, 12662, 128976, 116382, 180781, 455451, 119800, 243918, 167304, 274958, 283602, 214741, 465167, 174292, 175205, 384452, 355850, 253972, 312121, 376205, 56497, 195451, 26556, 289181, 339140, 158610, 425795, 222474, 210125, 306879, 7307, 444243, 481116, 134922, 160007, 478984, 144925, 377183, 371124, 328131, 457437, 219603, 266666, 416163, 425559, 368968, 420132, 98469, 186138, 477350, 148734, 437426, 491630, 369039, 490969, 75162, 234307, 459621, 461840, 117434, 285629, 411793, 38498, 80933, 487774, 474885, 426100, 350050, 237935, 341415, 100697, 27140, 10916, 137248, 399666, 365130, 150383, 427845, 428787, 418632, 339013, 337920, 57417, 379874, 140017, 200968, 125186, 115883, 258474, 164500, 99310, 168880, 231559, 328239, 468694, 266064, 415594, 347422, 481902, 478057, 401446, 405168, 454400, 207265, 470277, 394017, 131652, 183277, 345513, 429331, 8837, 75442, 208914, 98341, 181106, 228345, 303751, 340519, 323323, 434708, 488593, 426341, 294290, 369618, 4206, 328952, 154100, 460281, 348150, 132189, 278598, 286872, 149670, 316860, 135411, 5260, 120024, 483448, 66554, 255265, 427746, 191210, 231370, 461825, 211197, 292864, 150814, 160691, 211143, 234071, 119378, 81178, 66184, 346826, 7886, 330240, 288918, 161431, 370032, 481923, 416773, 20170, 301871, 197596, 125106, 211307, 138345, 93275, 65327, 168419, 36818, 171805, 361913, 54115, 316651, 235175, 173933, 414367, 183241, 19740, 494599, 428995, 168432, 225350, 83838, 57609, 7383, 409677, 424620, 220665, 226947, 43432, 55897, 176321, 462060, 110341, 300373, 62810, 405291, 471634, 413673, 457837, 174876, 372761, 9563, 432895, 131169, 295644, 140317, 451145, 302342, 374078, 250096, 354374, 96032, 444456, 485087, 123469, 460835, 425595, 254894, 322436, 212466, 424741, 275451, 25970, 174822, 349223, 482002, 426178, 99473, 105006, 281410, 375796, 484614, 294257, 343311, 23499, 277526, 282820, 30868, 337836, 499806, 316669, 491717, 63219, 437551, 272574, 57351, 194114, 85806, 311552, 214018, 157003, 17496, 47283, 318162, 444457, 27895, 211946, 335095, 374915, 321796, 301594, 229707, 434487, 85922, 483113, 29231, 493979, 234802, 245788, 52462, 216953, 333262, 170080, 378359, 213040, 105247, 209233, 476680, 324899, 447044, 283610, 75847, 8554, 490642, 182687, 477220, 360746, 419503, 355429, 315972, 383575, 146139, 396876, 308412, 436981, 196148, 268999, 436782, 260686, 81099, 146752, 202375, 23797, 196810, 89816, 382066, 1568, 424936, 227697, 141546, 324431, 216216, 397123, 73976, 9110, 263198, 44770, 414485, 327193, 471722, 379202, 423304, 254545, 436160, 15163, 220967, 168945, 393221, 290163, 434658, 127527, 54569, 351436, 432183, 134179, 324943, 69586, 107968, 287362, 384055, 163577, 434165, 363813, 97019, 176918, 487355, 497072, 369189, 331888, 367496, 314527, 5248, 451097, 313669, 417516, 114856, 495614, 485706, 468708, 432932, 238039, 159108, 304174, 70804, 341887, 396028, 51232, 229627, 164217, 180609, 361312, 444388, 293695, 135140, 170229, 68176, 408429, 343517, 400643, 165318, 284577, 276036, 281223, 89670, 417516, 139573, 241683, 376980, 148473, 11599, 39990, 340819, 421003, 293790, 484600, 143328, 302340, 256661, 148250, 167701, 295083, 245087, 115615, 236957, 434022, 90997, 265223, 255200, 211682, 262802, 78540, 263740, 36269, 162790, 315349, 35815, 114782, 135124, 337419, 90617, 217889, 241833, 398896, 242193, 204077, 10231, 107810, 272035, 220170, 261252, 358804, 147853, 13591, 452656, 332058, 107100, 465007, 378087, 165868, 55667, 486405, 405163, 370355, 413910, 497593, 182180, 432095, 382371, 447954, 301106, 71203, 453364, 170214, 442522, 130102, 341683, 69873, 129422, 35250, 259366, 287251, 184819, 287113, 360982, 170672, 228922, 195535, 157420, 349227, 180543, 346000, 435745, 2023, 475487, 425174, 466573, 52832, 100010, 261776, 438887, 222616, 321134, 469937, 409209, 49470, 198316, 444375, 273292, 459548, 21975, 417841, 45415, 19264, 436109, 268349, 149232, 868, 422944, 463249, 211564, 230907, 369439, 261482, 336505, 54214, 4204, 166006, 169679, 383965, 187421, 74197, 78142, 358712, 180328, 349602, 355910, 269205, 340224, 407395, 68400, 78627, 240847, 159440, 463291, 374834, 130128, 450442, 392316, 233052, 196041, 225946, 375337, 1531, 128346, 276894, 336833, 195442, 118494, 371423, 362553, 313555, 14916, 463118, 438454, 176753, 431549, 200940, 410976, 383011, 458240, 260903, 227900, 169874, 438595, 392259, 459068, 155142, 409012, 277108, 137789, 171035, 200955, 433825, 23481, 100535, 193095, 463731, 432647, 317076, 170041, 114538, 230708, 40290, 241197, 183825, 87761, 170212, 451845, 99684, 394329, 231911, 302232, 41750, 320809, 62717, 417629, 332378, 326244, 229418, 287701, 168240, 398690, 228764, 268912, 368474, 287246, 477869, 121751, 70266, 11806, 182442, 168900, 118968, 452088, 383539, 377095, 126801, 148811, 272687, 228870, 237246, 386223, 74325, 491785, 79522, 459345, 23555, 129887, 486629, 327248, 58890, 432190, 316673, 411239, 418709, 425866, 103976, 482372, 305500, 258051, 354680, 112756, 491728, 363407, 376171, 168044, 152754, 20543, 227019, 120581, 260987, 373316, 455764, 200631, 461967, 75104, 431691, 349733, 259244, 329458, 377090, 235317, 132022, 287858, 1897, 110321, 58549, 81180, 155557, 449012, 410348, 65785, 171455, 52104, 7656, 116981, 444469, 7019, 181523, 324007, 404242, 481237, 216151, 496397, 415624, 161786, 425042, 450000, 416959, 388056, 92326, 68326, 375353, 284698, 44779, 81813, 117673, 181556, 477842, 329197, 204889, 294914, 393772, 386621, 284064, 347458, 222060, 485790, 278089, 52973, 335261, 95452, 113019, 69831, 239802, 48633, 266344, 262694, 68481, 78336, 113592, 212128, 414979, 360213, 218677, 256607, 171521, 350990, 100441, 439390, 57975, 303055, 483226, 445791, 476045, 345136, 196735, 182702, 233833, 411600, 53792, 66729, 123942, 350328, 327286, 353508, 392593, 396305, 372661, 74048, 308061, 148191, 166008, 355882, 370756, 350472, 475767, 146897, 134006, 113563, 125182, 498347, 301395, 110581, 267839, 100627, 97938, 22861, 305957, 271694, 338358, 198959, 482464, 276476, 421076, 405400, 23658, 241936, 254538, 181183, 321156, 72004, 465570, 42167, 152400, 484147, 97720, 328679, 495780, 495872, 23685, 397962, 376640, 370908, 174167, 407006, 190262, 433845, 307421, 50268, 416950, 13541, 162768, 392236, 209901, 224547, 25787, 151713, 55729, 320385, 306400, 116209, 223640, 153097, 202624, 490099, 133050, 79053, 246705, 497846, 181183, 99129, 193535, 154204, 47917, 23320, 219415, 370526, 318743, 432929, 15467, 279091, 170787, 445210, 270263, 471723, 135057, 381390, 379892, 19643, 486337, 122965, 316270, 202301, 6823, 255786, 92223, 329993, 349363, 224163, 293813, 407794, 151050, 235587, 356197, 110436, 402520, 79428, 150166, 40118, 90231, 81257, 381613, 317878, 198390, 408426, 137468, 29865, 209501, 50912, 86074, 418211, 308962, 79634, 83636, 472232, 415794, 276568, 476033, 98947, 456759, 375231, 388092, 406774, 487505, 126458, 478474, 415142, 56509, 471249, 223289, 6591, 129092, 433146, 123540, 163025, 122437, 410108, 8483, 213281, 136520, 333918, 264099, 314934, 413590, 221615, 173350, 301546, 290028, 255167, 123060, 90477, 190977, 105177, 75294, 20460, 492947, 413994, 57756, 497999, 13074, 329019, 161612, 247623, 454833, 183818, 454100, 464731, 267408, 85773, 440336, 173320, 35942, 130471, 196427, 36525, 327677, 441434, 242047, 86020, 331687, 364171, 190666, 306132, 241658, 199245, 436820, 18300, 47751, 168452, 338722, 412485, 114957, 105438, 377879, 470, 359314, 406187, 465786, 68232, 227727, 260683, 462889, 144231, 408670, 403069, 398133, 436677, 22498, 298302, 409072, 89912, 403416, 292501, 155369, 251362, 41553, 128706, 266812, 492575, 92005, 22216, 20821, 479882, 7401, 350268, 351309, 366862, 436316, 439653, 419913, 328549, 177847, 40363, 141700, 158670, 269300, 409595, 459566, 365220, 492318, 306972, 299635, 172671, 431041, 443363, 195708, 470114, 89792, 286677, 122023, 188097, 450724, 491549, 440655, 423131, 117561, 329489, 299811, 100087, 28799, 81406, 342941, 408742, 15395, 495836, 435830, 400834, 435777, 471310, 480021, 188890, 365239, 227162, 172269, 445875, 256237, 9048, 33567, 34595, 239819, 228726, 487294, 173519, 67596, 314760, 268637, 195983, 72184, 487196, 286876, 393923, 195993, 107571, 417965, 344205, 378497, 376723, 476394, 73552, 170803, 193923, 89964, 194428, 156097, 321908, 469302, 12415, 130074, 160307, 387247, 402492, 333613, 295258, 326632, 110908, 23142, 7851, 192527, 11544, 174278, 267418, 133612, 159673, 434451, 207209, 364363, 152500, 65049, 205210, 374614, 388681, 422212, 494104, 151319, 266999, 37804, 86634, 39619, 488359, 68530, 101359, 439377, 485661, 26541, 490573, 252208, 257079, 227450, 374608, 398818, 240730, 125705, 418539, 48820, 265012, 230693, 404766, 166607, 469431, 482452, 350626, 452762, 145081, 279530, 491811, 399270, 20332, 393254, 422764, 420271, 365320, 198301, 240382, 217857, 247795, 145586, 244917, 34918, 473517, 146849, 250974, 464187, 284956, 106625, 355132, 491879, 69092, 26535, 138969, 119430, 167169, 498721, 331157, 249446, 191272, 417454, 238226, 96265, 112691, 320421, 837, 377283, 249394, 440955, 225795, 125631, 343896, 142320, 413826, 46550, 202116, 229152, 244605, 291460, 200770, 219282, 78274, 91227, 351333, 332647, 393784, 351259, 1581, 74997, 23926, 43664, 328475, 408486, 419815, 283447, 97380, 8355, 293010, 10777, 309677, 266476, 75634, 131741, 116944, 415821, 3908, 159285, 495663, 176261, 287330, 483867, 365770, 351893, 41905, 332348, 131579, 265270, 181765, 181622, 233439, 276650, 159347, 163734, 336351, 119826, 293090, 287328, 312007, 30601, 342374, 239653, 270253, 209582, 161195, 24429, 417766, 220230, 353882, 430719, 422053, 157900, 499386, 93407, 315199, 23939, 300096, 268620, 475527, 378167, 455513, 48798, 253426, 400237, 366466, 490688, 419324, 399943, 59673, 327162, 54279, 136608, 255605, 348151, 105608, 25207, 216696, 97417, 440817, 218722, 148519, 487008, 83164, 11265, 81790, 480539, 322737, 440674, 187381, 367335, 448769, 476963, 123793, 176549, 247533, 323726, 69642, 269003, 369158, 86302, 182953, 209248, 246799, 296725, 440846, 20860, 469768, 356376, 431850, 9487, 477202, 143421, 409586, 463609, 66388, 414459, 32460, 261879, 82372, 266307, 72661, 450114, 88625, 441966, 142244, 140481, 126772, 138223, 498660, 275077, 256530, 48146, 423583, 191882, 251752, 441906, 346028, 470035, 179297, 55036, 220063, 100546, 20664, 235322, 112165, 163163, 103292, 405669, 62141, 59272, 239252, 386775, 136964, 271186, 332502, 426936, 236355, 296969, 434370, 43906, 471639, 5592, 449036, 219380, 137145, 81884, 17886, 130437, 201974, 311776, 350257, 438386, 202711, 32401, 77002, 340200, 472624, 82311, 469297, 106519, 400090, 155892, 36316, 148364, 194407, 423498, 355576, 145297, 240703, 77905, 289038, 195991, 198117, 53331, 265607, 279542, 297042, 496754, 297286, 73001, 444063, 302280, 425905, 307487, 103942, 34322, 27581, 2522, 363862, 377736, 356673, 309185, 40020, 266574, 106697, 65492, 130029, 252665, 240467, 161397, 368574, 23099, 93993, 111467, 304401, 72774, 196344, 16387, 212393, 194063, 74345, 47970, 50584, 347355, 269068, 298951, 209874, 306185, 260427, 1830, 259565, 277646, 497314, 284712, 204219, 410400, 80117, 392583, 490156, 496394, 303875, 248265, 83285, 404290, 87089, 115339, 279402, 64527, 198217, 433571, 255427, 94968, 25444, 85489, 16571, 157043, 216593, 264059, 233034, 263358, 50186, 46262, 378152, 190396, 13107, 123406, 59863, 386770, 477590, 122344, 38467, 311547, 398934, 271922, 168944, 92538, 487620, 727, 300165, 109483, 357857, 375299, 231271, 20327, 33711, 391203, 217243, 398978, 327256, 130364, 193802, 434570, 234125, 179751, 400670, 374833, 338152, 373323, 53321, 347656, 397698, 21723, 163868, 199702, 415692, 234882, 320889, 316984, 40664, 452760, 167763, 226624, 371451, 173921, 28376, 426567, 85328, 104915, 438024, 94933, 454088, 273325, 85624, 362390, 231224, 32739, 484441, 360123, 21965, 452945, 498669, 387345, 153003, 104415, 408514, 233623, 323584, 113002, 357656, 105416, 24245, 379946, 51477, 251444, 409834, 257013, 49839, 400615, 163781, 259581, 221297, 494659, 287734, 465082, 441760, 29848, 169153, 321809, 387232, 282687, 41755, 471397, 109561, 498043, 242458, 149265, 2072, 210785, 170503, 308717, 451928, 142727, 142310, 287926, 157471, 322848, 284163, 68889, 207178, 38878, 350800, 209848, 362578, 103285, 307997, 479319, 123958, 35476, 211056, 149297, 424854, 385632, 322436, 389632, 183720, 292895, 406868, 236913, 472874, 475007, 87314, 34417, 395661, 287166, 248440, 161841, 499806, 398038, 188277, 348010, 450118, 441288, 268400, 154167, 125490, 336850, 135799, 399821, 71557, 182313, 228515, 154752, 398913, 378095, 468544, 290172, 210325, 139264, 387398, 238786, 178725, 378373, 368431, 262708, 308406, 429602, 117811, 461499, 161236, 292093, 392314, 362563, 489333, 320349, 461287, 440325, 472390, 60067, 476126, 451883, 368744, 100887, 398440, 233944, 372242, 282430, 496392, 228632, 337764, 456247, 5028, 49422, 66441, 58199, 72980, 91450, 239967, 490609, 94851, 355714, 448190, 401558, 127610, 395111, 385057, 25052, 352735, 85865, 200132, 29643, 197731, 323362, 387521, 380233, 42093, 405229, 192872, 106898, 121410, 397487, 154046, 141679, 252973, 239099, 86107, 488892, 197198, 348080, 150969, 438545, 498415, 229843, 30171, 494030, 313234, 68914, 145828, 483100, 91087, 14157, 277428, 166319, 173997, 418637, 37647, 352465, 440274, 190800, 106137, 15584, 324, 164378, 251983, 265747, 220435, 389706, 72202, 460953, 97125, 209285, 52921, 480553, 350281, 402140, 151338, 187118, 134568, 416314, 124547, 29971, 142650, 395076, 417847, 311627, 298695, 257192, 249154, 215326, 202694, 345108, 134899, 378505, 398821, 244635, 135880, 451582, 332131, 54155, 363555, 282451, 355339, 401457, 291720, 30882, 4889, 281059, 148220, 20627, 191494, 130852, 349732, 433681, 311815, 217661, 60597, 439311, 161501, 177628, 468474, 248301, 373277, 57471, 221813, 243704, 197932, 465258, 226637, 66519, 390628, 459005, 309407, 174505, 150911, 333597, 76428, 164528, 57650, 105604, 86406, 58169, 128469, 39516, 303661, 132167, 194728, 386686, 456824, 63622, 289724, 93206, 205062, 54810, 363535, 218601, 467217, 481588, 376400, 200322, 148749, 99859, 388504, 309250, 137637, 465358, 452538, 109893, 93537, 470064, 199978, 118655, 209716, 240767, 76674, 275185, 14379, 1841, 499734, 182428, 226393, 458449, 75545, 142786, 40172, 310192, 194892, 20718, 457195, 48480, 211212, 255861, 146920, 477772, 287353, 312019, 3175, 214692, 496814, 311606, 324195, 224407, 18348, 416510, 63660, 203136, 208517, 195335, 265599, 437068, 41051, 452030, 152761, 154662, 233694, 474449, 135066, 447792, 242660, 387422, 129960, 86633, 152781, 175523, 122903, 30809, 40971, 188757, 363778, 82509, 72746, 207098, 176699, 60333, 235870, 53888, 381555, 43176, 437406, 135511, 69964, 476419, 438969, 462951, 396809, 403433, 448798, 134056, 27769, 429110, 334457, 266060, 447098, 306424, 401532, 83314, 242331, 57069, 366580, 277292, 40070, 178978, 99297, 108857, 163850, 216686, 169475, 388937, 204296, 442621, 232592, 106312, 218436, 420028, 440954, 123029, 76697, 447966, 71892, 36273, 317882, 433185, 439875, 52534, 46084, 239166, 319897, 52106, 154960, 355203, 181667, 271548, 246653, 435289, 455206, 254707, 487971, 465828, 260265, 308340, 399490, 26281, 132264, 150158, 266688, 229257, 471503, 461608, 345307, 371680, 124370, 482570, 250713, 495107, 70113, 179725, 130104, 2405, 461302, 39058, 424254, 67688, 278542, 354381, 103178, 145954, 15683, 271404, 152441, 72556, 492439, 122914, 452288, 29490, 209371, 290271, 481304, 57339, 468726, 325829, 173712, 256426, 367518, 149501, 72549, 392400, 250999, 192765, 185240, 450910, 423806, 434447, 165146, 223004, 297320, 235528, 8122, 289582, 438115, 323320, 231139, 117741, 325648, 409877, 281019, 79597, 373188, 178203, 42454, 498412, 452920, 428248, 60329, 43883, 357216, 316165, 226009, 113665, 337207, 427847, 437095, 444050, 29217, 346999, 111495, 269794, 430420, 364607, 168640, 419509, 451195, 401013, 198936, 452428, 351397, 445604, 460277, 92133, 434564, 234264, 314823, 324420, 167232, 403029, 344774, 389684, 405953, 428284, 103156, 332941, 350952, 202063, 487662, 416424, 195830, 332862, 345628, 117176, 176967, 164890, 173390, 153074, 153045, 1642, 153, 156729, 398330, 488249, 59250, 498127, 335257, 374223, 251232, 301511, 458174, 498552, 249503, 217729, 205943, 415252, 3171, 240835, 360351, 442027, 324085, 136411, 349281, 204123, 144108, 109143, 162599, 207910, 161599, 442413, 25418, 290786, 1723, 226020, 215183, 222999, 187142, 499576, 152351, 258267, 441381, 87285, 444608, 494059, 48874, 48587, 320240, 238882, 76038, 8606, 442670, 430639, 370307, 265974, 312880, 486288, 75101, 358827, 372269, 462945, 343093, 332346, 487900, 161286, 204493, 152728, 322527, 370967, 443123, 283244, 242387, 105278, 191419, 270129, 440933, 291487, 302507, 319692, 296667, 475308, 296611, 237784, 369993, 333200, 309926, 217311, 185265, 52091, 414515, 26325, 338625, 301967, 446300, 91588, 445591, 497790, 491563, 397830, 232278, 76454, 494878, 55237, 256037, 40731, 93812, 38709, 104885, 109015, 299653, 401682, 275324, 104362, 484282, 131893, 82705, 243590, 297432, 47753, 153210, 216797, 349884, 161946, 165994, 198274, 343499, 383691, 106003, 150786, 20064, 109819, 86869, 104593, 369314, 18538, 321466, 254409, 285097, 268599, 475412, 261512, 461217, 491876, 211773, 268892, 348852, 490288, 217028, 460029, 318731, 89579, 113493, 93594, 67359, 306049, 486084, 493238, 48922, 286444, 386567, 229845, 499379, 198746, 249158, 55130, 286071, 306943, 177563, 218840, 337601, 472499, 264987, 335238, 253939, 484720, 455924, 88493, 464196, 349271, 293825, 460739, 40384, 318698, 397938, 174690, 213408, 207868, 443256, 254743, 47464, 176169, 470497, 356246, 375709, 179726, 413199, 403543, 324575, 222366, 153669, 230282, 288072, 362869, 218748, 432741, 15260, 307287, 158100, 90468, 9328, 179717, 289533, 210509, 297768, 91423, 344504, 289078, 300486, 302614, 187217, 103865, 102492, 193223, 406444, 35043, 27683, 243457, 431340, 367621, 214304, 208143, 378755, 268963, 383740, 254558, 200719, 265257, 341185, 330062, 313456, 1233, 461654, 123333, 454547, 128616, 332356, 11677, 174348, 425845, 397455, 342012, 169333, 31380, 330824, 356462, 201875, 49347, 237093, 406129, 29759, 216294, 229146, 74286, 470831, 452706, 382111, 184931, 414387, 128239, 141918, 275524, 77878, 48382, 160275, 428637, 470237, 176578, 360387, 444943, 408679, 27355, 495733, 269990, 249860, 349509, 13556, 462656, 83825, 268787, 305739, 371493, 118327, 357555, 472352, 296694, 495528, 241718, 454531, 301068, 273064, 205376, 440957, 98183, 95436, 446767, 478355, 463185, 454414, 242507, 480556, 386057, 294484, 99536, 164806, 217673, 391744, 364352, 487427, 107444, 298172, 475314, 266723, 483438, 73865, 234579, 280002, 69782, 344523, 449222, 135017, 244445, 422432, 393769, 71582, 329121, 45711, 173330, 319332, 383295, 355257, 32494, 364865, 307116, 348972, 237990, 213174, 236754, 193175, 15082, 317486, 412901, 193419, 69372, 47970, 173964, 193301, 294890, 195497, 10633, 343253, 461795, 333828, 41650, 252039, 421065, 37114, 414703, 163552, 54237, 363558, 272004, 95007, 398469, 321366, 115447, 128344, 207254, 291173, 259811, 349289, 332449, 111958, 450726, 350838, 54211, 4874, 479215, 390201, 407252, 293978, 319928, 278602, 179191, 157252, 281584, 262153, 56997, 194089, 18943, 50770, 292038, 403136, 437026, 142916, 183578, 69466, 94060, 212196, 338707, 53846, 6315, 281999, 337084, 221588, 191238, 234389, 472808, 474696, 448165, 337093, 458700, 141319, 407954, 242422, 266215, 421647, 352971, 426211, 233437, 408540, 193685, 96727, 354099, 133160, 203717, 497614, 112216, 144106, 336393, 262426, 16948, 482505, 195515, 246576, 428628, 297940, 76775, 23259, 145342, 119552, 474623, 250921, 447795, 9153, 250160, 345365, 205455, 291397, 395709, 362199, 14668, 451025, 135244, 300387, 63959, 171962, 285196, 340647, 158435, 178208, 246324, 48383, 328518, 477476, 286478, 455233, 265197, 397052, 29696, 431926, 169528, 406307, 151423, 727, 342844, 448448, 484121, 296233, 161902, 388055, 327998, 270114, 484577, 2545, 264753, 329519, 285223, 339529, 229356, 170503, 449872, 315656, 287015, 436495, 344081, 149768, 42408, 238398, 127779, 402765, 169292, 321729, 29427, 404347, 319777, 198942, 124385, 133015, 15411, 439025, 24166, 81994, 203690, 144415, 409826, 68852, 331280, 202352, 104118, 23086, 181849, 251056, 444682, 256361, 162943, 359256, 326707, 494658, 340179, 309898, 378806, 158605, 394459, 55344, 263784, 472217, 413341, 397570, 432442, 272954, 216959, 236244, 475811, 24488, 296078, 193878, 390310, 362343, 397787, 44155, 239313, 119651, 150516, 292534, 438752, 45389, 163432, 120949, 368448, 156618, 436269, 463734, 26212, 450763, 304194, 193643, 294365, 62278, 83787, 335964, 162215, 184031, 404437, 189787, 151525, 414057, 93389, 402668, 63394, 73801, 65716, 381014, 496922, 262086, 65888, 60508, 157494, 211296, 174858, 276137, 235925, 463193, 121574, 136940, 57722, 161101, 354902, 230095, 162154, 168890, 353387, 223034, 75806, 148526, 348250, 295992, 362622, 74865, 88433, 463221, 155623, 416883, 452578, 249753, 138692, 223848, 426743, 462973, 184547, 251160, 312490, 90152, 200564, 433269, 183573, 212943, 70143, 137536, 204042, 428959, 372341, 421098, 424958, 168883, 21325, 41793, 3692, 360426, 317417, 367800, 43172, 490938, 4675, 89372, 352705, 301112, 252950, 488905, 426830, 131938, 198469, 19785, 383117, 156427, 433973, 440056, 415312, 177897, 269931, 430241, 55535, 123495, 87709, 473105, 313320, 310400, 255646, 151677, 19911, 498767, 494591, 7230, 254524, 243018, 359313, 61536, 204872, 358995, 399093, 435793, 198991, 153850, 148901, 382335, 208263, 124732, 220184, 439089, 45938, 206607, 321177, 397752, 468765, 115990, 33520, 182232, 203838, 239480, 236196, 170998, 223328, 189297, 189373, 279283, 432543, 433293, 122966, 158467, 376800, 75259, 418693, 91041, 361931, 375992, 178626, 1823, 72159, 419725, 100414, 12365, 190141, 281835, 371042, 288342, 379010, 384908, 177724, 374702, 356466, 212531, 295220, 63908, 128525, 177197, 237207, 471515, 204853, 319680, 315818, 449622, 334267, 454712, 475351, 452680, 283739, 288276, 198270, 199362, 379495, 459359, 371780, 378927, 322958, 233533, 18338, 259105, 414997, 16881, 495604, 402317, 38972, 412223, 14618, 218768, 14258, 3085, 15693, 286634, 269572, 429378, 7799, 437893, 312982, 30665, 82039, 335160, 331368, 156926, 378093, 255148, 1752, 150939, 179644, 201109, 417945, 111088, 485569, 419371, 249691, 327343, 442825, 312012, 50004, 80374, 40872, 76818, 486047, 343023, 491853, 61920, 145983, 374721, 269070, 100424, 193749, 112431, 276803, 361793, 216174, 445558, 420140, 1403, 183839, 371520, 295857, 349599, 22810, 192262, 29015, 133349, 242970, 34363, 264554, 376082, 431600, 227773, 44576, 65275, 335531, 95474, 76732, 93592, 205121, 25206, 305948, 93460, 207280, 413849, 140241, 340456, 452051, 224133, 246097, 37724, 141691, 460040, 473791, 231865, 365819, 407152, 163160, 403466, 390143, 278763, 212237, 203769, 190737, 449131, 253963, 234396, 418145, 236012, 485483, 158661, 444399, 467785, 178437, 433399, 235813, 345091, 473174, 292912, 141917, 223083, 39360, 496569, 325935, 222571, 222543, 332730, 161961, 472840, 306746, 24167, 20499, 173523, 91928, 95847, 211833, 313367, 256737, 334447, 346562, 201840, 437057, 274316, 80942, 410133, 275368, 245233, 359617, 225021, 290883, 164404, 93241, 110625, 368199, 256486, 57637, 475050, 287093, 157162, 156206, 459814, 170314, 111133, 253284, 273056, 286557, 373577, 366311, 273903, 453909, 400051, 102449, 59717, 253933, 263507, 480425, 164868, 369647, 470795, 360338, 417292, 321992, 424165, 443301, 38284, 49877, 590, 118282, 338883, 66205, 27108, 446069, 467594, 369340, 305035, 187125, 284787, 23975, 492288, 181031, 485981, 85254, 320103, 265970, 335421, 384121, 439294, 65828, 306332, 157797, 48386, 448133, 284149, 395063, 431957, 113557, 105898, 14608, 378435, 367112, 215894, 408732, 366356, 76441, 149715, 113841, 151592, 390310, 227849, 407590, 36704, 415041, 300661, 58346, 407509, 388116, 399254, 316625, 315122, 50437, 413931, 13619, 255986, 142593, 370682, 107947, 334474, 349993, 226905, 333913, 96647, 257209, 20561, 240465, 165496, 363487, 107307, 348009, 328401, 428172, 92068, 419705, 303499, 408168, 426844, 158572, 486275, 153684, 148122, 190381, 65177, 167203, 111290, 31485, 437615, 31973, 354192, 425145, 317763, 59674, 219049, 208438, 304350, 421244, 49030, 10409, 109057, 387339, 340850, 66046, 354190, 12786, 54616, 465990, 368972, 173094, 457567, 211661, 251259, 263260, 265378, 341291, 402685, 112891, 198121, 247282, 405590, 94274, 112534, 495499, 453150, 342898, 192681, 154715, 333809, 129607, 363151, 417986, 13112, 425609, 320834, 25139, 356438, 82159, 99221, 440315, 440151, 431296, 148277, 46429, 325857, 368274, 184569, 219005, 99138, 335185, 314653, 236720, 76651, 430338, 292737, 257102, 10837, 353271, 214149, 352840, 246655, 364996, 286419, 462874, 34003, 102032, 307500, 384452, 224014, 376474, 113219, 402527, 199818, 378737, 344458, 320620, 248254, 440964, 313862, 295052, 51153, 311911, 311506, 326512, 472385, 326624, 222203, 463091, 174750, 317470, 377988, 347139, 325406, 34048, 421081, 95310, 419324, 467512, 199257, 393863, 112743, 109658, 400357, 50142, 336401, 174183, 380142, 129772, 433403, 472613, 130472, 133914, 232170, 323980, 72551, 461305, 295473, 104775, 410754, 215508, 467367, 157979, 213021, 134119, 67740, 219968, 86003, 28899, 149394, 88095, 460808, 346085, 190447, 243811, 465770, 319351, 135117, 155634, 203620, 217958, 360140, 362817, 240729, 70138, 76492, 19421, 410280, 436969, 348212, 485778, 26950, 406036, 284422, 65040, 123522, 145681, 194932, 40848, 101680, 399079, 130861, 464434, 55943, 368803, 263723, 357390, 126201, 38782, 459645, 93232, 293550, 412294, 338277, 483946, 41165, 199886, 155219, 158103, 379362, 121925, 290440, 456353, 257542, 88124, 251022, 244164, 424832, 465156, 405883, 214518, 329329, 432967, 487333, 407521, 315919, 52504, 291390, 103982, 351373, 137571, 54058, 183920, 62990, 27162, 408464, 210403, 353359, 427992, 411044, 282317, 149752, 59287, 426777, 76908, 147429, 464715, 26016, 110042, 344047, 345443, 436773, 149288, 316305, 362601, 23812, 397598, 147152, 478480, 305867, 394495, 57882, 96881, 294323, 25232, 20778, 21154, 206832, 297063, 61241, 80546, 360409, 183431, 259206, 216175, 245857, 470857, 67574, 475391, 35429, 427516, 277569, 262260, 18212, 432930, 370513, 397756, 369049, 345135, 356506, 84195, 372775, 386642, 333892, 34089, 487546, 191378, 80187, 194097, 246014, 332720, 65109, 453596, 131169, 98654, 67214, 3597, 431416, 466481, 364814, 298377, 131772, 107298, 262339, 186421, 370278, 214050, 419858, 147647, 366052, 149316, 485765, 269913, 63783, 290046, 209595, 331674, 277569, 423028, 291841, 489985, 31152, 86321, 151059, 477846, 394447, 151617, 53760, 466930, 156686, 271971, 201478, 208144, 441307, 87639, 403318, 308578, 321256, 23249, 480734, 323202, 189114, 20706, 461937, 54406, 496532, 497516, 115200, 52299, 343044, 130372, 347772, 240825, 379614, 46378, 99739, 430586, 10766, 486007, 215892, 399819, 454581, 402815, 9265, 19672, 96523, 477579, 150776, 285923, 215344, 203005, 107999, 48644, 112168, 328054, 204607, 182544, 210970, 160838, 383744, 28621, 26763, 290938, 198592, 436897, 38643, 254570, 119970, 131608, 330996, 89677, 390749, 62120, 462362, 1333, 238369, 322129, 136077, 20620, 375860, 349748, 455922, 107744, 35109, 33682, 129433, 236636, 410499, 306825, 193693, 162644, 93186, 327025, 315061, 203767, 109056, 456288, 43705, 261618, 83480, 66462, 363403, 58066, 138773, 197767, 66472, 424176, 48105, 158998, 46059, 195222, 112879, 423313, 289700, 173392, 49636, 418268, 177272, 237605, 402849, 104925, 120370, 215813, 439079, 375530, 145041, 455409, 98778, 451070, 268956, 487641, 188407, 287967, 149772, 7069, 201487, 353361, 498601, 229470, 311899, 79486, 435950, 437805, 297416, 296794, 273365, 234081, 49413, 279859, 143613, 168289, 94767, 74310, 438447, 173325, 89436, 476601, 53245, 308672, 258197, 105475, 168341, 188866, 96922, 382921, 219383, 427976, 14798, 419880, 499779, 356606, 467966, 344824, 122369, 380814, 443201, 339468, 388786, 29838, 332190, 209544, 183138, 825, 356830, 360728, 425249, 413044, 216749, 344899, 3924, 92613, 95435, 318343, 5307, 495045, 350948, 449845, 152735, 368852, 442751, 364769, 224772, 38206, 417701, 388532, 432278, 314293, 343709, 190283, 385014, 138749, 156144, 40269, 219769, 365467, 337407, 375317, 82995, 383158, 414655, 289422, 372445, 33191, 362919, 337132, 161529, 21623, 285850, 449960, 461856, 76101, 37238, 370749, 105602, 283629, 249845, 215566, 92048, 81961, 310893, 135793, 482455, 363332, 18382, 52636, 331081, 252765, 441834, 156452, 465110, 333969, 101742, 265393, 208471, 136497, 114956, 460979, 414818, 408595, 359035, 124736, 323131, 68099, 346327, 406169, 297528, 86407, 241971, 342752, 285579, 13126, 79492, 489131, 184363, 295416, 190555, 92574, 440360, 296140, 249312, 8730, 461865, 234896, 124529, 295461, 447358, 499577, 495378, 69807, 206084, 125155, 9956, 478714, 148807, 351110, 390077, 332008, 118661, 150084, 154774, 185882, 400126, 333145, 158332, 98353, 248699, 127147, 9690, 149130, 417559, 82686, 477554, 284895, 144817, 437845, 374679, 69006, 193630, 197699, 321494, 3039, 395963, 50442, 291368, 303620, 224245, 394555, 352130, 87587, 145966, 459703, 466473, 374418, 341086, 283330, 226581, 328681, 25365, 9245, 144872, 272960, 364490, 236820, 440441, 11698, 486783, 360898, 104296, 22199, 240362, 79174, 495490, 194505, 159131, 375273, 16928, 132230, 491712, 192286, 158063, 201704, 145031, 20401, 105634, 425087, 263539, 142380, 191065, 341148, 80887, 164502, 248552, 223543, 161905, 432962, 328633, 207507, 378791, 295288, 112873, 288509, 56461, 5377, 69630, 235187, 201823, 276566, 306268, 266894, 295066, 66703, 19167, 173606, 353614, 452838, 328624, 354548, 1857, 306569, 284781, 165010, 387823, 403983, 299342, 38405, 137612, 173532, 469737, 482504, 386545, 90598, 7221, 450102, 202851, 312740, 476225, 2285, 43434, 371491, 301521, 120896, 200728, 116988, 70248, 85948, 373177, 148561, 363873, 35633, 46267, 373221, 301307, 115743, 367819, 42866, 281340, 217524, 274828, 5457, 34238, 309031, 459287, 322922, 301815, 28119, 166999, 367803, 457782, 289736, 165560, 323365, 194336, 237052, 429348, 119939, 134375, 279928, 1513, 330066, 422219, 204858, 198994, 12793, 499003, 317685, 193438, 398566, 462938, 397849, 245208, 271479, 40028, 3995, 405239, 393777, 429660, 250363, 354510, 337097, 211887, 321052, 165866, 452334, 356134, 211638, 334562, 497708, 447137, 42538, 17497, 341072, 179468, 186735, 265893, 77332, 257315, 148435, 227294, 476091, 424530, 18581, 358061, 359288, 274836, 122696, 237818, 282251, 190635, 491568, 81481, 36767, 467275, 75225, 412202, 489990, 117433, 423396, 395553, 478464, 306042, 96346, 231585, 277859, 174993, 296129, 335651, 8794, 385158, 87607, 1251, 47861, 34784, 217191, 158625, 310116, 70246, 201017, 182186, 48854, 291252, 97538, 160654, 12772, 153663, 429988, 344290, 152348, 381082, 156261, 420069, 193713, 428568, 446344, 317617, 84939, 156985, 276051, 228055, 195527, 175655, 383161, 311351, 356527, 84183, 101606, 330142, 187445, 282880, 164334, 162787, 374613, 30785, 444975, 223666, 441232, 181852, 207507, 183543, 190287, 30561, 476827, 82120, 202451, 251244, 364800, 58122, 40427, 300698, 156457, 254668, 409576, 176413, 186709, 229694, 432055, 327602, 498674, 6385, 58727, 271568, 351419, 123250, 181220, 268475, 292247, 96882, 43244, 140132, 306143, 487906, 105496, 218013, 481273, 362002, 112607, 435946, 186774, 355771, 379009, 328206, 344166, 406576, 139928, 62797, 271647, 59003, 382904, 361510, 83959, 199142, 333433, 332829, 355607, 34374, 282763, 393117, 223744, 205412, 446302, 345750, 395754, 11279, 19879, 457484, 110018, 110606, 52336, 490306, 474107, 246328, 155983, 431807, 13154, 371244, 248913, 46370, 283803, 151188, 334223, 240443, 308029, 314692, 421451, 94704, 257601, 276705, 160717, 301354, 317605, 132936, 443601, 180733, 290735, 56402, 422799, 498462, 172226, 52278, 412778, 371744, 64753, 216293, 62538, 85509, 330714, 97468, 82607, 188865, 193256, 352366, 166935, 316392, 108663, 234158, 200808, 123381, 327812, 169380, 243964, 76707, 69501, 60095, 352427, 423891, 346218, 382369, 184238, 274922, 487600, 482473, 245362, 469133, 191227, 68441, 201011, 400535, 492470, 118078, 78541, 456639, 71062, 423690, 447351, 487961, 328294, 351135, 90424, 261660, 123741, 432284, 410080, 108565, 457691, 278133, 112361, 371178, 83330, 273485, 494741, 109341, 197684, 389057, 112821, 360409, 144330, 472806, 112499, 272475, 228061, 72338, 57844, 497937, 127288, 439370, 114346, 40266, 289751, 162008, 331915, 198686, 200884, 453539, 353658, 402988, 85757, 450239, 41564, 446559, 495972, 87788, 252479, 492271, 83825, 389027, 313390, 200160, 202003, 364626, 235142, 59055, 398872, 221272, 12507, 228195, 310933, 377276, 371751, 103619, 244979, 349502, 168169, 333475, 399679, 410796, 327583, 227510, 155280, 151377, 199028, 129853, 29062, 367847, 262378, 142776, 193780, 452784, 135234, 290231, 416235, 271815, 114912, 89674, 275039, 465227, 496700, 375401, 158089, 408964, 7706, 73004, 452967, 488348, 68446, 362296, 80917, 302495, 175639, 219546, 463316, 449170, 71731, 336039, 368651, 227409, 465528, 476065, 215284, 373103, 150325, 239784, 50491, 8755, 372255, 402473, 77654, 183562, 50290, 474638, 124157, 79474, 53543, 403508, 317719, 483571, 477867, 488059, 374231, 159802, 145319, 443325, 272290, 210838, 178521, 285367, 229000, 352237, 236083, 15809, 448302, 386484, 478883, 252163, 176226, 164269, 490091, 274756, 277948, 430224, 98339, 88557, 44074, 85342, 351733, 121093, 462871, 323153, 9658, 254857, 227141, 45896, 259114, 117000, 238658, 194882, 462023, 291879, 257199, 154893, 444418, 164144, 368549, 289805, 484340, 197291, 474028, 112566, 221246, 51708, 192070, 278215, 157542, 167964, 462567, 372517, 229989, 118765, 250979, 99011, 275467, 50056, 7601, 23255, 184741, 14912, 1528, 429329, 3802, 400703, 349752, 126022, 194054, 426311, 46402, 347093, 39152, 409510, 462895, 114925, 315466, 354204, 7120, 491244, 401615, 315974, 108552, 189499, 420808, 398089, 23313, 23026, 432551, 348693, 357669, 128822, 54214, 280851, 93990, 468950, 471366, 197701, 256345, 294454, 14467, 336864, 366652, 193683, 334211, 487817, 489704, 467366, 336530, 412332, 397518, 153670, 464170, 158250, 485909, 30273, 120197, 216215, 356819, 52513, 354673, 86685, 231048, 218379, 274031, 436737, 306726, 78868, 237311, 173366, 91979, 487950, 457908, 225229, 102114, 389224, 132662, 173500, 471507, 452253, 445616, 403230, 461936, 127096, 34993, 97693, 412180, 204084, 445016, 240811, 122574, 442286, 124618, 294013, 272352, 294345, 375005, 206379, 308886, 226032, 76082, 455414, 49232, 429305, 185986, 36894, 98122, 324347, 226982, 269790, 326833, 441077, 314849, 80881, 128885, 181058, 69126, 7023, 368644, 498811, 338974, 134165, 366190, 382536, 98616, 5985, 142172, 385439, 29928, 284081, 258720, 388741, 313940, 98553, 245251, 196052, 33246, 86359, 187469, 430346, 239331, 132732, 103007, 232861, 27330, 402092, 437423, 280453, 129241, 495284, 386672, 488491, 269223, 492629, 353405, 41634, 448412, 81325, 177939, 430693, 170712, 458682, 331093, 478677, 466380, 338556, 101011, 198037, 135820, 450512, 468061, 221726, 53266, 45330, 118003, 172653, 279249, 143975, 137820, 411536, 411639, 210412, 351460, 78962, 296380, 404052, 8822, 103388, 11583, 311748, 239559, 193641, 70118, 65285, 475491, 472866, 482239, 355580, 385964, 144185, 153047, 85334, 336061, 324427, 357971, 284403, 90105, 428913, 21352, 290908, 428175, 430144, 98433, 263590, 365077, 103002, 166011, 112244, 198706, 283076, 212209, 194825, 491262, 362834, 343296, 137406, 162695, 6560, 416912, 166136, 125859, 312048, 475933, 121298, 88563, 334260, 67739, 335331, 92435, 6108, 300702, 461271, 178434, 19486, 264513, 25134, 25349, 53998, 473844, 299587, 472734, 331639, 314534, 256240, 179265, 276934, 349744, 360393, 418805, 95898, 481785, 224682, 261256, 142898, 179030, 226182, 291550, 164208, 247420, 45267, 53993, 294256, 80911, 408080, 334382, 88378, 278917, 169719, 123228, 284945, 145939, 367343, 70943, 378704, 112837, 388904, 69665, 54044, 346457, 73447, 54762, 288972, 129248, 327484, 158909, 183382, 12335, 111895, 349736, 236965, 180575, 462868, 133882, 41478, 245806, 165413, 197900, 374099, 227602, 308672, 17949, 369064, 109792, 134993, 190233, 331694, 430741, 174424, 92439, 387873, 149642, 30945, 241704, 328335, 256863, 286336, 32317, 141924, 263766, 178135, 134606, 57173, 103849, 221764, 374494, 306776, 325202, 155959, 476966, 197966, 438155, 231443, 452920, 409237, 327526, 267137, 204706, 174664, 41536, 356389, 456732, 426775, 83113, 164810, 221624, 159790, 76052, 345305, 330549, 79866, 494742, 446470, 315229, 441339, 225202, 68827, 35447, 330213, 80873, 300659, 152865, 95642, 149536, 94786, 444375, 450892, 134020, 183945, 11941, 423921, 58935, 180546, 38094, 458897, 190834, 315510, 245380, 364606, 364258, 422070, 207779, 1955, 257483, 410414, 61847, 381069, 426555, 85737, 305506, 104137, 434248, 67037, 238814, 389067, 98505, 441669, 201244, 281172, 363517, 74641, 116195, 163799, 278307, 182437, 215767, 425611, 401445, 41959, 299581, 405013, 283715, 222652, 409894, 234231, 179493, 200960, 345383, 49647, 294829, 86950, 466443, 114838, 4604, 312988, 340547, 53377, 265132, 113404, 295046, 459740, 286150, 247433, 317694, 464985, 487471, 26467, 398380, 19656, 327832, 401499, 28325, 490922, 24122, 244272, 342512, 406565, 360960, 285343, 270001, 89966, 461772, 334494, 234259, 308229, 398079, 237347, 138164, 183738, 304068, 24288, 491320, 195822, 154952, 430332, 50494, 259156, 319977, 64769, 220410, 13290, 410349, 430037, 76509, 226368, 475258, 242504, 439268, 388816, 270962, 490716, 90, 261752, 448830, 186591, 10916, 337129, 398645, 374852, 343350, 197923, 208456, 244905, 58804, 301070, 147809, 454829, 316724, 153316, 93892, 429831, 355894, 296941, 103723, 299617, 398997, 213932, 272400, 30954, 460847, 483329, 343744, 7311, 124271, 353131, 129611, 105969, 64354, 408707, 468912, 451295, 156726, 214866, 122952, 211694, 362187, 318180, 221153, 285294, 202107, 47239, 256761, 118333, 175331, 122742, 349276, 220590, 445620, 154779, 409503, 452938, 156612, 12261, 450292, 255919, 390077, 429106, 293917, 18997, 350769, 465892, 252285, 40790, 62232, 80440, 386852, 479204, 294805, 444622, 479974, 316514, 28460, 164842, 350991, 219744, 408204, 495180, 56515, 274688, 36231, 465510, 49175, 252746, 225323, 356944, 363475, 442778, 282935, 348798, 479162, 288437, 50424, 60079, 51164, 296542, 23638, 217377, 55552, 56776, 296341, 129141, 272364, 341063, 476132, 103454, 425416, 2881, 52709, 168198, 23268, 422067, 73599, 367291, 92794, 130709, 136177, 154021, 489152, 270167, 408973, 475709, 197176, 288036, 305018, 187766, 27206, 229962, 389875, 252539, 175893, 35730, 191063, 401557, 192802, 149010, 133737, 1866, 106107, 148097, 148160, 452904, 82789, 421936, 114556, 324867, 118492, 367845, 96450, 77743, 409756, 450772, 143464, 460594, 364229, 410222, 137786, 172799, 227901, 288149, 328285, 489821, 338124, 39254, 109496, 27959, 277506, 182357, 31135, 280152, 296037, 205152, 267383, 478157, 237353, 83829, 73493, 304818, 399138, 453767, 435434, 301607, 49537, 326325, 152861, 475680, 111780, 391902, 427468, 154841, 310275, 70749, 158911, 113051, 80217, 158621, 114429, 422440, 477987, 387550, 429626, 150708, 205486, 92414, 417286, 360158, 21526, 400294, 120339, 487332, 411826, 192748, 271012, 107707, 177949, 170679, 244596, 221375, 27715, 253373, 356479, 402937, 193145, 295115, 385090, 303740, 452981, 241169, 303635, 173354, 246263, 324651, 74531, 92922, 245249, 341869, 55340, 370030, 154139, 78675, 23575, 442496, 476383, 471950, 298372, 219352, 193243, 313308, 7924, 456658, 317495, 388200, 169157, 396935, 497037, 191874, 471190, 138791, 272661, 271802, 440532, 177530, 119527, 421294, 469187, 105115, 213039, 33900, 473617, 224450, 138696, 148362, 37480, 161248, 416368, 461478, 39620, 63812, 297516, 297689, 52569, 272161, 165737, 416677, 410622, 226398, 106425, 310092, 357838, 169052, 332220, 469393, 430914, 183203, 175991, 391949, 416802, 264315, 348978, 333227, 114585, 394404, 59552, 371547, 220773, 32033, 136234, 158545, 443311, 126361, 330985, 247633, 309110, 232770, 153457, 99552, 162472, 333656, 486546, 274677, 65645, 187350, 265772, 191184, 4526, 141766, 499456, 152834, 277692, 326822, 13956, 208777, 86875, 216233, 18424, 63877, 349066, 261442, 483787, 303708, 72325, 370069, 457909, 396255, 213730, 121207, 106810, 148415, 467836, 407154, 365155, 172364, 99821, 322628, 160153, 182861, 284660, 353545, 280939, 370034, 469908, 438501, 7334, 348708, 431660, 286063, 255939, 35071, 426213, 186464, 38573, 70544, 311416, 302903, 483266, 58899, 164548, 217640, 41204, 132725, 213304, 114026, 373164, 171526, 124076, 144701, 236386, 385244, 488664, 405375, 438958, 313870, 380866, 280608, 229096, 372603, 29217, 480263, 136803, 331491, 162911, 430001, 324167, 459878, 32336, 51493, 423823, 244477, 140975, 43116, 304355, 210943, 460438, 252286, 10089, 473926, 161428, 444566, 425370, 474711, 106723, 166477, 318572, 2279, 463149, 122578, 218670, 248465, 41327, 51247, 11958, 415904, 364073, 250506, 146666, 303076, 20045, 192325, 198483, 23434, 213482, 90025, 36499, 236935, 286830, 176301, 321870, 222592, 179594, 154244, 336629, 348469, 485421, 423414, 245927, 383010, 113894, 414710, 71912, 10575, 435111, 354501, 273969, 86097, 21312, 493271, 332903, 421095, 288401, 66470, 49493, 140852, 162776, 22859, 75993, 100344, 294060, 196184, 215686, 189128, 415472, 198472, 382269, 14573, 52061, 318810, 380805, 146483, 224269, 134965, 469283, 432581, 96646, 130217, 375777, 191025, 204542, 64872, 315833, 234433, 163835, 21524, 163306, 299007, 195431, 324803, 470820, 228934, 59966, 72273, 209777, 210268, 57868, 436635, 359532, 340127, 242998, 308328, 207272, 162550, 484851, 118349, 105912, 48151, 277716, 90646, 306586, 68401, 330443, 128274, 114392, 467027, 488802, 321430, 136223, 64034, 57929, 237575, 13459, 499691, 310842, 405828, 204059, 277783, 367648, 71408, 423394, 353463, 329179, 444545, 344602, 275865, 60770, 395382, 75687, 493312, 378974, 182638, 235035, 210816, 358596, 410067, 142648, 331295, 215702, 291385, 462576, 87154, 339477, 273027, 30444, 405384, 235618, 444826, 451723, 60379, 143503, 376893, 119445, 61078, 72035, 481569, 204474, 239338, 102889, 303437, 171601, 52081, 237656, 132550, 163662, 392861, 356047, 348648, 283476, 105141, 278624, 271761, 90262, 451351, 483314, 309112, 350567, 18250, 440728, 152316, 471864, 161322, 268827, 486397, 42576, 362507, 305231, 307613, 294807, 324020, 96366, 340491, 306956, 485702, 4410, 131469, 317777, 372061, 383708, 168463, 430638, 323706, 221915, 5278, 22350, 372212, 195130, 134863, 358837, 315684, 472030, 376270, 264225, 126205, 184685, 123750, 125364, 330464, 206241, 27437, 338319, 58373, 457239, 127607, 393450, 454960, 268331, 48377, 493484, 39116, 191805, 394957, 425825, 410548, 140946, 375998, 290427, 172783, 145060, 67419, 183016, 320687, 324510, 426447, 131107, 30551, 136535, 468715, 31269, 492742, 172256, 105212, 320798, 50803, 435912, 365049, 252242, 335481, 145519, 103250, 115555, 71281, 304842, 87178, 223299, 291253, 246138, 443477, 69565, 485194, 304706, 108930, 197324, 489164, 418825, 474554, 297978, 348442, 230571, 144375, 217680, 210257, 419912, 395334, 68907, 187406, 58997, 184530, 62383, 215059, 111845, 332886, 364652, 319739, 478403, 421547, 377256, 446288, 472883, 149604, 250666, 47058, 472042, 233930, 96699, 9826, 416051, 212076, 5256, 353133, 18954, 226222, 250705, 177677, 405020, 103510, 237579, 147216, 14010, 247598, 438313, 314733, 50876, 365191, 2764, 207538, 270709, 175826, 474054, 460246, 407725, 459463, 354250, 331921, 253828, 207686, 155089, 394764, 426337, 174430, 360289, 63079, 52836, 459406, 255996, 248389, 116407, 295580, 490514, 463542, 39524, 173177, 50619, 380213, 389614, 444915, 373206, 193089, 1258, 436775, 131085, 324742, 387071, 117151, 70482, 174605, 289925, 227232, 51680, 65857, 387390, 32160, 361614, 379120, 45109, 137601, 272873, 374627, 15685, 185007, 80266, 475420, 479939, 107080, 28363, 436398, 391622, 83279, 266980, 82131, 122426, 150546, 175054, 417580, 379212, 430450, 424860, 197950, 312751, 341597, 495626, 121419, 260624, 172507, 322316, 348684, 398219, 224213, 307826, 450398, 123429, 159278, 15383, 165782, 423094, 350367, 226402, 148356, 359707, 387719, 475312, 121536, 30995, 468457, 446566, 123054, 266187, 166973, 254866, 129985, 168955, 136050, 5488, 69966, 447545, 208590, 311408, 444357, 232766, 125354, 111349, 103278, 345868, 313341, 141727, 131287, 386496, 232277, 27543, 253876, 125540, 235005, 230998, 16864, 359349, 216520, 433431, 394460, 477410, 162012, 102734, 126654, 417405, 164319, 296444, 330106, 136341, 245784, 429526, 416025, 49510, 472187, 396088, 77752, 119391, 309291, 135924, 477678, 427836, 60381, 271249, 158552, 462947, 464596, 316803, 320207, 126459, 3705, 450677, 348993, 345425, 405953, 104976, 166187, 307119, 204793, 358026, 104158, 136219, 68879, 380276, 446460, 328593, 336347, 356285, 220589, 331250, 496331, 387430, 409097, 115682, 356623, 300994, 351630, 93454, 191831, 370543, 300099, 196019, 12608, 50195, 157517, 358485, 281845, 494821, 60108, 285692, 306778, 366425, 351506, 324568, 287346, 419513, 138844, 154668, 393382, 73972, 119209, 411787, 255997, 425475, 377010, 282414, 265223, 333675, 418029, 223123, 362205, 444097, 448733, 289074, 26510, 342581, 493060, 193020, 286026, 223852, 172065, 469712, 59187, 306037, 352638, 406988, 182871, 308940, 3620, 329586, 36434, 177301, 176145, 346277, 99417, 132891, 152948, 400215, 276753, 234435, 73008, 70850, 118465, 462702, 61612, 349707, 95025, 15005, 443842, 182616, 240015, 163050, 341340, 265281, 393609, 104301, 487284, 72255, 138819, 369006, 449461, 92228, 284628, 234150, 158980, 371711, 458842, 460221, 48686, 395365, 143519, 319723, 439938, 119316, 171122, 33984, 122675, 470734, 418182, 286239, 150135, 413654, 416386, 306747, 497621, 142436, 370180, 326467, 78016, 50835, 265316, 471197, 446643, 265822, 459478, 155118, 102250, 375878, 162676, 225177, 445208, 374505, 316791, 106766, 245181, 244607, 148172, 133230, 304758, 52702, 441970, 132342, 377147, 225556, 143607, 300627, 119641, 378557, 31233, 352659, 91675, 459289, 271723, 440551, 195576, 144074, 61436, 441790, 199456, 396333, 224198, 3388, 483137, 47117, 524, 391725, 188819, 381066, 53913, 411869, 485424, 452371, 306892, 397711, 329920, 212077, 14388, 456308, 394319, 37674, 25700, 310011, 425451, 33659, 184916, 163610, 359824, 424567, 379686, 115802, 351235, 65093, 232375, 220314, 101891, 29156, 167637, 64397, 3676, 193265, 45963, 314179, 335276, 46826, 431801, 78973, 208611, 405256, 456737, 303541, 499267, 158366, 191467, 144691, 310463, 216519, 96216, 232581, 160835, 31346, 57198, 331762, 336233, 79160, 409420, 20654, 239918, 407508, 343128, 88151, 152985, 339387, 79851, 362555, 206677, 262428, 56911, 351500, 114856, 158658, 179474, 410794, 2577, 374342, 324907, 466553, 204979, 110429, 78987, 1997, 87131, 470214, 296782, 309113, 417699, 376791, 387912, 278609, 487734, 63605, 40123, 152316, 382624, 374346, 319846, 440215, 451515, 482389, 63944, 19501, 401015, 92502, 376218, 381040, 209203, 22377, 105821, 13228, 362865, 231097, 169095, 41308, 154855, 242716, 85440, 138946, 133980, 190535, 461277, 471228, 479101, 19256, 284667, 284287, 388273, 399023, 167757, 180190, 28702, 90713, 265938, 80140, 200086, 153596, 440226, 431858, 442609, 404055, 22994, 423228, 491629, 89979, 327255, 339996, 264841, 32238, 426046, 56712, 200580, 304854, 29355, 231605, 12176, 5166, 400623, 247758, 434018, 66275, 279907, 14443, 214685, 465745, 379337, 348142, 306837, 358099, 281433, 434000, 141172, 146482, 422718, 308692, 334695, 249945, 321141, 10224, 434284, 262194, 235198, 349921, 81474, 426935, 372876, 259624, 35127, 217842, 34657, 457433, 185560, 355723, 370724, 119131, 232843, 99623, 200573, 333984, 121216, 221115, 159113, 271529, 52096, 140138, 101372, 443814, 91806, 262254, 305697, 420444, 73841, 298630, 390633, 280923, 113681, 37936, 404310, 204897, 309004, 280610, 388435, 60863, 196437, 81334, 318320, 344222, 27717, 265880, 317810, 35756, 453663, 165913, 279603, 491939, 280551, 386087, 128, 371200, 393101, 275011, 340536, 484790, 302572, 138058, 142762, 89105, 170515, 3483, 434819, 465992, 496998, 323130, 221420, 26091, 414558, 218639, 33457, 876, 315131, 156592, 221742, 101173, 475021, 56281, 21022, 303123, 446675, 173279, 157717, 150605, 105229, 104557, 361741, 130632, 19921, 424967, 189830, 493133, 216412, 238405, 78887, 461878, 257539, 130977, 249641, 236948, 234062, 462323, 483960, 410757, 339136, 236741, 362198, 491611, 451116, 33846, 66506, 216116, 191018, 409193, 352873, 457476, 59652, 333106, 309674, 420106, 375784, 424837, 32872, 137613, 361259, 488286, 114245, 379889, 121991, 198041, 174842, 399014, 191673, 186100, 398419, 56801, 324040, 292074, 69738, 419580, 453225, 196294, 37713, 201556, 192944, 473565, 197874, 119887, 291379, 168896, 440724, 287698, 381462, 26061, 251810, 349453, 429190, 489289, 338201, 5637, 118461, 296567, 367742, 286177, 333765, 338802, 318854, 213604, 425176, 158676, 95536, 204294, 456476, 183794, 403289, 253875, 499001, 425607, 242869, 199867, 161552, 5077, 201321, 107172, 439756, 453164, 487592, 415562, 1903, 328271, 31294, 256030, 170079, 351214, 136505, 28938, 175908, 372181, 212333, 30126, 248517, 403087, 185791, 61269, 9839, 102832, 56080, 327890, 408012, 201053, 177461, 461380, 459503, 387501, 413260, 474211, 319303, 482909, 497622, 356614, 205242, 230963, 332863, 162276, 196382, 19175, 475087, 41116, 289286, 276143, 35339, 66963, 168811, 171996, 247889, 48004, 80336, 429876, 338165, 321462, 353319, 457027, 159010, 21814, 464431, 450633, 183016, 233687, 484755, 134104, 149256, 198915, 60674, 418737, 459809, 414609, 64582, 481931, 458146, 279030, 12771, 394986, 266899, 229287, 121272, 357275, 383327, 386086, 464232, 438675, 498940, 164217, 77466, 182314, 77292, 360404, 219683, 318869, 444535, 339292, 114996, 156564, 406952, 418602, 200506, 50660, 401087, 8633, 215726, 186807, 407684, 465733, 310176, 214177, 205279, 46091, 263143, 256586, 141130, 305629, 244069, 14472, 62247, 4111, 129589, 447725, 81314, 480563, 363443, 484685, 349303, 327021, 251529, 228454, 115332, 424793, 37559, 371134, 162837, 481070, 166445, 449623, 325589, 335348, 191686, 322751, 369570, 350303, 3202, 340968, 113502, 40215, 282113, 364539, 28375, 240609, 2492, 190901, 379619, 301900, 486073, 474183, 300317, 19748, 235367, 210154, 156726, 166286, 328994, 247260, 160187, 111528, 447233, 196924, 387200, 418984, 149523, 290368, 57517, 122812, 454983, 429500, 474340, 186767, 114044, 406190, 253544, 185969, 325033, 270263, 382429, 284413, 316622, 205487, 486156, 456188, 77943, 466170, 451302, 282187, 1092, 265211, 402925, 365856, 145608, 387209, 179062, 294220, 77308, 235318, 85351, 352983, 289355, 367270, 17391, 15085, 102881, 157337, 15976, 141354, 266777, 449878, 192230, 275322, 41798, 83637, 257679, 263405, 442553, 329576, 127955, 55993, 246693, 284808, 469996, 159281, 19535, 42123, 76137, 369046, 9226, 377412, 359103, 472487, 412071, 471577, 163173, 124407, 411745, 464954, 464856, 479409, 361913, 88183, 433591, 360872, 172676, 442629, 114980, 145156, 409498, 344280, 454999, 22906, 207419, 394156, 75687, 314157, 189827, 340839, 120633, 476651, 145632, 211957, 310924, 319598, 409109, 212113, 347259, 76736, 214900, 54377, 313484, 400656, 64907, 180436, 185016, 266594, 442700, 272360, 37643, 252829, 335250, 476963, 494017, 104550, 461410, 240762, 486913, 481900, 336818, 64707, 26425, 80873, 372889, 372887, 79137, 289965, 193317, 467797, 282301, 240816, 495925, 347647, 304948, 138965, 479201, 425885, 310980, 230195, 4897, 287681, 215004, 235394, 147534, 458663, 88353, 321845, 284926, 132503, 343704, 491289, 385929, 321318, 270526, 482008, 437983, 162972, 150748, 123563, 393444, 287671, 52002, 7837, 351338, 279971, 197985, 158397, 153964, 76556, 195084, 360449, 187780, 52969, 224867, 476070, 333110, 309416, 154097, 431885, 265091, 188364, 267414, 392806, 11483, 15557, 19961, 453516, 390229, 467302, 144501, 154723, 146144, 466923, 23746, 458324, 40784, 465921, 16575, 313805, 123314, 160224, 390860, 95126, 72149, 357550, 372139, 58846, 13335, 81, 491480, 427156, 68367, 383451, 223421, 35022, 221123, 298241, 220728, 233267, 313502, 2548, 426979, 338618, 384784, 303214, 474302, 450510, 383667, 299866, 160134, 224772, 291254, 26713, 328596, 46987, 343910, 477323, 349311, 153848, 233337, 179286, 422492, 70953, 450539, 469273, 431828, 368121, 421647, 486423, 101515, 39920, 155246, 207059, 36826, 348911, 417089, 389845, 153694, 432067, 151719, 491857, 451367, 344241, 136564, 89608, 415238, 448528, 28545, 496939, 327954, 400169, 420570, 174214, 263856, 102242, 426106, 111781, 141024, 370637, 497930, 13751, 179214, 56917, 473143, 396825, 438794, 64890, 221763, 211220, 117211, 70572, 291399, 456815, 386452, 358881, 249098, 397912, 418663, 148407, 375454, 381139, 29813, 85428, 316975, 49186, 53040, 370840, 284522, 25881, 494455, 235291, 96715, 290972, 67665, 187371, 40883, 154642, 70924, 250476, 429888, 451333, 267951, 449392, 120431, 241960, 193028, 321652, 123097, 186102, 7844, 232196, 12839, 307966, 493341, 281647, 56568, 306963, 206089, 233293, 403526, 29942, 135886, 96794, 362501, 120245, 49364, 277574, 157529, 395623, 365722, 171650, 38015, 433191, 276796, 461247, 60606, 211787, 33638, 40536, 255220, 263983, 149480, 61002, 157460, 395407, 334551, 227009, 333655, 77464, 329497, 146761, 467438, 436085, 328036, 362769, 172662, 462730, 86769, 341861, 499118, 250935, 213059, 207109, 379196, 476702, 63264, 220625, 103545, 338272, 223251, 459620, 217758, 374113, 21084, 277899, 41982, 483384, 1266, 19818, 204642, 64734, 183608, 494819, 139685, 336849, 357782, 473610, 487128, 460179, 102657, 124094, 269572, 384365, 60781, 37366, 295260, 206849, 271920, 489710, 298392, 322584, 326452, 334468, 105122, 254396, 231874, 318341, 285237, 21410, 403246, 112214, 311171, 20467, 147014, 280819, 197626, 390942, 308706, 176389, 44858, 17791, 117331, 83437, 176804, 482481, 40167, 246194, 383740, 282657, 347205, 238627, 382573, 451267, 77828, 404083, 444467, 368273, 151979, 486005, 104686, 339394, 301471, 394986, 20131, 327218, 294093, 5799, 163408, 305478, 255512, 353508, 231139, 497295, 16744, 428704, 112610, 427225, 17448, 210888, 355984, 127090, 42604, 341948, 375972, 403168, 58272, 384233, 454038, 366091, 370436, 166827, 148398, 392747, 424358, 363096, 48483, 107716, 247731, 238860, 438803, 115513, 207431, 9888, 242994, 354478, 318492, 319416, 143430, 125322, 480925, 410749, 24794, 311563, 269376, 79044, 309698, 123288, 78451, 117677, 137643, 13379, 239219, 149285, 84281, 97141, 129247, 455204, 45063, 260460, 100910, 71075, 11289, 488122, 45672, 18948, 155009, 415856, 57546, 271554, 333911, 278719, 298463, 498854, 241851, 260411, 239873, 462112, 61249, 114707, 201311, 201420, 183224, 2355, 86970, 171048, 193363, 390266, 474281, 117565, 33129, 414021, 489221, 3039, 373286, 271219, 10637, 218160, 122021, 159675, 188939, 433909, 458729, 174900, 51718, 398400, 96957, 267357, 74863, 454733, 8608, 36867, 477118, 100452, 12277, 151686, 47216, 144646, 398639, 390763, 208045, 180927, 215719, 272375, 437356, 223945, 400503, 374386, 6817, 242873, 271596, 308491, 428827, 146840, 387406, 73339, 165838, 132611, 190026, 351282, 413601, 373638, 1617, 194218, 454646, 203125, 78357, 268179, 257440, 225132, 444916, 435735, 249335, 300100, 416505, 296552, 248053, 430532, 17303, 449977, 365585, 382125, 8829, 477625, 393067, 228667, 311874, 451412, 234310, 19452, 85316, 471905, 487834, 367925, 264659, 344751, 142841, 9831, 84539, 209287, 158757, 126835, 111689, 282123, 490390, 423503, 153256, 410936, 308813, 404872, 360009, 215966, 109995, 392074, 190859, 394742, 76655, 209257, 197480, 417407, 254680, 284341, 74030, 357311, 398729, 32988, 44452, 269109, 449662, 120343, 370321, 381910, 397668, 184064, 306974, 464067, 48945, 310192, 270313, 193208, 417569, 87007, 211931, 25764, 80246, 471843, 232840, 489533, 182482, 9177, 393233, 363334, 127583, 204840, 294721, 341354, 452509, 194749, 432594, 240180, 446758, 76741, 285355, 104641, 428615, 168722, 355407, 142169, 346061, 325370, 276737, 184966, 338857, 57878, 254404, 494053, 13514, 315233, 213484, 174915, 232571, 30252, 88853, 404213, 19959, 391469, 468397, 354568, 11449, 459170, 451704, 184779, 443733, 63111, 369940, 216254, 47756, 168835, 116257, 56785, 162789, 158735, 165193, 152087, 460321, 313351, 312890, 121144, 455125, 302125, 499520, 150491, 303520, 495474, 414874, 44208, 111475, 332533, 319591, 358822, 494479, 148042, 131198, 365367, 261002, 228488, 67686, 2978, 401823, 26355, 455100, 433522, 71019, 472594, 430656, 405924, 315615, 364237, 265756, 118657, 107903, 157052, 383221, 202980, 214463, 203405, 25810, 357645, 349205, 423217, 489468, 316037, 405178, 409067, 346252, 262075, 302013, 384507, 39501, 80996, 104917, 200620, 454157, 105926, 314628, 157807, 412701, 210064, 33298, 172722, 478309, 97638, 358783, 436066, 398368, 302347, 171471, 56013, 158366, 276290, 287733, 9341, 22431, 106857, 178914, 177560, 31163, 114762, 400564, 376020, 184092, 272401, 161462, 385322, 217531, 406476, 32127, 211908, 390634, 341147, 268953, 138182, 137957, 234391, 200425, 112585, 76325, 336068, 151319, 491935, 419715, 257934, 93027, 251734, 472548, 357213, 465953, 302835, 68790, 473213, 208201, 306791, 452390, 78745, 284965, 359213, 161397, 273873, 57227, 115354, 222458, 494705, 90828, 205346, 491776, 160923, 443441, 335203, 15769, 73992, 227297, 172162, 357537, 133261, 467576, 237678, 451951, 194248, 273919, 485756, 311597, 310210, 278308, 186841, 331345, 203168, 118754, 277907, 479130, 13408, 168520, 79739, 380151, 362648, 288797, 49968, 141516, 457320, 121845, 293490, 84719, 79039, 237753, 318496, 246117, 64221, 40078, 440650, 486626, 76567, 152023, 424015, 44952, 301889, 427170, 319033, 394531, 316939, 170792, 497603, 194086, 483955, 440283, 41738, 127936, 123894, 3311, 85087, 358566, 233161, 30958, 123309, 168802, 285270, 288779, 427834, 145141, 499714, 260580, 260327, 430726, 366461, 301584, 305892, 47862, 329316, 112007, 308958, 53165, 202056, 120037, 424279, 446952, 122308, 190460, 358434, 17416, 389467, 376107, 216532, 249017, 261882, 496365, 73638, 267614, 183716, 365560, 21978, 52332, 146625, 290506, 196565, 153898, 360490, 385939, 294552, 493622, 65135, 189626, 1550, 103770, 410288, 398859, 71132, 495367, 254855, 108585, 435512, 102929, 251080, 76790, 12661, 357309, 270893, 47478, 376596, 258577, 300819, 217921, 77090, 408643, 471389, 430564, 443631, 332990, 479637, 113186, 216004, 403903, 24706, 385322, 179357, 380174, 207183, 261980, 123436, 306954, 468663, 112956, 45685, 52533, 37784, 392331, 184449, 171762, 316923, 14908, 231823, 162764, 98396, 433264, 370802, 41707, 49394, 205542, 410247, 197280, 308709, 262851, 348043, 389323, 262516, 36282, 388825, 374671, 371205, 18307, 108495, 141688, 344913, 71890, 259962, 417710, 50371, 215212, 336851, 425588, 484311, 340722, 178877, 54639, 298283, 22305, 172578, 261974, 469620, 59408, 149321, 387140, 476972, 496975, 288, 371699, 6919, 498645, 454734, 76210, 100640, 71102, 160571, 341497, 250164, 232302, 348501, 237319, 198781, 332023, 169999, 222329, 63510, 279979, 170112, 161121, 116780, 97228, 450025, 64082, 399126, 432665, 425080, 486541, 285933, 354042, 276905, 395802, 207160, 68579, 243790, 285346, 216145, 254704, 146051, 151868, 49804, 224571, 193694, 412639, 290688, 263909, 228104, 42489, 27190, 416460, 397265, 465446, 7448, 170937, 86543, 346809, 83414, 173292, 37119, 33654, 16471, 351496, 204777, 47118, 243989, 250707, 432821, 488214, 224306, 270173, 441965, 167734, 392243, 115082, 72207, 5285, 253911, 386840, 212340, 268486, 37080, 232985, 475638, 149909, 489916, 484201, 302352, 448256, 232196, 12070, 384419, 345308, 237840, 186434, 203468, 361080, 226781, 325600, 78234, 416327, 224110, 302791, 424558, 422720, 310332, 344616, 230322, 193444, 484481, 71628, 245416, 338891, 423582, 67909, 244471, 493368, 232993, 38850, 351807, 148920, 353735, 333004, 315524, 426004, 61441, 37988, 389714, 273677, 261267, 61416, 186771, 145359, 77593, 180445, 19302, 282876, 155672, 59539, 459876, 462906, 240483, 206058, 170995, 495857, 377427, 220691, 479811, 291170, 239514, 102500, 198065, 342898, 360552, 90766, 497517, 150831, 154705, 194298, 150097, 465644, 274365, 52872, 289392, 92440, 112505, 82408, 96265, 266102, 316673, 256440, 321399, 300859, 231602, 47959, 82701, 269653, 435650, 186086, 335140, 331902, 70147, 214650, 223769, 153327, 412668, 238125, 190526, 133322, 390782, 483195, 35527, 77292, 109775, 64607, 385542, 307132, 118233, 129066, 324947, 391132, 98641, 44873, 82338, 138958, 153031, 325871, 200968, 144965, 434321, 255391, 377787, 183179, 419688, 365280, 449805, 212817, 95982, 102029, 53353, 97009, 370692, 408026, 8458, 444359, 72450, 17282, 72613, 206839, 208077, 262542, 432236, 24501, 100178, 293850, 373988, 244774, 59158, 361118, 87920, 354991, 192598, 270441, 117904, 167909, 495984, 64866, 278029, 83511, 81192, 73928, 391748, 49, 351099, 78347, 60791, 374089, 165364, 468032, 493124, 301205, 222400, 101277, 155915, 88336, 194253, 22825, 319163, 17889, 405079, 224294, 316274, 464582, 335221, 208345, 332633, 472688, 26058, 48148, 146862, 391183, 149448, 448994, 413410, 453453, 116021, 448407, 139908, 328999, 483416, 67515, 338288, 144848, 162086, 49395, 126384, 287544, 292622, 238525, 306859, 277941, 63939, 53891, 204167, 224418, 154528, 409873, 391190, 1717, 259368, 351445, 76327, 447123, 311037, 242280, 238208, 467774, 43939, 324995, 148237, 70215, 106629, 488356, 129018, 25114, 4212, 428896, 221579, 201901, 251059, 114835, 171769, 350066, 318502, 89013, 191038, 376918, 326174, 6001, 308045, 451376, 24773, 375198, 369695, 58308, 496630, 388096, 490545, 415922, 397581, 299265, 337181, 187318, 63056, 115505, 218919, 473879, 490535, 140342, 86022, 160996, 302613, 362023, 152002, 108248, 55980, 228555, 104051, 232571, 122889, 5277, 289226, 339797, 240671, 8830, 57377, 110009, 112013, 250551, 241138, 388702, 454309, 163369, 288046, 144342, 229016, 42543, 449606, 60156, 417814, 460962, 229950, 319927, 110796, 270358, 159464, 413797, 427826, 404411, 386342, 288877, 325053, 216388, 288199, 180054, 189507, 252457, 9102, 35347, 30817, 239106, 474482, 53712, 228640, 269598, 64502, 118784, 433815, 371186, 387695, 457369, 274185, 219635, 380845, 444777, 465905, 101195, 489299, 380691, 60679, 273393, 288337, 12657, 14142, 408248, 42421, 249133, 424202, 121931, 102354, 68398, 39242, 488647, 295374, 316898, 326990, 5148, 420633, 69072, 445460, 461926, 95258, 403386, 106209, 337525, 434938, 52832, 115267, 405889, 383637, 166438, 416389, 170940, 13813, 248970, 449553, 264947, 210300, 150069, 300448, 224162, 85550, 167777, 448369, 258905, 141126, 100664, 165076, 66284, 10272, 214520, 115690, 255939, 312879, 461927, 235182, 229595, 43627, 22575, 204635, 210983, 185079, 341189, 492779, 193850, 166689, 131984, 326372, 29393, 449728, 102536, 132042, 51575, 414620, 108737, 242212, 67918, 257336, 38728, 377319, 238960, 299121, 184473, 472875, 303898, 798, 283437, 239442, 314719, 51537, 356278, 323540, 232040, 342697, 27646, 116503, 257780, 155187, 374311, 418000, 247768, 267804, 139030, 214712, 455339, 491822, 93792, 243850, 107775, 196589, 103760, 343719, 101845, 496038, 474932, 194056, 241742, 299100, 276635, 143921, 291430, 173184, 168170, 243488, 212650, 476425, 137032, 314542, 194005, 353820, 274244, 104081, 9318, 411787, 225136, 27334, 155234, 19758, 254506, 141288, 219316, 314648, 114523, 391806, 229527, 350301, 162564, 206769, 251347, 362002, 487202, 394945, 260460, 116924, 350496, 365663, 251310, 182379, 129136, 99742, 241788, 192858, 320725, 274441, 320291, 242642, 94576, 458797, 294336, 3929, 35873, 414759, 473453, 90137, 300396, 115431, 484148, 369856, 136291, 144848, 11692, 474933, 207023, 101925, 32418, 476397, 377634, 395875, 73113, 498633, 217738, 198210, 366186, 463571, 100457, 303913, 55780, 97600, 427761, 119766, 112591, 205706, 443945, 54683, 305787, 336365, 185613, 362794, 293908, 73523, 371959, 189057, 373681, 432919, 317744, 222628, 351747, 285819, 98322, 455600, 286489, 479189, 378426, 471260, 376709, 140145, 137494, 476412, 253383, 53988, 52353, 41594, 435089, 398277, 208848, 283789, 331628, 31865, 376696, 26193, 305423, 220225, 198583, 7531, 442268, 230825, 193956, 80692, 274400, 60945, 90974, 115650, 254163, 351602, 54829, 285427, 285564, 313158, 78363, 396995, 59359, 16783, 478422, 153694, 44538, 300911, 363474, 57218, 42469, 447313, 318189, 59494, 352482, 161816, 470152, 180225, 7766, 451204, 323613, 251380, 304940, 198391, 472127, 297566, 29430, 360529, 228224, 200534, 224321, 361533, 267804, 97514, 357725, 12920, 457928, 102954, 489800, 270013, 485557, 370729, 133662, 449750, 143214, 30700, 90178, 84666, 353903, 294060, 171925, 129555, 476379, 321359, 477855, 407960, 210162, 325883, 448792, 373604, 360314, 397435, 40681, 257117, 451088, 209319, 38701, 184200, 121363, 150068, 325095, 163222, 443602, 154431, 99740, 140988, 434227, 334356, 422747, 388583, 254180, 217093, 299217, 218494, 347889, 81043, 11159, 91436, 230343, 200402, 389167, 83203, 279837, 223704, 433965, 284758, 18912, 122238, 457530, 293510, 256042, 444145, 259251, 279102, 395107, 474287, 99890, 471945, 373071, 79619, 18476, 158153, 12811, 231865, 271894, 345464, 380502, 393880, 287495, 47585, 379650, 82822, 186453, 71575, 357424, 7749, 295253, 121366, 57675, 489648, 288378, 923, 497674, 44245, 199694, 418205, 333062, 377192, 448378, 279105, 115401, 478002, 187699, 5994, 441987, 439360, 190057, 208263, 183708, 27983, 285852, 465590, 467276, 141482, 207315, 249029, 143791, 486087, 184683, 484677, 137142, 135288, 58599, 488765, 45529, 300464, 447172, 253042, 252282, 320189, 401526, 371968, 290009, 230705, 376388, 462396, 229640, 382652, 440808, 479797, 320538, 417925, 324419, 260530, 5711, 18226, 258360, 361361, 49938, 424862, 144633, 468749, 149042, 199195, 304183, 371944, 348504, 73154, 112055, 117922, 62164, 140929, 277509, 44791, 446717, 141276, 468969, 193, 118233, 180610, 332977, 435698, 279751, 196419, 201083, 314045, 69892, 91382, 186063, 28565, 9093, 307255, 18413, 304147, 254003, 287316, 251553, 365192, 296418, 193728, 314143, 283353, 103575, 303946, 146856, 303013, 372057, 441188, 477414, 214428, 6174, 177996, 197786, 120258, 116136, 374209, 400331, 303059, 285924, 290704, 391702, 494259, 149617, 25661, 165344, 483237, 55585, 106228, 273906, 184200, 448763, 297649, 237532, 53078, 64288, 454422, 306019, 177020, 138118, 391330, 421850, 466248, 73406, 44439, 261582, 23444, 58752, 11521, 101004, 62567, 33039, 391045, 186787, 463045, 323623, 27113, 443424, 471766, 323575, 189352, 354908, 1931, 485656, 58828, 408431, 477175, 470082, 223355, 399282, 280277, 173615, 323113, 11533, 367632, 457009, 471965, 429985, 39095, 355660, 387711, 58380, 241784, 440954, 84425, 284444, 171794, 172887, 79878, 475190, 233081, 475814, 269922, 283792, 258602, 381975, 21539, 488253, 362993, 346609, 195929, 319640, 53631, 95472, 254811, 200888, 332971, 281571, 249668, 307923, 136001, 168052, 379931, 221126, 297212, 178370, 342545, 102595, 253939, 289237, 462550, 446573, 252831, 109685, 175866, 181949, 305690, 87662, 406196, 339064, 181920, 430397, 397761, 24509, 487878, 284395, 346490, 400363, 456008, 371433, 97067, 110523, 349259, 112061, 178900, 171658, 100007, 81568, 191533, 285931, 361969, 135089, 47198, 489619, 355281, 40053, 200643, 495109, 278460, 225090, 115701, 101038, 466178, 173077, 307478, 446288, 486401, 310577, 41683, 419458, 244374, 346910, 366775, 394659, 471965, 50074, 359595, 310447, 51552, 183162, 36024, 334765, 243116, 404672, 449694, 46271, 80375, 65633, 157823, 142779, 446398, 206746, 428393, 42527, 46852, 442673, 464003, 324649, 482312, 142066, 463525, 146788, 213768, 208255, 475023, 397606, 210283, 33510, 324910, 273364, 118232, 199947, 454591, 476245, 192811, 206819, 19501, 290612, 270989, 36756, 399634, 184595, 95990, 390185, 264092, 5790, 420817, 389694, 90156, 339700, 185531, 249732, 331394, 328773, 356785, 156182, 30634, 343409, 394403, 28943, 68245, 88086, 288791, 371101, 15153, 2790, 335099, 195485, 388289, 354621, 322460, 452079, 153518, 494079, 181595, 274759, 8463, 88796, 364304, 367647, 291761, 414100, 11903, 69751, 213208, 276696, 474056, 435862, 160470, 337736, 421244, 270976, 113840, 61812, 165914, 61071, 172657, 222724, 369463, 25601, 79998, 116725, 489007, 307079, 63787, 448781, 45206, 42671, 474970, 59259, 304582, 406831, 177804, 155318, 54906, 233327, 156007, 234430, 117413, 92215, 141704, 498456, 215385, 433854, 229673, 27480, 384938, 253650, 164206, 308311, 107437, 105059, 215880, 308182, 362308, 415907, 207117, 221358, 330456, 443705, 157766, 94169, 77113, 34321, 123184, 159868, 240778, 150652, 128691, 305932, 300832, 74723, 250826, 417484, 141415, 101046, 95002, 290598, 371351, 170192, 114810, 396438, 322199, 293453, 159090, 34430, 431611, 19838, 411696, 304677, 226799, 136557, 92514, 145221, 434542, 272760, 82361, 439745, 388652, 71364, 6290, 432240, 227675, 484072, 85497, 475022, 298320, 2583, 189384, 251112, 10313, 386589, 300030, 239736, 166301, 150092, 268776, 258565, 21898, 280888, 56012, 20602, 125408, 104083, 450322, 206949, 496524, 479221, 59159, 83122, 378780, 220533, 179415, 288326, 33403, 203762, 455667, 451106, 280162, 211468, 71679, 461618, 207042, 197062, 22081, 202724, 60354, 398683, 327342, 803, 361486, 244165, 9594, 439058, 413152, 423265, 306177, 165552, 451130, 295986, 46088, 490494, 393211, 384246, 46361, 287160, 434456, 298400, 113007, 440801, 15646, 80922, 492104, 182601, 459424, 407288, 28637, 376412, 283135, 110202, 372476, 9968, 255246, 400365, 35554, 376944, 19611, 425006, 64619, 208524, 191387, 331430, 150716, 441893, 490228, 194604, 482775, 248221, 424694, 352760, 259998, 199675, 351544, 57356, 288535, 146794, 346162, 191085, 128010, 89354, 356328, 430269, 265201, 413440, 428620, 147980, 52879, 324248, 257574, 400788, 305651, 471148, 394420, 366560, 374832, 487616, 60277, 303875, 449684, 174862, 323271, 407940, 288468, 179094, 256844, 345846, 454621, 354689, 346940, 381900, 433904, 309071, 81773, 419886, 238638, 278613, 373908, 426424, 341176, 11550, 376919, 496043, 17802, 102948, 357525, 233945, 149381, 51797, 193123, 81988, 400175, 278251, 338029, 295271, 316518, 204746, 479444, 63130, 116073, 475912, 119296, 124607, 95470, 428521, 434425, 351344, 157987, 117218, 378523, 345517, 329125, 337639, 179633, 456595, 448347, 424468, 315429, 179032, 317770, 134065, 467233, 369567, 396285, 198588, 239884, 259571, 345041, 277770, 91082, 395322, 2299, 39506, 439832, 285692, 488881, 63506, 179154, 326425, 419149, 26959, 169956, 180404, 191721, 185526, 245948, 478117, 215166, 331423, 155868, 21766, 328316, 212391, 400837, 405369, 97552, 30360, 347672, 331343, 143613, 345062, 314129, 313881, 174133, 272095, 99051, 387733, 314811, 6013, 319397, 481099, 67914, 428486, 201217, 114455, 397222, 234757, 198354, 473210, 463419, 13807, 258733, 257158, 204446, 128541, 478996, 288029, 387734, 68327, 292891, 27627, 496359, 404789, 394047, 293835, 146556, 275441, 412411, 44915, 13598, 247117, 343912, 147678, 468795, 129706, 65508, 296791, 206527, 186292, 2110, 243706, 123591, 109850, 415440, 140562, 453593, 289751, 31250, 113392, 425622, 125998, 131280, 246826, 332666, 235162, 24697, 478332, 348309, 421530, 216367, 30390, 65706, 124803, 229801, 145081, 284932, 371338, 491177, 93345, 1260, 325882, 415326, 105467, 288506, 462959, 358377, 13442, 241843, 37300, 321265, 238567, 141203, 399082, 91975, 331691, 236528, 408396, 213667, 102968, 21510, 301726, 210507, 302824, 471543, 467448, 382825, 45785, 28230, 164915, 369158, 328812, 55265, 62871, 173731, 312923, 331797, 81168, 80073, 206085, 227208, 236740, 484236, 267126, 205422, 398357, 492845, 44708, 475933, 368582, 269022, 10156, 234854, 342019, 438801, 43156, 88095, 492716, 280616, 445897, 410354, 177557, 2095, 413522, 406962, 125785, 71396, 89858, 192010, 213608, 7879, 111128, 351810, 160534, 457532, 388312, 355579, 257140, 135039, 348780, 158507, 428496, 47132, 339220, 106449, 86439, 403343, 142919, 91728, 326164, 336628, 200936, 3616, 60629, 352167, 337397, 28518, 155645, 22414, 188409, 223085, 471957, 415720, 488343, 191857, 141830, 219614, 110601, 180478, 321827, 252916, 230866, 136658, 326449, 390199, 14570, 470868, 491391, 396445, 90378, 320493, 306788, 294024, 20702, 248445, 70823, 20424, 354222, 238641, 28296, 55783, 388550, 206688, 184049, 73377, 136884, 498801, 279308, 253742, 204316, 471745, 358541, 265768, 292446, 186144, 257710, 26772, 58050, 158769, 167480, 336757, 68201, 11339, 97793, 169213, 486373, 114509, 291948, 164072, 386512, 264343, 234501, 282745, 217672, 439617, 78494, 452220, 15267, 418183, 31733, 157057, 207977, 472570, 25828, 498777, 326727, 377027, 19389, 317405, 147435, 14064, 84884, 434552, 471506, 152933, 151280, 416855, 137114, 356785, 243912, 123918, 340920, 89954, 208285, 292109, 314606, 22314, 322137, 157556, 100329, 391867, 177632, 122258, 406741, 451592, 202790, 188513, 178893, 388598, 52610, 407270, 290129, 465563, 470348, 58857, 36924, 115724, 443256, 534, 365061, 55990, 432910, 499498, 11336, 180536, 191960, 223867, 59318, 51774, 247875, 100059, 379662, 206470, 251071, 118593, 273584, 83910, 156566, 176920, 45066, 334401, 382475, 225497, 137704, 128509, 12970, 309674, 240123, 205795, 149260, 426203, 95159, 480368, 62516, 323162, 140642, 363584, 263294, 337061, 334616, 125920, 237849, 348498, 487801, 56030, 92974, 291599, 38049, 32359, 334198, 132747, 365600, 319806, 142353, 200889, 265701, 139433, 402615, 429906, 114457, 21589, 447630, 400903, 256209, 36150, 360518, 307339, 456755, 421419, 195371, 327834, 344288, 328281, 63600, 198518, 48578, 206193, 59751, 172425, 174938, 167362, 426418, 31326, 245231, 331168, 276634, 158067, 276473, 405483, 96743, 401471, 376856, 109437, 402365, 278214, 105688, 278259, 362183, 92367, 160786, 140349, 285021, 180506, 168024, 33035, 363338, 215101, 261611, 415074, 411637, 97059, 39647, 165101, 410981, 318554, 113252, 226178, 419286, 41857, 499871, 4505, 66662, 204279, 252768, 320530, 23455, 140677, 327935, 63341, 320191, 417407, 357640, 185140, 308216, 129264, 96486, 198578, 473, 403986, 411891, 11761, 220792, 303487, 195023, 228213, 57999, 133194, 277399, 34415, 10543, 475310, 26013, 169813, 25459, 176306, 58093, 94870, 202738, 349872, 67413, 274362, 324340, 145087, 220159, 53429, 121060, 198186, 109652, 377003, 208835, 428231, 380403, 60108, 472496, 354513, 219931, 92592, 237919, 182212, 358803, 258923, 38896, 478069, 232231, 395944, 443161, 307845, 340448, 16704, 221544, 14170, 247236, 16594, 18428, 92426, 437795, 136519, 326047, 176696, 123792, 157139, 146800, 80107, 186360, 444611, 302969, 46551, 421396, 318271, 494970, 231466, 229854, 234635, 55246, 382449, 132552, 465957, 211301, 311968, 243802, 421746, 220259, 270266, 191967, 26082, 165386, 424932, 350293, 322430, 265296, 232660, 194511, 378218, 376088, 320989, 318966, 428705, 411713, 410503, 271363, 496282, 259800, 123047, 443710, 219657, 341760, 100220, 496879, 261707, 176337, 242247, 210105, 381299, 20296, 437292, 181709, 5672, 318018, 14206, 44840, 250306, 199446, 161457, 274051, 210066, 55710, 395224, 168854, 254115, 430212, 387242, 326694, 294721, 447025, 181044, 466196, 10067, 71824, 368870, 309192, 131194, 102134, 24196, 385829, 18577, 695, 378081, 158610, 2526, 29610, 417964, 250582, 123234, 431079, 392094, 178014, 141959, 387975, 478225, 5612, 360609, 206939, 194699, 220313, 304133, 199746, 346808, 47395, 271233, 335102, 393570, 51184, 451038, 382668, 61870, 191461, 386217, 43160, 326469, 192158, 148634, 147160, 422826, 472541, 24009, 435825, 157297, 351703, 1305, 441101, 204536, 16655, 395181, 172428, 50268, 326024, 461219, 11896, 129757, 269900, 344008, 349293, 141537, 221375, 357340, 485293, 437778, 88935, 53961, 150792, 498891, 408029, 266534, 381092, 442892, 227710, 64381, 445446, 366033, 307334, 140898, 245767, 30457, 302429, 484444, 2693, 340798, 218047, 421650, 284884, 321348, 158054, 207431, 316972, 470127, 19901, 432888, 194800, 161071, 440634, 360314, 117841, 150433, 352731, 274319, 477155, 108117, 52348, 40338, 211448, 48607, 296296, 382296, 200900, 123041, 123319, 373695, 111046, 65689, 278600, 478297, 231171, 147822, 385368, 265503, 201586, 64780, 405709, 9282, 320060, 335983, 43806, 138320, 413111, 107918, 46337, 88722, 209231, 360870, 39567, 109509, 472717, 339475, 496096, 146419, 318331, 151977, 160475, 233774, 194226, 198981, 140554, 165526, 458749, 190984, 192221, 46213, 358356, 268390, 94543, 456340, 94731, 281169, 350316, 192419, 316400, 30586, 299743, 229813, 244543, 345643, 292167, 249612, 6424, 481125, 306950, 227666, 14497, 480138, 134908, 391210, 448590, 281848, 5585, 14175, 269712, 93172, 39767, 90154, 203744, 66634, 436389, 168378, 103818, 484373, 278859, 18858, 381731, 438609, 327915, 236366, 366862, 466183, 117711, 411366, 424056, 49161, 173518, 12422, 143956, 87723, 291316, 359373, 264652, 376194, 117299, 436623, 374680, 108647, 293638, 68986, 393826, 465857, 499867, 256083, 155439, 197138, 227559, 341089, 200770, 482706, 112860, 425994, 209046, 48812, 428948, 425985, 64635, 33113, 166722, 49599, 161928, 209400, 370570, 332000, 104153, 447315, 236422, 465249, 342004, 468516, 138521, 455195, 190564, 459071, 257181, 262058, 331988, 363528, 257778, 429356, 343486, 186935, 126048, 475631, 460115, 197464, 497744, 86852, 246839, 91993, 364440, 751, 339548, 82090, 24759, 254432, 418971, 357823, 320823, 86231, 348591, 60862, 145574, 118013, 217861, 337921, 459539, 58567, 476124, 332717, 463934, 28954, 329792, 261544, 76811, 480467, 374823, 151525, 354668, 81498, 163761, 152186, 159318, 174540, 337593, 257625, 460199, 451591, 263087, 256224, 494081, 131979, 470053, 91284, 471362, 378155, 14644, 329996, 419363, 30313, 394606, 457397, 74042, 250503, 147262, 451862, 432077, 12630, 118830, 232449, 257321, 287964, 264416, 485208, 108856, 308841, 439523, 32039, 407602, 208826, 145866, 244081, 159343, 460953, 312000, 330696, 406416, 212058, 91, 423202, 493255, 251627, 26960, 449631, 457733, 60407, 394683, 127494, 13733, 239728, 199373, 42007, 488226, 106790, 245792, 315810, 182745, 279255, 25909, 142169, 303115, 2817, 117047, 61218, 32311, 390571, 293194, 347535, 485831, 441144, 37578, 83805, 155415, 447947, 313694, 361646, 457199, 292510, 329213, 168370, 299395, 99522, 317797, 365848, 475058, 123631, 381467, 350002, 330486, 153573, 95298, 384500, 330087, 47562, 282635, 235597, 315880, 306500, 51993, 381668, 220016, 352173, 490096, 391738, 196132, 199945, 446228, 396271, 474387, 64183, 100884, 238626, 394057, 494986, 210514, 173708, 269755, 268586, 230570, 48413, 306520, 22217, 431258, 450077, 167139, 352779, 259287, 444987, 29942, 185355, 477420, 410333, 214937, 16136, 339397, 155184, 183691, 264765, 137637, 454282, 223293, 236916, 250868, 77867, 131017, 479306, 101749, 202848, 11062, 18536, 329554, 213543, 370945, 153329, 417666, 192598, 319682, 458763, 78525, 90266, 50976, 391098, 378163, 484460, 120688, 367473, 77134, 67411, 382805, 113098, 359401, 438799, 90101, 194794, 310780, 290660, 151032, 262103, 120935, 463589, 9274, 207252, 252044, 387321, 118273, 214668, 34534, 118613, 256545, 174984, 107068, 329862, 262550, 186679, 432562, 427902, 313697, 86020, 432835, 167196, 180758, 330888, 154328, 174175, 469381, 125562, 205621, 8301, 431851, 409711, 371225, 356481, 7817, 141128, 422165, 87240, 114009, 150241, 352033, 135051, 372086, 240856, 200600, 4898, 488604, 458177, 293530, 371772, 317005, 283499, 165610, 144790, 218465, 273399, 298339, 20065, 145327, 234969, 136132, 268898, 511, 58335, 369148, 433634, 60635, 39498, 437731, 276352, 307769, 189919, 452982, 151343, 143005, 38098, 194012, 177778, 192963, 118108, 429700, 214757, 326006, 72778, 50268, 298074, 212564, 357936, 499275, 326516, 357992, 239384, 418821, 257667, 56290, 402185, 192396, 233633, 497118, 309369, 368265, 321507, 190584, 348907, 332421, 440824, 442432, 251247, 361772, 9775, 314219, 358881, 220186, 85037, 171225, 69746, 466603, 22223, 70713, 150234, 141922, 432340, 317684, 340858, 480386, 371105, 489312, 119816, 405056, 292979, 135321, 18846, 133183, 374274, 492442, 50158, 232348, 452623, 382969, 99871, 6317, 434124, 293277, 329972, 376113, 262075, 192783, 339309, 55388, 73004, 334346, 376529, 33419, 127786, 99516, 17878, 154514, 211341, 280143, 78869, 482269, 286652, 265693, 132377, 418909, 397036, 310945, 96120, 486234, 339484, 22528, 309204, 453632, 239051, 282061, 85004, 247073, 474212, 348167, 445797, 407119, 169761, 416281, 1184, 37158, 465970, 109136, 26113, 454884, 330663, 229734, 149713, 12693, 64942, 380719, 100582, 250871, 449786, 227461, 362214, 394525, 367609, 137411, 471193, 347350, 12900, 199214, 144438, 214677, 248095, 312972, 156538, 48162, 470513, 274223, 59162, 293248, 471809, 420222, 262914, 313170, 367799, 392910, 319170, 184958, 270019, 265484, 25665, 123083, 495945, 356856, 99113, 179702, 173165, 376070, 440294, 56785, 410526, 495280, 184091, 155000, 84257, 289652, 399451, 426192, 493093, 433000, 35485, 54015, 133065, 196503, 236877, 429172, 343228, 369224, 472982, 186839, 348059, 235827, 87072, 273160, 450007, 148135, 152388, 280941, 382631, 448511, 99011, 329724, 405288, 11258, 83504, 391008, 180821, 111483, 260792, 133602, 192909, 161914, 16723, 364966, 228784, 22945, 49118, 238819, 358219, 471332, 362810, 13670, 259576, 60468, 177308, 74098, 433239, 239716, 458790, 253559, 175159, 482260, 150656, 399552, 369330, 86033, 422766, 327637, 393196, 377797, 279749, 312614, 212616, 466108, 187129, 247101, 102020, 303859, 37729, 443210, 1895, 441284, 219509, 230216, 479618, 140778, 126716, 58187, 329362, 430773, 478040, 61948, 202893, 117343, 198305, 409921, 340618, 379822, 395023, 3752, 302232, 89910, 157749, 92763, 12066, 196832, 212904, 316993, 172656, 414917, 192253, 31077, 199295, 372602, 401948, 444485, 234807, 389318, 129688, 208765, 27616, 377825, 246541, 237927, 117235, 436212, 173271, 395844, 208522, 358647, 135093, 462279, 257740, 45445, 406006, 383652, 329537, 278524, 202076, 240257, 270519, 461111, 247110, 221963, 438753, 89144, 368073, 145083, 391961, 248748, 409282, 275578, 369365, 402132, 463962, 258880, 434081, 342030, 59980, 64349, 402279, 27780, 241621, 120995, 409354, 95822, 139356, 285182, 329782, 346784, 222613, 46280, 450911, 232012, 347252, 327426, 10041, 463589, 368296, 384504, 121889, 485402, 183825, 381675, 180708, 207734, 340198, 5343, 419675, 222448, 493158, 402435, 95485, 7930, 400670, 141775, 405874, 427722, 461694, 33765, 175634, 409809, 147393, 458565, 290011, 135930, 7217, 134781, 303729, 26040, 300313, 462094, 95547, 251577, 497520, 348289, 137658, 11537, 82600, 84377, 281455, 473564, 472717, 130240, 317950, 210206, 409982, 256795, 200980, 219843, 453750, 335551, 321675, 499227, 325260, 115564, 490234, 370987, 172232, 418748, 157648, 308354, 35924, 158892, 345023, 299964, 412621, 349814, 437486, 205630, 226345, 57548, 367557, 143446, 17695, 39387, 207185, 62952, 409608, 308198, 344001, 261428, 214667, 86104, 275768, 307915, 414334, 195289, 386175, 64479, 248341, 174799, 464889, 136508, 435080, 222390, 485611, 146284, 361591, 189222, 395153, 60542, 192016, 8172, 5960, 245448, 102181, 124235, 200925, 438097, 422529, 75709, 227083, 167870, 116142, 122958, 117479, 161923, 387446, 419362, 480657, 345542, 253959, 40109, 341589, 468366, 19044, 275169, 457614, 13738, 395443, 110324, 128626, 453904, 145162, 76700, 278339, 202105, 101485, 18655, 53892, 148457, 28027, 349586, 266088, 263053, 219325, 102027, 244702, 378013, 71212, 101494, 2941, 332495, 75167, 449750, 179718, 57808, 222614, 386324, 298564, 405198, 120302, 179486, 6201, 10144, 213147, 200510, 277621, 136585, 321739, 42957, 39965, 18502, 481892, 258978, 498791, 343953, 178706, 232722, 370658, 476883, 306556, 379082, 419356, 23959, 53283, 244400, 170240, 64664, 262568, 361247, 5953, 362101, 219172, 193157, 475561, 33766, 197614, 248879, 185858, 277716, 488707, 321576, 231682, 345659, 434850, 309272, 317385, 482239, 75103, 317278, 175739, 4007, 309140, 461018, 438206, 134358, 429084, 296087, 188014, 447843, 494541, 64958, 70167, 149225, 365031, 31730, 129538, 466456, 10166, 110919, 424003, 154853, 402228, 300535, 301013, 7939, 354669, 212819, 267567, 302835, 111338, 370044, 281888, 263221, 439447, 251699, 440360, 251235, 264382, 328992, 74716, 107229, 288600, 302592, 413644, 470774, 341708, 292478, 300649, 230313, 384228, 214640, 317487, 380992, 85044, 278053, 355763, 105003, 251275, 372797, 244617, 140562, 20229, 113724, 394792, 161732, 490786, 457136, 65, 197056, 377691, 57423, 438186, 178465, 393873, 166521, 494080, 92773, 249548, 374515, 65835, 484594, 314168, 54096, 279191, 241387, 497428, 79405, 323059, 98543, 201507, 125848, 290095, 283037, 53944, 373596, 209622, 161913, 379903, 385819, 244884, 289375, 496234, 93390, 119804, 443280, 126506, 237238, 203112, 51685, 209017, 101845, 407707, 367345, 423007, 111191, 231972, 467027, 348047, 19313, 222903, 188491, 168741, 438259, 442783, 189163, 63404, 115284, 450845, 380908, 461334, 344985, 261768, 75186, 310053, 456085, 76048, 149164, 323501, 12032, 52606, 493439, 103233, 172894, 396317, 386357, 243169, 224654, 262633, 215615, 170289, 260407, 860, 499255, 72499, 102158, 441053, 55365, 280791, 431117, 87465, 44990, 193112, 410359, 432775, 443350, 44075, 131240, 120838, 135788, 271945, 267463, 25683, 219764, 8052, 413023, 373683, 157190, 132703, 417548, 226085, 232257, 498902, 83776, 426133, 287321, 155173, 381071, 339580, 5234, 364127, 222097, 138659, 391150, 278730, 468759, 50127, 224220, 267829, 3076, 477869, 9965, 237441, 438719, 355819, 117687, 292023, 348549, 335515, 79183, 71614, 481972, 72901, 284197, 176731, 306784, 482526, 324051, 412395, 49182, 324765, 419480, 270904, 118029, 258633, 251947, 342805, 400867, 260921, 477119, 444966, 184731, 4964, 451008, 214444, 77112, 449471, 402958, 111661, 274813, 495157, 387555, 338060, 377952, 334844, 64731, 440468, 311157, 51559, 342541, 349581, 175189, 182005, 181257, 409094, 359357, 293537, 219316, 163799, 300198, 436458, 159959, 28717, 375113, 112636, 378324, 428102, 157315, 318673, 428484, 364855, 108946, 45604, 241384, 466282, 50088, 365207, 173255, 96467, 380995, 77585, 31769, 27646, 252407, 218133, 98964, 112507, 132516, 34999, 361981, 391999, 88242, 249743, 309301, 135706, 329905, 333244, 310634, 461094, 282234, 104595, 270054, 258270, 93139, 31043, 262952, 158911, 276351, 384841, 466396, 171592, 269546, 97980, 391101, 62867, 350107, 254896, 392841, 310817, 248194, 134679, 375669, 487366, 278910, 186030, 282083, 131122, 281759, 93710, 310367, 468824, 351349, 29587, 306104, 205987, 335277, 359569, 457130, 211435, 130205, 284122, 317902, 303893, 147893, 167188, 307844, 322372, 115419, 494343, 385104, 491480, 41280, 156915, 350942, 77738, 134816, 214766, 499098, 489133, 230970, 71370, 392032, 259832, 170260, 314366, 205430, 270952, 337781, 259592, 355083, 286246, 462161, 391616, 350765, 382682, 446526, 473833, 360289, 361552, 257560, 76946, 226398, 52847, 69176, 132826, 485241, 477972, 60003, 349383, 373988, 137588, 433343, 212708, 255650, 190702, 342164, 24229, 266913, 235092, 33341, 228016, 394285, 477185, 310481, 438866, 66594, 305728, 277803, 105255, 53042, 174097, 360573, 335576, 190125, 152386, 318469, 300637, 439965, 218167, 487883, 10897, 240925, 183244, 323389, 453858, 271668, 447222, 94599, 331092, 237096, 46511, 309889, 283681, 157835, 116726, 425127, 48030, 305491, 33020, 47856, 86071, 472440, 336928, 98843, 472499, 102111, 5508, 297033, 477673, 372034, 302970, 184844, 143633, 142367, 346866, 138387, 104741, 463580, 128000, 484850, 215185, 357536, 425733, 305716, 445588, 105785, 234016, 94774, 149431, 391668, 79778, 55770, 27768, 92079, 316239, 178889, 388932, 92298, 206482, 484151, 176681, 362606, 163938, 394603, 415447, 163692, 374118, 436138, 373591, 248493, 272178, 29145, 367167, 315423, 351400, 327285, 236373, 462123, 121777, 35832, 98666, 181116, 13225, 64971, 111608, 377079, 360174, 397978, 35314, 70004, 249809, 441209, 83547, 460295, 435485, 135756, 166189, 252069, 145457, 58194, 151689, 425280, 491880, 235925, 271327, 134275, 471109, 469837, 108424, 490107, 254942, 60484, 86984, 78550, 203278, 324408, 473570, 21233, 173389, 236604, 157919, 134174, 288558, 184884, 490538, 298470, 365132, 46767, 469919, 172442, 131859, 482697, 205588, 427816, 256971, 237299, 494561, 99084, 280636, 4757, 31130, 127795, 325588, 200951, 143102, 122048, 153057, 244957, 371938, 444104, 479146, 356941, 331987, 199216, 218055, 6607, 379863, 260646, 455233, 178016, 259568, 4591, 286637, 101908, 50835, 155075, 215583, 81490, 9656, 58348, 293480, 18507, 210361, 156208, 317091, 260320, 355618, 371565, 406820, 276165, 344390, 336001, 123392, 378054, 152744, 199399, 1195, 67525, 486157, 459159, 221065, 359733, 388067, 254634, 110395, 451372, 5249, 267032, 237407, 286681, 119251, 232310, 446922, 331290, 485802, 80776, 420666, 295614, 235026, 315364, 253223, 484302, 106516, 213871, 308942, 374736, 365346, 277328, 219925, 223547, 360105, 112578, 265434, 149264, 17821, 194820, 174707, 151998, 193865, 328935, 222931, 324120, 459157, 118687, 26371, 269250, 68135, 398838, 5260, 294606, 122560, 473753, 444972, 228128, 411285, 386629, 393073, 178360, 58865, 304084, 314824, 211944, 368190, 181628, 496472, 114064, 180505, 228537, 438478, 194951, 187839, 179571, 79054, 87833, 9370, 253858, 259292, 346546, 255489, 199385, 25996, 336103, 294969, 331150, 357622, 358433, 393438, 305724, 273533, 372636, 31894, 104817, 96687, 216312, 366251, 163452, 231534, 85630, 319333, 328776, 295603, 313350, 291112, 194853, 54625, 202278, 22601, 404642, 961, 499045, 280372, 147795, 136992, 79765, 157892, 245256, 165905, 85232, 262590, 9126, 330409, 158450, 6267, 482499, 95304, 297565, 230433, 116955, 231124, 258722, 242468, 63081, 233409, 444876, 109693, 273311, 458080, 386075, 12757, 274124, 367858, 280672, 94121, 4206, 368627, 353502, 138044, 287249, 150346, 289167, 435616, 448302, 186442, 22794, 479426, 330422, 1213, 456325, 321770, 496892, 103737, 256048, 2381, 464455, 313242, 276983, 159095, 164844, 218629, 196229, 158284, 94427, 253549, 318402, 127140, 333425, 326140, 142744, 451423, 443819, 198713, 345669, 487801, 147453, 278278, 144758, 20889, 270173, 91570, 17525, 319053, 87494, 278346, 226806, 160052, 387690, 203859, 351539, 348996, 401717, 139291, 262875, 443896, 4748, 209463, 429061, 63817, 488728, 366122, 328448, 341880, 284745, 186891, 488543, 262605, 261038, 53714, 213454, 39690, 187600, 370333, 409028, 117142, 284655, 335273, 406302, 152067, 301314, 416170, 427996, 59346, 389421, 95167, 8834, 342151, 311921, 258136, 219580, 161062, 263614, 109464, 205006, 414747, 2282, 114016, 440216, 252054, 321684, 351424, 110051, 476984, 26821, 304511, 358136, 331770, 434089, 46590, 187353, 404895, 196837, 340444, 243267, 161329, 269812, 151311, 470411, 385805, 360418, 422244, 31312, 212101, 287831, 268916, 414773, 86363, 414156, 453057, 402427, 15706, 342298, 487119, 318275, 459672, 71927, 104341, 308931, 417507, 223107, 328643, 353662, 16500, 62072, 161327, 103904, 29239, 271506, 199896, 295365, 126300, 318252, 261360, 270215, 227262, 199088, 224476, 456853, 224966, 85302, 107823, 352444, 498802, 265279, 455934, 483675, 223609, 489943, 214801, 267482, 36541, 153424, 442634, 352348, 373013, 341755, 366360, 243328, 490179, 229894, 333421, 349000, 61414, 372708, 309478, 358045, 196655, 51338, 219276, 135124, 330200, 143762, 17999, 86354, 7324, 196692, 39563, 160391, 404252, 113010, 168526, 13157, 174457, 288266, 199073, 232655, 228942, 163088, 235963, 329347, 370936, 100397, 389232, 440169, 129510, 35120, 309152, 87946, 99308, 222010, 260282, 194255, 363629, 186333, 198347, 2401, 174713, 360936, 376290, 123070, 130353, 364432, 110173, 168379, 210917, 221856, 388228, 42371, 192496, 309390, 138981, 378255, 351467, 56308, 164629, 388812, 87606, 55651, 407090, 196383, 221042, 442727, 41429, 480180, 423938, 477077, 369053, 398142, 281484, 274276, 103434, 324236, 56636, 283321, 216208, 473815, 148962, 426719, 165718, 390886, 357176, 281165, 414974, 154427, 128388, 182093, 492731, 205058, 227948, 97040, 348572, 71321, 64121, 86061, 150379, 42982, 377775, 252055, 480264, 192494, 159916, 405806, 414650, 201208, 278669, 272755, 83906, 194822, 124256, 285442, 422848, 61524, 51414, 181594, 102683, 237102, 428706, 438259, 364686, 149340, 18125, 203603, 213723, 68098, 284993, 316334, 212720, 61239, 311188, 205092, 316114, 244910, 467372, 90997, 196935, 64393, 168505, 477056, 208365, 381975, 217430, 81766, 232619, 306758, 123260, 259683, 372088, 492687, 346911, 202827, 71995, 331574, 284437, 10487, 14080, 389010, 455183, 263068, 126042, 179108, 386575, 73564, 47575, 256860, 63520, 136463, 187634, 157441, 250477, 391218, 398683, 125040, 109959, 372174, 223967, 79873, 303859, 401067, 21394, 109712, 134592, 444402, 193856, 243516, 423056, 348804, 447888, 107435, 285778, 196805, 408833, 138998, 359061, 229904, 15889, 183721, 255225, 475209, 1004, 79286, 417295, 289138, 162354, 318532, 458974, 426656, 214105, 322940, 347736, 429030, 414925, 346123, 30022, 335144, 196081, 406549, 243994, 266173, 495636, 446351, 472740, 325140, 173368, 305461, 456863, 191245, 338281, 410732, 113782, 488862, 164791, 426973, 65012, 179676, 465079, 381553, 254514, 46966, 257696, 202759, 493841, 227885, 263835, 296708, 181164, 79425, 377010, 164235, 306792, 293588, 8800, 237264, 326852, 446460, 223380, 306638, 45536, 352939, 384869, 454022, 8063, 449413, 230208, 203720, 116804, 189642, 492549, 4149, 281525, 167590, 157289, 184394, 206576, 378911, 128393, 423731, 279181, 396429, 83846, 398056, 298954, 23927, 498040, 264107, 161444, 22324, 361456, 259059, 189311, 348905, 288256, 335639, 86471, 439498, 274016, 313378, 402913, 486634, 145226, 306108, 166235, 172197, 92209, 437848, 300372, 427212, 188367, 159896, 361035, 326105, 127556, 110642, 367318, 17598, 184827, 112670, 215950, 455236, 408339, 143381, 267720, 490439, 365159, 386130, 437678, 190107, 316904, 65251, 3404, 199005, 423716, 249176, 227245, 123604, 239161, 184170, 116472, 460432, 340019, 219873, 199253, 176041, 285135, 491687, 262693, 363943, 128504, 215463, 8135, 249469, 40021, 315635, 352322, 32747, 15555, 184190, 455025, 6282, 70206, 195048, 313014, 205898, 376868, 145483, 223501, 461979, 278395, 91340, 69593, 414742, 309343, 207567, 246238, 488912, 399193, 151417, 21462, 464919, 190567, 27052, 309129, 132693, 121680, 432423, 149890, 386408, 471463, 104763, 247108, 67907, 63519, 67219, 366245, 13365, 102946, 245671, 339160, 317675, 160251, 237660, 419754, 132646, 21599, 394920, 383393, 166523, 225146, 235530, 58295, 393400, 459532, 342151, 198909, 346376, 448488, 486573, 300948, 226668, 483961, 62394, 129422, 112323, 61370, 300825, 128961, 34626, 336035, 158453, 457789, 124109, 256280, 106733, 289962, 417077, 258243, 463661, 348241, 203314, 81052, 496113, 442476, 268900, 413593, 7963, 329205, 149837, 252743, 476791, 318824, 159769, 284423, 218788, 242256, 185993, 370326, 82090, 477717, 366998, 200772, 246187, 86889, 72266, 319068, 97246, 273861, 181522, 65560, 219482, 253978, 156546, 416469, 230731, 472828, 53189, 31216, 163733, 199570, 391255, 5131, 112584, 80187, 82539, 459401, 398309, 98280, 170547, 328138, 67329, 445703, 250925, 235154, 161999, 133064, 22399, 440153, 74502, 418157, 358671, 292335, 296607, 233752, 119166, 439764, 398416, 459672, 30694, 289671, 467436, 261673, 319871, 301887, 405985, 232291, 102336, 160179, 320347, 368919, 439017, 78921, 197047, 120777, 165437, 467256, 8637, 216211, 379827, 304073, 215665, 151686, 181883, 31966, 311592, 157922, 311934, 468225, 171077, 359786, 59468, 296731, 451399, 101677, 397470, 274718, 3726, 4136, 182257, 382201, 373628, 135750, 325508, 171990, 91151, 182, 379259, 476110, 477276, 14897, 20050, 330891, 114416, 135568, 105918, 307341, 375008, 474942, 260208, 439982, 112939, 336802, 407329, 135268, 101167, 39701, 253760, 209978, 386626, 238119, 246028, 174596, 263681, 33668, 384400, 435689, 75741, 227592, 368477, 466119, 334985, 480935, 374104, 276025, 117847, 418178, 60832, 208306, 193221, 182907, 192546, 466337, 439154, 36217, 281702, 316251, 387722, 19466, 394551, 209990, 56090, 150204, 23495, 100104, 38458, 236598, 307190, 81310, 122331, 146438, 389211, 97384, 164575, 102905, 135939, 430614, 201344, 252606, 452116, 131654, 315427, 41163, 387265, 319836, 298170, 33660, 491298, 308130, 349673, 81499, 180363, 244106, 289818, 826, 53944, 50495, 92249, 97486, 235823, 376304, 336361, 338595, 394613, 210019, 279722, 259556, 165269, 109921, 119469, 339830, 499620, 191596, 79833, 455894, 83039, 422776, 286763, 487334, 118770, 434349, 386941, 416430, 3890, 283518, 303633, 126859, 325614, 67565, 482542, 205558, 17066, 162817, 275279, 77374, 402714, 223020, 227512, 470504, 248691, 408396, 377550, 10751, 240206, 464271, 183861, 142804, 271443, 42635, 129692, 407218, 408003, 130735, 478171, 321165, 296417, 303535, 244120, 218831, 352037, 290553, 295906, 220360, 305936, 476287, 10607, 466143, 171331, 316954, 184148, 273259, 131612, 90397, 48295, 57822, 340528, 12130, 497667, 146006, 104119, 102150, 132217, 86480, 499166, 336874, 77463, 303235, 241211, 112592, 326019, 105159, 474649, 251374, 113425, 236519, 450807, 482730, 112458, 116440, 456396, 443500, 278950, 55142, 69873, 193340, 445256, 283421, 216176, 180125, 196798, 302298, 236374, 179171, 405466, 442004, 365127, 157303, 332643, 348093, 466834, 12575, 87908, 434100, 59691, 438328, 188951, 71320, 163887, 404407, 22652, 191657, 147223, 487528, 101113, 207, 451784, 489644, 450647, 335723, 87120, 95030, 259124, 65417, 227896, 164905, 823, 20370, 429886, 494510, 455977, 378776, 380379, 251568, 234476, 29429, 205052, 38238, 267923, 446923, 255681, 214947, 18276, 245991, 402649, 3312, 101479, 238302, 239160, 114618, 459760, 18302, 462559, 464502, 205488, 486477, 453153, 158429, 374709, 326009, 88083, 259815, 263677, 304220, 226226, 440024, 298546, 159212, 485535, 268435, 215588, 123947, 413771, 58304, 36740, 341048, 215457, 463452, 441241, 179422, 408848, 4686, 148828, 59344, 93497, 466116, 290529, 461468, 277742, 389421, 432274, 331029, 498406, 244100, 47308, 482062, 453061, 356244, 206760, 195333, 316344, 476032, 328473, 69200, 273477, 104041, 119065, 99205, 348859, 301132, 399964, 78834, 245133, 179257, 341734, 380350, 347365, 494554, 326093, 264620, 375186, 137092, 7571, 281317, 355764, 299429, 365644, 109699, 241426, 351019, 303752, 381601, 478420, 3743, 59473, 350154, 430094, 178277, 176900, 392519, 364218, 390234, 277760, 294665, 172034, 195715, 452553, 277651, 142617, 315374, 423312, 98694, 480830, 180655, 358588, 407469, 225612, 20483, 388494, 104558, 269866, 41266, 275913, 145855, 326679, 104251, 319000, 105184, 423136, 72289, 277481, 57580, 82613, 101330, 311006, 292381, 31566, 457819, 279661, 375831, 17639, 122798, 307476, 404049, 451357, 144484, 481107, 476459, 270608, 345997, 92367, 222947, 423901, 53371, 50194, 144041, 74416, 172230, 204569, 326612, 15585, 423542, 101138, 74130, 419645, 454111, 114105, 374544, 111026, 302797, 164329, 448441, 440409, 242324, 213188, 274705, 435099, 388129, 379879, 450426, 419057, 288458, 388222, 393711, 289568, 314851, 171648, 286531, 228007, 335798, 422247, 232083, 86758, 145424, 85166, 134308, 335276, 439807, 11091, 363361, 73293, 199954, 182915, 91409, 339051, 30859, 398793, 376272, 447023, 35961, 126288, 234737, 307392, 57021, 296529, 332513, 427104, 145052, 42875, 135672, 342882, 209105, 171407, 48172, 409808, 397797, 82502, 406952, 277119, 290702, 495600, 326148, 19497, 77223, 458961, 79351, 408971, 226609, 218589, 375262, 35552, 111461, 38641, 46293, 245815, 420149, 292857, 495667, 248247, 309542, 55261, 231979, 333946, 230103, 132829, 497394, 70062, 141985, 447060, 38820, 274035, 358830, 338516, 192092, 490121, 192499, 314024, 155771, 154155, 268438, 60935, 176621, 144740, 162008, 295132, 202360, 432634, 345644, 77262, 170968, 470292, 257876, 295568, 151725, 244632, 49328, 476845, 263139, 257367, 420348, 216085, 204842, 373663, 499293, 49472, 1812, 168466, 88138, 318296, 454768, 174903, 171484, 264063, 354940, 201493, 258576, 406505, 302260, 284238, 298360, 60599, 191010, 239405, 31971, 428758, 234954, 15197, 466832, 141844, 362875, 89617, 496588, 286521, 281402, 450315, 358672, 207103, 174232, 353386, 264918, 256001, 494889, 360478, 289420, 117804, 282890, 280563, 401509, 113982, 136214, 177793, 482230, 171520, 193726, 201859, 488546, 431490, 37374, 12222, 169063, 375016, 311671, 116188, 20207, 129403, 208369, 398604, 215928, 187261, 43729, 334338, 416021, 354155, 211885, 249038, 304840, 26395, 469565, 291966, 139389, 486153, 95148, 450944, 449218, 452529, 454758, 372382, 306469, 194656, 179007, 484096, 125111, 39531, 260781, 434327, 455072, 267688, 205934, 277733, 147882, 135116, 288443, 248927, 149205, 193869, 143655, 493162, 9896, 407142, 435397, 492384, 458948, 75337, 424095, 478879, 247235, 231736, 137176, 85544, 452734, 271951, 103812, 102869, 374431, 165276, 153175, 229073, 10717, 176506, 324099, 349917, 311604, 171471, 444244, 251273, 43750, 306063, 462551, 120041, 425776, 384675, 77876, 252011, 332986, 149268, 478123, 192897, 296233, 269994, 116696, 310736, 239142, 79756, 439669, 138312, 418538, 38571, 158511, 287087, 402837, 108480, 37086, 35713, 411851, 278099, 208918, 49540, 425782, 165400, 344300, 452935, 399150, 260161, 79231, 473753, 18466, 283511, 404392, 93671, 198381, 57815, 154621, 19283, 158423, 372146, 14623, 397453, 298180, 8128, 29279, 497377, 429379, 410372, 138349, 84351, 306250, 350501, 26057, 36971, 1236, 87927, 233555, 269418, 53414, 350605, 474844, 225029, 58780, 152050, 477065, 273290, 93455, 52142, 215508, 443321, 212123, 482036, 446384, 244055, 170893, 86544, 290986, 499092, 43960, 432307, 149129, 9168, 197588, 325267, 373773, 175941, 39639, 159250, 199290, 396302, 410850, 143384, 46008, 81826, 136667, 51561, 375266, 366227, 406832, 325082, 327659, 364804, 247106, 489869, 308934, 482462, 127400, 174869, 478719, 355683, 311653, 402444, 489030, 212762, 195276, 329358, 227914, 205895, 240954, 335263, 316930, 66794, 441487, 92166, 190194, 77538, 142640, 175093, 18017, 227065, 285383, 290671, 158461, 426417, 60029, 69501, 161294, 462432, 286283, 453589, 332418, 271986, 159683, 45956, 102657, 219211, 365929, 145239, 240417, 219759, 37709, 160522, 394122, 33239, 218242, 137482, 229858, 144823, 285262, 150356, 52633, 13534, 374821, 321429, 92799, 70526, 250943, 385716, 441596, 451484, 431392, 125899, 290728, 439388, 382354, 155911, 172027, 481515, 256854, 130836, 459088, 443531, 282543, 265014, 412492, 433878, 431102, 370941, 408370, 359932, 339796, 189214, 222066, 472232, 11485, 382119, 99129, 195988, 112193, 460693, 2720, 488865, 256851, 484907, 269450, 370143, 57869, 404792, 335579, 386544, 260889, 95276, 53336, 491302, 385003, 452805, 150361, 457141, 139902, 155812, 415793, 464871, 192065, 328031, 274238, 17861, 273377, 343402, 130668, 107328, 131389, 154139, 409006, 348721, 41709, 289850, 468115, 252475, 306869, 255106, 315031, 20220, 310853, 301684, 410974, 468088, 249076, 299809, 145895, 241369, 288431, 76663, 72735, 200521, 491899, 322097, 359788, 474349, 262397, 373614, 34558, 155419, 164485, 437136, 381670, 155665, 127276, 362691, 257478, 203306, 268103, 409053, 129297, 327567, 333848, 444616, 465089, 400331, 494972, 454514, 435088, 221070, 212185, 138, 365501, 337128, 52997, 141849, 252540, 362575, 214406, 386993, 259944, 357436, 285180, 255743, 304189, 141530, 330966, 319366, 390441, 134357, 124121, 253130, 253507, 414617, 132529, 482573, 125474, 2935, 443485, 167449, 71108, 211193, 436641, 269182, 283577, 135883, 4623, 185871, 169603, 11269, 43802, 285391, 297244, 328251, 109812, 342385, 233864, 422801, 106514, 59700, 457755, 115037, 364766, 9658, 54071, 94417, 317256, 108658, 423533, 342853, 462791, 307361, 292581, 391499, 68769, 476298, 493466, 273465, 98754, 146698, 390819, 492680, 401127, 225260, 72916, 374003, 272463, 336117, 421607, 339185, 347402, 189985, 226066, 452610, 199397, 37603, 320466, 484667, 358234, 14463, 378168, 323394, 419391, 174992, 419020, 23719, 234462, 326281, 186752, 246210, 112772, 47667, 294875, 450972, 105757, 460236, 309733, 319123, 362229, 166622, 331532, 321478, 107476, 459355, 405129, 119832, 132907, 446264, 446134, 263854, 331909, 116372, 255716, 87769, 126151, 53769, 165820, 359849, 233872, 81986, 208689, 218144, 250172, 275854, 215485, 149584, 470444, 398960, 253490, 377671, 57948, 484540, 486317, 2835, 218921, 249326, 394871, 343176, 91129, 91132, 336157, 159828, 355832, 257413, 5728, 330826, 271550, 386055, 247464, 212023, 229569, 438958, 121088, 278987, 410949, 486930, 45938, 372913, 439263, 7554, 191849, 298164, 297121, 452848, 296883, 230110, 274071, 27197, 319521, 312700, 3284, 23295, 471312, 341434, 112822, 138137, 129262, 121284, 278614, 163428, 44615, 483191, 86074, 209393, 12530, 428012, 240143, 434171, 229418, 150766, 227677, 330023, 6730, 109527, 83916, 457489, 408352, 348987, 141201, 73428, 224756, 465010, 118863, 227376, 277915, 199454, 127572, 436909, 404582, 35554, 403736, 304416, 252983, 375412, 481955, 476655, 434542, 23547, 34910, 141326, 158987, 153170, 107571, 21587, 227750, 311548, 129879, 278264, 303956, 392297, 29998, 464601, 437155, 206929, 5412, 111763, 145929, 121314, 63338, 157155, 413552, 174112, 302667, 2130, 246486, 161571, 78150, 113318, 50333, 107172, 107172, 269159, 187358, 185480, 397351, 174091, 397785, 283294, 195625, 83535, 179308, 339039, 352508, 42903, 432353, 445617, 100026, 82425, 84766, 396788, 426801, 236481, 265152, 412550, 56474, 231831, 419460, 44478, 301997, 41374, 229757, 195712, 350617, 333846, 23862, 85715, 416880, 188239, 21405, 367799, 311305, 41729, 419914, 309065, 385728, 365600, 494526, 148555, 49448, 437480, 299042, 444628, 216327, 254880, 60440, 38294, 30471, 53916, 428417, 279230, 251610, 9864, 194935, 495781, 34426, 468502, 11417, 125524, 173370, 437423, 238366, 174706, 339980, 83402, 321968, 101917, 243577, 378, 108081, 105920, 432963, 339566, 152386, 438456, 454124, 64096, 115819, 249299, 436504, 275560, 361909, 62560, 408766, 436920, 330340, 68661, 309996, 87316, 220982, 220189, 427084, 293738, 389402, 114149, 97950, 227338, 314021, 90345, 468194, 278085, 137063, 59096, 69588, 157360, 454356, 361026, 298255, 190151, 258477, 155527, 446330, 332811, 60520, 241983, 286449, 70238, 399248, 437573, 241904, 262815, 316696, 387112, 379775, 215646, 222290, 186526, 430983, 466376, 351304, 328398, 257859, 291316, 499704, 484627, 33681, 173836, 203126, 314467, 54568, 303152, 176586, 453135, 121457, 495714, 196194, 456131, 442267, 459586, 159463, 332279, 67798, 231808, 383578, 41931, 23009, 53674, 146611, 395462, 95129, 249479, 486868, 371076, 193804, 498593, 177486, 98942, 375071, 370925, 228503, 19099, 45742, 21309, 240275, 170413, 371814, 487954, 440706, 372223, 48076, 354216, 350570, 42143, 402899, 203859, 4444, 177963, 469630, 262675, 75440, 255908, 134354, 348996, 253387, 105279, 376361, 451572, 390450, 288925, 30546, 341409, 120622, 408514, 41283, 283762, 334403, 321038, 472937, 446822, 391380, 343940, 190923, 147907, 67316, 308472, 284523, 46542, 348159, 466771, 106662, 33995, 340444, 284011, 154806, 8589, 127555, 185994, 31513, 447747, 353899, 471413, 320273, 234821, 161042, 214383, 124010, 57155, 322303, 242266, 85424, 373730, 378558, 135124, 158674, 49121, 213354, 444810, 148134, 207654, 352903, 68008, 419760, 491467, 224960, 397790, 169117, 499495, 238322, 258295, 52806, 447987, 95750, 315413, 312303, 462371, 111435, 285089, 360542, 146197, 267513, 159268, 273491, 477484, 61533, 257119, 337374, 113578, 214743, 475691, 418182, 91035, 270304, 136123, 495486, 272315, 95814, 219373, 234997, 303587, 337299, 411641, 456522, 140774, 183954, 94869, 451047, 86587, 226720, 204100, 433811, 177912, 5673, 35946, 349336, 38285, 204232, 136257, 63035, 376040, 225894, 267685, 386008, 288002, 35824, 348449, 469187, 13982, 341748, 339129, 271128, 411311, 447534, 490764, 10565, 478525, 275095, 434573, 189934, 353786, 203161, 301623, 264630, 155769, 57442, 379708, 249700, 441141, 330965, 108179, 384442, 205017, 373719, 311153, 351048, 371782, 21428, 302437, 54522, 59244, 207880, 472131, 114127, 215636, 249697, 109793, 377033, 165290, 369039, 18282, 246103, 338761, 342042, 269866, 206357, 78542, 218910, 5604, 407141, 227374, 38703, 111207, 231806, 68586, 439222, 207298, 471982, 111380, 350815, 54100, 56986, 466280, 54077, 467214, 51767, 182372, 440130, 480625, 144500, 112046, 178119, 356750, 216173, 314601, 182019, 335434, 41635, 83092, 151904, 323796, 93555, 218285, 111293, 231193, 347613, 444944, 197012, 412053, 310222, 122074, 75756, 167781, 43686, 236210, 98398, 247299, 305673, 253296, 413286, 319106, 239685, 385844, 342362, 85717, 371860, 492538, 384123, 356568, 221858, 465148, 307884, 195055, 179016, 31521, 197652, 440421, 77630, 302732, 468508, 22850, 227321, 357258, 244718, 49981, 312012, 78594, 485262, 257298, 224433, 64069, 214535, 216759, 241429, 333445, 268000, 127547, 116985, 149007, 281626, 180950, 377152, 297905, 224345, 468462, 478429, 276926, 332002, 251907, 434597, 87062, 83633, 184334, 208885, 414700, 449465, 53783, 11363, 385843, 103380, 232126, 284094, 414304, 149347, 192898, 356755, 406684, 169508, 393476, 51330, 150970, 116250, 126935, 117238, 266071, 302575, 105587, 272420, 151726, 83049, 81880, 392980, 420736, 282229, 116362, 47897, 491782, 11527, 218219, 195625, 498583, 284025, 497141, 387674, 111220, 323866, 87697, 387042, 242393, 75784, 427614, 404492, 182793, 21718, 174135, 390244, 261205, 403625, 76595, 90039, 187991, 79015, 215001, 6440, 133634, 402294, 424999, 311692, 358659, 9371, 326080, 44250, 97855, 203615, 64668, 493767, 453214, 341336, 392169, 266097, 411158, 76817, 105985, 498565, 132551, 221170, 186648, 144797, 107606, 380542, 216059, 344832, 184084, 489796, 158406, 177610, 144592, 221481, 188818, 116002, 231093, 402420, 169546, 421890, 499032, 480643, 456795, 1215, 91793, 92772, 70696, 287931, 13879, 371737, 182515, 123172, 309068, 217657, 81383, 83496, 252893, 265090, 464313, 197872, 74840, 260157, 254091, 437283, 400558, 415026, 228614, 445290, 175528, 482904, 204002, 124502, 98567, 224249, 322876, 294774, 310211, 492449, 51667, 156851, 243656, 345807, 145072, 147209, 152123, 252694, 309046, 225581, 331273, 220133, 67449, 42269, 135548, 470737, 430379, 384321, 205002, 424640, 342108, 468880, 321737, 458119, 399748, 143417, 462154, 260173, 470010, 248962, 130517, 198470, 373593, 460965, 267108, 20709, 453233, 22094, 285516, 408292, 124522, 69177, 458237, 165105, 352499, 290121, 460369, 227068, 22032, 254459, 36863, 195985, 267424, 497670, 387303, 381007, 215532, 289392, 166327, 215395, 306898, 21507, 336654, 309213, 90001, 70865, 3492, 194666, 345896, 74526, 111654, 487664, 458605, 308119, 17560, 258027, 94329, 26211, 416435, 352671, 232636, 50566, 8174, 108180, 257663, 81925, 130605, 57408, 197994, 122314, 81815, 191097, 327519, 169085, 479730, 477933, 346490, 19893, 273665, 34752, 259861, 433906, 33299, 254400, 18705, 273600, 171103, 203846, 258380, 339143, 145903, 152217, 193563, 83587, 30475, 196272, 328032, 225999, 377021, 159777, 332759, 405593, 162426, 325369, 198393, 418487, 168519, 159131, 264093, 104116, 130515, 470347, 470766, 75385, 89685, 483679, 68891, 473973, 69313, 301402, 288208, 191175, 150815, 255534, 472035, 236114, 435542, 19740, 310511, 447163, 249721, 33513, 135731, 139119, 164668, 329401, 454496, 449177, 267513, 388402, 462186, 498141, 499897, 397283, 379572, 448818, 434096, 359763, 479094, 400724, 255441, 420897, 111526, 195480, 461888, 248864, 382649, 496370, 290614, 323074, 177257, 387275, 467195, 331011, 298387, 413626, 159904, 424090, 268895, 236379, 257811, 114449, 19995, 52439, 419633, 69418, 387300, 409903, 208187, 221286, 75547, 21977, 386207, 10895, 298049, 170945, 133164, 382051, 478868, 201708, 126656, 362172, 418708, 269160, 151649, 212596, 461100, 7704, 423008, 184350, 277634, 208693, 42601, 263550, 426162, 335442, 113949, 406527, 489259, 463815, 353772, 93586, 257000, 53976, 258543, 424209, 347678, 10876, 231103, 208629, 242841, 391357, 483437, 122851, 295993, 172216, 165958, 50808, 357148, 287443, 428972, 156836, 472409, 436605, 261755, 129011, 88431, 154155, 459318, 67772, 116542, 293316, 413645, 219221, 439268, 189603, 6774, 480504, 367492, 319733, 390272, 137772, 496091, 219035, 389416, 355305, 280101, 229946, 91722, 230171, 481742, 311777, 241718, 143483, 107080, 51688, 351199, 344651, 201939, 118897, 225351, 196529, 153216, 380693, 300073, 244593, 66986, 16939, 221093, 322786, 235117, 279449, 87136, 469784, 92593, 136133, 56288, 190788, 479397, 192440, 151580, 78615, 140236, 158094, 2711, 406122, 431779, 250896, 211384, 365150, 441647, 61762, 163253, 2717, 158121, 417037, 74711, 364268, 442415, 926, 326724, 296068, 448522, 299960, 152993, 12820, 182575, 436933, 302666, 194235, 91862, 124142, 357519, 96473, 223952, 416257, 277063, 176180, 284204, 62554, 367324, 385826, 26652, 207391, 423580, 271760, 50995, 113167, 83372, 147740, 394848, 333932, 150795, 86471, 284288, 256282, 479530, 348849, 486209, 373525, 474822, 195547, 408310, 187724, 254772, 263848, 69037, 465790, 176678, 14639, 193483, 123589, 373863, 77782, 202372, 220723, 72963, 63168, 108489, 124004, 353912, 74614, 476859, 270396, 415795, 392997, 358696, 130276, 147598, 206809, 315556, 76638, 304983, 147910, 273612, 481556, 188581, 323141, 439563, 391595, 212016, 251147, 304652, 332726, 40967, 323780, 418707, 249447, 409123, 226753, 168621, 140286, 45252, 339348, 220093, 29326, 118486, 333777, 372018, 108096, 100409, 344748, 378544, 326651, 288304, 253519, 263230, 172397, 246157, 54671, 131590, 7908, 75210, 212380, 38414, 83131, 348727, 441493, 151125, 450953, 209350, 127619, 43725, 338072, 280954, 330531, 386306, 478178, 387236, 118382, 12359, 155389, 386687, 70905, 188235, 224341, 55396, 107840, 419380, 54077, 305948, 442672, 93404, 189509, 310532, 334419, 240664, 248008, 231165, 218218, 492518, 109354, 26518, 128540, 431603, 395909, 101412, 230891, 276577, 280828, 430724, 120074, 456656, 99975, 385983, 276189, 60691, 303725, 207854, 242181, 126718, 236307, 478907, 355574, 51820, 337407, 66408, 392634, 285503, 129712, 319338, 116333, 57447, 425855, 19642, 47009, 77734, 415228, 122246, 460145, 360432, 495904, 209302, 283349, 376133, 9137, 212820, 292116, 258401, 14927, 143519, 189603, 444351, 411085, 340705, 252717, 274001, 214898, 102592, 82653, 76070, 52424, 252786, 166196, 399107, 295425, 371796, 322085, 263861, 348553, 154733, 102680, 4133, 178941, 307595, 256284, 166051, 431659, 292844, 327966, 307395, 153818, 193743, 469654, 113613, 178680, 175992, 391, 455479, 494564, 147974, 382415, 119943, 356509, 214567, 317991, 110135, 491456, 165237, 303218, 310442, 78027, 188982, 388022, 234289, 310713, 412585, 258448, 61133, 373897, 343626, 233845, 485962, 74882, 456411, 294336, 398105, 18202, 232350, 262330, 303719, 470576, 193351, 454540, 279712, 443707, 414336, 224086, 1378, 220437, 484814, 282685, 99464, 470871, 323573, 243513, 477893, 74009, 755, 215190, 159531, 312153, 417970, 492381, 478810, 412294, 21039, 354388, 415672, 427882, 203826, 257740, 152742, 379160, 352859, 94760, 339421, 429874, 427839, 68395, 434059, 395604, 158928, 283735, 221798, 282954, 125320, 407412, 242303, 215670, 472390, 129137, 171830, 9283, 125416, 316884, 289595, 255794, 215477, 17940, 457602, 50369, 289183, 326868, 44215, 227994, 489345, 494489, 123280, 14898, 136906, 315152, 9312, 487412, 263408, 133758, 436933, 392547, 317009, 412847, 167423, 220609, 39763, 232264, 179388, 43900, 355315, 176788, 203844, 205200, 87220, 330, 363662, 473925, 460822, 190405, 445966, 229729, 92163, 416279, 394485, 239329, 249282, 128616, 291199, 167957, 230768, 299475, 448756, 475054, 377225, 84822, 27466, 343920, 181405, 217419, 466413, 300037, 150636, 417834, 92744, 284656, 199246, 439719, 77424, 249463, 179675, 355777, 70652, 70547, 400552, 396321, 426058, 137188, 153170, 392630, 270516, 331914, 422154, 499878, 483186, 118305, 7758, 290075, 401494, 13940, 192612, 344499, 356592, 406585, 272721, 483565, 423500, 179452, 43534, 168174, 204660, 214971, 107849, 23820, 413048, 397418, 197924, 389043, 34863, 192177, 467519, 373201, 165772, 173115, 318479, 138165, 210611, 81259, 215034, 337938, 129678, 239157, 274634, 226619, 453506, 97023, 111275, 171506, 266798, 63120, 225103, 333574, 415990, 121563, 251010, 268314, 204049, 94523, 397101, 228666, 353276, 110094, 50354, 20459, 116050, 478024, 223944, 151411, 201367, 185487, 270475, 232249, 499347, 280305, 303116, 220564, 37811, 164271, 149508, 163221, 486114, 473488, 28807, 499138, 17444, 46164, 223114, 278072, 296998, 92828, 288454, 106566, 188591, 195442, 400627, 469674, 64826, 401818, 66738, 359818, 221280, 136283, 227983, 182079, 487223, 253391, 268629, 19682, 464721, 66226, 432503, 447647, 439558, 107889, 481416, 73605, 498199, 352933, 35244, 304727, 189470, 451371, 208736, 400144, 405728, 98619, 354287, 57475, 255983, 103780, 8464, 92303, 486307, 319974, 496375, 91706, 391970, 352811, 77234, 43218, 71427, 238410, 80612, 3032, 282848, 136597, 189634, 499843, 452003, 41293, 371748, 410640, 301531, 167643, 15855, 80080, 259274, 399183, 427763, 303736, 478654, 337032, 211535, 346591, 175777, 402790, 221128, 205827, 164281, 52704, 346571, 302717, 196141, 429631, 127753, 58271, 204639, 413860, 91384, 276526, 137905, 363008, 209306, 438367, 23299, 258436, 37283, 63574, 142929, 396490, 350202, 25749, 468019, 497133, 81437, 341740, 144900, 349975, 373131, 20955, 148471, 74318, 396112, 268798, 343884, 479753, 45232, 327551, 276860, 462668, 417233, 309201, 361966, 84088, 372502, 498428, 432776, 177242, 64216, 200891, 463110, 92547, 266241, 342891, 241870, 464657, 50099, 395484, 141316, 165527, 18535, 344075, 198379, 290933, 345249, 191647, 253376, 479683, 151797, 491849, 206455, 133899, 186137, 499892, 485348, 182539, 254027, 220384, 376080, 186555, 400165, 139304, 51704, 121183, 172066, 117957, 89497, 71796, 430245, 221201, 402398, 88330, 78507, 278118, 210481, 439277, 106044, 482993, 489729, 355082, 14322, 112125, 106123, 477646, 221635, 172133, 219931, 66861, 213559, 186427, 224685, 371196, 160780, 96835, 302888, 307385, 214753, 499179, 132932, 70295, 266759, 398736, 220825, 19137, 328215, 182294, 76629, 29413, 134292, 308517, 258917, 168379, 458355, 95494, 468284, 97644, 398644, 106525, 372163, 482487, 94738, 114448, 298584, 337931, 116704, 477474, 456608, 154875, 205016, 79876, 200108, 66679, 496913, 104568, 88039, 381610, 178433, 441582, 133992, 381609, 354092, 55605, 18188, 88803, 343171, 409693, 327443, 357425, 330214, 51067, 488504, 303858, 9301, 53555, 472056, 451530, 391509, 264293, 27764, 203187, 31994, 68797, 291827, 493872, 175203, 383773, 397934, 371900, 291288, 322559, 111252, 303696, 161096, 173521, 124488, 142087, 419175, 340734, 101627, 389362, 253573, 258495, 259523, 243949, 414607, 128697, 480084, 41519, 111643, 136739, 473971, 15094, 285669, 399839, 418671, 331974, 310485, 273815, 238807, 7131, 297902, 330764, 109314, 456931, 226730, 274709, 73923, 177851, 233065, 334778, 36570, 121102, 115700, 171718, 22926, 278246, 128780, 194060, 181638, 376896, 420468, 71823, 476119, 407023, 403649, 331328, 198401, 336040, 465580, 137363, 460666, 251120, 102138, 412876, 36143, 415034, 408909, 38238, 376553, 274528, 41975, 248330, 329390, 339049, 101549, 276841, 453253, 203939, 407967, 384676, 280672, 241295, 197810, 351362, 447560, 428079, 146206, 387879, 129092, 40178, 219265, 388625, 256271, 397729, 76024, 370496, 400517, 224569, 386062, 246754, 163175, 283085, 253677, 343535, 356040, 460102, 78135, 83235, 449110, 138016, 252346, 286117, 12957, 155361, 468207, 46741, 499748, 239915, 33668, 85405, 103920, 2074, 264273, 391635, 142690, 112680, 315999, 220488, 444117, 50614, 65838, 363945, 96983, 362859, 339513, 408161, 310828, 217360, 336480, 101604, 347596, 179406, 472654, 84251, 185521, 228863, 146995, 75555, 455090, 158618, 34703, 377500, 202322, 321908, 215522, 481604, 233361, 321818, 19966, 258784, 223418, 494903, 55125, 412293, 381608, 274748, 432823, 142400, 423745, 343314, 43562, 307173, 412896, 368272, 7077, 442410, 451723, 386637, 330327, 136771, 60426, 152667, 34747, 274820, 360533, 59338, 289127, 12698, 203333, 250153, 384773, 149192, 434203, 440216, 447856, 223199, 226691, 64847, 422099, 200489, 58871, 40741, 23730, 433056, 321198, 30562, 109942, 303526, 440956, 428601, 207109, 168270, 435356, 38382, 473551, 275930, 138863, 90483, 486740, 94483, 289271, 70173, 76404, 212375, 75584, 373409, 433377, 362087, 95914, 243462, 13878, 256458, 422052, 91208, 467988, 235834, 308547, 58029, 315530, 229580, 27298, 155709, 491511, 40649, 135691, 229528, 391796, 195576, 208288, 37532, 425371, 410549, 386553, 341398, 189245, 427755, 198724, 53062, 66633, 176950, 384752, 130024, 221238, 173044, 290286, 76589, 176797, 475489, 37801, 335478, 337834, 229285, 72752, 212866, 499008, 372041, 284370, 20578, 72054, 272713, 190895, 31850, 213090, 178304, 332942, 371562, 384233, 294241, 54636, 290495, 53206, 403179, 216151, 461928, 100639, 194896, 366654, 200210, 601, 152484, 264408, 194658, 15856, 253350, 405051, 144103, 279027, 11488, 243437, 184507, 483644, 451034, 326130, 407039, 388855, 363687, 182884, 38113, 495573, 445740, 160942, 6018, 348074, 252546, 251934, 24326, 212145, 469908, 367273, 344096, 407095, 184506, 241723, 369204, 234498, 433349, 122033, 53151, 427218, 422022, 409754, 494556, 199001, 448124, 21274, 28770, 56649, 125025, 173831, 397977, 119006, 152726, 184742, 476044, 391613, 8011, 498144, 440865, 278805, 246512, 33348, 52441, 120824, 60043, 450886, 348954, 446792, 465167, 20838, 156574, 454061, 451063, 216227, 253160, 403040, 52046, 204709, 182746, 350312, 383342, 181613, 445882, 420139, 77041, 108548, 473210, 39570, 214800, 429290, 451843, 316425, 413702, 243412, 198189, 363392, 470815, 100758, 235787, 251903, 176206, 239961, 301434, 139565, 360524, 381770, 272400, 191751, 492698, 169580, 304025, 344179, 6118, 479937, 164469, 403524, 463346, 426777, 61227, 81536, 417350, 42703, 178861, 464203, 384775, 16974, 257631, 127361, 174596, 351143, 149281, 393787, 53586, 287160, 322070, 353669, 240786, 218801, 77201, 479971, 358593, 192278, 47556, 270382, 6391, 75521, 69780, 122449, 186718, 325526, 238556, 235643, 432736, 230826, 119895, 344754, 312957, 207808, 184513, 106025, 94035, 70053, 361869, 170271, 70752, 64025, 244457, 112629, 43330, 429653, 58750, 95795, 168522, 64346, 187248, 358107, 468816, 419311, 439273, 123851, 372239, 418282, 420391, 296896, 66068, 324535, 14204, 162795, 437114, 268118, 124994, 89062, 414225, 213369, 272012, 409855, 268427, 230864, 354089, 227657, 298464, 452689, 24202, 271645, 160772, 386805, 11791, 298298, 98104, 472243, 244671, 74092, 227932, 90063, 78988, 32025, 166124, 192190, 204779, 410923, 430636, 178449, 224640, 253051, 287047, 287196, 392359, 461621, 113685, 415562, 6585, 63496, 402646, 362965, 392732, 148902, 88181, 249217, 428051, 359156, 246685, 490900, 437864, 427340, 449477, 366274, 215655, 231785, 209378, 238212, 101323, 250878, 124703, 201814, 321802, 171015, 180383, 83471, 6101, 461202, 112415, 62867, 346053, 138247, 204697, 395013, 72102, 251403, 426873, 36086, 55785, 493554, 14685, 377102, 54316, 328017, 430388, 58209, 21474, 13409, 4735, 76681, 113890, 286223, 213393, 361819, 397163, 342011, 154466, 129539, 368163, 376366, 208168, 9344, 407780, 109802, 286565, 114845, 79965, 104306, 339415, 156346, 236364, 248954, 122285, 293797, 481050, 299269, 58603, 492897, 220502, 95079, 328039, 321273, 366511, 122595, 140879, 43438, 472690, 435279, 280598, 67313, 91951, 287635, 26174, 13026, 473845, 164422, 466705, 13387, 469174, 453419, 237398, 374874, 363963, 84704, 76669, 173179, 378331, 325071, 424138, 396953, 443397, 171278, 204764, 333061, 251217, 364220, 321970, 455804, 63621, 177794, 322545, 104810, 57014, 410082, 102949, 96626, 413808, 495560, 55769, 4747, 171755, 466634, 42617, 72389, 92747, 397454, 49125, 32147, 220936, 193899, 212862, 319587, 28818, 324269, 499142, 459515, 392759, 206761, 8230, 392847, 443753, 165418, 283753, 408583, 153496, 387279, 239140, 197329, 352358, 466151, 336318, 4065, 487876, 31721, 273800, 115220, 112362, 400085, 9276, 58486, 495516, 51126, 248962, 455949, 156881, 280170, 259355, 285022, 217166, 62745, 52958, 18420, 440882, 26490, 151527, 357023, 493241, 271481, 275390, 53306, 418835, 261758, 343194, 237049, 179545, 179895, 205993, 487354, 225935, 155123, 211905, 112446, 317473, 19318, 481372, 72661, 416755, 14437, 372082, 376581, 476787, 489092, 448215, 371266, 468287, 399912, 324905, 373803, 358359, 194769, 99110, 157861, 248320, 18049, 162703, 381216, 176515, 92966, 74297, 493182, 172182, 244776, 207402, 370677, 375394, 29725, 384466, 392029, 35350, 400634, 493964, 95100, 313212, 60449, 220319, 205052, 402607, 405867, 456325, 323487, 400120, 445970, 499887, 132694, 136203, 319331, 241577, 372556, 54110, 334133, 41696, 207907, 314712, 203319, 3145, 258382, 108695, 56310, 32019, 373405, 89134, 488739, 337902, 279073, 316712, 173280, 138433, 110615, 173314, 58042, 305215, 377065, 112214, 129037, 140817, 466189, 489298, 305599, 85470, 115406, 276937, 254182, 302722, 269536, 354894, 348907, 457894, 161108, 99762, 1789, 66364, 212813, 455349, 160530, 124856, 243995, 35179, 309045, 180120, 486818, 37341, 423308, 278335, 309255, 28598, 51978, 24051, 66199, 299434, 251925, 109628, 251980, 301228, 136070, 413083, 36987, 407191, 351098, 179370, 429664, 55034, 278066, 76235, 410282, 6905, 286124, 275896, 255237, 227166, 412599, 475739, 199686, 115220, 241920, 453156, 266721, 397364, 224460, 72605, 394725, 438914, 356674, 49263, 262043, 307171, 140121, 343031, 142207, 355242, 64737, 16380, 496533, 210195, 499332, 340548, 380822, 134554, 61084, 454514, 51930, 380095, 114475, 266448, 8003, 198680, 139666, 74050, 315105, 94540, 486823, 426668, 342298, 105244, 15639, 458041, 31332, 439276, 149242, 267308, 277520, 348237, 419944, 15953, 160646, 106976, 319213, 371534, 111433, 206183, 321225, 123846, 40657, 11225, 444728, 470009, 180446, 410653, 377319, 446391, 238246, 209899, 497431, 12519, 194525, 99076, 291094, 275241, 437645, 287192, 487743, 466577, 439460, 75394, 145666, 82327, 80449, 10064, 286317, 295942, 153293, 89086, 366383, 42303, 139503, 434680, 246019, 487760, 495888, 65838, 478495, 68659, 452335, 208989, 128690, 205002, 152424, 365063, 398015, 118357, 154037, 429633, 315816, 184747, 349212, 109732, 107029, 409724, 470577, 83190, 363410, 36554, 440134, 397250, 302456, 242495, 152655, 374082, 385279, 9580, 433770, 153355, 378902, 6324, 454502, 382408, 25637, 130646, 176829, 412547, 6909, 186970, 338343, 215004, 434882, 312406, 132381, 317559, 187631, 271336, 353448, 402819, 55795, 147448, 427926, 120999, 389024, 116640, 155160, 472307, 194179, 485102, 14224, 493621, 66811, 44793, 422106, 21921, 93090, 468453, 210415, 51164, 286348, 4725, 277902, 414503, 87962, 456436, 284971, 252458, 79798, 31738, 456592, 124576, 367632, 276325, 249230, 286886, 124388, 225422, 207153, 272909, 484449, 130419, 9894, 284726, 59947, 399801, 190194, 175581, 422965, 58069, 333454, 170003, 171510, 219049, 233919, 467188, 404272, 443169, 50937, 113655, 401911, 131155, 91120, 264031, 267693, 145705, 11045, 315318, 176970, 218598, 367874, 404387, 76257, 120509, 262565, 348375, 133781, 301601, 492042, 89770, 144183, 92986, 251721, 361482, 266386, 484509, 316825, 104871, 200712, 441913, 37341, 126429, 354111, 451977, 59024, 70263, 218531, 313932, 317845, 275937, 427270, 353128, 302022, 477626, 400290, 396394, 448093, 139343, 412033, 483150, 386777, 200770, 226960, 237655, 167322, 439369, 276641, 159200, 345077, 301415, 42182, 396773, 232241, 474667, 132297, 303787, 117884, 109844, 92085, 353424, 271384, 172159, 387778, 388242, 308433, 488204, 257246, 78425, 266887, 255443, 141967, 30027, 169139, 294370, 481924, 114503, 329236, 195376, 258895, 393060, 451603, 122262, 458447, 380147, 117523, 459205, 132589, 370746, 59886, 193130, 174861, 222693, 397370, 110525, 114127, 415375, 315166, 59619, 191155, 26298, 61637, 447294, 82354, 340333, 105324, 11264, 163697, 385389, 287947, 272822, 478929, 86091, 5662, 405256, 433530, 352144, 1084, 23474, 360509, 291889, 133266, 345574, 230687, 76282, 479809, 120507, 76834, 63703, 12684, 25912, 345423, 98124, 32156, 128189, 8876, 426687, 455032, 34763, 405946, 376014, 286046, 166900, 84624, 82999, 263059, 458970, 401842, 274548, 136680, 157939, 25461, 330547, 153644, 420268, 223226, 68230, 180570, 145362, 129212, 252297, 153370, 369524, 31184, 158187, 218847, 231318, 5524, 43841, 186629, 6759, 197301, 131356, 321255, 16852, 491153, 335599, 111507, 290886, 396048, 96302, 409071, 239693, 11249, 80845, 280516, 212929, 88373, 382837, 33233, 92401, 38676, 46313, 193586, 444873, 244658, 355025, 13553, 419750, 20874, 336044, 474377, 309266, 377120, 298146, 259896, 376702, 197708, 246617, 213827, 136840, 135590, 215330, 40331, 335052, 106191, 65246, 184436, 61306, 339550, 354146, 177356, 211490, 71467, 411421, 489470, 89140, 102941, 452769, 194063, 212734, 2076, 20344, 367740, 415020, 85465, 440306, 237874, 460230, 476897, 123654, 349915, 441420, 332229, 49931, 196217, 128271, 395564, 358852, 204606, 307942, 5825, 457565, 326466, 363181, 483715, 101559, 152478, 117440, 388225, 137246, 332036, 8476, 177815, 363436, 14874, 395037, 323841, 404447, 107281, 387037, 322220, 337029, 353982, 79075, 427214, 422305, 214695, 398159, 462269, 89986, 247730, 153296, 162502, 96120, 264788, 412020, 262680, 211107, 165654, 311755, 113667, 362012, 326893, 486271, 290361, 342923, 165498, 332655, 40784, 79516, 167696, 287724, 6113, 288954, 37176, 152013, 156465, 498937, 190500, 187950, 395639, 354608, 127398, 432277, 183549, 372132, 476138, 266149, 163613, 233037, 335127, 205960, 128620, 49538, 352522, 168369, 237860, 246849, 94270, 148906, 100820, 231984, 367257, 223880, 133308, 199934, 374483, 415804, 397399, 292699, 316692, 482300, 377097, 248689, 381160, 48221, 295559, 94514, 61782, 452456, 223424, 416306, 303836, 245830, 379605, 160833, 94554, 75843, 371583, 279777, 308150, 306679, 314697, 169379, 449319, 277443, 112140, 257532, 435872, 159539, 337831, 151234, 125006, 403216, 385849, 192155, 484787, 37870, 101107, 371414, 188557, 477552, 249306, 403526, 492141, 431723, 26340, 347665, 137162, 324692, 97329, 402645, 352436, 308527, 318376, 339558, 412050, 119976, 71207, 448264, 239936, 290463, 99922, 197984, 174318, 350108, 455436, 71382, 499845, 275985, 340320, 388310, 170889, 192717, 99126, 342475, 263014, 146198, 41448, 173200, 53276, 240651, 288457, 180534, 440402, 30860, 415151, 196958, 462057, 275016, 336270, 11804, 247571, 292526, 328547, 452305, 66742, 467171, 103237, 241625, 386482, 157720, 426019, 351160, 309542, 225773, 444799, 36318, 60977, 314127, 28956, 363843, 318607, 414731, 460426, 406336, 263363, 300987, 181149, 320516, 80370, 177040, 346766, 351325, 187650, 190963, 57115, 20704, 306498, 335542, 114077, 215216, 193003, 80786, 268159, 259507, 158577, 332656, 152502, 420816, 10594, 269526, 382635, 309809, 404379, 36692, 364719, 305079, 453573, 173533, 175168, 99144, 213145, 114714, 88169, 440993, 325980, 13007, 259854, 476584, 217768, 22424, 478377, 445939, 225337, 409384, 257580, 249859, 438345, 456871, 266666, 322431, 111335, 64923, 212175, 86016, 108649, 462221, 142795, 480557, 98607, 273748, 31128, 295665, 262156, 373278, 124635, 499282, 35879, 116091, 45329, 2644, 356396, 297356, 137182, 399748, 323788, 386132, 463942, 250033, 217827, 381713, 152300, 302724, 393116, 151394, 94747, 402584, 193983, 437235, 196356, 323961, 476106, 190274, 87892, 52646, 104697, 412287, 272146, 146417, 307723, 433146, 241507, 362219, 404720, 219517, 266713, 198485, 34194, 114800, 333, 68695, 251684, 117039, 477910, 83389, 98180, 319541, 482421, 92562, 81374, 110852, 231923, 169308, 121071, 442988, 88942, 36749, 334934, 135671, 199558, 105810, 409503, 266948, 240516, 52401, 397865, 283029, 350639, 138304, 241642, 271854, 271476, 38394, 487879, 265381, 411688, 467126, 194970, 462090, 227155, 129011, 19067, 13102, 31582, 45338, 198879, 313369, 415795, 483704, 318833, 445131, 103109, 279115, 72877, 113174, 294178, 378277, 451588, 463255, 321986, 62558, 472744, 287101, 114749, 147280, 85684, 97490, 353714, 68774, 291323, 166858, 363699, 214997, 11290, 292303, 103479, 178223, 396111, 48928, 326454, 175677, 110749, 275516, 416939, 181235, 389094, 133482, 302817, 396587, 214684, 142170, 429047, 287427, 320707, 180636, 375826, 124644, 33173, 84325, 190984, 478050, 475759, 263341, 42717, 435819, 107079, 498069, 81916, 215457, 32330, 326483, 291418, 73288, 410596, 156027, 284145, 168775, 376157, 60479, 392422, 419035, 347638, 142216, 183007, 22043, 214794, 158780, 131616, 308390, 155229, 134118, 75922, 3433, 427440, 251335, 145819, 72636, 319018, 422345, 96176, 190767, 292054, 301952, 317880, 252478, 125341, 63302, 449599, 302408, 155691, 360339, 282578, 213836, 423403, 192221, 315686, 8717, 200163, 57128, 417954, 209468, 377869, 453963, 19201, 358207, 198062, 211752, 315924, 133655, 2925, 352205, 466741, 356808, 386717, 182663, 465787, 44486, 388034, 431013, 262774, 271378, 263473, 477965, 57334, 122371, 432187, 378855, 71376, 429111, 404946, 427108, 429899, 138534, 385483, 141669, 76951, 364927, 391129, 298839, 5381, 274087, 467331, 318829, 462470, 120032, 133700, 379758, 108503, 149388, 32255, 490900, 24614, 306164, 129332, 226258, 357500, 362354, 2618, 163302, 59351, 340287, 447913, 172839, 7102, 303245, 161983, 374736, 181462, 135599, 374876, 419792, 425079, 203488, 160001, 319551, 184882, 231653, 201156, 403587, 325805, 444292, 41982, 1460, 496311, 303914, 196592, 7682, 35674, 60080, 326450, 240250, 201030, 121953, 286011, 239226, 228542, 54608, 38492, 270530, 288889, 245561, 271404, 371863, 416707, 390601, 29831, 289611, 101633, 474529, 487739, 388907, 65192, 278972, 143728, 188107, 379988, 225702, 325074, 175299, 430532, 224021, 333099, 298888, 433951, 52032, 74070, 420633, 35641, 436021, 182124, 340121, 221226, 287456, 132079, 139579, 122799, 207994, 236733, 332798, 390596, 40386, 324006, 436207, 417994, 391619, 210594, 484112, 468939, 113016, 129691, 168663, 306070, 42939, 332183, 494112, 26182, 188492, 373726, 269452, 443558, 279814, 407133, 189931, 266776, 318341, 160143, 360190, 313909, 416488, 490892, 158804, 138844, 460862, 335232, 177429, 34966, 2352, 435294, 480737, 212269, 486361, 443851, 22542, 463141, 127747, 322705, 484584, 421947, 181007, 94603, 298202, 104389, 448804, 223478, 451542, 15736, 343571, 196114, 30739, 470267, 374519, 448271, 399131, 290330, 422796, 290105, 212370, 34164, 178667, 194333, 324986, 170628, 10609, 278350, 98160, 254259, 83970, 79565, 426028, 289815, 205651, 14836, 2017, 265036, 171397, 482521, 454526, 461794, 73049, 228051, 156849, 271956, 364600, 238132, 30752, 495074, 309810, 87506, 260841, 465895, 31600, 33677, 16011, 334175, 151330, 72417, 120416, 373292, 124504, 437444, 158467, 285480, 37894, 271863, 118737, 420070, 101013, 158241, 94191, 395735, 453281, 420051, 483208, 250286, 113384, 80860, 162906, 201673, 242942, 395929, 437817, 230628, 150255, 77243, 202648, 351634, 417486, 178348, 179931, 476160, 202080, 261989, 352518, 396369, 10925, 107660, 356773, 486317, 114365, 55169, 145035, 391892, 442329, 24758, 291554, 178551, 12641, 30659, 305456, 130165, 109140, 287628, 499919, 5513, 135332, 16278, 267732, 120615, 244576, 204890, 322851, 373318, 120156, 169692, 370667, 348750, 165459, 213221, 143640, 28082, 275823, 24915, 499222, 174742, 426452, 179827, 48554, 435911, 86473, 178650, 313198, 12370, 353273, 488409, 23500, 450143, 355667, 132631, 40432, 98722, 357633, 482661, 127115, 453477, 137451, 233519, 234981, 95528, 259822, 168190, 244802, 186741, 237917, 62073, 419830, 398782, 171409, 65782, 30906, 419087, 167195, 405703, 462959, 446180, 118514, 144004, 206215, 255504, 129604, 367662, 154725, 206575, 88668, 418574, 380721, 275600, 387945, 347470, 249267, 319410, 247487, 30299, 220758, 457916, 231260, 362129, 68214, 180591, 305455, 407950, 114905, 295972, 248178, 72044, 3021, 405660, 146516, 335233, 425814, 216343, 393201, 144196, 188512, 3893, 30811, 291524, 339415, 87690, 61209, 35714, 414930, 182983, 98130, 404476, 277062, 297325, 369053, 469682, 65907, 352402, 259027, 291376, 335694, 270061, 23494, 420230, 164143, 134620, 426137, 480932, 411879, 269934, 16834, 187356, 190145, 236722, 286539, 30311, 134295, 11681, 122865, 274215, 310546, 410763, 36751, 491981, 322561, 48321, 187615, 296801, 349797, 347937, 102551, 269638, 279094, 438654, 451958, 17068, 454459, 17827, 221090, 71443, 398265, 257901, 10372, 30230, 287593, 427184, 94206, 417187, 47619, 451821, 245498, 224797, 374127, 100638, 50595, 323749, 452922, 166599, 164750, 372738, 86210, 432984, 328715, 362288, 483771, 478996, 203774, 144546, 206423, 159190, 270431, 340992, 173148, 478181, 268098, 307329, 232866, 105086, 461227, 125652, 429321, 430824, 225855, 207872, 4469, 60219, 447591, 110535, 192399, 93737, 121033, 436071, 249292, 405858, 119360, 41360, 137878, 124223, 446326, 61258, 262929, 201416, 293433, 123514, 377636, 491880, 226383, 269698, 331387, 128469, 266086, 255837, 83165, 25825, 147808, 46069, 23645, 335891, 284552, 449274, 210576, 37826, 423861, 380408, 98005, 253739, 186642, 230056, 393659, 247094, 84716, 128283, 392031, 302103, 53964, 250604, 278852, 198617, 7260, 236456, 433490, 205605, 434084, 416187, 361730, 232068, 315948, 375578, 28284, 377375, 213663, 267650, 440466, 264744, 209360, 281405, 239284, 32015, 424964, 278758, 439867, 270352, 115346, 43886, 336182, 9802, 180769, 147852, 8222, 495508, 113270, 88170, 382202, 421628, 488172, 74768, 54951, 466324, 167303, 136666, 319351, 267592, 458635, 322707, 470061, 282644, 319074, 268455, 206361, 242681, 47941, 66620, 141803, 82704, 256944, 175134, 119112, 279982, 30811, 10560, 358081, 147705, 148111, 417454, 51669, 360804, 114831, 181165, 385564, 93279, 114317, 238256, 182692, 326948, 431012, 254280, 244413, 244592, 226258, 380480, 350165, 358624, 296, 353106, 4665, 268878, 432060, 171804, 493021, 141853, 390979, 322002, 437093, 293832, 450956, 135116, 436771, 460321, 239469, 411832, 158283, 176133, 436208, 1768, 185100, 179174, 139048, 214029, 12838, 340959, 338045, 177866, 192433, 259331, 289403, 273340, 472536, 150978, 472217, 187372, 319828, 221531, 264753, 30598, 344791, 36116, 154927, 233120, 199970, 66961, 119180, 96722, 361071, 268841, 210600, 91494, 245315, 487424, 233076, 230907, 179551, 84245, 477443, 240674, 312190, 408801, 70994, 476714, 138245, 317627, 460931, 332323, 227043, 14053, 432625, 161316, 420052, 44679, 68011, 470614, 164838, 289581, 257117, 69353, 490280, 256200, 370747, 61961, 62052, 48490, 273629, 94164, 417647, 131931, 334180, 249031, 365771, 284076, 181667, 224996, 30966, 439076, 155024, 381167, 16097, 299925, 421101, 160770, 209554, 476120, 295815, 257855, 307514, 205928, 382948, 416401, 70081, 141054, 106759, 150183, 263122, 395922, 359871, 147220, 271158, 401425, 268625, 200065, 256226, 197835, 449179, 474426, 274820, 479939, 263200, 407584, 228170, 302438, 473518, 71446, 27691, 71903, 382738, 160889, 257376, 40517, 369188, 192123, 212251, 368825, 181970, 128829, 227075, 284982, 106149, 118499, 160533, 299412, 179262, 409194, 468575, 228979, 112693, 302315, 149890, 197648, 136164, 214732, 305767, 229567, 486904, 224688, 196706, 89868, 294876, 280876, 287720, 396846, 320476, 323498, 412774, 289267, 128351, 101905, 283506, 396721, 70878, 247062, 7486, 205618, 52787, 463512, 446731, 390786, 311186, 51512, 3371, 441203, 200420, 223776, 392742, 100881, 226990, 289305, 89828, 215067, 301497, 329715, 488824, 461003, 113831, 465757, 193256, 248473, 210323, 51293, 96999, 105322, 438734, 418299, 79636, 451469, 28562, 304787, 48812, 390910, 57879, 170696, 89860, 47872, 86113, 467855, 349263, 136382, 107072, 268328, 497332, 329955, 153399, 359114, 253993, 222864, 345434, 447299, 79352, 447107, 485039, 15757, 183367, 458098, 470456, 122563, 318290, 222076, 80234, 453780, 152016, 1917, 442841, 14110, 2237, 51959, 145743, 491023, 455467, 237384, 203543, 183954, 55916, 79780, 254325, 231344, 291879, 349826, 26032, 401195, 126651, 83005, 425583, 430498, 19929, 393302, 235781, 373845, 392845, 14617, 14068, 368495, 255572, 18621, 356043, 95698, 351687, 469248, 275917, 362690, 2071, 148389, 415446, 208605, 68728, 53531, 185227, 215678, 186029, 90043, 29408, 68130, 337466, 196303, 382147, 442143, 161960, 116501, 405070, 402655, 323427, 30437, 386525, 182185, 151535, 458299, 303229, 87933, 339601, 347309, 155110, 384315, 421173, 111935, 404133, 413722, 125222, 213509, 475384, 273954, 3001, 350255, 200530, 403637, 399150, 130880, 44996, 413114, 100199, 172231, 115308, 80027, 24321, 145200, 177672, 8848, 286818, 498087, 157930, 362798, 404384, 242061, 413122, 417438, 18280, 451114, 218567, 330034, 243841, 365233, 429208, 174487, 57049, 487422, 394372, 443613, 387617, 279494, 77323, 284238, 117853, 235068, 112204, 123317, 226031, 179528, 264318, 185360, 426397, 118921, 66954, 364833, 407486, 249364, 430684, 209422, 101396, 210021, 218993, 88582, 440825, 1241, 86709, 217811, 169381, 488533, 32050, 31818, 51873, 434796, 145094, 327596, 421637, 365084, 325646, 307073, 96469, 495762, 251326, 385578, 325208, 196089, 484087, 496705, 11593, 173444, 348151, 443230, 399169, 324384, 172862, 240040, 195521, 480828, 401584, 365761, 246734, 150907, 418586, 228834, 83979, 161278, 378186, 135408, 474690, 75522, 257371, 230556, 476797, 408970, 379665, 148160, 110946, 224781, 13021, 372176, 1636, 143514, 473498, 460584, 490313, 7821, 212892, 16854, 454890, 19426, 245868, 287560, 350760, 257465, 182646, 277117, 5850, 355980, 175838, 380790, 15685, 57496, 220267, 295006, 443383, 346382, 144384, 448772, 193406, 398178, 14387, 347710, 466174, 371729, 11264, 140093, 304215, 388871, 108920, 318107, 253818, 101120, 6782, 454653, 304352, 133501, 228170, 313893, 135618, 449228, 104800, 136343, 414002, 407871, 471881, 121710, 84003, 43114, 158489, 110401, 413685, 332973, 475906, 169684, 16342, 32507, 473401, 281904, 307138, 16151, 249022, 37400, 311295, 269784, 44112, 160170, 277947, 45091, 117341, 322097, 347358, 457714, 297296, 221352, 191092, 67121, 453437, 60997, 142476, 397319, 401951, 27757, 52282, 299304, 52331, 80142, 398757, 62556, 72594, 346133, 260237, 12611, 419828, 471733, 59485, 465345, 340843, 357602, 445104, 275258, 261963, 57880, 116717, 73763, 444138, 88611, 170123, 75153, 85119, 195673, 383708, 110242, 208599, 268723, 69840, 345305, 28999, 362415, 352841, 456180, 421641, 127490, 273405, 242352, 477672, 106620, 253162, 107843, 419786, 360913, 345647, 23508, 331016, 407148, 89599, 322208, 170730, 347658, 36715, 472612, 342274, 285658, 176679, 45372, 258649, 181458, 272603, 205808, 278785, 258262, 493067, 233390, 16967, 420287, 458671, 45891, 238025, 403037, 3685, 419494, 238004, 333246, 31960, 101769, 484356, 155547, 253709, 245900, 273014, 167208, 297089, 269411, 118513, 327724, 427811, 339108, 383205, 347557, 184478, 324020, 453645, 212803, 24132, 309221, 465669, 251319, 300001, 341330, 72724, 361381, 140818, 79400, 376452, 326150, 148737, 176804, 141154, 408988, 12090, 320841, 317243, 476244, 89385, 12249, 402314, 167931, 166664, 466496, 445349, 213714, 404458, 203221, 401864, 237804, 41158, 70789, 157776, 358744, 476549, 84901, 171922, 210266, 37657, 465019, 197955, 216224, 496135, 172721, 369911, 316163, 114177, 309712, 353588, 93187, 317764, 390079, 341729, 217428, 16981, 281998, 138492, 211205, 265071, 338778, 437665, 301073, 144627, 97836, 320561, 147656, 71392, 133208, 205239, 483120, 82679, 4125, 137949, 245188, 120890, 70271, 127905, 291978, 330750, 149397, 32930, 242429, 70493, 435643, 296023, 394995, 205025, 141045, 95804, 469952, 94313, 294920, 139415, 283962, 112873, 202043, 138567, 109503, 349411, 273557, 309773, 154262, 29308, 377117, 68960, 253073, 174318, 486913, 470913, 158427, 343631, 8156, 238403, 46245, 16499, 182120, 77540, 255360, 21476, 29486, 220165, 16646, 48998, 159574, 234365, 378353, 450415, 395589, 206337, 49342, 294649, 100460, 290438, 402523, 279686, 169587, 258425, 77621, 189900, 431065, 374325, 171591, 495446, 396347, 165414, 223801, 154802, 420026, 258129, 151526, 245572, 370392, 434340, 380735, 269495, 22566, 80879, 182510, 332051, 476381, 447410, 38188, 102503, 357146, 286084, 483659, 294208, 116345, 64116, 304245, 463324, 312770, 355843, 299332, 11647, 404808, 174907, 417751, 281648, 496454, 486372, 410759, 383908, 285389, 339894, 359651, 180534, 8256, 346000, 438608, 458247, 223715, 457737, 19226, 316611, 194620, 243772, 88413, 84560, 52399, 460289, 146870, 228750, 27658, 18246, 391216, 266812, 259475, 211271, 319015, 15995, 376691, 489871, 237517, 332700, 50199, 351124, 231982, 464638, 487035, 122608, 142922, 112459, 75648, 322413, 212745, 81269, 195233, 270255, 239791, 149, 456445, 321371, 495164, 300729, 269070, 360667, 495719, 57512, 32411, 465097, 366137, 313881, 251000, 155143, 195948, 302011, 344607, 398456, 107546, 374040, 256200, 134077, 76868, 288961, 125503, 36817, 490960, 289164, 322076, 38246, 6541, 203220, 33008, 178486, 1076, 239585, 227124, 483805, 282575, 374573, 103592, 109303, 139372, 370425, 425399, 164616, 257818, 115960, 19289, 339871, 209008, 198946, 483514, 494116, 194859, 104819, 135415, 7907, 122910, 148562, 476158, 222996, 21317, 162037, 293324, 399414, 50554, 30142, 272553, 139729, 288419, 438559, 56427, 197725, 484706, 248180, 242340, 115456, 350187, 231614, 395443, 360841, 360190, 280174, 69126, 52628, 336681, 253219, 263562, 360888, 209486, 343320, 424385, 98071, 251748, 483652, 13939, 7176, 276095, 275887, 425103, 214988, 496266, 363445, 165582, 496268, 8587, 113404, 26653, 176799, 314808, 7027, 341686, 345585, 497881, 370183, 429110, 237212, 372260, 301390, 305159, 403719, 364619, 148822, 166374, 21369, 337284, 190207, 181049, 14040, 273279, 487272, 137899, 155804, 6911, 140591, 115292, 1857, 30469, 395013, 216256, 307254, 136866, 463147, 294649, 276284, 250965, 390390, 355882, 225088, 224577, 311472, 284756, 86347, 177526, 319117, 81868, 335626, 264445, 482199, 374793, 347422, 117987, 472704, 17729, 449519, 247090, 137267, 172116, 18671, 122040, 42542, 208763, 371456, 75013, 406547, 380739, 409861, 144813, 16782, 451358, 387489, 172702, 409688, 56131, 285616, 491164, 228870, 95245, 463975, 64966, 335247, 53302, 306024, 125001, 412430, 266034, 297650, 416389, 210424, 54302, 110906, 288390, 410, 201622, 149358, 489974, 319155, 53970, 279774, 409447, 180078, 360729, 420010, 154759, 284087, 418601, 490525, 359172, 79287, 104561, 331385, 430451, 95000, 169090, 54738, 411828, 460904, 202929, 71543, 346415, 334244, 19616, 411915, 63814, 4892, 446413, 79675, 363892, 434896, 103959, 381820, 121035, 83196, 84915, 244644, 469544, 12904, 167159, 315222, 273459, 377140, 420180, 242959, 39360, 169155, 412255, 407543, 183352, 20679, 346710, 45046, 459659, 413381, 11901, 85385, 361032, 48484, 229739, 231963, 334552, 266203, 25395, 51100, 3935, 335148, 375752, 249319, 119299, 50375, 465550, 354436, 294107, 72807, 12378, 267054, 481975, 467144, 347082, 125550, 109888, 293168, 435522, 88757, 135703, 463088, 12958, 64686, 245064, 289535, 150059, 459876, 480100, 91247, 492649, 76783, 315086, 490473, 52966, 56785, 287891, 123919, 74204, 460156, 491984, 35815, 24807, 78216, 150227, 439864, 25003, 413787, 350907, 336203, 428206, 475780, 66827, 342408, 324023, 409950, 395234, 126801, 287421, 494434, 25273, 460657, 299563, 81335, 176862, 259473, 378004, 138439, 378772, 303438, 227076, 398629, 328369, 263563, 245261, 132917, 467252, 83701, 33615, 340565, 348225, 454646, 323370, 365798, 331778, 4318, 390455, 288266, 238333, 487402, 497468, 477803, 304199, 338476, 386291, 206112, 70701, 214266, 320824, 66618, 146866, 462854, 184641, 228906, 86274, 177927, 299964, 187775, 105907, 352996, 404034, 139005, 132736, 37305, 61532, 236710, 137558, 334320, 171420, 68868, 206346, 249832, 425211, 244396, 317969, 264827, 246081, 389172, 352707, 88965, 355000, 88474, 356627, 162946, 23326, 436352, 308763, 254952, 238495, 22883, 22868, 472707, 219330, 486878, 9883, 215551, 313257, 308731, 126066, 61787, 296784, 234838, 276011, 468499, 275639, 250280, 424229, 461546, 70434, 280722, 78265, 349660, 38386, 493700, 64444, 113588, 183732, 247571, 65131, 409953, 172428, 107682, 178246, 281301, 88171, 392005, 340318, 314016, 297870, 72558, 95971, 477466, 392198, 221871, 380774, 197161, 264527, 216630, 164423, 86009, 424380, 350633, 349704, 404056, 179368, 432038, 55488, 62756, 470360, 450520, 56803, 311550, 383284, 381833, 321629, 175889, 28885, 242773, 350080, 62719, 194042, 23578, 59793, 38626, 222263, 154757, 43834, 347778, 357219, 365363, 131206, 2052, 23377, 381537, 419197, 173278, 169786, 177317, 331636, 286227, 276566, 274248, 263252, 172352, 236353, 271433, 107172, 428756, 60129, 26116, 411680, 374668, 244495, 392338, 169712, 428617, 202707, 31657, 86141, 90633, 61006, 38677, 400717, 32291, 449614, 58183, 292540, 10167, 40045, 93730, 137808, 150505, 232029, 333393, 23320, 151615, 6711, 42540, 391463, 33993, 11444, 56688, 200915, 81164, 322004, 55619, 165634, 467086, 238613, 497612, 457827, 93353, 234511, 114605, 22111, 83816, 60307, 56884, 275213, 109560, 405280, 83479, 383631, 372917, 471066, 258079, 298108, 244840, 166948, 14348, 198485, 166542, 369751, 227587, 100794, 145490, 447248, 228295, 79123, 420863, 350170, 89736, 391017, 80682, 313260, 444446, 41377, 172275, 424361, 150686, 462851, 234265, 167458, 125053, 57347, 374730, 84187, 207572, 298605, 322989, 363541, 475688, 101677, 310785, 382328, 201508, 336725, 702, 58627, 125079, 17825, 452716, 59591, 244766, 84451, 113415, 460687, 363750, 40886, 269223, 126375, 140899, 332604, 381436, 45975, 458073, 485958, 221786, 418881, 293638, 390277, 424493, 214763, 17489, 395265, 213969, 360226, 28960, 445321, 99572, 68831, 120972, 495072, 361486, 378270, 438383, 31033, 461615, 475087, 357513, 39198, 491070, 138150, 383086, 441193, 133580, 74634, 455478, 471663, 224998, 466978, 41902, 386275, 363196, 454884, 231655, 181547, 18684, 68859, 440881, 446983, 426978, 135299, 1678, 370069, 211343, 67481, 365344, 296914, 458138, 75277, 174777, 341747, 489861, 276575, 418068, 190276, 90597, 178575, 480876, 155967, 276276, 479261, 347309, 273729, 246179, 395287, 28432, 312627, 459524, 275696, 5784, 499537, 350076, 7973, 129944, 482964, 282835, 41293, 338238, 205388, 312998, 361164, 204624, 69712, 138665, 492896, 406147, 436554, 424270, 438340, 331673, 21714, 413019, 45952, 244228, 191519, 331452, 473166, 146767, 166681, 183915, 77578, 447256, 448872, 407797, 156771, 228057, 177067, 211690, 268668, 20569, 99747, 128894, 389374, 210464, 262869, 195373, 328612, 335303, 89198, 417385, 385319, 353116, 63485, 197824, 24119, 21904, 248919, 72297, 464433, 15095, 26293, 266274, 411091, 414707, 240276, 110077, 100227, 206709, 200863, 355291, 153803, 381722, 15486, 164981, 103731, 12327, 448413, 353627, 77146, 110998, 51834, 285865, 401953, 256724, 230627, 366386, 25605, 385712, 114338, 326659, 347327, 169715, 250914, 432781, 238669, 244068, 58989, 111355, 143344, 435961, 339128, 209585, 497571, 167665, 467709, 468354, 97384, 323320, 366848, 359666, 51503, 294535, 376894, 201751, 311238, 376066, 443795, 222954, 188614, 169216, 100005, 387332, 181015, 403087, 258786, 106563, 360348, 110895, 266555, 224431, 274283, 91331, 173033, 100210, 221784, 235934, 295746, 490822, 168709, 152518, 111356, 42004, 222968, 305510, 342448, 401740, 294764, 408874, 299060, 67608, 48013, 15385, 476649, 51410, 256942, 4648, 160644, 21431, 469913, 213280, 183168, 423860, 322878, 35359, 131350, 376261, 493535, 446343, 274558, 436286, 133639, 27500, 92339, 307229, 207212, 93043, 311328, 246, 256444, 220227, 70368, 15403, 329423, 337544, 40534, 239783, 360846, 395672, 455022, 352431, 483830, 71304, 179567, 254822, 492502, 279557, 440084, 234109, 113663, 200937, 158825, 318457, 67413, 81236, 467152, 376689, 455213, 165540, 10086, 191713, 98810, 65267, 411668, 26145, 3113, 71947, 238731, 255201, 283144, 7030, 297557, 198557, 448600, 13713, 411254, 311548, 110689, 57430, 203000, 295238, 130052, 403515, 137321, 334307, 439810, 417653, 221439, 61150, 291409, 46134, 282363, 116368, 365913, 192459, 394447, 134398, 254344, 45199, 175702, 141744, 176635, 366062, 294060, 340047, 392387, 292138, 324001, 122208, 317828, 326068, 318444, 351379, 92059, 381690, 198941, 420555, 135906, 424258, 383953, 310154, 6759, 279139, 307670, 24955, 425795, 250137, 331063, 442393, 335805, 302522, 106757, 427530, 487935, 57613, 33858, 76165, 71820, 34250, 384290, 91676, 304893, 373205, 192909, 388509, 81379, 104376, 490012, 122540, 494490, 437524, 248462, 249059, 247193, 110099, 454386, 48509, 225712, 94006, 136988, 294481, 303777, 342844, 129018, 413869, 229701, 457742, 99921, 238050, 311223, 199544, 107899, 330662, 334335, 6637, 413641, 217205, 46521, 258921, 382653, 440659, 259001, 71219, 227443, 222124, 310134, 456436, 81135, 294756, 328607, 406897, 163982, 387823, 218265, 252789, 114431, 99537, 418162, 9180, 177388, 433138, 451233, 364282, 10787, 364818, 20156, 343366, 465084, 325659, 470948, 77648, 401239, 130668, 283200, 351663, 294439, 252525, 323378, 260084, 225560, 11589, 390034, 173608, 354150, 38406, 211784, 103425, 413013, 82165, 414611, 57043, 3155, 41434, 454095, 266330, 94319, 148222, 107294, 322452, 58895, 468907, 413987, 105658, 406003, 37713, 335374, 124639, 50338, 191641, 202203, 482669, 162530, 323792, 139195, 454699, 214360, 12117, 327697, 129637, 326922, 291727, 305734, 291736, 10618, 384795, 125731, 393073, 153162, 94795, 144979, 345390, 427577, 482406, 60464, 480142, 188763, 445773, 233214, 6745, 285255, 9100, 24767, 353361, 16773, 161177, 117551, 345026, 173376, 469306, 427241, 393062, 387586, 292237, 299431, 350992, 472452, 98044, 430073, 65362, 144238, 178676, 196549, 2483, 366131, 402480, 404751, 366249, 305373, 499753, 405623, 363218, 452345, 300403, 311481, 185540, 45927, 21937, 94428, 66059, 291892, 202463, 188376, 273612, 296672, 246324, 37187, 224329, 351542, 126912, 185434, 200321, 291217, 486628, 227161, 43615, 84096, 44544, 486840, 260010, 309024, 113541, 421683, 475037, 208523, 399866, 92962, 372900, 133670, 188497, 397953, 152329, 297345, 457619, 441517, 371238, 39758, 70318, 451020, 161261, 2997, 92660, 7977, 125819, 9797, 325402, 456154, 394885, 182398, 273584, 286238, 164, 65348, 12637, 3760, 3691, 361908, 85818, 219565, 301831, 385883, 460531, 286584, 409006, 173387, 223652, 480874, 492151, 18648, 100140, 222735, 178251, 130417, 274156, 261057, 159538, 396906, 312424, 353283, 649, 16806, 124437, 463889, 144477, 387210, 160950, 374478, 261446, 218086, 337296, 309875, 111318, 150333, 146887, 383771, 441870, 235786, 124663, 188352, 101912, 448607, 279529, 188956, 304172, 212216, 42295, 112144, 90532, 298218, 25578, 219356, 480847, 352151, 46614, 341035, 84889, 146982, 130234, 289320, 239574, 201154, 186125, 348410, 336610, 203735, 260372, 399051, 170801, 53734, 198161, 215064, 4444, 221564, 201075, 439674, 95052, 76771, 93030, 354848, 301574, 361507, 235226, 370463, 319080, 433452, 446914, 248607, 84129, 113735, 397480, 43553, 301215, 381858, 126783, 238666, 157098, 208275, 404980, 255291, 169064, 100356, 42595, 34171, 176522, 368879, 138002, 485897, 201594, 193374, 499286, 433546, 53312, 392357, 154830, 406098, 422693, 482148, 103161, 117708, 74599, 46111, 25618, 216636, 23207, 302424, 93036, 320086, 4777, 77615, 354625, 228577, 444318, 180816, 424734, 300674, 134716, 209912, 97123, 131482, 40414, 419512, 307232, 146776, 341540, 77698, 398868, 481225, 316011, 459218, 246979, 323545, 282924, 460660, 42495, 16480, 408066, 328546, 39517, 191449, 499249, 287977, 176709, 82202, 192834, 499408, 163448, 41229, 198829, 95121, 301155, 473304, 316894, 458913, 263711, 112516, 35765, 97096, 105919, 362455, 122993, 255547, 211321, 106492, 466740, 329349, 207156, 86818, 252255, 437424, 452502, 129803, 333658, 327491, 293164, 270479, 85842, 485598, 288098, 223290, 481521, 417118, 68739, 255882, 83401, 70468, 481872, 233650, 137518, 259397, 281003, 60660, 110286, 38934, 182989, 199454, 208414, 290424, 370945, 54707, 92053, 465205, 206974, 436388, 11319, 89510, 276410, 257764, 378642, 473516, 186719, 215586, 88498, 424735, 271505, 351852, 363223, 424166, 306497, 230185, 142038, 83429, 45695, 131718, 490358, 347491, 450624, 469323, 153454, 162778, 7032, 399673, 15719, 341858, 111947, 462138, 320068, 12057, 90988, 362144, 77354, 414978, 421965, 10147, 32233, 381611, 71734, 164634, 187408, 485130, 363903, 18034, 195460, 393047, 201238, 26328, 115434, 43844, 407108, 332251, 5749, 340273, 433528, 13558, 53110, 45122, 220606, 405658, 242186, 348178, 27628, 270944, 439257, 239890, 90937, 139827, 299620, 425921, 45248, 151147, 477676, 163553, 193264, 354327, 146601, 1137, 163313, 330058, 488447, 457029, 145128, 71372, 449693, 314945, 100801, 9386, 431591, 406261, 25249, 461656, 487237, 335985, 276832, 100163, 28244, 201916, 491996, 152392, 62555, 252078, 357671, 203395, 62689, 313056, 436383, 208178, 398422, 391663, 373478, 207524, 362675, 310971, 123766, 490189, 179921, 459595, 199738, 57749, 482229, 135072, 38540, 250818, 250031, 319003, 77196, 494163, 111047, 479111, 410722, 346474, 27002, 232323, 220996, 27916, 475337, 188616, 148999, 436855, 408697, 486406, 192973, 464989, 204526, 59505, 2309, 58257, 383434, 409049, 85424, 226643, 20499, 36643, 265104, 298203, 386290, 46790, 86550, 119923, 81278, 310032, 101133, 197103, 211543, 423847, 405554, 467834, 74595, 200439, 147026, 157769, 386544, 227821, 261900, 446206, 388344, 179728, 214451, 230388, 57460, 162113, 135329, 148855, 477042, 315973, 477690, 356867, 161469, 428946, 336499, 309196, 133386, 274257, 486467, 395906, 398747, 392626, 49864, 431109, 299453, 349379, 45630, 172366, 427105, 467997, 87812, 257002, 265941, 52636, 305267, 204743, 474573, 491184, 251901, 106261, 116684, 280806, 363889, 200670, 201275, 243844, 427559, 190614, 372218, 232861, 309652, 451216, 365186, 446994, 74402, 489482, 448227, 95452, 393400, 304233, 126062, 250437, 123682, 485607, 165140, 241760, 250849, 235884, 43415, 139076, 133021, 344205, 377592, 422688, 72030, 246384, 448221, 54465, 216739, 499187, 105291, 340721, 439177, 190110, 43484, 344468, 193965, 300850, 412685, 351146, 35796, 390161, 198481, 406074, 279519, 435858, 498911, 207878, 320783, 429734, 90798, 386948, 394182, 133123, 320858, 330676, 323649, 329954, 252276, 167848, 440820, 27353, 229075, 242343, 89497, 431616, 329603, 365933, 92827, 383379, 371457, 92058, 425640, 74993, 200255, 223984, 230010, 182002, 180407, 311343, 124100, 187444, 163401, 174400, 22319, 109810, 306785, 293691, 172905, 205336, 434086, 385386, 274512, 192408, 268263, 147367, 173061, 64066, 132260, 286828, 498367, 135202, 487025, 117044, 454393, 206001, 353473, 363924, 224354, 208357, 448732, 454639, 1056, 40728, 427513, 264228, 183765, 241824, 155805, 412766, 494504, 48640, 156756, 103346, 246258, 241732, 23638, 36526, 53546, 194232, 341558, 72751, 354896, 258927, 229994, 342329, 361977, 131623, 400968, 97445, 8227, 67248, 136854, 478958, 469638, 379843, 193557, 332516, 273616, 39893, 134640, 349855, 300605, 374999, 212064, 292997, 105070, 278064, 21098, 181550, 193307, 277173, 402645, 334499, 273087, 322223, 305713, 323572, 135848, 53899, 201669, 105906, 384370, 66335, 60714, 50920, 108165, 281020, 459967, 334794, 15911, 252371, 304476, 414893, 230377, 278868, 176891, 470013, 93336, 366338, 78614, 221763, 434862, 90321, 328149, 408451, 34974, 164998, 149006, 231839, 255173, 417702, 474994, 82054, 53177, 356042, 451784, 458305, 248829, 147966, 38521, 9808, 63001, 335424, 288163, 335342, 155086, 156452, 186721, 119191, 226175, 84538, 366, 405932, 425090, 185869, 396667, 173315, 161594, 350467, 92594, 318416, 496712, 199639, 13247, 479648, 352399, 88573, 48472, 330561, 457908, 338586, 487758, 213237, 44535, 408431, 365036, 451344, 128252, 33423, 268754, 418458, 51573, 142245, 385193, 187711, 379052, 89904, 220105, 14428, 248559, 131946, 24169, 43831, 95305, 176907, 426832, 326986, 305770, 325565, 115136, 200252, 58310, 140783, 410110, 97277, 471465, 458915, 395061, 492264, 255720, 93472, 460021, 359883, 242622, 79374, 132591, 430735, 228428, 410718, 193382, 389854, 209231, 132876, 361805, 237155, 200146, 347823, 172540, 250514, 416784, 76241, 427220, 260069, 206512, 75180, 288247, 284934, 160510, 403189, 14880, 47671, 215653, 395958, 168167, 126881, 155371, 15450, 95690, 130621, 50988, 418473, 135547, 471487, 240362, 22333, 320841, 331304, 53470, 297679, 72493, 326350, 395668, 490160, 394390, 129324, 22063, 375981, 386886, 19875, 279654, 180149, 247712, 203919, 116642, 464593, 359249, 346418, 450040, 340157, 428446, 325416, 439648, 38119, 74246, 427457, 50946, 485800, 409789, 88762, 434779, 377857, 4681, 444885, 346267, 116984, 56120, 233960, 343237, 233442, 431074, 463037, 471081, 64514, 61748, 379482, 461723, 393217, 16146, 159788, 208906, 160488, 317560, 196105, 127326, 122851, 301705, 364540, 10024, 218465, 68841, 377247, 199607, 91574, 350125, 402974, 484148, 334793, 280579, 423146, 6939, 308360, 311473, 96902, 256974, 303768, 336601, 323934, 41978, 112811, 131783, 414760, 383137, 132376, 417869, 295511, 305985, 32201, 350021, 236826, 193529, 476473, 272468, 177560, 216603, 153708, 174090, 495049, 386622, 389381, 164162, 448650, 264218, 326350, 296403, 193836, 489204, 357009, 5070, 230553, 164704, 482653, 94659, 487422, 402704, 288201, 222555, 366673, 440444, 277362, 120944, 234153, 110214, 425094, 167468, 380984, 273226, 466779, 420456, 490500, 224800, 494271, 431442, 234700, 362344, 245358, 351238, 497900, 312064, 335689, 326239, 84904, 370571, 426383, 187443, 207344, 426652, 389225, 145446, 264872, 152616, 401507, 438546, 240709, 216894, 418067, 492951, 459988, 16293, 144563, 335577, 102803, 226565, 233634, 441675, 397770, 442711, 294261, 273451, 326345, 30968, 132141, 77937, 384359, 439498, 407722, 109371, 200538, 117941, 90759, 344565, 426445, 405076, 342237, 496362, 55199, 151432, 473023, 310032, 69549, 455322, 309554, 387242, 282121, 143093, 319477, 437464, 372974, 82569, 139878, 153719, 395794, 179697, 492073, 37527, 59442, 475129, 169314, 388497, 485988, 80195, 75465, 457430, 237060, 125400, 390114, 259909, 10606, 450985, 300340, 233028, 478339, 137999, 182824, 456684, 389623, 367332, 439347, 294132, 361644, 278679, 461250, 101681, 200303, 408476, 134279, 252061, 447388, 167996, 147837, 82957, 53109, 171090, 257283, 475959, 30331, 115483, 125465, 254311, 142024, 441339, 341397, 463554, 84504, 397621, 479565, 38519, 170931, 61748, 320689, 441117, 266752, 395365, 414637, 278138, 368797, 405432, 471229, 372499, 333365, 354300, 151631, 317572, 380542, 208677, 302653, 445084, 179675, 105267, 476948, 236096, 163472, 110037, 268043, 344615, 373433, 161892, 313753, 308457, 266809, 132221, 196119, 308400, 243701, 174612, 15535, 274402, 50230, 22527, 440518, 443454, 17527, 242034, 280569, 356519, 276633, 114667, 434878, 265559, 4922, 215289, 186567, 336773, 338698, 166320, 359, 471834, 494215, 259484, 236317, 341102, 420303, 80145, 176398, 200027, 490565, 444422, 164099, 13081, 31927, 5064, 367789, 228066, 453978, 291804, 7573, 315011, 83249, 239732, 29399, 251795, 365156, 248972, 366633, 393090, 95173, 346244, 410043, 370762, 101465, 404522, 245506, 406909, 455556, 331122, 312338, 373809, 207102, 495050, 158051, 463847, 169877, 166457, 4573, 357854, 132135, 156276, 163682, 168618, 478962, 106795, 147341, 101566, 448514, 369358, 427976, 195510, 126574, 367513, 85199, 310253, 73820, 319794, 240591, 99899, 65327, 76027, 390597, 207366, 112879, 127287, 411658, 56610, 133640, 203987, 372178, 365081, 220311, 260692, 71008, 356370, 16170, 23996, 184995, 448431, 479546, 42652, 203909, 472841, 217521, 392901, 249413, 232909, 329955, 268095, 38075, 398946, 403408, 469792, 451158, 275301, 318368, 46010, 195265, 456620, 79024, 89778, 53470, 365017, 233509, 445640, 318558, 205530, 405252, 320095, 307428, 418963, 284261, 429935, 5438, 312020, 211345, 92870, 323334, 72032, 89267, 59094, 96974, 200084, 100047, 400639, 446455, 309804, 351882, 372151, 271712, 180069, 422048, 457274, 241930, 318658, 74242, 167112, 493108, 328296, 434013, 104162, 98369, 236041, 230015, 312623, 116787, 20614, 130035, 245549, 470067, 19443, 409031, 107743, 483963, 390533, 3463, 276165, 234838, 308516, 348316, 91871, 7258, 204065, 276009, 365872, 74780, 354584, 344309, 368191, 179996, 201319, 367905, 478019, 354489, 240861, 387795, 251616, 57576, 339340, 451079, 60446, 56068, 289176, 395107, 72760, 347356, 227074, 188456, 499928, 34169, 452066, 222949, 28347, 359586, 215865, 135722, 484631, 301513, 401234, 376211, 398481, 313879, 392644, 331578, 268685, 409927, 283739, 33446, 420110, 385450, 27040, 126269, 301940, 49826, 39167, 253558, 80439, 170165, 432638, 340378, 359093, 43621, 5471, 28295, 299554, 17304, 140852, 494127, 211032, 214858, 176067, 387378, 178942, 255888, 214567, 428521, 139609, 148130, 280958, 68610, 231882, 114888, 187577, 367131, 47709, 76820, 319245, 69659, 325119, 391515, 323225, 429489, 322473, 331115, 46342, 155847, 15066, 155117, 60168, 230448, 103, 409120, 20841, 329699, 423052, 454008, 18401, 187086, 214713, 482336, 178024, 346595, 178023, 349081, 40169, 482104, 226482, 479321, 358707, 475456, 82983, 284333, 325532, 262141, 401337, 413765, 411945, 87991, 351969, 124863, 90643, 286145, 366148, 66049, 148890, 172863, 105947, 127399, 493433, 353910, 379421, 26461, 99582, 200292, 456086, 432546, 489785, 345978, 322191, 135440, 252448, 308267, 79003, 97969, 324743, 279777, 55581, 275921, 453146, 352860, 55225, 336207, 376646, 442651, 326444, 247293, 473217, 245151, 267162, 391080, 303694, 269033, 211976, 132623, 320459, 284941, 194640, 57305, 420049, 375686, 398151, 469703, 268417, 347186, 28205, 327016, 59027, 261785, 335701, 239415, 367491, 176995, 309195, 27060, 224396, 268667, 280589, 295466, 296301, 235914, 274277, 173464, 213502, 111888, 444651, 181686, 16065, 466769, 192984, 213025, 323910, 336084, 18566, 444834, 423642, 450442, 160094, 211999, 226464, 76178, 143578, 22125, 260749, 56640, 425082, 465204, 234942, 428390, 458268, 410933, 237675, 274284, 187626, 349341, 371671, 203620, 158715, 273485, 36806, 264406, 92883, 409331, 151389, 66125, 199549, 480270, 465565, 215366, 406498, 488508, 108921, 64727, 182837, 149949, 72674, 38995, 281065, 318443, 115553, 454775, 132367, 7879, 438899, 483511, 206055, 61005, 478249, 168456, 417776, 236218, 430777, 222527, 423859, 364106, 222139, 192249, 349223, 16929, 184750, 462626, 363600, 229625, 215078, 861, 228722, 243117, 47334, 423115, 41632, 295563, 246312, 33574, 310156, 499126, 446117, 223464, 299872, 93120, 407888, 208556, 209547, 468412, 122125, 232988, 236213, 182272, 492783, 191188, 107201, 285821, 68610, 107875, 235924, 409678, 80002, 212371, 175556, 469614, 151762, 451283, 366260, 215745, 401196, 464281, 295962, 189437, 57296, 43789, 214708, 93322, 294283, 411796, 215093, 131637, 246099, 1652, 253515, 385821, 406033, 60961, 84474, 82495, 14879, 293468, 302758, 401774, 427620, 166195, 275266, 241576, 316305, 21546, 370343, 253795, 91691, 57821, 28112, 133208, 320508, 347576, 196412, 311145, 242833, 124756, 121124, 313520, 449171, 177416, 420651, 258725, 44451, 217122, 451361, 443970, 191874, 194602, 487012, 320906, 9874, 148493, 90543, 100328, 392954, 435088, 110825, 373892, 480824, 402567, 40248, 420625, 65731, 13244, 27808, 295732, 76498, 417767, 83957, 462889, 466878, 99702, 142271, 385119, 377268, 201194, 403069, 370793, 492455, 351684, 243562, 277457, 97015, 55369, 301240, 283160, 73873, 254639, 152709, 420597, 306671, 232805, 343869, 145278, 451932, 454953, 245671, 442445, 476090, 292506, 364704, 481170, 287463, 344270, 35680, 195488, 292087, 196, 169968, 227524, 426736, 365011, 20375, 129058, 171554, 434830, 211655, 270556, 171411, 327406, 110850, 260383, 12184, 418533, 415507, 497720, 372910, 65940, 287523, 302854, 31853, 303044, 451531, 222790, 150411, 84543, 425121, 144318, 475630, 49828, 411217, 403059, 66331, 418112, 16925, 299654, 403041, 437929, 17418, 39336, 233634, 340036, 69108, 452996, 325411, 332467, 494873, 415747, 387287, 296756, 366203, 27932, 479504, 71613, 29878, 270412, 402308, 301391, 84668, 294598, 118027, 476906, 212499, 173802, 396110, 460119, 8442, 86413, 28501, 472631, 91008, 476717, 383044, 412526, 72109, 116933, 434161, 30785, 263853, 223435, 162126, 409837, 443554, 306653, 179691, 248493, 465117, 347346, 230238, 436463, 468495, 241193, 274105, 300178, 309900, 475692, 294010, 149057, 452703, 396225, 406665, 176808, 445035, 214772, 161173, 412856, 92061, 406250, 232251, 490572, 79204, 45452, 3904, 33361, 232275, 474615, 213776, 86094, 463620, 460484, 167609, 404078, 201722, 122413, 246604, 345201, 408999, 31026, 450944, 428487, 168983, 174333, 488529, 53457, 423948, 78222, 136847, 10852, 179975, 263608, 14712, 132578, 263835, 13608, 272860, 311583, 191569, 126219, 283833, 211050, 338501, 59961, 395883, 342802, 312944, 429298, 9407, 228240, 274301, 113438, 494061, 294802, 197521, 244777, 295681, 92561, 454145, 344528, 414922, 68221, 493219, 226436, 251349, 314650, 118782, 417147, 145761, 240688, 312152, 387575, 62685, 133441, 394687, 345090, 182403, 243426, 32067, 41453, 168880, 55538, 307567, 341590, 311111, 77286, 473948, 259304, 198868, 434751, 357502, 329010, 202311, 293483, 343513, 137606, 426903, 94000, 127969, 160372, 280267, 206925, 5174, 103881, 273939, 141012, 71605, 362363, 231297, 174347, 144547, 222718, 117771, 314275, 325004, 154692, 406692, 348697, 153693, 55175, 300688, 274069, 137887, 134331, 194743, 60155, 442865, 172368, 342861, 457865, 425518, 122845, 485657, 4179, 217917, 466783, 387048, 457731, 76527, 37245, 331465, 116113, 225478, 421977, 401288, 17087, 3631, 469517, 361458, 215286, 198729, 260331, 412482, 493163, 257650, 218917, 114463, 376018, 36549, 412876, 279068, 222231, 352090, 436436, 427837, 117827, 121677, 131332, 76555, 46517, 162633, 13566, 415813, 269196, 368415, 26515, 77940, 165824, 372035, 117891, 93423, 380588, 76151, 25222, 99048, 415104, 404366, 279939, 315487, 272387, 49725, 324927, 102157, 249058, 44892, 286808, 335877, 390557, 183669, 58400, 203929, 467110, 133709, 272828, 246443, 251453, 280543, 490755, 80010, 487464, 316039, 13972, 436800, 198976, 408827, 29242, 19389, 447925, 59788, 47180, 416438, 234056, 195624, 420721, 217700, 38854, 488567, 454191, 218290, 462148, 450988, 81976, 403653, 6239, 170783, 422437, 14303, 160498, 353409, 301926, 34462, 280819, 102567, 311294, 432726, 486927, 157204, 291729, 462689, 11777, 286429, 330233, 234688, 10235, 394779, 354530, 96591, 332759, 278076, 321858, 183222, 485635, 390754, 376802, 302263, 152030, 492829, 423212, 214513, 225197, 188032, 332774, 10399, 482489, 236051, 171576, 309159, 158239, 208717, 289758, 22919, 129391, 474325, 387703, 286987, 226290, 322167, 102181, 429312, 81579, 45896, 153293, 401357, 74307, 303813, 384400, 346109, 270143, 22723, 311997, 57276, 239257, 427406, 400903, 174950, 308804, 22588, 354547, 395369, 458381, 318267, 108476, 7603, 497734, 338482, 106667, 427257, 187996, 58858, 195594, 34620, 137577, 291509, 231641, 217472, 150483, 474275, 387785, 161556, 33217, 413137, 226388, 498227, 69252, 223315, 375957, 232370, 381563, 25748, 458943, 44621, 483446, 167402, 311809, 340729, 10380, 95649, 446414, 333108, 290167, 87331, 61303, 198124, 103380, 180137, 69996, 224219, 85489, 67881, 88233, 249795, 392937, 231032, 419516, 401741, 314775, 133729, 345597, 492820, 296697, 2625, 372719, 150866, 401500, 418116, 346935, 451368, 447721, 79149, 344697, 51043, 364873, 149294, 68294, 53888, 410440, 404331, 293456, 87159, 191687, 265748, 346918, 118524, 153334, 320650, 135008, 248764, 60909, 387887, 204086, 484839, 54827, 99737, 464006, 463997, 350273, 70648, 17357, 227133, 72529, 243277, 332952, 106332, 286005, 155724, 55550, 126933, 277251, 427227, 28695, 379528, 49577, 79323, 163443, 410067, 426476, 151386, 150307, 89097, 445487, 96267, 66573, 435988, 243321, 232134, 206515, 84551, 84353, 142358, 3282, 448531, 148684, 311249, 260705, 37603, 189376, 385314, 319165, 269313, 37489, 181914, 194086, 55159, 46846, 499854, 170703, 358237, 455829, 346543, 269979, 328335, 357158, 163074, 482529, 298754, 443879, 242360, 138964, 116810, 102959, 250066, 466290, 23733, 345567, 265911, 193198, 158809, 455187, 266417, 26096, 241084, 373330, 361945, 432323, 453756, 315772, 340113, 298931, 495231, 336301, 343939, 88458, 58569, 168590, 328755, 294834, 128838, 453475, 461164, 2801, 123367, 39186, 211679, 231745, 461148, 355329, 84235, 424734, 492686, 178197, 82312, 376177, 466801, 73845, 303552, 266451, 163357, 177857, 29302, 256193, 16367, 382860, 398711, 437310, 312332, 91662, 395491, 288560, 430382, 468576, 272003, 115881, 383407, 48829, 495157, 376384, 404868, 183712, 214562, 16377, 46145, 322293, 455571, 156159, 112387, 340909, 207290, 441029, 213985, 375809, 214758, 309964, 314459, 472306, 399433, 195143, 363489, 446870, 114086, 247267, 403730, 226759, 210018, 242674, 112107, 46395, 498112, 320563, 231066, 268843, 31758, 22579, 394169, 21354, 225990, 336947, 135102, 329839, 476266, 284647, 488473, 172110, 270206, 422379, 89520, 66911, 350718, 66752, 151925, 101686, 244178, 70505, 64972, 117633, 57065, 338925, 221522, 58354, 110625, 283943, 6026, 238302, 192777, 330705, 196875, 478213, 57432, 9103, 421556, 479315, 41583, 402798, 252595, 429216, 320282, 200577, 407485, 86863, 100852, 96618, 38152, 155005, 267201, 405041, 117906, 310069, 381453, 195401, 58524, 15934, 400635, 492338, 265568, 357896, 125614, 9288, 43979, 347170, 74952, 206296, 331723, 203020, 155781, 43724, 158321, 218647, 141336, 167656, 393369, 431745, 168865, 272631, 120246, 466730, 486614, 110891, 373027, 238521, 279325, 283960, 149007, 253953, 263372, 258949, 149787, 497879, 207749, 5881, 194151, 299843, 59938, 111574, 105507, 28581, 273010, 312501, 181493, 98146, 118893, 137575, 219868, 58442, 467644, 491693, 186951, 205939, 392199, 74876, 156325, 146470, 60756, 189360, 320840, 446474, 314725, 34738, 267316, 76096, 326964, 198902, 321640, 393705, 139720, 427448, 392781, 271135, 458062, 478890, 271874, 282284, 112857, 89990, 452585, 350373, 215943, 4672, 420936, 112403, 388611, 267562, 358967, 206013, 142815, 229397, 325556, 174395, 28194, 384716, 39288, 196994, 426886, 295647, 396740, 205602, 228143, 206343, 241668, 93146, 54315, 252174, 247518, 469031, 368857, 227169, 175449, 415799, 150520, 305428, 278327, 256701, 89865, 265188, 83836, 95477, 422471, 107809, 57815, 92976, 158975, 169490, 253426, 381492, 264525, 432057, 349180, 194755, 461094, 24901, 265282, 446776, 363241, 78336, 184902, 21133, 415104, 269032, 419345, 163481, 406131, 139225, 422162, 472697, 18887, 400395, 433711, 464389, 243461, 91169, 316394, 366398, 399505, 135748, 121858, 268943, 74856, 277376, 495491, 279776, 80588, 184302, 33230, 473545, 100406, 276689, 315673, 473324, 382073, 42883, 498140, 198405, 329005, 340752, 80015, 176626, 56067, 389143, 350291, 437297, 252251, 72097, 333551, 249084, 230911, 447337, 281535, 254819, 96750, 238700, 34679, 344540, 275849, 57005, 179860, 180746, 284492, 369485, 410982, 482628, 213468, 159946, 168146, 353093, 323755, 400122, 335316, 354011, 167128, 14115, 363558, 353412, 283451, 353613, 322549, 450189, 171446, 73243, 156210, 199342, 38140, 479957, 410459, 346663, 277983, 258591, 410772, 33499, 227632, 147816, 73976, 247940, 300587, 170403, 366402, 417523, 432450, 40476, 287802, 260827, 196830, 365434, 141801, 133535, 481506, 13734, 240688, 82839, 57610, 21593, 197037, 88381, 402804, 311430, 496320, 273161, 395400, 488252, 334869, 90330, 366719, 307283, 373989, 28870, 418899, 229832, 371659, 409709, 138229, 253665, 300870, 302611, 254375, 444608, 279783, 438328, 246963, 332397, 184419, 415478, 262534, 271131, 454897, 400407, 216394, 491614, 358894, 149969, 94207, 241748, 234366, 53846, 129637, 72915, 130704, 434659, 311915, 77606, 379223, 192753, 449448, 21705, 342065, 28125, 240585, 282574, 359211, 150275, 187724, 304222, 224721, 63018, 266924, 166167, 338614, 412119, 154153, 456592, 478695, 331031, 471385, 54421, 65325, 237775, 302954, 193846, 157904, 491279, 72869, 429780, 280305, 444596, 25060, 322838, 454373, 481238, 194720, 476176, 58029, 494677, 451624, 183200, 60882, 372110, 17126, 384888, 442589, 248522, 312777, 369928, 61783, 239370, 98976, 210459, 264573, 464123, 243760, 323759, 225113, 37440, 77520, 89179, 410846, 31378, 271666, 215108, 213093, 484291, 262117, 133071, 433413, 288167, 192152, 53914, 213519, 469603, 265464, 211950, 233992, 177019, 404013, 225189, 241248, 58479, 425017, 320652, 475543, 429267, 80447, 187613, 330374, 386540, 145554, 137105, 351086, 427400, 5197, 391910, 126774, 308208, 161921, 148210, 401158, 135513, 487810, 453525, 307836, 70834, 66678, 87828, 5840, 265145, 244621, 196838, 418958, 377507, 190562, 168789, 316563, 368721, 423264, 93090, 395906, 424927, 160404, 407815, 28413, 239818, 372986, 264810, 41022, 17319, 200999, 68018, 228476, 118326, 279363, 197298, 142554, 337266, 452794, 233595, 426930, 57789, 177647, 287727, 370086, 283951, 128655, 488689, 165739, 331406, 227792, 372643, 497311, 161660, 107685, 413925, 470489, 32292, 119097, 332446, 279161, 18217, 311083, 424757, 72723, 53035, 281555, 48193, 497903, 76014, 200175, 483220, 361986, 249478, 337188, 319568, 162933, 219192, 462698, 163774, 388515, 163805, 115379, 421775, 143332, 485593, 192109, 437626, 252341, 111163, 147345, 140792, 408779, 23048, 356588, 449848, 246663, 35718, 326332, 366870, 421080, 446636, 298676, 17152, 239177, 487486, 315322, 355105, 311685, 96777, 186497, 355775, 498791, 393594, 461076, 424859, 413812, 91249, 479553, 65137, 220570, 348043, 286117, 415677, 429502, 311876, 7264, 85097, 84023, 293718, 358974, 247439, 440627, 248175, 226913, 67779, 37006, 184109, 9205, 237170, 1961, 132607, 455066, 233344, 19301, 409310, 433256, 454813, 131413, 134348, 238435, 355275, 354542, 113262, 468941, 296065, 229454, 90700, 185178, 460127, 27502, 36659, 249154, 449400, 318900, 195184, 137599, 64277, 396233, 344645, 377015, 353713, 421935, 219642, 482259, 320208, 204820, 496773, 771, 363577, 192204, 34095, 115990, 465925, 166147, 91845, 320525, 188045, 242729, 225016, 158386, 456190, 184605, 271351, 50585, 270068, 224622, 468348, 450556, 220248, 158085, 432837, 378783, 459319, 406867, 150111, 204763, 328076, 335330, 484895, 342447, 368993, 440477, 295896, 465483, 362207, 407609, 220798, 359013, 292273, 416333, 90541, 465718, 136199, 325012, 73002, 261875, 228655, 55136, 276882, 252127, 473460, 267632, 346678, 443918, 36957, 20498, 374850, 329701, 417425, 83469, 11886, 384302, 337034, 407950, 271260, 2408, 18187, 15054, 241612, 467364, 327348, 307070, 17757, 328579, 230547, 177425, 99050, 369022, 443914, 369442, 247549, 303540, 226412, 163332, 192277, 274901, 9711, 110253, 172347, 350181, 43041, 467871, 187578, 66677, 137819, 137818, 311726, 371936, 244035, 229065, 378221, 473439, 493964, 203704, 447628, 141759, 455792, 224666, 206569, 474369, 462929, 102404, 13727, 110939, 161953, 386551, 400480, 472393, 338758, 433204, 13122, 269946, 396730, 54414, 66517, 366996, 414862, 237574, 387760, 201078, 497540, 347639, 444596, 228338, 37447, 3037, 181480, 172456, 124001, 384603, 123639, 169509, 336930, 362229, 214875, 317999, 179318, 320844, 207412, 359829, 326021, 424910, 48958, 91826, 286245, 496548, 214901, 239771, 6799, 318538, 332330, 13806, 129184, 117429, 272900, 178062, 377048, 61094, 345642, 71356, 499088, 209123, 481194, 42009, 219631, 289351, 251597, 1016, 473906, 341348, 498427, 211768, 191813, 166227, 274419, 238385, 491690, 17236, 57825, 241919, 146005, 238796, 197119, 37176, 48860, 135302, 441432, 35571, 408272, 50933, 429326, 398410, 475096, 342538, 392665, 39428, 298660, 271559, 41364, 367680, 170341, 135539, 330239, 391757, 480696, 323132, 379876, 396456, 119877, 31147, 214853, 229453, 255728, 28669, 223121, 265976, 460417, 95423, 378767, 11279, 2741, 223133, 310943, 415385, 117651, 260270, 3445, 144729, 119853, 166351, 416100, 317698, 480647, 155576, 303775, 274573, 437237, 74799, 261582, 318191, 177262, 141747, 448895, 60505, 373413, 433396, 239969, 290439, 61590, 193312, 421245, 430230, 31108, 194262, 375679, 166805, 460006, 18113, 110989, 96816, 90582, 213710, 146431, 194904, 395437, 78701, 50942, 399247, 340693, 460305, 463559, 300260, 491265, 173022, 390238, 261269, 434547, 153286, 295008, 325066, 209946, 355365, 169217, 179873, 48955, 357630, 284294, 139302, 186655, 38801, 402226, 269461, 38194, 390355, 455066, 7704, 168967, 94320, 327145, 261326, 275496, 390, 294082, 433732, 306337, 206310, 214270, 111200, 134195, 10531, 463897, 177659, 119564, 344726, 38400, 434621, 27069, 341847, 71998, 17519, 357281, 34857, 18675, 166210, 385770, 122575, 410951, 97904, 135632, 60124, 86609, 452411, 466944, 305144, 350841, 200212, 20526, 145382, 126583, 164044, 440733, 30499, 277520, 454014, 331259, 92153, 409495, 424953, 31780, 460851, 312966, 224303, 86211, 188517, 165664, 61966, 462650, 192304, 200817, 356859, 31970, 304650, 368159, 257825, 364108, 418284, 316394, 136023, 203850, 224154, 150470, 394891, 153768, 48991, 245108, 206084, 224832, 45269, 122110, 396533, 85503, 80242, 318300, 344396, 139973, 425178, 402696, 13544, 305704, 111935, 397685, 127471, 78185, 19063, 425802, 61551, 415138, 84102, 466996, 120049, 196056, 284188, 379847, 372273, 99682, 282824, 34933, 249328, 221712, 373209, 293242, 330556, 431242, 477386, 313323, 416693, 297175, 216283, 245070, 433294, 222522, 229212, 103801, 116601, 209767, 470944, 271902, 347209, 406436, 161900, 287135, 112968, 466238, 6376, 262012, 459214, 182959, 227769, 126730, 67492, 436193, 298863, 101249, 15596, 117030, 198294, 262245, 131466, 257197, 324057, 345420, 51443, 391353, 164842, 399515, 37130, 353925, 422108, 382931, 367058, 452146, 213593, 278977, 419315, 83722, 12889, 158438, 275656, 42670, 454909, 88851, 205187, 156963, 281905, 397311, 233990, 246071, 282994, 301882, 118190, 78500, 262011, 264465, 53602, 40111, 308661, 207955, 293758, 300442, 300101, 317652, 483181, 275807, 398236, 269647, 138237, 176964, 204306, 447037, 246530, 278826, 257581, 465158, 495705, 465758, 368703, 331746, 485030, 167039, 152184, 417460, 479808, 171079, 315940, 442726, 337488, 455081, 209040, 99168, 42680, 209522, 223173, 22856, 31558, 273306, 406298, 235159, 150990, 109084, 55656, 113439, 186969, 228180, 273545, 32016, 430748, 426202, 205176, 113318, 236192, 261696, 422942, 265035, 326607, 183808, 486208, 236676, 34113, 268131, 337416, 469146, 324005, 122511, 114843, 83397, 419303, 219934, 222349, 54055, 129324, 228705, 122240, 363102, 189788, 298696, 44599, 134307, 492254, 98504, 41704, 20174, 33818, 394861, 338417, 487689, 1326, 335432, 244284, 145948, 104597, 80229, 199031, 421238, 264538, 127446, 416821, 425788, 31063, 358090, 178984, 185217, 449632, 43789, 72879, 346204, 127671, 62199, 377703, 296087, 337167, 246779, 142329, 79791, 62751, 51513, 89224, 231671, 50467, 271940, 115732, 43124, 27618, 143919, 377804, 484659, 158012, 355508, 465556, 154621, 111348, 97968, 350474, 185613, 76530, 219771, 270715, 373912, 218540, 460878, 43914, 364411, 492712, 297320, 163723, 306113, 407460, 8054, 133334, 71700, 303975, 494521, 98325, 352826, 118415, 472694, 402178, 354243, 381420, 343448, 317366, 29112, 465940, 89026, 493579, 185681, 496383, 183283, 432910, 409244, 88854, 38772, 223511, 67844, 113522, 233492, 168450, 161950, 96446, 400073, 325397, 60469, 59543, 283966, 55660, 481720, 444519, 158916, 460602, 439793, 409108, 373676, 78573, 229883, 9203, 478476, 473686, 4801, 286591, 323503, 231703, 324137, 289871, 260159, 70359, 217888, 177936, 49549, 141855, 294785, 439745, 379236, 221436, 261631, 145111, 305991, 45236, 225849, 35173, 125102, 195634, 104790, 297581, 336642, 18915, 194516, 458221, 61929, 47611, 256006, 180850, 322381, 369442, 203592, 20404, 453118, 185080, 101678, 210659, 346692, 29376, 41841, 343543, 230691, 465249, 240576, 472754, 302833, 273168, 186062, 180933, 419700, 468881, 204495, 320437, 32723, 241823, 239017, 324499, 317084, 92386, 157253, 149007, 229141, 259281, 3569, 283519, 128360, 479880, 373715, 8554, 471299, 128901, 73323, 475837, 260172, 498550, 324782, 110418, 75470, 277746, 352976, 477813, 485273, 429702, 404417, 105432, 22915, 85026, 359949, 292635, 49246, 275053, 93922, 342439, 54364, 90962, 142187, 22389, 230862, 431652, 113532, 361811, 66722, 115867, 160558, 242964, 475354, 59631, 65308, 377961, 48611, 189250, 135209, 258393, 407433, 130787, 442744, 9274, 136517, 73284, 108634, 269434, 298334, 273630, 411158, 59994, 254318, 19403, 2815, 456105, 35135, 271713, 467382, 256167, 456637, 380682, 71696, 169822, 435545, 172104, 36016, 398903, 44920, 37402, 370166, 469173, 316341, 341062, 67374, 480264, 166618, 239664, 101109, 355408, 230670, 459840, 284595, 424347, 96159, 275251, 277934, 239926, 278112, 274697, 74217, 385879, 201317, 325456, 31769, 431448, 33971, 358767, 439751, 11251, 472511, 384406, 308576, 91139, 28644, 216239, 409212, 498360, 424482, 125335, 221622, 353434, 435106, 139719, 428223, 163430, 329784, 284406, 374587, 168013, 247975, 203286, 214430, 329220, 7634, 320343, 332034, 302261, 140206, 137770, 379760, 453027, 218480, 250427, 84857, 107853, 128409, 133748, 49968, 223594, 250698, 63535, 440389, 161001, 476659, 130211, 116219, 107497, 312024, 442667, 45845, 417411, 286299, 485821, 496945, 482746, 131852, 325763, 437678, 35171, 344337, 186749, 37007, 435337, 102703, 438827, 329883, 488455, 336576, 41532, 373477, 211503, 68513, 147349, 135064, 301790, 84313, 412979, 370404, 238897, 19362, 476053, 495168, 275884, 80370, 21035, 322822, 78238, 290164, 213304, 142345, 334599, 28330, 243380, 94877, 7839, 47031, 177109, 124367, 499854, 74877, 460239, 477282, 70651, 379717, 164271, 69666, 39630, 80647, 22820, 152243, 478434, 333695, 184253, 90019, 356626, 50061, 33311, 329952, 449794, 371932, 314241, 329214, 392505, 17303, 131076, 6868, 154879, 29867, 198624, 51415, 473810, 109811, 86304, 183418, 475559, 490452, 247703, 62220, 95129, 60070, 465528, 28499, 296956, 310719, 419186, 312316, 371100, 242563, 32790, 317659, 303076, 287577, 277107, 347364, 23762, 120829, 199323, 454696, 387399, 286421, 256530, 490709, 187801, 463016, 369428, 256925, 223739, 292525, 132925, 61108, 272760, 389955, 204398, 105891, 280102, 272964, 298681, 377444, 437489, 110361, 8957, 440626, 692, 338824, 218942, 216789, 393702, 165, 320810, 203342, 118479, 494836, 440468, 419554, 67893, 424330, 155868, 274219, 70589, 105011, 169906, 133091, 229015, 132762, 131349, 119631, 83120, 407514, 105805, 347168, 383245, 441066, 224259, 258523, 215699, 226831, 390197, 319361, 264894, 133612, 8029, 472709, 331978, 429070, 473684, 318257, 35829, 24034, 409730, 9056, 27762, 363264, 146787, 181968, 31784, 135100, 424127, 32590, 415354, 205325, 470950, 219993, 482378, 126489, 211003, 240518, 345969, 427841, 435089, 439685, 260212, 472727, 119847, 451568, 372549, 366290, 230755, 460427, 240853, 385681, 322016, 292110, 360506, 253350, 422702, 440519, 162411, 322905, 451462, 112165, 274191, 73351, 64104, 342933, 298163, 257140, 487236, 288421, 420686, 475411, 188265, 307766, 370838, 176477, 444586, 292523, 419831, 80479, 64429, 124921, 97721, 75429, 175992, 415060, 485382, 473345, 171032, 337565, 274237, 307334, 101951, 311887, 432473, 81541, 436881, 313174, 375101, 67060, 302812, 340179, 168001, 580, 247156, 436834, 356674, 67379, 3342, 237548, 130100, 347302, 110220, 474160, 29389, 486396, 393658, 103452, 233809, 180867, 113005, 283876, 72036, 182634, 314220, 339604, 234027, 153262, 203227, 472302, 271363, 382972, 403536, 138988, 308353, 25009, 432063, 197934, 216251, 224875, 432964, 62572, 154614, 340546, 209912, 387510, 140624, 89993, 29915, 152101, 414444, 369654, 109329, 377267, 434404, 429666, 203466, 236751, 409178, 251531, 148599, 437371, 24385, 396235, 196226, 70218, 63247, 299075, 46947, 72707, 400344, 400328, 42127, 177685, 217999, 87100, 409878, 102230, 19891, 211045, 152626, 141312, 170753, 293863, 133904, 174255, 396597, 450630, 128698, 240746, 225909, 357793, 480072, 54595, 383081, 479024, 183398, 415138, 392327, 168293, 108683, 102669, 309671, 216597, 326831, 46360, 355609, 116578, 231846, 156815, 359269, 14492, 282796, 466196, 130654, 453475, 168957, 433168, 215637, 461176, 331677, 411419, 276446, 238261, 292913, 119824, 355151, 113101, 310109, 476873, 187282, 160256, 15740, 259844, 297720, 166892, 419583, 95761, 472751, 356052, 499594, 496627, 137412, 338292, 373097, 99615, 475648, 48326, 89039, 163041, 474867, 455759, 310262, 299321, 49576, 179699, 461831, 57536, 65908, 126904, 175452, 50317, 165946, 270609, 296938, 128752, 151363, 461603, 359720, 309841, 95377, 106853, 147581, 15727, 400381, 234749, 216276, 22791, 382655, 483707, 429478, 304259, 451091, 470236, 14050, 17618, 405499, 157025, 38398, 459631, 367816, 416334, 125202, 241561, 479063, 114691, 6164, 131671, 381625, 139487, 351153, 270559, 377885, 391234, 186168, 249770, 493837, 422131, 372938, 21485, 134242, 331768, 135596, 307954, 370325, 216293, 104821, 461237, 375665, 33707, 264321, 414606, 408400, 133912, 302550, 172865, 395205, 837, 107287, 201888, 303455, 151618, 74576, 17740, 236968, 79366, 314510, 54081, 394174, 243574, 448922, 340147, 232546, 55933, 131625, 288081, 33617, 192329, 470359, 285910, 115102, 384700, 260812, 427133, 165907, 232090, 228102, 347335, 243966, 207988, 494256, 107728, 60596, 313197, 484535, 373058, 404823, 408524, 425442, 330881, 104642, 429515, 417337, 428790, 67042, 251087, 147447, 387768, 130122, 21568, 1613, 493732, 214821, 74175, 293602, 203110, 359150, 330574, 43143, 97552, 84484, 258704, 135668, 237491, 106883, 271676, 466212, 179265, 225940, 369086, 33238, 303711, 381106, 378757, 364114, 153210, 159689, 400163, 123794, 305582, 260757, 46608, 185901, 224689, 462644, 493449, 16242, 141400, 449391, 246203, 21365, 203274, 141801, 360010, 461253, 423149, 83611, 121833, 423870, 92945, 143993, 387487, 59278, 70309, 498172, 250883, 369585, 258411, 415725, 423832, 496423, 106568, 255892, 291752, 123704, 418964, 281732, 207411, 262706, 302421, 160819, 244221, 117637, 156259, 88824, 51386, 303814, 25455, 185870, 210295, 430025, 45591, 303934, 41769, 205151, 158407, 260978, 171103, 279163, 109117, 133273, 214564, 421944, 467352, 131191, 341450, 88219, 316216, 447483, 203461, 313682, 38548, 480005, 64869, 227811, 109656, 321759, 84050, 355968, 444139, 335166, 111988, 161315, 48610, 161985, 302508, 44603, 241703, 285076, 239253, 467950, 398821, 218830, 112880, 27745, 279983, 120307, 3576, 376930, 245823, 131953, 451355, 175070, 454562, 250327, 55458, 13815, 212352, 221044, 213527, 356259, 410984, 311927, 174450, 291358, 41013, 486490, 448509, 415180, 187037, 33523, 262194, 17313, 485428, 480123, 457977, 351624, 463139, 312728, 89124, 206014, 57597, 394275, 43655, 44163, 105326, 355781, 150901, 405527, 353274, 299002, 234726, 316731, 63129, 47592, 228800, 482324, 322935, 280533, 148705, 200937, 158946, 55507, 41686, 284889, 7309, 155248, 347443, 335914, 184449, 283386, 171025, 245193, 46132, 50146, 108277, 174027, 31058, 472106, 405882, 165100, 15842, 321259, 464204, 56988, 206960, 390939, 345783, 486406, 229897, 140910, 284741, 348459, 38570, 207623, 336989, 100433, 447557, 138106, 111670, 331457, 25358, 396204, 130097, 241315, 296024, 184208, 27952, 327406, 120691, 324820, 443656, 399320, 302680, 392746, 157375, 410026, 128387, 497452, 287035, 308943, 245763, 272132, 91080, 314034, 216686, 330736, 91765, 64177, 119870, 487558, 352895, 373343, 432926, 153631, 463063, 150429, 26087, 152753, 26174, 283562, 160686, 451921, 134516, 397057, 233625, 394110, 465455, 341979, 55133, 380183, 158382, 475261, 294429, 322707, 257975, 71664, 398968, 363997, 220441, 12817, 10085, 76759, 234741, 332389, 300415, 22342, 340249, 170891, 298822, 420633, 275089, 328296, 492468, 421009, 368723, 47345, 93481, 247313, 477680, 195736, 33288, 345500, 461041, 246831, 77793, 466459, 25152, 270384, 208176, 147612, 294058, 402476, 473419, 327505, 309473, 71544, 421196, 159483, 149224, 461752, 122870, 376650, 211452, 359049, 405057, 424496, 195672, 495443, 33365, 408890, 320441, 74264, 269967, 211656, 449160, 74684, 475397, 266816, 171315, 213947, 429194, 174581, 381417, 46770, 142621, 376690, 157176, 119914, 170484, 301460, 26072, 194773, 123214, 33705, 146140, 360753, 369752, 465115, 407855, 247244, 60953, 303815, 138034, 32358, 10595, 147621, 138820, 460373, 84714, 333213, 177874, 426889, 62783, 131579, 233565, 16067, 117743, 76461, 381377, 380047, 188470, 202091, 423972, 771, 102761, 12323, 43635, 298026, 34962, 59452, 359002, 223082, 381238, 29599, 66316, 92969, 132862, 89472, 334701, 216139, 443280, 427687, 287045, 191385, 329800, 112868, 68648, 115274, 114158, 289666, 304656, 220559, 51182, 346724, 323286, 42240, 490777, 139103, 137043, 25603, 168069, 371781, 319325, 358289, 299661, 152590, 361560, 389866, 446293, 347003, 66047, 298245, 98385, 208460, 119505, 87986, 94679, 24544, 191788, 450484, 332034, 420218, 102208, 95464, 443171, 247995, 455081, 356478, 372326, 235367, 360232, 318, 312245, 165714, 91304, 427107, 409, 25473, 432399, 194898, 465467, 445284, 234224, 191030, 429508, 341262, 217271, 432823, 481475, 243154, 271989, 150141, 457344, 496619, 69542, 127222, 311279, 219245, 292683, 112477, 374569, 311899, 235285, 98740, 331595, 389897, 417909, 48951, 56467, 235731, 391085, 266549, 18549, 231637, 170653, 420676, 76537, 255879, 152189, 384204, 263500, 224787, 135042, 196215, 346092, 494748, 85403, 352230, 130775, 482050, 95033, 7369, 55005, 126933, 219941, 213359, 181501, 321761, 96093, 290468, 463893, 89360, 227953, 165054, 446201, 74435, 3853, 158829, 397419, 345945, 423853, 105765, 285366, 444928, 128252, 206939, 110521, 441695, 107140, 120510, 93769, 411985, 144522, 141926, 164443, 459135, 180450, 311117, 106112, 97006, 403332, 303451, 383390, 282163, 443081, 120888, 178471, 21960, 183741, 267425, 384302, 318691, 221166, 311245, 165011, 494849, 280081, 261201, 470048, 409519, 188791, 394441, 138655, 459607, 428366, 245013, 364490, 300412, 432375, 624, 8558, 170329, 485649, 179365, 106255, 150427, 12801, 69618, 281983, 130915, 304111, 327991, 66756, 367217, 53006, 292874, 408739, 193040, 269498, 110325, 365856, 477180, 271784, 410931, 96588, 465516, 14856, 72499, 291241, 139111, 177335, 231017, 124542, 172862, 459532, 357994, 225120, 202555, 109426, 171098, 482403, 411801, 273404, 63994, 330106, 256067, 72241, 306742, 372159, 159594, 184300, 147039, 326226, 412120, 445806, 105836, 427860, 110103, 326673, 195342, 26286, 299997, 178427, 273680, 315382, 442423, 435292, 429806, 419711, 38990, 12026, 309361, 415833, 317458, 215867, 128124, 455925, 115023, 310054, 26434, 251204, 262586, 35782, 160718, 79269, 204190, 497132, 45782, 318234, 314932, 419427, 488008, 221361, 100782, 132730, 130077, 242709, 236553, 368500, 176126, 495286, 209729, 157200, 32122, 284239, 352394, 114533, 227804, 37804, 95701, 379973, 212992, 298677, 431498, 481505, 276903, 319712, 50338, 405258, 446014, 448271, 349311, 234107, 4732, 307676, 150311, 211346, 174541, 460161, 123155, 442323, 226670, 107797, 483897, 341181, 295589, 61065, 20786, 279335, 162412, 468638, 464698, 248258, 272800, 225303, 140515, 228246, 224356, 118686, 92949, 164471, 225068, 408680, 227925, 96330, 307436, 72833, 187914, 238895, 265078, 271645, 226788, 64616, 280206, 195730, 385953, 133269, 408845, 496167, 295170, 228687, 434712, 189322, 475711, 483989, 211721, 116331, 431288, 417989, 475364, 105251, 326355, 361763, 405600, 317970, 441060, 258659, 454612, 480343, 30653, 339752, 68244, 36686, 191549, 249971, 345346, 411160, 140593, 64125, 419025, 150195, 95215, 388812, 227494, 114869, 341835, 180816, 179385, 330311, 339585, 334775, 10741, 393579, 203567, 133383, 58658, 373609, 277935, 155831, 176505, 492899, 48620, 394612, 181628, 273126, 371372, 385434, 67269, 254453, 213586, 122550, 98178, 224509, 30033, 37696, 49654, 294690, 18052, 39560, 216009, 85694, 170120, 213916, 175853, 81400, 203255, 362446, 197587, 188195, 181437, 70719, 204114, 45837, 323091, 269903, 229164, 261345, 387141, 6912, 97056, 429825, 425621, 339907, 467114, 78699, 299105, 340911, 374689, 367340, 82113, 254133, 115724, 115385, 170053, 123928, 352946, 337283, 392987, 460714, 120871, 76698, 258994, 129545, 304001, 179224, 26357, 456434, 41448, 389820, 32126, 367475, 272398, 188295, 261630, 372004, 413904, 270424, 94512, 154084, 273580, 187478, 404330, 139589, 37004, 468384, 487624, 386897, 171426, 212433, 270419, 225037, 175724, 235102, 259482, 431232, 475046, 267575, 276245, 56967, 488698, 47400, 60215, 398044, 329831, 466985, 332857, 468695, 393304, 171135, 202709, 364289, 50811, 199879, 348458, 437018, 321357, 99607, 82484, 399526, 115097, 302848, 141026, 250035, 54768, 27505, 176920, 264459, 347651, 380413, 336538, 269623, 210319, 241273, 357772, 319798, 315191, 160633, 102962, 13835, 185521, 170464, 155298, 360384, 95867, 354164, 158542, 125710, 391825, 125444, 224675, 318293, 72256, 219066, 30211, 238073, 306292, 370253, 158013, 281272, 422858, 148537, 466517, 493552, 324228, 290928, 78980, 307233, 121253, 144127, 60408, 103702, 310729, 16156, 334984, 408343, 241062, 349115, 65544, 391626, 118789, 338942, 194819, 435328, 200835, 482581, 477729, 112862, 260080, 101012, 31178, 466215, 324607, 129295, 30260, 251138, 174855, 228289, 54544, 54874, 399908, 363906, 176821, 302934, 268283, 303589, 213758, 268063, 208166, 359985, 430757, 218890, 71318, 239591, 481525, 321709, 253814, 166253, 32566, 495603, 259598, 252503, 381061, 121361, 254425, 199851, 81365, 402200, 15793, 224235, 37524, 405157, 488863, 273930, 422486, 81981, 134704, 444854, 347354, 136630, 149825, 135758, 171745, 266675, 487499, 421061, 228754, 473172, 253721, 396257, 199100, 122893, 184222, 108649, 172108, 59408, 356330, 289970, 294615, 374087, 308167, 379911, 458851, 46794, 80045, 176102, 289458, 8936, 371695, 184284, 146705, 432977, 348711, 229976, 273211, 131969, 347398, 483918, 156476, 117198, 430735, 194174, 368870, 195481, 113933, 100901, 320718, 69939, 189593, 77028, 360957, 406962, 352024, 26430, 52748, 414806, 139516, 459548, 243576, 64426, 82710, 36124, 108303, 449481, 450077, 68364, 440903, 303392, 294844, 357440, 55232, 302309, 198478, 3795, 105349, 372159, 247962, 398076, 195430, 64722, 79122, 62912, 18704, 241015, 142897, 494103, 437476, 47408, 368710, 174870, 310101, 136273, 58940, 488200, 115953, 328238, 315524, 321456, 175925, 241360, 78288, 33597, 454664, 24536, 379120, 171802, 459550, 459761, 466388, 158835, 161974, 219907, 181597, 410516, 129840, 181087, 439927, 239766, 355313, 488460, 388741, 478588, 494985, 82905, 461923, 75926, 328009, 283318, 216824, 254156, 24467, 413456, 236029, 228730, 493706, 120021, 89301, 394459, 430022, 56696, 482295, 249689, 102855, 457374, 192515, 54668, 287495, 406839, 51088, 146804, 90866, 119284, 498092, 26057, 193544, 459696, 479002, 364043, 380368, 64166, 496448, 67114, 206184, 482912, 457685, 319172, 247786, 178250, 268155, 454403, 489039, 101571, 414107, 427453, 416672, 116939, 45379, 311837, 353527, 368479, 496725, 317812, 234347, 267918, 340005, 271095, 282726, 101149, 458040, 365597, 198488, 496449, 319699, 404387, 150522, 133054, 116876, 247754, 129456, 416971, 39915, 180222, 363753, 374165, 229735, 295829, 265648, 53018, 220104, 394454, 465958, 256107, 352422, 395350, 478795, 297124, 18925, 4621, 34188, 13442, 389748, 498691, 53170, 405796, 276712, 170046, 1144, 328598, 71386, 347392, 380737, 320799, 165548, 317162, 375755, 70341, 405028, 249794, 246116, 489632, 50981, 309927, 444376, 353148, 412766, 128045, 43159, 445046, 325994, 260958, 94673, 403244, 48318, 85798, 363895, 143035, 263841, 140309, 285006, 306351, 35319, 401016, 384998, 35456, 146658, 373109, 268104, 257962, 242376, 236193, 480671, 418583, 322645, 461644, 173643, 287877, 19118, 473916, 224414, 280985, 499084, 305716, 109200, 450101, 32460, 21226, 492653, 337960, 23388, 414351, 457231, 310373, 1346, 441436, 375600, 159812, 450806, 459854, 384928, 351112, 476279, 208935, 152515, 205900, 282133, 441992, 51599, 298776, 460682, 327213, 1397, 436565, 84532, 480075, 84989, 18264, 404770, 495979, 256509, 153051, 121070, 467914, 90628, 292847, 32303, 228886, 441530, 256026, 338794, 98269, 476714, 424300, 401645, 393923, 230855, 43335, 301581, 301225, 219422, 222491, 381722, 243538, 402980, 495781, 171734, 303555, 278057, 152958, 268240, 310449, 478138, 437021, 443895, 432149, 18533, 36913, 91985, 126626, 471466, 439015, 7349, 71384, 372848, 314349, 114365, 11422, 348204, 493214, 409912, 338570, 286957, 185729, 279858, 458802, 174607, 384040, 248417, 98775, 88284, 392292, 456405, 144586, 461491, 227792, 392193, 197598, 297601, 255690, 280704, 443604, 499773, 146742, 55383, 344890, 313551, 61673, 287311, 197290, 61379, 421278, 183865, 242187, 199557, 478094, 29559, 50104, 115770, 492381, 96241, 36922, 403622, 132671, 440034, 265877, 488393, 236760, 216423, 99161, 476073, 448669, 498433, 280549, 367675, 62143, 381267, 244509, 157426, 278756, 330601, 118190, 431849, 127123, 277810, 315505, 56784, 348677, 406394, 34312, 483268, 427064, 233319, 265651, 288738, 142860, 410738, 437675, 126396, 346600, 312488, 173697, 45020, 1382, 28168, 27490, 155955, 172062, 135864, 182339, 32026, 278923, 455335, 424120, 391865, 450420, 264286, 130186, 360765, 384558, 271023, 216333, 207817, 437087, 379812, 255651, 31607, 280201, 130067, 328274, 216997, 241993, 209102, 498366, 473879, 92555, 164471, 345647, 396953, 108133, 6869, 276307, 492251, 263558, 468090, 238426, 294605, 38530, 195155, 125152, 400003, 30397, 204792, 90377, 396179, 354040, 441290, 34181, 198068, 137914, 16845, 450976, 174425, 331446, 305587, 322789, 463012, 335500, 141516, 224098, 255107, 94955, 407662, 456944, 330829, 292731, 372734, 3246, 305104, 328672, 209754, 108258, 35376, 323462, 315174, 54512, 432954, 405860, 420487, 283369, 497613, 5821, 106016, 88245, 37070, 282731, 459287, 462468, 493557, 166340, 45133, 283211, 64080, 19880, 315949, 424430, 140821, 101221, 236838, 207421, 196828, 203071, 253402, 298450, 249372, 40191, 28996, 390515, 235412, 431891, 355795, 142250, 396260, 384075, 333096, 307937, 110539, 182760, 71723, 375995, 382884, 335063, 76940, 255501, 251318, 68961, 451965, 268796, 335243, 444068, 65541, 302546, 407060, 192372, 210697, 468160, 328632, 213740, 136410, 452273, 294120, 10262, 1710, 137924, 312323, 57379, 1919, 478541, 48363, 121778, 173211, 95237, 138085, 369656, 382262, 195588, 124255, 267596, 205399, 421242, 163341, 157989, 447945, 33711, 203351, 1193, 446689, 150719, 55905, 400749, 338150, 412099, 154897, 164837, 260321, 134916, 190823, 49487, 131933, 143478, 492098, 65994, 250179, 76490, 385513, 54775, 132734, 438888, 467923, 145633, 377310, 276952, 309006, 38732, 453381, 84773, 261668, 376461, 359409, 18958, 64479, 257152, 239515, 307965, 207706, 291408, 216922, 189721, 315814, 327742, 461460, 205003, 265294, 85768, 484041, 381561, 102866, 461974, 394037, 82705, 448804, 317656, 401436, 247091, 258562, 395771, 132623, 170630, 108469, 256516, 159746, 225455, 140704, 416985, 102780, 373675, 269157, 24318, 430088, 257275, 486307, 348249, 34858, 417080, 305603, 347462, 442946, 170992, 367894, 304741, 73525, 431168, 353787, 412033, 181479, 494616, 190225, 59130, 451572, 488918, 35915, 397841, 47488, 146103, 289755, 486501, 316094, 158798, 251007, 342287, 288071, 426970, 251316, 207000, 466342, 150370, 385627, 428054, 157388, 406419, 143303, 69403, 428289, 27980, 115284, 208474, 434764, 268757, 460781, 185816, 281237, 223783, 245764, 434830, 330250, 268569, 388231, 228073, 430342, 119912, 126008, 115231, 359474, 52437, 158945, 150486, 452004, 353633, 165886, 283974, 21013, 498703, 73204, 148997, 109691, 172209, 388505, 365793, 185006, 72586, 396295, 367844, 276394, 200140, 494945, 172594, 11133, 475671, 18237, 47162, 367496, 152643, 215784, 30112, 453012, 148492, 472073, 439718, 166914, 297908, 323411, 91837, 209154, 306080, 41177, 52200, 75443, 481895, 148398, 485637, 59924, 101211, 437186, 428950, 338028, 358895, 270749, 77005, 8835, 482221, 343352, 488887, 43055, 208444, 1238, 319509, 3998, 86410, 438175, 426908, 495227, 298944, 241171, 357236, 448908, 296690, 111569, 53721, 151294, 352219, 409934, 69961, 67147, 369770, 116548, 96778, 1881, 130440, 322166, 109848, 24199, 366019, 88642, 128080, 461376, 269669, 237620, 53011, 316543, 74573, 472458, 306049, 463581, 462494, 352416, 127088, 369869, 311171, 73195, 403803, 345340, 41165, 316845, 76282, 249137, 310016, 139951, 309016, 160409, 485885, 162141, 387664, 415358, 295372, 34734, 203049, 444370, 57521, 120752, 186483, 273998, 116316, 2952, 444010, 392552, 301093, 374278, 199716, 182303, 440949, 253406, 86352, 487110, 107786, 403580, 418046, 30723, 164938, 428686, 422678, 91860, 66837, 270774, 177082, 441078, 133849, 243823, 263761, 214372, 179910, 434040, 442617, 304558, 192723, 455155, 97144, 139936, 37966, 439834, 496023, 9778, 299557, 315185, 344621, 108217, 291204, 494328, 280462, 122627, 101916, 9110, 161328, 196784, 148304, 234909, 95545, 485237, 364758, 112104, 197530, 307849, 270928, 100171, 71959, 266182, 10897, 2369, 272035, 85889, 31475, 477630, 493728, 227815, 376491, 349692, 397221, 255381, 229114, 78518, 335626, 258783, 105672, 133991, 398018, 472044, 420014, 146667, 250349, 76139, 155018, 140302, 423146, 145863, 479081, 154163, 253945, 18399, 122193, 2535, 179763, 410516, 42060, 340069, 340728, 397575, 8136, 369917, 440101, 133429, 301580, 230615, 214264, 140406, 175443, 15079, 208659, 491983, 427366, 150364, 21294, 17588, 147561, 90509, 224643, 265171, 471638, 373200, 345916, 29543, 455561, 484459, 162755, 481864, 32912, 255343, 260382, 226128, 372243, 299601, 275934, 480591, 323884, 281791, 186144, 376892, 166208, 301329, 169910, 487171, 1644, 364476, 486359, 225448, 55277, 306986, 494808, 132823, 454605, 457413, 438007, 211545, 125598, 383842, 59303, 116116, 162860, 184204, 411141, 35107, 92065, 47511, 97205, 282895, 239137, 325425, 202477, 302554, 223160, 460172, 445492, 208025, 65318, 237804, 102442, 302642, 307667, 476227, 424393, 68976, 158194, 177359, 292899, 24501, 116278, 464559, 332891, 235766, 352394, 312425, 211771, 425210, 294995, 405697, 253931, 276965, 1399, 225210, 478583, 251450, 355015, 235543, 126574, 139846, 280226, 408747, 129987, 295667, 283021, 233577, 293924, 470033, 339482, 273739, 181233, 427769, 11569, 379581, 352846, 174418, 7255, 391827, 400043, 59158, 222135, 485685, 362277, 26967, 18656, 351309, 383939, 212217, 174523, 430523, 237594, 369554, 4383, 47511, 157254, 20406, 408768, 315786, 428349, 486443, 438635, 24228, 271138, 316425, 369098, 156344, 378965, 114039, 497735, 414788, 429580, 389293, 271144, 337547, 318367, 79206, 325122, 199953, 411302, 203356, 302187, 118642, 499777, 255804, 225861, 303825, 195518, 54044, 394309, 64289, 288410, 126916, 15206, 499213, 3172, 394149, 436064, 120228, 366524, 102962, 185102, 18763, 324400, 263859, 395857, 408807, 391209, 405678, 384419, 345457, 57679, 174225, 234287, 55197, 286271, 468358, 245071, 359056, 12165, 6833, 244701, 333963, 485048, 237880, 224192, 93985, 303119, 14147, 475691, 237360, 286415, 67285, 373232, 492356, 148654, 67933, 451606, 94835, 277085, 322248, 476099, 439641, 322060, 25033, 184746, 482397, 221534, 40769, 10208, 130907, 468879, 437211, 413308, 10128, 415049, 466424, 341960, 20353, 268662, 458778, 23617, 413102, 271809, 403290, 199201, 36453, 341040, 406420, 452523, 69025, 244029, 185399, 216477, 458629, 376925, 54366, 201032, 128776, 246214, 143363, 374764, 6375, 274145, 368408, 230256, 383887, 122394, 44539, 286435, 385110, 222254, 55205, 282201, 34392, 421485, 121440, 490052, 396486, 392213, 88068, 147612, 200197, 489650, 69024, 236335, 329320, 126222, 482141, 371706, 489990, 129313, 456028, 361277, 158777, 264090, 374338, 186530, 41963, 498024, 468785, 126456, 459488, 68014, 118489, 91176, 137812, 478038, 432889, 333518, 201360, 77420, 57933, 435777, 356754, 71237, 243241, 354651, 486896, 487911, 250110, 444151, 40667, 12371, 101769, 12582, 208824, 191173, 266498, 327781, 484837, 253986, 192303, 52301, 281600, 335599, 154359, 168932, 472568, 203403, 307816, 445862, 456140, 235851, 420115, 342469, 107219, 169847, 447844, 400124, 34827, 34469, 424091, 107988, 191360, 215294, 388798, 476850, 379622, 89269, 340310, 147401, 254426, 76880, 265822, 422468, 125241, 427656, 307503, 123647, 481521, 129391, 198231, 103732, 20308, 440785, 281882, 479664, 256642, 129499, 96779, 53628, 56350, 228078, 441184, 118486, 421417, 185067, 387432, 307508, 352143, 243759, 383250, 280079, 31697, 105322, 443922, 255513, 238707, 451432, 333787, 319422, 70023, 475597, 403300, 82207, 359318, 223390, 336713, 106516, 179162, 360504, 453630, 477059, 444665, 400062, 97454, 158414, 372617, 29407, 38245, 408570, 363180, 38990, 427914, 424892, 9946, 419631, 229869, 141906, 274043, 363612, 333901, 305581, 238421, 87551, 369726, 10720, 216793, 79890, 75789, 421168, 126151, 290079, 495705, 29517, 412034, 409534, 158410, 53554, 481544, 44371, 203019, 161784, 205705, 66085, 449061, 192340, 111170, 202416, 246123, 116014, 92271, 222357, 306926, 17210, 296300, 496134, 361320, 143635, 48847, 204961, 356491, 391327, 346529, 80379, 331934, 23781, 162727, 428016, 418392, 470350, 186477, 337504, 185479, 419196, 48064, 202979, 392645, 50458, 38650, 274199, 190357, 364196, 32088, 5852, 319481, 256824, 288755, 157712, 468609, 66912, 174797, 127659, 257262, 210107, 267991, 310362, 8781, 73271, 260954, 184552, 402092, 335915, 466723, 209914, 360384, 393643, 77014, 352985, 241150, 234287, 403079, 33775, 149851, 318898, 210872, 180697, 417203, 147172, 92687, 106713, 109070, 336969, 35282, 97242, 178715, 96348, 81113, 144139, 269571, 248312, 434997, 386070, 230283, 83823, 413930, 245106, 108640, 61115, 187696, 21179, 81228, 98243, 340172, 373141, 476415, 352363, 56710, 372622, 108130, 377253, 134106, 77264, 197336, 345468, 421546, 253759, 287469, 224038, 58724, 87429, 377263, 444700, 483741, 178786, 86817, 287840, 231271, 430813, 410279, 354642, 137994, 298309, 112785, 373340, 133675, 123000, 222691, 475209, 425038, 152342, 348533, 3007, 116030, 271608, 63645, 71464, 79155, 375569, 69869, 478764, 15386, 481281, 420896, 89762, 114660, 183969, 228259, 141824, 277718, 147463, 20080, 79037, 215962, 424511, 414846, 490067, 215608, 96544, 255678, 113584, 88824, 71995, 290736, 57307, 238537, 7474, 11878, 11433, 302552, 141510, 178559, 68125, 451583, 115878, 454046, 290029, 256764, 84804, 354239, 458826, 464718, 465287, 140288, 337761, 364269, 491504, 267755, 183699, 16131, 20637, 350404, 118045, 277012, 13902, 91355, 46785, 107434, 71501, 231288, 70284, 282618, 313243, 321925, 37631, 140660, 12712, 240249, 453489, 444174, 281640, 449945, 115033, 213173, 104524, 356871, 205111, 373446, 291128, 275302, 49236, 21778, 484224, 334706, 60149, 56019, 97225, 113886, 10049, 416553, 296963, 58202, 40425, 483093, 43131, 398501, 298768, 178640, 318387, 258541, 82913, 31489, 271386, 100975, 76601, 355042, 193302, 384387, 47401, 243799, 364241, 2737, 286162, 153765, 157629, 174045, 210760, 54917, 17849, 115231, 30705, 21378, 96776, 429730, 153666, 299319, 197044, 223171, 172540, 282604, 380757, 341674, 438289, 79653, 499938, 380794, 402765, 122017, 245538, 285883, 473899, 3120, 75297, 333633, 282686, 372409, 214844, 459254, 452517, 45173, 37294, 440598, 391914, 72273, 310529, 187886, 245401, 476931, 151651, 204193, 313526, 144748, 333060, 153912, 8167, 114365, 50832, 473889, 325827, 282492, 71933, 485107, 294543, 146332, 286508, 213757, 333035, 301471, 116716, 347156, 349621, 462464, 477000, 324543, 353072, 108053, 476017, 276319, 364266, 293369, 120277, 427150, 53668, 30350, 433350, 204542, 358876, 51871, 252370, 391674, 350177, 90437, 214286, 339381, 167412, 431713, 227255, 440731, 390577, 427404, 421278, 407383, 223876, 390606, 466227, 56441, 182423, 261126, 94223, 303835, 365329, 405268, 30417, 222792, 371426, 73705, 491670, 401211, 383323, 339796, 477245, 55001, 412260, 408925, 13481, 142415, 320139, 416426, 404108, 58140, 243642, 249551, 139832, 467021, 280410, 315312, 353187, 250905, 238223, 332894, 173534, 228349, 55427, 146397, 248597, 27267, 85477, 381433, 128250, 270337, 207275, 283916, 416670, 369310, 386596, 175826, 228720, 152232, 162518, 482768, 252710, 200998, 138980, 81877, 100757, 232064, 401376, 496216, 312388, 355192, 407636, 144360, 327811, 253009, 102213, 162620, 464004, 142174, 471103, 67906, 446444, 47526, 374681, 305661, 130156, 456361, 382700, 360033, 350416, 116447, 107291, 348926, 176386, 395704, 393531, 387879, 28603, 338076, 263114, 354569, 254247, 99982, 288560, 265503, 313612, 156269, 474275, 406811, 108565, 48903, 195623, 336717, 146587, 347867, 497860, 132883, 363211, 371763, 107252, 264756, 205160, 217905, 228361, 63729, 400606, 94764, 216681, 289906, 459740, 230269, 347722, 360438, 440294, 109224, 15351, 50116, 406665, 262974, 221484, 390942, 286695, 26035, 11963, 281248, 355115, 441850, 291798, 133277, 240795, 104800, 136032, 53256, 376824, 429081, 47055, 64885, 129336, 141897, 376708, 412667, 434913, 457208, 152393, 174652, 55576, 5517, 424795, 270837, 404186, 63225, 32192, 364361, 200124, 464587, 15804, 101199, 72265, 267173, 128198, 475819, 399862, 141778, 231583, 415444, 11330, 162838, 248502, 201073, 46667, 392276, 43141, 284033, 283601, 442911, 360321, 86503, 28603, 401819, 202781, 32442, 235396, 142563, 8580, 246803, 348429, 358048, 100062, 133140, 48916, 230564, 260820, 367107, 338002, 473920, 261573, 265482, 389235, 197210, 442969, 115101, 172426, 278693, 172603, 281371, 287864, 189986, 137849, 288396, 494463, 123791, 153664, 438051, 416614, 344551, 334152, 3447, 385587, 408431, 58082, 270080, 384652, 347089, 452386, 367812, 16755, 29925, 405623, 493092, 81670, 459713, 150758, 446883, 371039, 200515, 239072, 194955, 250328, 268511, 38124, 451796, 275431, 368484, 302879, 492043, 196140, 211637, 191028, 405334, 221562, 259456, 308133, 96145, 443231, 179142, 430105, 68260, 493257, 98671, 446714, 371710, 476495, 422168, 359320, 135811, 277977, 97127, 291000, 19641, 22605, 281741, 30203, 66227, 339504, 309782, 168646, 194527, 29163, 403102, 368471, 284721, 479702, 35441, 492157, 189843, 129371, 195538, 140376, 223970, 299537, 247641, 102623, 439510, 166409, 107965, 86548, 368587, 42328, 332686, 235262, 449122, 3103, 98021, 144701, 309918, 232102, 297690, 419005, 152775, 484862, 72490, 130421, 335303, 42711, 225876, 191429, 323132, 370177, 397053, 487689, 475077, 139596, 393495, 115151, 198420, 250515, 6952, 486775, 102300, 211690, 88048, 234631, 147577, 443726, 237108, 417268, 210677, 69324, 141058, 292611, 39249, 427795, 229257, 217191, 288142, 418902, 167298, 348333, 204305, 110666, 186401, 294773, 213829, 282530, 190860, 379421, 98560, 288685, 226238, 45645, 298329, 489831, 403517, 451278, 22359, 66765, 243269, 2501, 327696, 273342, 343636, 105450, 169848, 124134, 56591, 271265, 216793, 272161, 432363, 44221, 426038, 338783, 112338, 413106, 318306, 200354, 251688, 52512, 483333, 224456, 280973, 394646, 312333, 163278, 397040, 400206, 166861, 293543, 231467, 162714, 84717, 424904, 100243, 154959, 391895, 238017, 365114, 342752, 268206, 149489, 402312, 72254, 478551, 371128, 398533, 360135, 374357, 185385, 205484, 186580, 454147, 111174, 266132, 255269, 297556, 337263, 196952, 238385, 257845, 1395, 380937, 107917, 368409, 171727, 262388, 409274, 373484, 248552, 344907, 272712, 429099, 133257, 465810, 108442, 134962, 449861, 79484, 365610, 151674, 466496, 237954, 44938, 366469, 471792, 495680, 480358, 309672, 146545, 342241, 312030, 151037, 401764, 120545, 454686, 405170, 386022, 170411, 436989, 161451, 497812, 426415, 268408, 386237, 454315, 362027, 317917, 201833, 184148, 106333, 280491, 477790, 274095, 301983, 492376, 249379, 470403, 155493, 21625, 414692, 444807, 385107, 276171, 467710, 282, 61182, 268761, 212243, 307427, 449384, 331590, 369329, 111584, 260154, 30599, 266046, 319892, 110909, 432497, 447784, 317945, 370847, 433688, 403224, 307221, 369796, 111446, 407285, 220008, 298938, 356328, 187670, 351166, 390680, 444910, 158645, 184001, 22484, 9540, 470057, 48244, 46634, 220023, 21786, 88106, 420112, 247167, 300980, 1854, 66123, 101204, 284322, 131040, 468871, 352382, 15517, 493248, 105772, 244529, 401927, 247136, 375509, 155045, 462183, 471528, 180372, 453256, 128193, 415855, 378545, 219737, 238954, 114533, 374154, 225086, 46974, 252390, 228051, 480507, 168538, 346282, 141434, 394331, 456951, 374359, 173420, 232915, 142468, 56372, 241132, 221628, 29270, 137794, 279535, 222660, 129677, 372097, 304411, 113929, 499119, 471697, 407267, 286540, 143795, 140349, 307758, 377474, 430042, 124458, 246718, 490266, 1201, 440788, 20371, 69269, 59807, 149139, 280217, 227135, 331307, 376462, 149660, 254008, 437773, 191966, 30293, 476224, 150404, 34059, 278140, 256105, 31029, 442969, 223013, 278498, 404410, 292797, 394805, 107060, 60675, 59918, 365695, 425724, 491292, 421112, 65747, 217268, 477274, 366840, 355285, 238860, 377905, 369842, 44595, 59402, 363147, 314553, 231993, 327945, 285134, 247041, 146466, 177896, 52740, 8442, 230132, 334107, 189650, 351930, 369038, 496558, 298684, 309944, 220140, 26376, 33005, 129893, 490161, 230047, 160631, 272642, 59681, 215533, 73670, 111503, 121599, 487011, 262306, 306928, 27793, 217392, 400854, 277616, 191828, 59698, 380222, 211349, 318565, 219646, 237700, 306531, 60806, 63721, 90936, 93852, 258840, 318944, 305662, 10126, 477613, 47131, 120104, 115332, 421233, 149505, 325999, 247048, 130546, 182870, 145304, 256410, 227038, 338215, 75465, 6760, 131183, 265188, 278157, 49492, 267928, 25684, 388944, 121173, 460143, 99974, 401914, 414374, 294638, 146218, 303881, 187484, 191866, 345364, 154856, 94405, 160778, 226426, 332454, 146598, 20865, 100389, 187910, 411697, 231422, 64544, 324740, 304856, 270121, 133207, 83870, 411415, 451763, 181143, 143709, 66857, 98963, 326862, 282636, 151347, 133877, 229320, 290400, 470376, 108137, 78854, 10125, 155836, 430324, 453530, 440450, 329797, 38951, 115598, 485069, 60287, 174798, 230667, 481590, 6153, 150866, 77867, 89766, 402090, 16852, 300081, 386537, 457337, 482970, 5767, 284208, 61994, 356686, 62583, 472310, 387360, 458420, 273118, 116586, 88561, 336483, 115466, 314785, 513, 76320, 150695, 251050, 191773, 148096, 145578, 403203, 422749, 322892, 273157, 355591, 128934, 415417, 390023, 420819, 494444, 463959, 493788, 391562, 446894, 465720, 316274, 162401, 266526, 241833, 439973, 463980, 75285, 322624, 110341, 347228, 55816, 85268, 115352, 104252, 54655, 276514, 24491, 305443, 66194, 409644, 465574, 336494, 217119, 453697, 287280, 299670, 332696, 445462, 222864, 193048, 189218, 14588, 431321, 149652, 286862, 340774, 203330, 256858, 186731, 296424, 106996, 402605, 92456, 32558, 408198, 458232, 4853, 420941, 251541, 495831, 253374, 321630, 367207, 453811, 424188, 119289, 56577, 369070, 204817, 223447, 406775, 194873, 230286, 169196, 25185, 375167, 321816, 144238, 138595, 3093, 436023, 72907, 38151, 15848, 454518, 156525, 445246, 173930, 302923, 186612, 154080, 99580, 170953, 96662, 352780, 45914, 181430, 171830, 118387, 85791, 67393, 364709, 438208, 342006, 113646, 163571, 3382, 208794, 421994, 108402, 251294, 447628, 164845, 211802, 422078, 374744, 471087, 147013, 475050, 19115, 271487, 263720, 365706, 258107, 138654, 243749, 496795, 91985, 76419, 483718, 342133, 273316, 211895, 465111, 412611, 76531, 295753, 215205, 167972, 60409, 473013, 437718, 210533, 312882, 307291, 440783, 63360, 497410, 61971, 137799, 335778, 147415, 87500, 149314, 263533, 363824, 186468, 190058, 219543, 384982, 23624, 329171, 294446, 207272, 228660, 195894, 84478, 203119, 406462, 157255, 445001, 332832, 402446, 355834, 456049, 168489, 3006, 44465, 28592, 341587, 218848, 87139, 286242, 192462, 291656, 103498, 16627, 199242, 498053, 13780, 12476, 250572, 29139, 290537, 58055, 474298, 317228, 330058, 216386, 400737, 236230, 312063, 41359, 412901, 348458, 208642, 420561, 317663, 156489, 452582, 9329, 397121, 188961, 388438, 142545, 36347, 388111, 145096, 260351, 184456, 314762, 402953, 421201, 455199, 243859, 439407, 185108, 380305, 241231, 20273, 44485, 78508, 36954, 250104, 318117, 312446, 38955, 249053, 6489, 450132, 59776, 407399, 118557, 222021, 422927, 285731, 461084, 368932, 467907, 325634, 440060, 243613, 65283, 363903, 353315, 169241, 12597, 334273, 160977, 155455, 429391, 346433, 278072, 264986, 445213, 95029, 482319, 69876, 92324, 482377, 370478, 418468, 470569, 287824, 134709, 487867, 430249, 453784, 216691, 169237, 251149, 450220, 430322, 64864, 34836, 341445, 227553, 187507, 74788, 434575, 464925, 459705, 411277, 85136, 195837, 56003, 97327, 288914, 237605, 145194, 467072, 12742, 291685, 373913, 217256, 148336, 262773, 11236, 458369, 101234, 266822, 379513, 186246, 488164, 50636, 457963, 447215, 452224, 346381, 262214, 316162, 331011, 82415, 26125, 39815, 182256, 156197, 47270, 490647, 131519, 187176, 4471, 443869, 252520, 25021, 283796, 423249, 378811, 9047, 415112, 409487, 159109, 128668, 142264, 314559, 422375, 208529, 348705, 331269, 10972, 384762, 249256, 60641, 148107, 248471, 227176, 324085, 87120, 196585, 439296, 383783, 457865, 93694, 388116, 212900, 68783, 255532, 364834, 473869, 6581, 237206, 134618, 459908, 343117, 303597, 464597, 110428, 453928, 22982, 199786, 180850, 63986, 341885, 206694, 70655, 300952, 75848, 266452, 183652, 173993, 33404, 258427, 454219, 203711, 53458, 328056, 391654, 363236, 434437, 168096, 490013, 463959, 385265, 190178, 273825, 89804, 362590, 479508, 168763, 168603, 49631, 95152, 224626, 100730, 135521, 325851, 279902, 164379, 499609, 241395, 328999, 386172, 470596, 77395, 284806, 445213, 16948, 123896, 173344, 103961, 408924, 274532, 162903, 332681, 127737, 396087, 150138, 205776, 173816, 354276, 63589, 31134, 181151, 382419, 375523, 276324, 217686, 45024, 379638, 425398, 383619, 92811, 436243, 352354, 405591, 480072, 287719, 493596, 196402, 173385, 270994, 194467, 361956, 38023, 232146, 354009, 294842, 225523, 385448, 97401, 267806, 240219, 333919, 399088, 259927, 446931, 453855, 123118, 199198, 71198, 278523, 362633, 78978, 366639, 485593, 441109, 109367, 496816, 347279, 434556, 454819, 336851, 282653, 259038, 25839, 197847, 418835, 455761, 174628, 311512, 296282, 397584, 12203, 61860, 274968, 130928, 188492, 386518, 350965, 130410, 156821, 348974, 411699, 76132, 266845, 462968, 244966, 58121, 236455, 455415, 481344, 66612, 200655, 92610, 106701, 326493, 195865, 356899, 67806, 117271, 334248, 129774, 234247, 348528, 20613, 370084, 5609, 11427, 317833, 306661, 491700, 358218, 88343, 125499, 355371, 364167, 446157, 242237, 369603, 143854, 177348, 188524, 376802, 433904, 405066, 387302, 242778, 355771, 48869, 341851, 130312, 111454, 379350, 211293, 345278, 176721, 417897, 267169, 212668, 274364, 83239, 348340, 271060, 119087, 432490, 90158, 50257, 435024, 134844, 148153, 401298, 341752, 475581, 248364, 240465, 375463, 68181, 48876, 321932, 329323, 469254, 261624, 4489, 452292, 68235, 369843, 328893, 436148, 426962, 498156, 41532, 122450, 292995, 441417, 23384, 173927, 128837, 30868, 324129, 327131, 449059, 127256, 369941, 72575, 153152, 111119, 448057, 439171, 286992, 173118, 115512, 119577, 232555, 342452, 134941, 164338, 412215, 233927, 91448, 210243, 55284, 167339, 298349, 489172, 236438, 161716, 331595, 418715, 197113, 135938, 250446, 213541, 384462, 428499, 6750, 2810, 274175, 458922, 185755, 82604, 290312, 226278, 378752, 307262, 36179, 393992, 48100, 214212, 420420, 66780, 176132, 477138, 68532, 401994, 324608, 193685, 253082, 43709, 36719, 461661, 167550, 306935, 431584, 326832, 46174, 67797, 103744, 442327, 218280, 186791, 397470, 84213, 254117, 59542, 275406, 445089, 161957, 86266, 420823, 53741, 415992, 447217, 493125, 412149, 229694, 295719, 456259, 424696, 251915, 229716, 36315, 413649, 376108, 156122, 39090, 268704, 161493, 247008, 484448, 359443, 399105, 369141, 44976, 224723, 3417, 456195, 373430, 366372, 197305, 481456, 132123, 272424, 442664, 191801, 456427, 222761, 348956, 229900, 429709, 425853, 116645, 68337, 296334, 430323, 463023, 259643, 428593, 127086, 36154, 466052, 493285, 364920, 108055, 175511, 29621, 102697, 472094, 491250, 264335, 421523, 70523, 335315, 78685, 13694, 310616, 204842, 385633, 130186, 146162, 84803, 344916, 468140, 289165, 412681, 302431, 235437, 88311, 153665, 10254, 350614, 14843, 103736, 473030, 492076, 272580, 489622, 125590, 11998, 210180, 160393, 274151, 132919, 486119, 103212, 113078, 435569, 201538, 381763, 83492, 136736, 386851, 232423, 312421, 176854, 73712, 140473, 375134, 453144, 386954, 480783, 174625, 83956, 235947, 327946, 149130, 457198, 2215, 162906, 211457, 170099, 364248, 203875, 48107, 393084, 332797, 302125, 49910, 17544, 219364, 166229, 273016, 362575, 119868, 80193, 119687, 251328, 311714, 38924, 410162, 270768, 319286, 276734, 384403, 106006, 117508, 68982, 194443, 183487, 420044, 147296, 191373, 132419, 490781, 17023, 87450, 241166, 220295, 334420, 126387, 216859, 213543, 161391, 348160, 228545, 297308, 118932, 281284, 13711, 408053, 45287, 289074, 470191, 411651, 202707, 286466, 428345, 345978, 261503, 393843, 426423, 468163, 463472, 135352, 256172, 484354, 290143, 61625, 168032, 90779, 240301, 493374, 138399, 52118, 205345, 316643, 160789, 115249, 365585, 139117, 42596, 25036, 387032, 82001, 427977, 342113, 153784, 411870, 291249, 436097, 107206, 19960, 366749, 204257, 313363, 462869, 252985, 388341, 197588, 484163, 476967, 477166, 72986, 178010, 222156, 457618, 65895, 260293, 120834, 34038, 212401, 219000, 178622, 18999, 327212, 114236, 51837, 23589, 477255, 171360, 9787, 363130, 193036, 153953, 484823, 312188, 346211, 482887, 305678, 319514, 164430, 170074, 69106, 128262, 188831, 432433, 400645, 319375, 206818, 406875, 184343, 441343, 162145, 443167, 261047, 315808, 69363, 21802, 393142, 403563, 456925, 179063, 102607, 494224, 422089, 180629, 158942, 328555, 200283, 399957, 162878, 139331, 248650, 310314, 90994, 4304, 313324, 235959, 419151, 193677, 18420, 267374, 272800, 483937, 323358, 452995, 282465, 3570, 117633, 239468, 234854, 102328, 347178, 203046, 77341, 359158, 193491, 453570, 491389, 469058, 85779, 182974, 139879, 59218, 430079, 132031, 266166, 286582, 452567, 153705, 214780, 96708, 116772, 391267, 290951, 287865, 128211, 190032, 290775, 56103, 308011, 105292, 48013, 11388, 147193, 265133, 481708, 65868, 352218, 448011, 172049, 373344, 88513, 477958, 125209, 75619, 445876, 100537, 184216, 434931, 190736, 138881, 259719, 425181, 421450, 303784, 395161, 83877, 190141, 126916, 211585, 80712, 303867, 268132, 452798, 251587, 383927, 489298, 413641, 487522, 79361, 424566, 59758, 108854, 193663, 201097, 298918, 114863, 16445, 66414, 209233, 376857, 422890, 402263, 183505, 291819, 55199, 217129, 409467, 222777, 242421, 262616, 497345, 441631, 453254, 302324, 322750, 358638, 285394, 335505, 332375, 90591, 269752, 64268, 318176, 277211, 216841, 189273, 7173, 440879, 325506, 161352, 244611, 328188, 23599, 78152, 305002, 62901, 499812, 302005, 350925, 24784, 39792, 117404, 201301, 60608, 388172, 131946, 270197, 271644, 250633, 401285, 275827, 119358, 426499, 409744, 342910, 379106, 285096, 422158, 406370, 190646, 164931, 85337, 368472, 245119, 352557, 454819, 453357, 127064, 128598, 7231, 238473, 249163, 119558, 194311, 497500, 54564, 301797, 204002, 40718, 151477, 306001, 217734, 431863, 421714, 196194, 268134, 226349, 335442, 255, 195951, 56158, 253108, 329477, 141978, 62787, 470195, 147515, 90861, 54711, 45185, 481245, 2976, 60163, 388401, 342469, 49834, 477724, 246389, 303474, 436306, 270292, 264713, 64984, 102657, 211457, 276987, 217821, 256651, 81750, 234603, 169015, 327813, 242842, 1437, 261418, 41542, 303107, 428349, 322141, 185988, 301925, 224708, 93208, 19596, 75898, 202813, 479087, 147300, 341543, 37354, 63650, 17544, 356871, 5726, 357034, 456520, 128470, 449862, 330194, 436686, 309727, 241448, 296565, 199102, 472273, 164953, 91773, 346883, 204373, 325653, 469795, 91733, 133133, 353662, 272677, 421245, 60775, 315901, 360906, 302889, 399848, 371355, 126776, 204129, 90571, 330785, 330675, 403601, 454289, 77404, 387287, 18483, 131588, 147730, 429947, 392066, 291692, 114857, 374724, 308321, 404039, 94799, 86972, 440386, 96047, 387155, 198723, 200799, 355398, 279077, 76691, 189118, 175547, 422074, 106298, 354326, 442590, 181299, 69218, 245295, 44565, 138862, 25022, 298066, 317779, 484171, 340287, 367015, 112612, 119647, 197866, 108946, 72263, 86128, 394462, 11045, 102442, 395830, 699, 46004, 431121, 369611, 160221, 203547, 25447, 183404, 258138, 306369, 342750, 29630, 469497, 453500, 230056, 349512, 390442, 53118, 225599, 433817, 184153, 242607, 28627, 286544, 284685, 160756, 347160, 241458, 419427, 246173, 65574, 320836, 346537, 150279, 341471, 377270, 156141, 386819, 286971, 318540, 131753, 46952, 470007, 195188, 216629, 58551, 469239, 451051, 147074, 136864, 26506, 71645, 19345, 237569, 331926, 174501, 340043, 195260, 279872, 364112, 70524, 72376, 157645, 90321, 116031, 71656, 109691, 338980, 322966, 241134, 499057, 349544, 116192, 465493, 15593, 68335, 152509, 224402, 339801, 76302, 329258, 418851, 100253, 257965, 157245, 126327, 430739, 443257, 283845, 173684, 88327, 480172, 207828, 444217, 246233, 142367, 349623, 396412, 474955, 70170, 2900, 211751, 216487, 226032, 405824, 469760, 92615, 6108, 376964, 131333, 222604, 403123, 102975, 323003, 497748, 214608, 224654, 243024, 475308, 184541, 252785, 458233, 407685, 447879, 200469, 173887, 461675, 31666, 269288, 61380, 369021, 220923, 397166, 427536, 265237, 67420, 123093, 133415, 465694, 175026, 70817, 260629, 379889, 466877, 20948, 328930, 331374, 253177, 233927, 415017, 136527, 112237, 335409, 129529, 74692, 302571, 487280, 409653, 385531, 265142, 341729, 120265, 477858, 480037, 414395, 260412, 17795, 42634, 209088, 148996, 151602, 335377, 128544, 61758, 339204, 71331, 166577, 181109, 464353, 170435, 402213, 416237, 358792, 89041, 229785, 474481, 122741, 36195, 194907, 153135, 276408, 187403, 433427, 122412, 159000, 260218, 68606, 385760, 441, 234815, 7640, 394666, 366150, 479321, 38980, 461805, 323483, 172124, 320102, 78814, 319109, 327429, 230093, 136301, 224143, 124093, 84713, 476795, 137764, 401298, 451783, 357051, 324165, 149665, 460667, 69836, 129058, 160010, 341978, 257479, 464337, 117943, 269629, 25420, 150645, 470951, 119425, 492015, 208217, 448155, 396446, 107075, 307685, 179361, 466696, 457737, 82985, 489603, 492258, 115271, 112774, 420285, 40291, 85548, 17106, 259775, 437561, 10882, 21062, 429545, 240012, 302661, 99237, 41169, 91610, 14922, 136333, 14222, 389209, 228367, 263307, 346984, 116695, 191016, 321021, 187321, 158765, 163394, 456415, 95675, 427411, 432739, 273172, 426599, 421099, 388310, 274971, 125037, 398422, 385978, 397430, 69108, 2858, 395729, 11972, 140761, 129684, 335088, 188966, 342425, 486257, 385316, 129760, 109719, 389088, 184014, 439927, 389767, 433052, 408503, 60609, 311626, 228673, 87692, 269986, 454270, 259101, 223817, 134734, 499366, 159408, 298656, 364115, 352548, 149291, 430664, 382145, 464936, 178236, 437231, 319103, 14801, 430886, 224175, 404476, 437235, 43202, 65618, 5459, 51082, 192365, 129595, 18028, 201390, 299151, 302589, 464705, 238444, 414335, 391525, 384951, 278606, 29740, 366607, 351978, 70895, 328390, 16179, 325653, 291928, 321947, 193102, 322571, 58959, 392873, 132686, 136049, 242059, 330100, 28820, 275436, 350167, 131532, 465687, 374246, 375035, 234738, 381512, 210701, 141006, 150591, 26783, 122393, 65326, 149863, 337961, 22416, 233337, 479262, 285432, 409377, 8921, 293863, 365634, 202563, 404586, 218024, 464386, 112747, 317784, 50332, 493324, 7692, 189797, 48781, 161078, 409611, 493443, 197782, 257445, 338118, 354647, 58842, 112421, 26086, 456506, 183208, 138439, 122572, 67841, 210662, 63352, 35370, 428793, 364855, 2366, 442806, 375693, 299456, 387086, 269697, 228543, 237904, 321401, 3423, 282869, 287675, 483793, 194945, 421033, 163767, 22905, 94821, 281279, 332569, 52488, 12928, 376189, 348551, 259707, 444217, 445659, 139031, 359502, 207291, 1070, 248265, 34431, 279810, 190956, 316632, 264777, 235940, 384552, 351735, 320171, 175371, 427389, 445356, 466015, 381303, 426395, 445462, 359389, 440558, 88302, 61107, 393067, 392507, 257731, 279051, 175445, 322597, 309556, 446384, 486558, 335285, 179101, 174518, 237357, 471010, 312661, 148846, 344329, 41800, 74802, 328197, 117961, 242014, 491624, 130975, 66755, 477965, 364407, 104336, 423151, 251252, 146970, 405898, 160518, 78233, 497671, 494012, 351283, 296803, 489467, 209438, 107314, 264969, 64945, 14037, 167184, 178064, 73711, 24137, 157083, 63036, 218994, 132344, 59573, 406460, 226005, 334787, 166432, 209822, 86775, 152431, 254932, 95855, 46079, 282679, 153017, 300290, 154937, 426012, 274267, 112305, 386311, 456364, 431169, 153730, 478081, 22989, 228643, 141493, 339482, 105386, 445181, 482806, 387380, 131536, 378769, 361505, 35465, 64835, 137503, 82252, 429276, 3677, 445317, 390908, 481734, 268276, 221031, 468371, 123062, 171465, 469615, 12199, 448457, 27102, 325038, 60787, 168460, 426641, 57617, 99179, 30144, 195189, 241150, 334005, 159478, 166645, 31686, 319871, 203658, 273976, 204375, 192587, 113921, 137007, 321496, 87646, 145662, 54054, 281212, 229630, 284077, 405709, 298904, 224673, 144418, 106993, 406934, 8883, 271041, 28419, 121138, 225377, 284961, 328221, 257384, 442930, 24287, 96341, 307470, 334892, 19790, 268578, 76305, 302488, 96932, 191070, 367639, 484773, 432897, 9385, 333242, 273781, 385209, 355383, 109023, 278883, 409859, 497067, 323459, 119469, 110531, 279352, 185287, 442276, 78861, 442738, 275434, 256475, 128472, 246441, 83924, 334559, 16291, 234210, 107205, 231223, 322132, 226384, 327309, 388393, 204929, 242879, 215472, 397658, 216998, 493612, 286592, 225223, 111244, 316019, 492116, 230992, 10539, 383215, 330050, 18262, 311942, 380859, 24682, 346653, 113048, 154221, 285060, 14221, 200046, 8289, 360261, 389309, 403802, 16570, 38448, 64034, 16210, 292669, 360204, 253518, 66655, 231868, 276228, 292146, 316721, 101549, 475763, 260356, 111547, 417153, 382882, 136728, 67282, 447292, 69344, 188182, 253993, 243865, 46690, 433285, 217001, 352464, 382461, 151105, 8650, 41319, 285846, 407149, 439010, 498788, 300175, 119882, 69487, 486471, 488683, 351156, 488078, 204976, 34957, 409339, 330790, 395020, 485853, 442236, 416474, 107365, 465737, 265163, 464289, 151233, 331743, 268383, 409751, 474411, 344552, 45112, 343534, 87987, 169204, 304961, 444061, 405961, 215036, 160376, 465245, 101063, 281067, 226059, 329943, 267271, 228115, 261414, 53089, 29998, 336617, 216710, 383813, 173068, 154940, 491804, 463242, 127021, 357643, 489200, 48876, 105398, 78596, 265843, 318732, 456722, 307353, 429761, 229732, 158548, 93454, 367410, 468156, 406994, 118849, 120022, 366261, 393929, 268591, 201326, 323070, 299667, 160779, 396114, 421338, 459776, 480195, 495623, 86769, 397403, 259648, 497042, 250092, 427929, 462868, 76541, 439630, 281618, 186237, 499276, 5251, 20843, 199206, 119347, 221974, 487082, 279724, 377989, 373490, 67224, 147234, 237106, 321715, 118628, 105686, 399981, 351025, 37053, 70287, 412568, 112338, 306732, 122514, 46015, 254948, 237868, 439083, 192290, 25271, 23818, 421327, 471269, 29945, 359187, 497299, 332151, 249913, 415026, 430162, 397703, 391708, 298093, 404668, 371895, 315882, 381082, 202555, 271367, 265507, 366240, 352902, 333493, 84608, 432905, 125304, 447883, 75413, 210889, 180003, 435583, 197289, 110564, 370767, 113339, 488401, 151366, 423452, 448418, 418224, 343131, 284111, 492960, 79758, 238601, 397082, 229440, 75804, 399297, 393062, 160959, 340997, 476183, 398153, 492158, 85682, 98846, 440002, 188, 331397, 406698, 108624, 391507, 262195, 321127, 466917, 183250, 432066, 120543, 268586, 337014, 19906, 398450, 14606, 5102, 123643, 167636, 133721, 405265, 247187, 102787, 22559, 372294, 292806, 476265, 170838, 442279, 293386, 158030, 267090, 161024, 169723, 131575, 22943, 205502, 128037, 217446, 211310, 416360, 283332, 18077, 436124, 277767, 189968, 10461, 138433, 66577, 294476, 138474, 283104, 217859, 240890, 301320, 440503, 411076, 150096, 386667, 230803, 157367, 307549, 393619, 498764, 114915, 46388, 45087, 377471, 363746, 161223, 312028, 116425, 83513, 108211, 308815, 345323, 59721, 15537, 31551, 62141, 246262, 57450, 336921, 129030, 320517, 225849, 333789, 63844, 495358, 368067, 244025, 325180, 414982, 403888, 309322, 148387, 283230, 240882, 203348, 416228, 228389, 381410, 202125, 65499, 42982, 146055, 85394, 256364, 39170, 346564, 26350, 332786, 248176, 242833, 82483, 384808, 128276, 303490, 100694, 371403, 275562, 350294, 224623, 283499, 199349, 188197, 217175, 215654, 309494, 298114, 436775, 155290, 389447, 289822, 388707, 317638, 147441, 403391, 119877, 456056, 396617, 115523, 246042, 314499, 422777, 221170, 446620, 65174, 329691, 223169, 399165, 84337, 51780, 272671, 386865, 360368, 243931, 370358, 76204, 347689, 247656, 200304, 88764, 490986, 337949, 114909, 469741, 126401, 420875, 447276, 45790, 484490, 214118, 126750, 141862, 384656, 419153, 104295, 52733, 414967, 111968, 293771, 182552, 244070, 294239, 299115, 292441, 70465, 176779, 301395, 110725, 484819, 291452, 494613, 51076, 351838, 219130, 328401, 253610, 299919, 275770, 41752, 371562, 319528, 396665, 281249, 445495, 31717, 237890, 356271, 85936, 124575, 479843, 458555, 480894, 10610, 179196, 35610, 261733, 424037, 102118, 494672, 227761, 253010, 114658, 141769, 260024, 135307, 450546, 448540, 47633, 389330, 467216, 355323, 407013, 346038, 144735, 483456, 406418, 475584, 492157, 470956, 128471, 145101, 198388, 366298, 183908, 80259, 275810, 47279, 156820, 21214, 492699, 4162, 202141, 319773, 69648, 340596, 266795, 45621, 200374, 32965, 406777, 330671, 123667, 22260, 367337, 368304, 66830, 321277, 448031, 296568, 498437, 297693, 165978, 279085, 439451, 413847, 277029, 59104, 49459, 16063, 13798, 54565, 178201, 347493, 166722, 277674, 323612, 407483, 53930, 124246, 453796, 481131, 191242, 216872, 420759, 332508, 117741, 476284, 471636, 226120, 449296, 277041, 356250, 387104, 463707, 399561, 440407, 26138, 153581, 347167, 49140, 21821, 21796, 47812, 497469, 22634, 291156, 401581, 127638, 188862, 154658, 335176, 347983, 82711, 130992, 484433, 159459, 230987, 291355, 389550, 371538, 125677, 90852, 116777, 247736, 476768, 464234, 469257, 1916, 168542, 419290, 128721, 436494, 357584, 351587, 310274, 258765, 4372, 451710, 303553, 415177, 30163, 35689, 248201, 170753, 39787, 499840, 462184, 419114, 258746, 330628, 546, 13195, 166200, 397701, 466412, 263347, 20831, 426673, 199964, 197069, 333001, 225465, 366850, 311331, 325798, 62311, 297628, 231549, 237306, 482876, 204178, 22509, 12915, 223268, 408930, 81899, 40378, 125666, 245833, 291774, 263682, 92442, 69282, 65455, 365467, 261102, 305161, 359791, 264164, 492269, 303442, 185582, 54126, 66759, 309688, 82000, 452515, 261903, 466938, 46512, 277024, 22743, 213019, 90703, 478537, 253437, 153436, 127265, 442748, 279271, 94256, 116862, 77884, 397928, 322955, 475265, 479171, 111964, 227214, 2143, 201030, 271248, 291641, 492116, 188933, 435855, 114580, 449038, 125439, 107939, 199728, 204097, 174768, 467408, 381648, 203035, 240157, 404000, 453283, 223374, 447907, 326582, 406431, 294341, 224394, 27332, 418044, 435758, 423694, 41767, 361718, 9174, 423876, 119327, 168477, 254939, 52180, 176142, 132174, 67902, 220659, 426667, 109795, 124077, 56295, 200087, 223729, 221027, 109193, 77448, 445007, 494838, 110832, 36546, 429520, 76172, 149944, 266154, 39508, 221125, 211534, 136103, 416234, 261200, 107299, 112733, 384505, 370688, 149752, 440602, 146394, 282486, 360124, 425114, 330384, 327634, 498484, 52175, 368731, 426637, 104460, 110383, 408256, 403606, 333936, 404806, 254701, 376396, 108097, 66676, 214350, 90018, 189739, 254871, 434511, 117284, 186983, 124039, 421753, 201553, 436258, 245872, 411440, 161134, 459705, 186781, 348064, 446553, 419983, 324535, 183627, 343437, 73586, 277943, 405965, 428033, 479024, 386202, 433023, 384843, 166953, 228209, 283141, 153156, 292153, 249649, 384670, 312964, 229570, 331287, 376618, 329678, 192776, 10883, 442452, 397576, 330841, 11589, 311712, 122912, 390491, 139559, 393107, 115751, 139888, 427224, 484734, 330189, 108861, 153876, 459489, 51588, 210092, 316688, 277909, 270194, 324750, 56496, 352682, 438658, 481710, 223460, 396180, 187277, 413432, 177380, 490116, 81694, 136411, 1233, 390535, 192502, 72247, 258157, 68083, 282282, 408786, 497259, 130782, 70499, 7204, 128935, 312960, 183721, 139417, 16560, 280843, 136330, 225387, 135240, 220657, 72950, 983, 419194, 286938, 292755, 208617, 315907, 138009, 348167, 38497, 280734, 225852, 101306, 379528, 267515, 144877, 14921, 370182, 85016, 151347, 150235, 38012, 163616, 170496, 493025, 323217, 89177, 180179, 453315, 251195, 181605, 340351, 51554, 258354, 245775, 25887, 69912, 300298, 209951, 191403, 476400, 160974, 146581, 67861, 113553, 243015, 62277, 329573, 143782, 341696, 148894, 383534, 195078, 457234, 273721, 474082, 494928, 49710, 340863, 497316, 52535, 95768, 358222, 317051, 465069, 427895, 385931, 493756, 90693, 152253, 243353, 130568, 246832, 23446, 101473, 314301, 362803, 350773, 138476, 319749, 18444, 112739, 66796, 226864, 451519, 355801, 482941, 302226, 349578, 468657, 360781, 30661, 304111, 338876, 278743, 392444, 83045, 475509, 398384, 29835, 354898, 74703, 391819, 227633, 45439, 138291, 395398, 456930, 27886, 228403, 422042, 146321, 115424, 491255, 247298, 307330, 488916, 270661, 310448, 61804, 215405, 305184, 91199, 88310, 203606, 207766, 204450, 192800, 115031, 213242, 137979, 247243, 328132, 205102, 472096, 383624, 56965, 220775, 86883, 467712, 299745, 210600, 396975, 262108, 231586, 241456, 117532, 377395, 319114, 143293, 234593, 434681, 411387, 210859, 431557, 407100, 215883, 420260, 475679, 20986, 242734, 77628, 51593, 390107, 249269, 99115, 358509, 412252, 490708, 256808, 187722, 198183, 25654, 316452, 244854, 394018, 322715, 315204, 177305, 485561, 19713, 131050, 244607, 488791, 93345, 484631, 266650, 318024, 386228, 261305, 167375, 140029, 430420, 116604, 7921, 142710, 250861, 85931, 255005, 262080, 429406, 280718, 204897, 499723, 153438, 350701, 117104, 69338, 286080, 294867, 18129, 394642, 472393, 495999, 363434, 217449, 110871, 389573, 349251, 257600, 148468, 187985, 184634, 169181, 6061, 237553, 253221, 12449, 8113, 103304, 43539, 443342, 371042, 251017, 362747, 341319, 144564, 120934, 371694, 223071, 90575, 231909, 304975, 496179, 78610, 94383, 170994, 260541, 232156, 335515, 473603, 348572, 251189, 74028, 114502, 414918, 362894, 305692, 6062, 70346, 269221, 115372, 301563, 101277, 54833, 164626, 9821, 70920, 224826, 458691, 55512, 375252, 45457, 346790, 473675, 383224, 458392, 405223, 249974, 140960, 343436, 108661, 125333, 109010, 358537, 217559, 395891, 467903, 76976, 243933, 326762, 453274, 217664, 468146, 410690, 100671, 57356, 214232, 20005, 204681, 235794, 188693, 147360, 103047, 337010, 460761, 390763, 74835, 136954, 380110, 298687, 435614, 54857, 160533, 227031, 401821, 226410, 198924, 285914, 77191, 402994, 157606, 147863, 44988, 234024, 4450, 433065, 320857, 107503, 346514, 182778, 310826, 142781, 245578, 277270, 224709, 83167, 44424, 255489, 19508, 207199, 287979, 270132, 393030, 330714, 12574, 288638, 414359, 389711, 326078, 90124, 350387, 208779, 123320, 137260, 263988, 26109, 428274, 379593, 91453, 334124, 404932, 251777, 477060, 321973, 479071, 472755, 443768, 311171, 452975, 97574, 368669, 419071, 465625, 266019, 188548, 156343, 13791, 356686, 197401, 343222, 119292, 279754, 150970, 87174, 355439, 478499, 150351, 100135, 451723, 372260, 471856, 373379, 128297, 33649, 191267, 128998, 461449, 81575, 43478, 36605, 12974, 20297, 435074, 378292, 191381, 16552, 17378, 150017, 370338, 152083, 29371, 437861, 80922, 363532, 58943, 335661, 404331, 16668, 193082, 300951, 416890, 130054, 442144, 61095, 33058, 55758, 319067, 485382, 325376, 469583, 209270, 436340, 407314, 331946, 379245, 285086, 194257, 60102, 335277, 348613, 219843, 201489, 372509, 73808, 440883, 89313, 344987, 16531, 73394, 298846, 281531, 204224, 235044, 436585, 472225, 140082, 300156, 13618, 344552, 239405, 382052, 159584, 487338, 61586, 186458, 43562, 476149, 47528, 196037, 80399, 122243, 440461, 290249, 217312, 274585, 346309, 116225, 340421, 61493, 180679, 379567, 246467, 131943, 481515, 258233, 349581, 106281, 315553, 476023, 342826, 216029, 211538, 244746, 74370, 216329, 229306, 481715, 130158, 30186, 124706, 416056, 242482, 377691, 399635, 115551, 212729, 338122, 474520, 118632, 238525, 422089, 188912, 326854, 228584, 412357, 265737, 70108, 235056, 10774, 446258, 2964, 79176, 286801, 484596, 341465, 418193, 341145, 321795, 73493, 402458, 283616, 398573, 76147, 74257, 380064, 212016, 255192, 418156, 418624, 197544, 25117, 12936, 254428, 497791, 244655, 493889, 219206, 374097, 101845, 25312, 15948, 178559, 16129, 492781, 162044, 477882, 78587, 62189, 310618, 464554, 169621, 391818, 396989, 211973, 60703, 90880, 123050, 131772, 456448, 229597, 69100, 419003, 19028, 312884, 278882, 185193, 122554, 394621, 94643, 197011, 488135, 299642, 225144, 43297, 474809, 469275, 356272, 400264, 175357, 484202, 89311, 323034, 447391, 84652, 249633, 61811, 43582, 474095, 460409, 208514, 291310, 322345, 268140, 213828, 302540, 117934, 303894, 95001, 128191, 264421, 141988, 68469, 86715, 168069, 363512, 351497, 267369, 330174, 63930, 481563, 204133, 308158, 121838, 325225, 278989, 376097, 10867, 46418, 342132, 458856, 160074, 379237, 451282, 377155, 421350, 234478, 17017, 359379, 408754, 64648, 215707, 466128, 295653, 458761, 416990, 233193, 42087, 80341, 72590, 375247, 167061, 143848, 351345, 104679, 167542, 126568, 255894, 117494, 149413, 351278, 263335, 156221, 208591, 274119, 147213, 249154, 39400, 324305, 7474, 42325, 32550, 100840, 77608, 407298, 482751, 94752, 147463, 290227, 86311, 115131, 142520, 259418, 223119, 311480, 442735, 104125, 402258, 360826, 246729, 5532, 171025, 489878, 159301, 267061, 300352, 488811, 61712, 219386, 52386, 271374, 323319, 384717, 234096, 304960, 130056, 141064, 487185, 169220, 352947, 338354, 251215, 473328, 131860, 450024, 338602, 94516, 230151, 128852, 384288, 491761, 256181, 410093, 335909, 79976, 105960, 217250, 392206, 460021, 462097, 97940, 40927, 180698, 80064, 184134, 390094, 115208, 467982, 372983, 143053, 285972, 199325, 480315, 107331, 119511, 366014, 489744, 364276, 413560, 422149, 122150, 433556, 5275, 390003, 469757, 244813, 300754, 482147, 56526, 196299, 2180, 417206, 388139, 315477, 329298, 249851, 54738, 415178, 256270, 7687, 310408, 326781, 154590, 165880, 63664, 287820, 442412, 13540, 475881, 323071, 430789, 474815, 383877, 96780, 148155, 336801, 45614, 419774, 75570, 314349, 470264, 312474, 303072, 193539, 29599, 387216, 91816, 30926, 347098, 129441, 23113, 352850, 253681, 42283, 212170, 225747, 33874, 71665, 413460, 313431, 45151, 11114, 357504, 166248, 128100, 167793, 222679, 346613, 382604, 181869, 278482, 126604, 477236, 146610, 271364, 144276, 2510, 325571, 74963, 496941, 177732, 327711, 191544, 237094, 58079, 369649, 279135, 334823, 326711, 116552, 438527, 459102, 217529, 403826, 484236, 217970, 53434, 288822, 298677, 340278, 444982, 78874, 124558, 188167, 397927, 419896, 400590, 41310, 378675, 461594, 120297, 120962, 441303, 54807, 74973, 430848, 431674, 162321, 399997, 14062, 85617, 362462, 128001, 61015, 338552, 290693, 440024, 316750, 122194, 141639, 344465, 277703, 193184, 105507, 304420, 59147, 305842, 358847, 395041, 419288, 1716, 393134, 103361, 302537, 179540, 53156, 237803, 362069, 253546, 210323, 322029, 207715, 321362, 379165, 61140, 200840, 247862, 180199, 73562, 71527, 455421, 25377, 326738, 87677, 127762, 441613, 492806, 248449, 420413, 273393, 14583, 242777, 390101, 290138, 394516, 227798, 464778, 18556, 290752, 478159, 16669, 7308, 84971, 84453, 174625, 267704, 167852, 207284, 237142, 255065, 413360, 402421, 8004, 12119, 282825, 38023, 185493, 72174, 465455, 245213, 3606, 414194, 44707, 223563, 245775, 42856, 383808, 136772, 104696, 139916, 317296, 368745, 320531, 391418, 74633, 489759, 216231, 480176, 34885, 469610, 86271, 42232, 320209, 384751, 84006, 378145, 60471, 405266, 40906, 422267, 253876, 231132, 327584, 88051, 78165, 322980, 162949, 238584, 51990, 71217, 373107, 90413, 413149, 311491, 189731, 212679, 497719, 489330, 417845, 359949, 492441, 395897, 289936, 211292, 385917, 151800, 207881, 125090, 317917, 92820, 496573, 296973, 380676, 299118, 10792, 168894, 452782, 413698, 396202, 407301, 324460, 158116, 144935, 201234, 158274, 41559, 148281, 474302, 237888, 335840, 129718, 277285, 411175, 9978, 338849, 147858, 322129, 338038, 391267, 322839, 126303, 35428, 199792, 482303, 303489, 350074, 445783, 407913, 158875, 427485, 75235, 430811, 4268, 330613, 103314, 246601, 252563, 65764, 283730, 11485, 414204, 120205, 183972, 326170, 238041, 479738, 363790, 390251, 239155, 17480, 63016, 462120, 41765, 193154, 38974, 234553, 134626, 172494, 434676, 415425, 417536, 179946, 493876, 95161, 42628, 293619, 195160, 338024, 204169, 378985, 39886, 252582, 40974, 398646, 397423, 14390, 126812, 470291, 113013, 358326, 36933, 76971, 252119, 62941, 287043, 102403, 53265, 258099, 122435, 10185, 293870, 496109, 204073, 88749, 85181, 425878, 154064, 356602, 267095, 410021, 297043, 46083, 156329, 269660, 182709, 10100, 195631, 353495, 496508, 87480, 199118, 342975, 353577, 39518, 423215, 71173, 318024, 257021, 105295, 412865, 162347, 199038, 472989, 464850, 5769, 495497, 267178, 92868, 139313, 134400, 212895, 134669, 43663, 263830, 405973, 259061, 120270, 493330, 409553, 87077, 337614, 189653, 5547, 11975, 49002, 323484, 261963, 144623, 207427, 367512, 268115, 92008, 125427, 9612, 409960, 76767, 419213, 315800, 3541, 329097, 19151, 116759, 119412, 165299, 394266, 56712, 454047, 183466, 352005, 372979, 318276, 160523, 44185, 267190, 305455, 152613, 462404, 41057, 368002, 225233, 362944, 446333, 120156, 280020, 207314, 399817, 466109, 338719, 101950, 112256, 120080, 220754, 392081, 73034, 213284, 37059, 391329, 462151, 453414, 387889, 292451, 26324, 389955, 59958, 58606, 425179, 434579, 299238, 219963, 346494, 248979, 247810, 138721, 25638, 403840, 433775, 36876, 96607, 88631, 300827, 475872, 229607, 111597, 480267, 297635, 432687, 206188, 317474, 25435, 150844, 213711, 308938, 443510, 72824, 243075, 74067, 219450, 98985, 271497, 408153, 52494, 172686, 451212, 358422, 176190, 251100, 110372, 497082, 190680, 463046, 398777, 24820, 149570, 21518, 274476, 80921, 66402, 225861, 214746, 360132, 436786, 126152, 441074, 417621, 347092, 173342, 444486, 102544, 157757, 102110, 310153, 171745, 183413, 440391, 456669, 175071, 198699, 88103, 23176, 21930, 315589, 41149, 215655, 405941, 289300, 469844, 103083, 55868, 383640, 266542, 186739, 289521, 303749, 302630, 127123, 118531, 413106, 491691, 367492, 431801, 175685, 496029, 267052, 325334, 405731, 37820, 491996, 155389, 473738, 419128, 334249, 191229, 147142, 446569, 230964, 158086, 294937, 472099, 240094, 465266, 243718, 228725, 105257, 116507, 21718, 23817, 366934, 417593, 86547, 450353, 313021, 409029, 409273, 390602, 271947, 497006, 24118, 314573, 407542, 153709, 434329, 441364, 483102, 243758, 417163, 66055, 247970, 437619, 383841, 456227, 41956, 427286, 97125, 442658, 332443, 218230, 252960, 112267, 425402, 148574, 33762, 265761, 41500, 72906, 284145, 8576, 60190, 269613, 109394, 208936, 338984, 331110, 443861, 172594, 408215, 360838, 413903, 104061, 448927, 30746, 189767, 327910, 294950, 414231, 357593, 119966, 14918, 182715, 224671, 384342, 364148, 426068, 150414, 20744, 368092, 57513, 61065, 319471, 14059, 220592, 84126, 188667, 240621, 457222, 127892, 96032, 321695, 10990, 270966, 379477, 40993, 129951, 153393, 34087, 191243, 387919, 230595, 341346, 476714, 453135, 176487, 83574, 251768, 499056, 64220, 125608, 223560, 11518, 319625, 372133, 38672, 386963, 102031, 23382, 173984, 234499, 348746, 292718, 227878, 286595, 19930, 28628, 146251, 29840, 399400, 109094, 263787, 43908, 185730, 484040, 124139, 351186, 209260, 303669, 297173, 174388, 148703, 346310, 382484, 162447, 103116, 327964, 338282, 131564, 376304, 49536, 252354, 169031, 429553, 264288, 97921, 444064, 197046, 428052, 384494, 193588, 365500, 105685, 428520, 91027, 40265, 94446, 212999, 303333, 110743, 41228, 95345, 494671, 348988, 44716, 394688, 180848, 225972, 344393, 77339, 160183, 264727, 457498, 56788, 127168, 339934, 20978, 81330, 44110, 365392, 435263, 159315, 492041, 354233, 229979, 172324, 344084, 347003, 213300, 143239, 284838, 286164, 371261, 325195, 161942, 451006, 90181, 233208, 129329, 260288, 471125, 93671, 431025, 429636, 197841, 376315, 379512, 471250, 486097, 373567, 282500, 192021, 434821, 338067, 276170, 36594, 463209, 39493, 150634, 412382, 219398, 38392, 203897, 373205, 21620, 274107, 131065, 356037, 47085, 103298, 456755, 491594, 380146, 17435, 129372, 64200, 230359, 376473, 89802, 100649, 213543, 176814, 186378, 97515, 448148, 208389, 137539, 241105, 444208, 47277, 337296, 498910, 470589, 53582, 344269, 109036, 306435, 195860, 451335, 475506, 244965, 264565, 195877, 385034, 400813, 445258, 109222, 189674, 45622, 27044, 202237, 61582, 471519, 333004, 455428, 450047, 439424, 173200, 42116, 67151, 483860, 105886, 307458, 265209, 459991, 37792, 464243, 274411, 365770, 377363, 395700, 37521, 465857, 55487, 266575, 210465, 492082, 19722, 145750, 183528, 109067, 252574, 290649, 143802, 254828, 31980, 78077, 182882, 495139, 451507, 241771, 474509, 181417, 416475, 121030, 441662, 170314, 462544, 317959, 154143, 167436, 168950, 43098, 472965, 326924, 91198, 56504, 134020, 446923, 109158, 439970, 360360, 224752, 395055, 279727, 177749, 277522, 394282, 356668, 363016, 204563, 141641, 55057, 496954, 203168, 464464, 481933, 381542, 410054, 23558, 307107, 285279, 225208, 378083, 192979, 375985, 86114, 136139, 314655, 365570, 128023, 308874, 408303, 424838, 179354, 53524, 26015, 492259, 56015, 290868, 91809, 410329, 51770, 68802, 427215, 187392, 342295, 201652, 214256, 416174, 483035, 25680, 249938, 300754, 254378, 167574, 326249, 196840, 266508, 355500, 499752, 481516, 402918, 284555, 330821, 70731, 116073, 235557, 26641, 492275, 453961, 325517, 463942, 80549, 486499, 208987, 323784, 238710, 272717, 152097, 339729, 44452, 165256, 337717, 323737, 60039, 477637, 418747, 364287, 156858, 499344, 365522, 441241, 227441, 194039, 467253, 167951, 15195, 47302, 299602, 278471, 365013, 404982, 421116, 320519, 450191, 77671, 431119, 32301, 176912, 188444, 381361, 306339, 374533, 355377, 385333, 395151, 393300, 195030, 237929, 486661, 29660, 116690, 428701, 188262, 490671, 352155, 170351, 200785, 177504, 172843, 284724, 163181, 197192, 237448, 300486, 486114, 324509, 68728, 8758, 232016, 342647, 18721, 21620, 349789, 66115, 142519, 208005, 432237, 422138, 181575, 364908, 118970, 391182, 364825, 480874, 27683, 128145, 241832, 254675, 214749, 164017, 236669, 16181, 142426, 134416, 4584, 200394, 465535, 145907, 71074, 323188, 466195, 292426, 248295, 198252, 81410, 367676, 176578, 50854, 277556, 250750, 305625, 90276, 362885, 434489, 432946, 117531, 103357, 277295, 24778, 93461, 359470, 109627, 144299, 210481, 473526, 346648, 380092, 127549, 330230, 318269, 201618, 348515, 202104, 156338, 184249, 331349, 322174, 263584, 228038, 106310, 212399, 46683, 270445, 26424, 295888, 185822, 231418, 44308, 207, 465205, 287014, 46367, 463589, 425974, 454246, 250047, 333753, 462154, 99420, 136180, 426449, 127855, 378627, 210255, 388282, 476290, 479242, 283403, 40429, 88460, 334101, 290700, 270574, 4563, 420823, 190523, 172956, 468099, 292833, 145806, 99004, 268386, 443245, 437839, 428224, 427477, 69063, 163628, 498050, 127110, 372925, 496736, 8117, 352398, 103449, 104671, 92350, 431034, 454154, 436918, 326086, 448808, 431973, 250774, 279911, 437383, 191212, 376572, 30093, 98967, 154013, 316544, 115276, 262771, 295512, 498630, 244940, 362687, 49929, 401871, 68129, 129731, 379523, 460592, 499396, 145542, 148180, 45006, 310280, 409129, 128033, 145194, 354402, 457224, 407377, 244499, 84821, 230469, 368026, 120880, 87758, 33363, 183124, 389877, 310637, 460269, 169012, 369567, 413922, 366627, 388140, 484205, 82930, 90745, 286079, 199030, 309126, 153012, 412629, 415923, 154075, 420361, 496742, 214961, 457339, 319879, 398644, 406834, 159789, 382786, 157221, 60195, 287419, 410846, 152333, 267513, 164042, 367985, 403150, 267133, 314141, 317561, 283962, 432536, 298898, 385875, 142651, 74067, 404112, 419743, 431019, 70563, 185396, 145121, 232524, 363164, 439477, 176001, 291548, 149760, 400471, 186576, 426308, 172909, 327039, 198239, 351564, 307358, 102578, 442632, 446079, 147885, 292862, 42201, 402187, 325106, 76962, 136579, 470298, 277496, 21001, 39596, 208996, 345303, 315431, 286119, 346050, 120804, 341554, 106772, 467520, 336328, 98156, 435195, 478294, 212361, 494972, 422915, 287740, 277620, 253079, 7115, 498857, 372288, 66973, 207470, 281015, 472746, 176461, 139020, 318184, 155044, 327834, 55347, 274098, 477953, 222981, 195574, 172919, 349220, 249755, 293087, 416981, 476531, 179885, 397408, 280767, 290593, 386746, 236324, 468006, 193568, 182168, 199008, 197272, 24506, 138169, 330513, 226243, 298288, 265797, 282559, 454888, 248234, 256581, 483181, 495585, 150281, 286773, 382147, 101164, 230111, 258187, 394479, 294947, 88912, 128396, 126396, 57566, 251333, 359315, 233992, 45678, 361163, 391923, 172352, 105695, 131647, 403849, 354233, 416442, 80838, 196598, 497918, 312289, 369128, 11438, 79403, 197823, 152215, 466387, 319544, 172973, 4492, 469672, 425947, 19913, 254715, 138348, 415698, 288143, 135169, 135313, 263549, 164333, 300257, 215632, 332433, 148987, 453629, 93552, 113400, 172944, 23365, 109357, 180522, 108008, 45513, 224051, 416219, 444541, 60365, 217612, 307272, 241493, 279751, 173825, 308639, 185516, 194383, 196836, 52255, 225312, 382908, 409970, 412806, 19268, 1588, 78473, 183, 266526, 246022, 47716, 371365, 368934, 487426, 114715, 220789, 371844, 22233, 374041, 455408, 162780, 399095, 165216, 419978, 30368, 401763, 117681, 214375, 350446, 189409, 180137, 279319, 394906, 53902, 321434, 471788, 327533, 3796, 168004, 255287, 353497, 352154, 90218, 307752, 499336, 406952, 93214, 318235, 181398, 184836, 19421, 280726, 34783, 132130, 242414, 343428, 204053, 170970, 209817, 357501, 198192, 238675, 499525, 188867, 274973, 320225, 491506, 127915, 329299, 25291, 458107, 173444, 164143, 413766, 225064, 138351, 213663, 374636, 219609, 164011, 69137, 172954, 64476, 153628, 97580, 178703, 397819, 60486, 136967, 217525, 123966, 114542, 141721, 40377, 130574, 401086, 29031, 464952, 276244, 281901, 163387, 61079, 233510, 409371, 285387, 473507, 309639, 267417, 145760, 83285, 408509, 383183, 275430, 446767, 388541, 42306, 26943, 15596, 4493, 355610, 468542, 231443, 29589, 99525, 462230, 205152, 38713, 197543, 458370, 437027, 385469, 18423, 412283, 219772, 108726, 102880, 407957, 421023, 347042, 91145, 105948, 253851, 87383, 289927, 73814, 268592, 413729, 14559, 71355, 310100, 315718, 332519, 318039, 83381, 495933, 420725, 384368, 234856, 159603, 613, 329831, 104589, 41268, 332702, 168518, 223278, 74583, 246874, 121912, 120702, 487218, 423914, 228644, 80082, 153157, 305242, 170873, 462166, 441638, 38156, 252798, 186944, 428875, 324131, 330444, 434946, 113260, 274799, 322809, 114626, 407490, 394669, 263172, 115061, 82257, 393876, 309411, 48787, 499263, 182954, 67011, 133197, 383882, 73136, 158549, 407434, 460081, 290386, 479856, 492106, 228150, 3153, 348839, 368125, 494618, 250569, 307489, 301501, 234098, 470011, 173583, 386529, 357963, 344397, 307075, 89104, 341916, 206678, 208779, 13760, 21676, 379541, 326053, 414553, 120882, 146636, 69753, 494436, 318078, 291932, 102929, 64102, 34916, 85050, 451762, 188216, 370857, 248280, 121827, 269354, 302931, 284772, 145766, 462808, 398806, 103550, 424907, 290061, 319538, 103630, 230232, 192270, 192025, 266904, 287761, 356993, 464626, 253913, 129102, 492907, 300350, 409006, 336097, 138308, 429001, 300897, 428758, 64564, 173373, 293972, 228576, 190957, 216003, 53417, 345439, 52592, 353447, 1345, 437624, 263253, 118222, 127340, 478680, 408973, 311040, 458965, 218023, 306525, 417243, 310923, 142745, 277338, 182166, 333435, 227472, 391642, 410494, 286309, 221384, 246459, 199818, 57642, 286133, 290635, 58522, 235167, 33193, 108730, 469245, 32797, 213826, 367808, 17119, 455806, 67048, 96453, 386369, 408367, 143630, 86802, 182632, 276072, 154150, 430085, 386440, 227659, 242291, 404246, 185934, 494594, 319025, 223771, 114074, 233926, 333685, 177414, 487867, 393855, 462232, 132414, 286052, 157235, 461056, 181190, 453665, 160878, 185176, 88010, 367636, 398412, 100719, 105106, 447394, 100581, 345867, 403091, 194152, 127264, 194433, 334427, 121813, 284346, 413670, 9157, 402647, 195339, 89936, 237361, 365312, 265315, 342923, 52446, 155773, 442915, 116122, 406077, 478970, 229566, 220274, 148656, 111474, 199891, 229588, 116316, 430639, 475412, 29440, 128174, 419687, 339826, 287842, 18670, 337837, 374973, 228223, 147365, 134195, 448543, 253542, 343909, 236959, 441043, 118689, 397374, 429154, 139963, 53865, 55857, 104312, 43885, 90662, 312116, 222231, 370989, 173398, 87479, 417604, 495423, 339652, 414733, 283774, 423061, 338754, 367169, 261048, 432869, 199297, 401672, 192779, 29064, 146871, 490612, 317563, 286591, 94163, 383489, 309894, 358278, 480990, 70944, 78772, 301651, 390286, 64178, 85559, 317140, 398046, 332484, 333451, 141556, 207415, 216978, 423370, 371022, 389430, 328918, 66092, 45723, 171297, 17100, 343276, 429570, 295230, 386711, 377970, 430896, 342579, 368414, 273531, 495556, 116635, 31373, 202790, 225088, 368817, 130428, 116820, 236111, 443200, 25513, 337875, 413120, 27272, 251744, 306056, 89060, 86208, 92428, 383247, 32227, 481619, 311744, 57419, 444899, 493796, 5482, 401173, 430687, 289489, 155820, 435931, 320447, 445087, 167406, 484955, 72354, 216950, 354434, 307340, 278278, 459908, 69754, 76263, 392346, 125702, 193683, 285996, 189196, 16161, 60615, 197634, 72209, 131016, 319889, 286623, 403404, 423374, 337972, 229064, 276679, 309044, 492759, 89607, 72453, 441097, 98225, 465432, 400182, 302822, 331848, 171768, 61997, 334937, 314490, 409440, 423258, 379070, 114790, 364782, 56023, 186849, 77052, 498428, 147598, 444337, 250010, 221798, 355721, 271180, 484705, 416397, 248366, 25891, 153942, 393071, 339771, 4759, 458093, 291792, 51471, 156625, 123527, 80618, 200462, 418265, 233378, 254874, 379348, 469502, 356187, 374331, 380980, 7834, 225605, 218924, 23153, 19817, 166014, 14421, 3022, 374593, 444549, 152313, 253349, 367364, 471742, 432354, 428467, 421844, 211673, 261739, 100909, 353346, 206825, 407862, 440807, 9328, 427362, 424046, 281744, 100089, 151944, 377252, 130282, 170258, 296745, 194584, 80689, 300873, 106404, 488383, 192378, 91027, 2642, 173284, 470829, 247007, 95949, 332494, 464342, 44253, 293268, 413096, 243726, 327451, 468059, 455022, 219127, 322576, 431566, 243430, 460968, 72319, 77651, 1534, 364587, 136594, 334426, 334425, 460058, 468394, 468449, 459911, 399460, 218351, 102328, 198873, 311893, 467753, 266931, 271037, 52517, 167755, 478286, 42465, 424440, 277054, 158273, 178523, 141039, 372138, 438583, 274743, 428014, 192599, 483798, 183566, 116131, 213142, 264524, 98031, 277661, 89947, 99959, 290665, 380568, 232350, 205496, 274630, 458819, 373231, 343585, 157368, 289195, 221041, 304792, 483884, 263503, 410047, 245483, 221000, 134530, 437889, 478286, 472830, 132701, 492622, 200703, 30524, 383593, 314898, 205274, 310905, 236801, 364131, 112113, 302356, 172545, 310458, 100174, 285870, 48356, 157041, 100223, 483075, 316052, 442069, 248758, 184549, 336222, 76689, 325599, 253473, 419239, 331189, 233435, 325436, 80333, 414916, 15953, 396207, 327500, 228136, 207951, 244971, 36160, 129141, 403867, 348933, 80286, 465586, 148215, 337882, 16412, 182918, 113523, 86212, 117504, 287238, 454138, 294131, 348658, 401569, 28820, 373027, 285435, 90185, 412615, 264537, 218377, 65496, 250844, 264283, 415742, 198413, 106819, 23308, 215826, 270162, 78626, 479545, 396260, 292789, 352756, 255090, 400226, 452259, 89198, 96154, 473459, 37809, 448079, 90133, 121533, 326258, 390778, 182073, 256271, 492366, 496218, 477611, 337668, 278054, 289313, 300072, 486011, 439057, 38668, 370158, 470585, 342722, 8849, 373617, 387811, 174389, 297208, 54401, 405628, 101540, 62617, 324981, 74023, 11320, 135527, 416263, 111521, 318187, 5650, 255691, 421764, 336783, 92617, 107883, 384427, 155311, 235109, 469008, 414576, 97340, 346056, 313519, 303223, 413750, 86196, 46702, 55039, 130975, 127200, 458707, 179190, 150606, 201693, 178788, 338208, 336440, 188662, 402616, 62375, 426258, 235602, 217968, 312081, 179887, 61278, 151471, 346083, 64230, 286506, 284446, 421662, 2865, 71126, 252484, 490581, 95122, 211143, 296707, 306453, 93412, 363184, 323139, 498044, 333840, 243056, 431835, 407653, 343278, 329543, 15194, 54732, 69079, 498117, 197198, 257848, 83479, 90306, 70076, 261437, 13742, 384473, 438297, 188146, 267756, 466546, 149705, 156718, 287073, 180320, 260951, 115083, 57218, 102145, 254580, 265280, 393719, 441367, 173917, 352329, 282264, 237927, 458532, 274932, 29523, 27096, 360148, 39690, 447659, 133189, 351927, 170800, 15910, 477939, 431338, 360844, 337826, 357687, 44571, 440795, 392921, 13654, 199524, 145169, 94872, 94262, 72704, 326176, 96676, 268090, 147021, 313851, 178773, 474393, 186922, 208576, 98088, 270770, 499898, 135444, 463208, 153480, 354963, 261730, 189675, 346286, 324743, 53442, 35804, 61782, 3971, 109840, 9416, 145026, 177151, 313953, 428101, 351653, 228453, 362750, 222944, 452128, 442242, 436579, 437121, 298765, 360764, 58341, 313241, 370314, 469719, 241210, 311655, 425697, 101436, 103584, 17023, 195595, 237878, 101553, 26674, 385210, 99925, 65324, 267560, 340327, 316623, 225525, 219164, 70102, 155038, 495026, 392138, 20187, 291216, 222749, 148029, 347988, 377446, 22171, 76149, 215218, 279070, 75201, 370784, 230771, 467938, 4887, 272701, 207060, 52286, 298993, 140855, 466388, 308776, 256175, 247999, 409948, 83865, 20533, 132499, 70546, 284437, 250032, 131905, 160099, 208023, 418119, 254266, 435058, 385164, 89715, 440877, 377962, 48366, 308339, 35613, 73990, 50525, 435808, 377982, 291714, 293869, 377241, 455875, 352882, 377288, 40863, 179726, 255834, 424752, 194613, 467660, 336643, 184966, 77176, 37144, 45165, 81972, 191119, 2555, 93543, 53779, 250237, 380674, 423953, 168447, 448635, 197187, 490480, 20744, 206124, 68638, 496036, 248707, 158147, 468296, 409392, 494875, 306087, 215017, 280200, 391835, 426384, 251934, 176549, 219748, 335798, 427290, 387873, 363137, 164358, 24783, 192652, 148158, 173954, 337302, 275651, 196292, 314773, 217976, 73112, 389378, 6308, 329454, 166411, 329073, 80465, 284869, 480122, 137248, 314992, 192461, 274955, 479597, 485099, 463582, 242739, 447363, 338043, 285952, 428944, 487486, 111121, 147208, 288308, 239078, 459509, 421291, 80460, 269287, 240471, 353934, 241442, 117539, 67986, 474287, 34314, 85821, 92332, 415893, 418360, 275113, 185233, 124710, 113656, 319296, 109760, 253206, 431712, 414205, 272096, 461423, 386098, 23810, 466697, 456061, 41834, 196406, 79418, 145452, 387996, 229279, 193914, 203716, 128486, 182842, 42050, 201742, 136619, 44187, 157826, 338615, 499611, 293456, 115929, 453898, 260344, 311219, 445714, 405064, 119289, 236213, 35092, 495387, 467025, 99293, 457575, 468617, 388173, 393579, 188651, 257221, 47848, 132514, 260296, 278810, 325762, 479199, 194707, 224815, 30527, 280675, 181118, 448760, 216634, 463484, 467024, 282541, 127505, 188962, 409337, 454063, 471163, 267878, 222173, 325961, 16718, 19929, 162361, 202028, 331623, 118761, 4809, 281274, 129090, 395083, 428446, 383434, 313018, 297044, 215609, 449290, 355383, 149983, 308868, 318439, 397130, 80827, 371708, 106242, 363476, 444741, 480430, 302836, 243332, 133398, 360433, 356440, 48604, 402720, 311628, 424191, 355675, 422062, 427759, 489782, 391625, 207283, 4247, 355002, 467003, 338574, 19919, 448130, 162372, 367036, 315099, 250570, 44595, 43397, 369410, 401110, 57753, 79614, 10075, 110099, 386870, 407765, 43857, 55239, 35339, 74474, 164879, 381439, 447082, 376230, 52741, 26336, 4181, 288277, 27485, 136833, 284047, 235868, 138876, 444452, 154283, 470723, 159029, 184714, 185751, 154414, 168074, 24876, 14019, 452548, 51405, 178095, 144885, 24282, 147260, 132776, 329123, 204358, 292350, 205567, 68051, 343158, 95509, 480455, 81188, 27167, 467723, 260978, 7399, 300061, 286995, 427878, 281723, 266406, 235999, 124936, 341603, 386631, 226674, 148930, 193699, 232596, 484524, 215882, 230879, 489971, 392009, 255447, 5417, 12690, 322983, 211458, 299400, 156185, 324569, 488731, 258894, 371442, 141014, 441424, 61431, 181835, 344180, 185553, 375173, 105044, 323211, 119718, 191, 117678, 342203, 40915, 414158, 266240, 481363, 338989, 304879, 465668, 3139, 75653, 362052, 19819, 238053, 124800, 328926, 385300, 217681, 105160, 422557, 169429, 7516, 354248, 597, 172096, 292081, 224563, 66481, 119989, 148367, 303316, 307181, 213619, 429090, 458428, 231728, 370159, 16516, 262118, 469016, 418330, 418060, 408028, 20242, 312340, 61039, 163797, 94769, 266703, 448215, 42690, 490210, 361528, 324645, 447292, 59428, 230722, 435309, 326623, 377477, 235459, 151012, 362069, 71668, 225001, 337575, 395513, 202061, 231013, 395592, 339560, 430912, 201229, 329742, 472917, 93735, 226044, 99165, 338180, 86386, 100175, 300348, 271003, 208664, 439078, 244891, 308271, 358946, 50017, 307390, 430011, 347524, 449649, 25379, 116963, 289541, 356771, 79639, 348809, 387714, 465340, 164267, 70520, 72254, 155761, 242582, 443790, 236883, 11767, 298244, 411364, 473459, 221264, 351617, 374534, 36205, 478490, 89531, 426210, 34598, 476366, 244324, 459254, 141508, 344609, 215033, 220244, 2335, 430872, 130187, 6479, 347691, 317540, 16023, 197107, 103002, 432948, 100307, 130833, 318410, 396279, 393318, 316595, 322024, 215355, 236822, 87073, 39040, 13310, 320027, 152839, 177418, 72834, 113718, 247647, 239452, 368561, 42695, 247730, 153313, 216840, 256378, 169374, 145858, 265951, 403304, 101548, 232861, 26494, 374866, 160617, 104680, 67228, 371598, 405549, 105062, 43498, 264050, 357681, 379679, 487964, 338141, 308514, 46580, 86597, 200422, 309650, 25088, 376231, 41832, 394535, 177420, 24311, 146783, 486237, 385385, 132154, 245089, 437826, 433728, 272631, 43769, 116484, 228033, 401853, 111023, 137769, 368721, 279694, 134236, 330350, 490318, 480665, 473540, 364691, 14651, 191188, 461716, 494286, 159523, 42022, 99116, 387085, 275649, 158505, 98152, 117994, 95682, 226935, 169960, 280716, 418084, 104860, 215527, 142667, 487933, 448330, 294074, 388736, 282272, 80393, 425524, 312918, 222215, 360389, 151022, 366729, 370696, 28698, 246000, 182858, 460926, 461813, 373926, 64989, 462091, 435402, 493387, 59094, 54791, 436187, 7867, 111574, 308502, 153935, 146672, 457749, 374036, 168816, 444553, 231294, 457565, 376497, 434952, 34359, 93892, 295888, 96408, 155427, 406074, 352115, 76038, 141396, 152162, 77797, 438044, 41301, 360200, 373352, 76267, 363876, 88612, 123938, 248156, 435165, 118973, 154136, 334650, 368462, 43318, 103482, 374714, 244964, 21414, 366468, 51654, 403166, 275594, 68193, 32689, 61987, 94080, 417732, 37749, 272777, 352944, 110669, 72172, 43583, 413785, 245767, 136973, 182195, 62788, 22747, 185388, 34125, 323382, 441625, 220170, 160491, 397060, 367086, 135336, 391373, 132991, 417354, 387857, 58641, 99854, 421841, 143849, 476819, 320946, 447455, 197228, 277447, 161196, 204330, 14299, 400913, 178058, 12324, 477880, 171040, 159838, 346144, 213102, 498020, 193516, 82608, 46202, 250367, 482466, 225279, 247266, 376545, 460905, 272271, 428998, 325362, 199784, 365401, 490067, 374976, 396832, 410692, 297736, 456839, 329667, 151974, 487064, 15030, 312132, 130325, 17518, 244307, 93700, 165826, 60032, 13072, 173253, 68905, 105860, 258903, 87617, 114041, 369404, 263171, 182311, 127652, 85853, 164969, 419486, 442412, 354523, 330562, 167211, 142725, 385164, 484139, 294849, 79702, 12153, 262886, 181718, 254735, 337453, 211701, 121484, 121282, 405102, 137921, 19335, 284159, 430870, 102984, 360882, 379153, 155837, 173263, 279162, 395057, 286761, 379157, 321691, 94103, 23210, 489224, 212065, 123874, 140692, 443839, 146067, 168220, 60297, 250565, 462836, 406749, 270322, 489759, 256541, 243793, 485327, 172389, 354638, 54049, 120264, 137875, 337568, 140006, 158794, 406848, 342357, 30620, 496037, 94419, 221416, 72616, 200131, 388272, 335900, 102897, 469767, 484866, 497444, 244681, 497385, 483603, 443697, 59865, 164704, 278865, 39361, 153481, 497730, 105312, 330994, 370008, 164820, 467532, 177207, 361933, 7585, 385765, 124413, 380456, 189008, 114713, 150573, 440446, 166707, 78775, 310856, 105827, 98533, 96793, 327306, 135420, 86773, 214788, 334283, 499874, 296020, 139740, 397711, 221970, 245439, 211933, 345697, 443935, 174752, 284116, 18445, 63875, 59198, 286744, 264775, 231269, 407071, 176636, 243824, 246641, 421996, 37590, 132520, 276526, 173795, 352735, 116526, 478503, 497859, 249663, 148717, 383172, 452433, 426867, 63840, 493340, 200286, 288979, 109077, 331270, 431646, 328002, 226837, 497408, 130509, 405442, 38628, 477311, 400686, 420703, 271561, 289263, 496823, 314358, 345611, 51007, 5652, 312786, 239956, 299975, 328824, 128104, 113745, 393379, 474317, 187423, 251038, 36527, 374175, 300143, 340298, 281783, 459971, 23679, 156638, 425499, 82448, 428560, 133714, 300131, 214057, 81855, 248781, 192828, 80839, 496077, 189826, 191543, 51341, 422959, 249603, 267071, 78977, 163304, 6668, 151025, 66567, 373110, 165919, 86460, 298408, 291576, 234934, 323599, 370916, 192234, 463865, 311070, 315722, 131741, 348462, 455705, 495143, 491759, 143206, 380108, 91885, 443240, 360733, 110048, 141388, 433424, 381032, 347077, 490734, 248327, 348889, 347852, 63953, 305408, 497431, 260604, 394726, 193046, 27114, 322123, 229454, 245808, 397855, 11865, 272915, 295607, 283240, 455380, 342224, 365771, 225311, 197866, 491820, 169902, 436809, 135182, 477206, 36062, 59519, 66676, 243495, 90390, 272602, 46625, 378669, 90586, 178675, 406292, 410452, 170463, 8361, 96398, 438928, 476017, 191432, 170713, 284512, 410099, 203510, 327434, 91345, 352537, 450504, 13857, 72840, 450343, 58765, 239152, 8700, 327989, 317510, 307404, 87313, 110373, 496867, 463079, 164556, 193758, 99248, 283049, 396989, 169390, 213531, 216426, 33572, 383996, 298897, 7059, 46821, 458924, 472674, 271152, 362303, 339081, 220184, 132361, 295442, 57082, 395568, 146689, 314614, 443256, 310064, 463660, 438447, 238428, 159817, 54954, 217503, 100189, 71096, 468652, 199197, 200236, 401453, 408628, 8124, 134502, 9312, 485282, 472023, 21387, 404155, 368633, 179757, 338977, 113384, 278991, 341304, 276499, 463971, 222813, 398608, 488367, 38456, 256506, 92306, 46910, 186431, 297696, 87254, 252284, 426629, 352391, 469532, 295093, 287511, 173778, 212864, 567, 85792, 140297, 44868, 173176, 477168, 419301, 21046, 450331, 145676, 282406, 17752, 17748, 349438, 138484, 362942, 244620, 108318, 5424, 96403, 442508, 30898, 246833, 237291, 424189, 341543, 290025, 321372, 286551, 433694, 26162, 173652, 92241, 137122, 265340, 149555, 171612, 114178, 314952, 198441, 170446, 470488, 37219, 420329, 107899, 157379, 420015, 201831, 444673, 402111, 81588, 214996, 304617, 464478, 460153, 465021, 283235, 49116, 388690, 330220, 207673, 412283, 70930, 358085, 153082, 385191, 160516, 159453, 262540, 39257, 372366, 97404, 156152, 467161, 343097, 155039, 430714, 291617, 17159, 469245, 39476, 380060, 139078, 386196, 415392, 191261, 472781, 422032, 237282, 329338, 130103, 210076, 174666, 161323, 301251, 49481, 299403, 80831, 60884, 265359, 256710, 1192, 496267, 106581, 144939, 27852, 498605, 318436, 137440, 440101, 425727, 3174, 310017, 79779, 54767, 417790, 225057, 222704, 131887, 165098, 195641, 471435, 400553, 184526, 361419, 127570, 16162, 382329, 23331, 449554, 281410, 77394, 302335, 300811, 257336, 335772, 127682, 131695, 21588, 349049, 357723, 484021, 40023, 150819, 203263, 475885, 316075, 139671, 497142, 247157, 365098, 16966, 301032, 34071, 282858, 263372, 458853, 488353, 299566, 257295, 275000, 133524, 496058, 139230, 411626, 41698, 33092, 316466, 31127, 17348, 495609, 179461, 249149, 325223, 84913, 102934, 183511, 288091, 236200, 115077, 2213, 241897, 40968, 372382, 437215, 220817, 498990, 498445, 216795, 485691, 469188, 49584, 222430, 114345, 249048, 427491, 74293, 471911, 40899, 17001, 242124, 25710, 54499, 57902, 153882, 405146, 335797, 217279, 107395, 124096, 198777, 437634, 392167, 21162, 125150, 398338, 213768, 220627, 369313, 16687, 88455, 94806, 351308, 409145, 21708, 210691, 485349, 295028, 180791, 31864, 196813, 56536, 15791, 172288, 385308, 156582, 197116, 381144, 79077, 71872, 420536, 278521, 242388, 165915, 142986, 261307, 419590, 178216, 368638, 98273, 290986, 366574, 72485, 427250, 381634, 409348, 469752, 494955, 192169, 49463, 99415, 403300, 290139, 303648, 403234, 322709, 437970, 472856, 229256, 338550, 368796, 375947, 409502, 103351, 295536, 426261, 392380, 422078, 300532, 95683, 320970, 27636, 161720, 441187, 441492, 132349, 110737, 191891, 242272, 474276, 381777, 203150, 168573, 388982, 415991, 155774, 193982, 491330, 494606, 473396, 481243, 484262, 137720, 187527, 177305, 275667, 313081, 267032, 95477, 385254, 124239, 133076, 265331, 119239, 36461, 257748, 298469, 393850, 312640, 240559, 317514, 211120, 2462, 42332, 256586, 208642, 159429, 123592, 464098, 317295, 51354, 718, 469132, 308691, 274839, 52229, 256354, 391996, 58648, 463052, 412310, 459732, 458077, 311446, 210617, 32524, 363275, 310450, 474253, 16685, 177933, 93875, 433391, 116855, 267090, 337306, 483547, 496370, 330648, 271623, 51265, 476055, 366961, 269661, 292730, 171108, 274485, 372968, 193606, 353780, 360711, 288313, 230378, 33385, 108848, 405065, 424597, 483966, 458805, 287492, 40398, 263072, 288833, 247576, 494478, 478080, 336792, 47792, 6770, 460940, 494602, 95238, 327650, 17730, 282179, 489795, 355661, 374345, 182455, 139420, 12756, 91657, 162867, 225841, 401716, 101072, 110294, 412097, 446356, 159075, 326894, 259371, 100363, 266845, 465870, 322251, 195045, 83660, 374451, 281132, 36350, 260088, 457163, 288680, 342786, 86764, 355333, 48442, 89741, 191429, 338801, 317256, 467912, 452021, 357578, 9712, 406293, 427341, 430219, 65592, 286471, 352483, 124185, 256323, 471143, 1046, 466382, 272356, 237190, 198817, 9574, 85556, 406225, 68005, 313195, 18875, 355551, 478678, 381467, 90473, 47335, 350484, 334902, 301514, 445065, 84039, 497391, 67873, 484594, 26531, 110682, 50977, 413829, 139763, 167945, 37300, 390165, 291355, 415033, 98528, 149358, 301449, 232654, 169964, 65100, 171461, 159363, 390220, 423736, 415892, 289700, 269654, 279973, 239216, 367069, 362141, 470116, 92968, 225697, 481753, 25087, 206266, 68959, 88069, 155649, 298951, 155310, 365240, 277217, 215209, 354631, 487498, 230348, 62716, 6156, 216994, 270819, 209325, 205852, 173716, 286687, 427319, 139531, 118159, 394507, 494058, 296296, 381381, 381592, 82326, 241468, 164756, 64963, 482013, 209433, 704, 43208, 499723, 31264, 285354, 242889, 464954, 261417, 417012, 157634, 197184, 229543, 19802, 110528, 478650, 2206, 299872, 387516, 232500, 296351, 446887, 364136, 93394, 388053, 407339, 260964, 306294, 179670, 397544, 286879, 313227, 495655, 39994, 253750, 3277, 32600, 164026, 150233, 316519, 434777, 351073, 119821, 393961, 106915, 137716, 294350, 231558, 4072, 259250, 425408, 268037, 398133, 356551, 320964, 323668, 341248, 146567, 463701, 77503, 43911, 20363, 443409, 495825, 99669, 421968, 447249, 426667, 124673, 456644, 167564, 333429, 59151, 402045, 113451, 461652, 131280, 58079, 483012, 115847, 70691, 16154, 297392, 489503, 19252, 37242, 325074, 181004, 307380, 64021, 442106, 499639, 356119, 272302, 409334, 119077, 247445, 16859, 410495, 420557, 101357, 103731, 363541, 411111, 325647, 84520, 2951, 309169, 151747, 394709, 83281, 245375, 341183, 203067, 370285, 411951, 72514, 381682, 66980, 375100, 286432, 421611, 61910, 304802, 452897, 42596, 342497, 123725, 369277, 217167, 187614, 109863, 337778, 48951, 144821, 346109, 115089, 32502, 144312, 54846, 276553, 373248, 259424, 466218, 104467, 126594, 263012, 466445, 147134, 332727, 14647, 306814, 394268, 252787, 199341, 123438, 432833, 400739, 368190, 314547, 102208, 378253, 367546, 43088, 161081, 487455, 93785, 330768, 2766, 114895, 259380, 384066, 202282, 319529, 62005, 170669, 166295, 26516, 159974, 432765, 423633, 300363, 409789, 165364, 9486, 57859, 411574, 356447, 225032, 347116, 198300, 79666, 5757, 169084, 248691, 206467, 408639, 72289, 208605, 382341, 372514, 358562, 325031, 12943, 89791, 130497, 22890, 367751, 491172, 420623, 44100, 71345, 350389, 469384, 150749, 388417, 255943, 174387, 45854, 295747, 119420, 237399, 280352, 351134, 32809, 58116, 29397, 297525, 347936, 239863, 122485, 416406, 5179, 35768, 251882, 380056, 121190, 221838, 122018, 464927, 498406, 293658, 117133, 437986, 339279, 367204, 224525, 324859, 355278, 301514, 411944, 8196, 33385, 374608, 418996, 448317, 122448, 268688, 1446, 315989, 145375, 176758, 448183, 368909, 408409, 132256, 425179, 108934, 252060, 233055, 449114, 19219, 223970, 463366, 124596, 247143, 241887, 453438, 383753, 234068, 324235, 87482, 10002, 39256, 146652, 432316, 220261, 313535, 335054, 7781, 262625, 14145, 220415, 127994, 355386, 487927, 417253, 418942, 62527, 328474, 335206, 426088, 38750, 398007, 94808, 223290, 281724, 45951, 292803, 375058, 38246, 322796, 265417, 461428, 92518, 382091, 321452, 481115, 302303, 56904, 468654, 464612, 275335, 142398, 58558, 305938, 119075, 364718, 25602, 325366, 149752, 396730, 182561, 299392, 411915, 65024, 477602, 378909, 432479, 42565, 71425, 45431, 305845, 202200, 397588, 288254, 315304, 192491, 316881, 369776, 394847, 198809, 389110, 360245, 370390, 4049, 395752, 212561, 158429, 464627, 193787, 262995, 367265, 378071, 232077, 229583, 431889, 49183, 274907, 418848, 236024, 126447, 61788, 224458, 371236, 490995, 417604, 98868, 107599, 445943, 192671, 65856, 11090, 324234, 136446, 179779, 154015, 351262, 37787, 328734, 394018, 21502, 89708, 134170, 6047, 134380, 398462, 232307, 480887, 198408, 259647, 238075, 175469, 118593, 168192, 31822, 240072, 353588, 74419, 451916, 60113, 404972, 163332, 386307, 101184, 53345, 442880, 50133, 198818, 125283, 482997, 271700, 73664, 253935, 474534, 142625, 301841, 196783, 302263, 424403, 422565, 487351, 85802, 161741, 429686, 445762, 76454, 383443, 452524, 454363, 366792, 312022, 100036, 305694, 355735, 498597, 343000, 337973, 132973, 293804, 325365, 347016, 182991, 152209, 215648, 5247, 129338, 294646, 140543, 137697, 195746, 142836, 371730, 36828, 227011, 470609, 348090, 429987, 288952, 474507, 118850, 383320, 283640, 142704, 273067, 76387, 395977, 447106, 376917, 29863, 239406, 90939, 11676, 282816, 218680, 245119, 428393, 340995, 177536, 136048, 80916, 415863, 97773, 318276, 153105, 412782, 92205, 391475, 131078, 187285, 137388, 492084, 281147, 210051, 451310, 79192, 220716, 454539, 195011, 115163, 400333, 339451, 363257, 107411, 136288, 406103, 303336, 13537, 194111, 165343, 104280, 370124, 201272, 291591, 37234, 205958, 201023, 318970, 394447, 440619, 306438, 163303, 60094, 190052, 424271, 82628, 196558, 367172, 191740, 238081, 75248, 371819, 176643, 66421, 11651, 87541, 417772, 412171, 461676, 483862, 260053, 419229, 27833, 419278, 316777, 56402, 325825, 303514, 313720, 251525, 395486, 177333, 453408, 353562, 139605, 446734, 71746, 169239, 189736, 295600, 390303, 285973, 154710, 107496, 24592, 410048, 130643, 289421, 147413, 294352, 353307, 327966, 180533, 12600, 220788, 167746, 40605, 487147, 203558, 5878, 15515, 455313, 368403, 189249, 241372, 490893, 318279, 90552, 290140, 194218, 458145, 438195, 437696, 132288, 162595, 492551, 24067, 308238, 306870, 55458, 97247, 357674, 56495, 317037, 456620, 1121, 293061, 83293, 374044, 25740, 475574, 340651, 320189, 395232, 191237, 78288, 453, 270639, 331989, 108763, 482602, 245214, 81066, 128062, 106688, 397820, 394067, 340486, 474503, 142950, 339759, 333815, 444517, 234879, 15554, 284311, 198437, 65240, 294791, 85744, 237437, 400254, 207222, 257918, 255787, 265812, 260130, 451072, 340479, 251824, 65402, 72518, 137839, 268724, 131200, 132078, 152070, 490441, 167054, 100945, 176190, 399740, 42456, 65165, 327339, 282950, 417478, 165543, 499954, 285229, 120462, 418791, 116751, 406318, 100960, 454460, 142463, 385801, 121831, 110442, 35429, 374700, 120792, 283554, 106194, 191309, 240917, 260357, 59246, 259951, 243064, 195396, 328671, 87248, 353365, 222950, 319669, 3688, 453897, 328273, 453466, 405558, 329094, 294685, 35071, 358504, 388233, 478781, 119769, 55596, 445890, 244866, 44587, 348320, 271715, 425766, 54716, 325975, 62864, 259391, 250983, 382366, 204244, 456158, 298817, 443144, 497422, 226620, 387592, 94391, 211090, 87834, 161736, 80459, 79772, 444608, 193372, 3818, 224387, 379057, 425327, 208062, 301798, 229870, 463956, 301657, 97952, 309945, 334025, 300713, 84696, 381603, 161813, 340165, 284982, 264273, 130220, 239715, 155532, 438753, 17554, 113609, 441500, 225759, 199719, 185004, 4639, 343291, 306369, 379169, 420914, 22969, 44329, 347453, 244390, 380512, 181277, 66857, 259776, 448229, 57685, 261873, 212982, 273705, 282031, 222266, 54564, 436909, 450000, 270256, 481571, 99105, 348026, 102085, 309676, 89025, 430082, 403546, 373298, 136031, 426195, 235875, 302315, 144434, 59373, 438637, 58536, 235084, 47066, 31858, 145239, 46568, 828, 491819, 90068, 377444, 120342, 495959, 278744, 6140, 84191, 295254, 298614, 446643, 238072, 195491, 236190, 408400, 276671, 458453, 181397, 202505, 438070, 420523, 282312, 437433, 423397, 107786, 103612, 440136, 202003, 448067, 176793, 383796, 291677, 212788, 385664, 258158, 122252, 91600, 241082, 343714, 64244, 69584, 358535, 448058, 316101, 104998, 455316, 36041, 11680, 163120, 70845, 384968, 284087, 116381, 317045, 219290, 475908, 130065, 292507, 356530, 469392, 324059, 372353, 322070, 11555, 42155, 379757, 306267, 28525, 215286, 229280, 347525, 258604, 374020, 491084, 226760, 391183, 497482, 247207, 150144, 111289, 482038, 138707, 61270, 402055, 406567, 119193, 166250, 270007, 295694, 481971, 163076, 472249, 329349, 56875, 234365, 145850, 95332, 464938, 74327, 30616, 221641, 399196, 293498, 347245, 98756, 34135, 168163, 284974, 265851, 342880, 32273, 33238, 396180, 113513, 81775, 355195, 71681, 98706, 144348, 414619, 463194, 234493, 169437, 161406, 56892, 387638, 397435, 31123, 311709, 38329, 86483, 174783, 462611, 294001, 83850, 270206, 412025, 214806, 444506, 325791, 259174, 68704, 92008, 391824, 28206, 167904, 263402, 483198, 154549, 196470, 477449, 38914, 112958, 393087, 246228, 420936, 387728, 90502, 234223, 42942, 149162, 389102, 461692, 96896, 263404, 465008, 130380, 385548, 171216, 63874, 224454, 20050, 190417, 60218, 59210, 49049, 405121, 423961, 378078, 229170, 419055, 377601, 358008, 241318, 163266, 176432, 302079, 265480, 438572, 108259, 15752, 63704, 357581, 281682, 404268, 293654, 394229, 1429, 471780, 457539, 231255, 341303, 8582, 431074, 281910, 474756, 261039, 138063, 313185, 113484, 283287, 98584, 42098, 81218, 452030, 82586, 299121, 280764, 76548, 471187, 448370, 124249, 225613, 490730, 293471, 203519, 332715, 378153, 209608, 270597, 249041, 302580, 16698, 317965, 291155, 44756, 499828, 253808, 279069, 14352, 75973, 386516, 481970, 214629, 190337, 359537, 351530, 50078, 30814, 483583, 230095, 331193, 499767, 415919, 153692, 201343, 47212, 217878, 403018, 4052, 276837, 333698, 364043, 402091, 409895, 234978, 162286, 350809, 405010, 271268, 253511, 381668, 348705, 210021, 273788, 250430, 373153, 335722, 496161, 322588, 307482, 5972, 460134, 145415, 334405, 22375, 145038, 292541, 485910, 130026, 404891, 341164, 48103, 306462, 276192, 257634, 76061, 248459, 405665, 167434, 277941, 358211, 265313, 46469, 294290, 392714, 317507, 411079, 248930, 80918, 2838, 5574, 195353, 467966, 319778, 411778, 50220, 418978, 436835, 228321, 448111, 279354, 438034, 34703, 358657, 420318, 276954, 472749, 416483, 5412, 171010, 160216, 110229, 264205, 231170, 63361, 21646, 189984, 5771, 35045, 111932, 438717, 13448, 275665, 417290, 389819, 241116, 226974, 65691, 70449, 74741, 119833, 128083, 211174, 145022, 185719, 172317, 259781, 56779, 85937, 326828, 434293, 287182, 381727, 221142, 111639, 265541, 344509, 66560, 475824, 328350, 306192, 325951, 169909, 81316, 287377, 389601, 237709, 218314, 261161, 39992, 103897, 7860, 233370, 29476, 91840, 495138, 224225, 101768, 98947, 499711, 3850, 22172, 334539, 242227, 281504, 277934, 316259, 312144, 140387, 350347, 356713, 496743, 38827, 293382, 391146, 214679, 388004, 217902, 166120, 217559, 82135, 425212, 403682, 197781, 385624, 304281, 468800, 155002, 235947, 289610, 28257, 219496, 215429, 104009, 363347, 225835, 280916, 172109, 237845, 126347, 59696, 29679, 178832, 24204, 329270, 451436, 20748, 412419, 339922, 290203, 30618, 483396, 241411, 54513, 393141, 50845, 348986, 220811, 17589, 85074, 379204, 407412, 492987, 278875, 356254, 68215, 294619, 12405, 39414, 481634, 67769, 295789, 79807, 70077, 199401, 171983, 314490, 166860, 152509, 125976, 340518, 347239, 190475, 111871, 426093, 453445, 440935, 478470, 27886, 150728, 419259, 102317, 273803, 293851, 90423, 330604, 437203, 126326, 14033, 402823, 351671, 260656, 321207, 473783, 421466, 159880, 70564, 118745, 252732, 410718, 82012, 191685, 479079, 112120, 309304, 131631, 413663, 59808, 291554, 480655, 6345, 61043, 496763, 328742, 151407, 381942, 120420, 92770, 57150, 332957, 185470, 322178, 265660, 115864, 229988, 43695, 204078, 156446, 348097, 285332, 117345, 306244, 146515, 386227, 213404, 384016, 45029, 338738, 214553, 455773, 222683, 144694, 76425, 87853, 353163, 17247, 258398, 306996, 14221, 257472, 355960, 390540, 363662, 831, 496381, 387283, 121751, 202410, 256557, 259922, 58908, 177211, 262689, 152714, 314160, 405391, 15075, 250421, 260291, 375710, 208940, 402758, 241775, 240011, 461606, 290145, 235700, 494732, 378701, 448200, 40368, 184833, 340271, 275892, 12863, 52334, 310483, 400609, 256928, 220854, 163703, 439044, 70316, 157669, 207874, 162759, 9943, 249251, 178518, 382410, 409939, 286816, 478088, 333446, 272323, 315118, 412786, 408598, 58617, 254060, 217656, 264608, 145840, 160055, 288008, 270905, 372643, 337464, 219953, 23917, 325409, 127497, 393734, 468344, 207860, 186890, 365498, 138894, 290905, 111206, 176146, 178733, 216388, 470289, 171202, 26831, 304159, 54130, 123398, 397266, 447309, 228659, 277829, 119349, 102074, 154335, 178976, 344778, 22414, 404666, 371372, 451785, 208778, 435638, 31217, 438284, 36411, 441953, 438596, 336866, 172089, 233842, 175997, 323304, 242428, 173205, 123401, 303084, 187409, 401098, 54043, 485001, 213709, 296213, 31944, 222815, 215314, 192747, 43087, 99957, 440903, 433734, 5255, 15641, 494816, 129593, 2165, 115019, 263105, 62345, 409456, 136383, 122298, 331428, 245002, 129374, 353389, 401087, 73817, 229466, 238000, 229679, 144344, 448892, 70918, 384608, 292930, 442890, 470278, 388551, 167434, 55745, 366301, 494758, 401001, 83738, 310817, 248813, 273894, 247198, 480476, 139338, 165410, 243733, 424958, 430404, 168336, 58383, 20435, 477363, 479746, 227364, 201463, 59304, 480761, 24096, 472980, 499239, 20837, 321122, 40400, 165763, 319671, 474835, 6196, 3924, 102611, 34452, 59569, 464659, 136221, 308944, 147989, 243312, 180104, 235672, 280958, 298946, 24833, 428365, 105543, 327080, 136446, 337083, 63083, 415288, 296118, 481863, 164175, 155344, 99071, 316093, 229935, 333366, 63405, 176800, 86009, 436919, 87417, 414718, 123463, 386376, 84243, 248807, 204193, 418065, 286959, 299504, 385568, 56257, 43154, 385370, 490427, 131072, 329006, 378464, 312120, 467435, 201222, 449345, 488375, 327049, 439298, 180360, 95369, 219331, 169294, 215547, 277589, 410778, 382717, 239479, 391841, 167205, 46872, 101716, 204876, 315749, 105388, 198, 236159, 248050, 319893, 126916, 388136, 73404, 296421, 133261, 274264, 225154, 485161, 477747, 469552, 294748, 327556, 460938, 462517, 177857, 99320, 122234, 419976, 358548, 258087, 383213, 229836, 393844, 41903, 203735, 275057, 248617, 38165, 492867, 142052, 148509, 478892, 57763, 222481, 325601, 308529, 37868, 77360, 338049, 97708, 74554, 218893, 376334, 384841, 404608, 361662, 16599, 36281, 395793, 483599, 36189, 420007, 45195, 474555, 492980, 339106, 233060, 321452, 296673, 220744, 395603, 151172, 395898, 188705, 439901, 354653, 107617, 462564, 115822, 428151, 203525, 118306, 349197, 365725, 316957, 288058, 82022, 310463, 325798, 375902, 489027, 332599, 397355, 352987, 141056, 274366, 295014, 225637, 418746, 49329, 317542, 371165, 270172, 340670, 119846, 10170, 380346, 479066, 342267, 91933, 171479, 483582, 451661, 18653, 209648, 112343, 5682, 168951, 258349, 450137, 224042, 236973, 71889, 239761, 127949, 104960, 458039, 35704, 353825, 79970, 118917, 433521, 406048, 167491, 288241, 28121, 10137, 421621, 401216, 282738, 189300, 79931, 344480, 108138, 489580, 224208, 12303, 442777, 449268, 458618, 83907, 468538, 218338, 407391, 291046, 433846, 446247, 212494, 172321, 289609, 491343, 365233, 25118, 2349, 113281, 153657, 79280, 304947, 332924, 447721, 91199, 133596, 125, 188905, 473238, 242686, 92269, 211626, 290773, 103548, 83020, 172422, 121863, 112131, 233379, 229294, 362219, 442633, 398480, 358177, 286143, 146446, 156293, 126025, 126637, 198875, 51245, 269044, 295484, 401087, 394208, 143140, 95001, 385876, 489181, 86528, 227905, 499695, 165970, 38339, 363169, 339611, 457645, 386578, 242236, 145861, 208996, 323299, 217470, 147355, 421012, 172969, 93364, 340660, 350165, 257955, 184381, 453988, 34294, 89486, 74920, 381437, 349416, 495722, 187808, 472112, 365553, 98590, 11276, 447779, 32279, 439720, 414622, 126631, 74164, 160454, 276856, 247155, 9194, 377112, 390726, 87546, 368407, 395752, 376951, 256907, 129266, 100686, 354582, 122723, 128156, 461918, 43521, 434800, 446452, 234456, 464700, 121450, 165487, 493515, 80429, 486620, 74878, 152969, 222825, 253860, 59515, 418830, 263810, 262720, 307987, 14974, 300203, 216006, 96154, 32838, 11140, 466048, 34628, 40398, 383092, 174558, 338733, 498483, 221457, 160471, 337110, 362916, 239251, 498193, 120957, 19925, 87423, 218428, 172256, 406960, 73606, 19720, 24157, 81150, 312131, 4528, 196720, 352981, 284655, 380559, 7885, 43991, 249517, 231735, 303690, 407078, 499854, 221721, 308264, 58852, 208109, 487764, 454579, 11647, 498325, 297873, 244174, 438366, 200121, 483001, 33152, 434128, 135586, 38595, 244395, 1157, 498227, 334506, 284076, 106875, 267699, 229962, 23388, 487907, 419351, 98279, 419249, 223870, 156127, 193562, 271892, 394613, 198053, 49579, 483979, 306671, 426957, 3171, 226470, 28067, 163616, 148721, 201313, 498185, 122993, 153766, 178202, 328803, 78515, 348525, 135048, 251781, 132642, 220245, 489261, 311403, 413698, 432725, 70354, 358057, 299577, 114235, 200591, 368300, 407866, 200528, 217530, 229133, 11185, 287422, 352119, 420940, 260346, 329228, 348411, 160885, 486602, 339244, 321912, 352144, 119491, 231492, 283024, 64060, 268804, 123041, 405141, 93520, 104740, 295022, 434041, 16718, 109677, 142391, 455558, 342599, 27117, 303845, 204917, 424197, 187164, 496981, 351770, 83348, 133858, 132330, 449002, 246280, 203128, 64402, 21587, 370623, 32883, 238535, 252025, 456955, 177808, 302364, 47404, 98394, 383817, 88927, 251017, 322465, 334767, 140407, 423235, 266442, 274219, 477357, 426407, 191549, 429611, 223354, 142245, 443904, 398356, 151931, 442062, 255798, 189585, 299458, 352286, 371709, 172304, 305196, 146019, 34790, 96437, 357590, 215393, 436233, 121089, 14923, 387064, 398785, 392428, 297575, 398088, 324446, 335309, 195630, 445077, 465288, 153253, 286497, 322102, 150169, 356433, 231696, 117366, 442083, 279350, 139275, 224044, 97285, 365069, 69278, 367484, 93906, 363189, 124233, 289780, 50430, 350845, 128165, 396513, 202610, 348569, 492919, 62007, 478498, 426233, 344707, 355438, 399243, 206289, 109933, 63745, 18549, 489601, 188698, 374329, 168922, 51746, 368932, 410979, 460103, 76867, 361890, 34478, 190686, 191983, 221494, 151361, 158468, 186784, 63175, 46044, 443832, 315429, 179895, 32680, 94285, 113955, 278401, 386213, 369429, 143978, 114175, 338344, 35065, 305240, 125770, 379552, 492095, 109362, 137797, 370918, 376124, 1346, 295500, 11505, 425285, 40201, 129296, 252477, 373862, 258924, 48692, 287709, 422917, 350036, 192874, 341248, 121253, 465601, 55080, 231137, 286152, 317735, 225967, 179171, 237035, 127869, 306862, 108275, 219738, 166462, 113193, 99128, 160770, 155621, 499786, 167950, 328756, 134543, 497502, 58395, 143273, 50371, 316901, 75404, 26574, 46106, 25624, 235484, 109843, 336788, 339617, 202037, 215856, 83901, 362706, 165308, 380767, 471024, 28145, 237938, 49342, 84968, 159377, 428146, 160028, 70292, 99804, 452960, 270581, 132830, 411232, 81696, 75501, 364370, 117483, 131308, 454913, 117512, 226312, 295544, 467860, 351668, 406980, 49726, 422245, 94947, 143568, 121680, 99608, 285072, 246421, 328419, 238526, 128560, 242441, 436695, 282370, 397753, 108853, 220507, 40979, 118727, 420940, 186560, 367072, 117310, 390729, 346354, 25806, 309859, 229971, 398023, 464571, 339669, 85281, 364200, 50419, 297624, 261710, 305053, 498397, 172267, 156485, 296735, 422045, 35598, 379989, 145086, 108794, 21232, 122148, 446979, 97893, 456139, 140092, 491102, 27122, 474490, 116695, 64885, 386002, 429699, 66546, 454015, 408100, 259884, 51140, 62239, 490037, 31398, 121294, 183988, 151384, 347480, 491342, 378719, 74786, 99384, 273863, 288697, 417183, 214729, 219851, 18672, 191987, 315324, 89130, 80080, 386569, 174835, 467515, 247666, 221978, 106355, 398336, 53437, 352351, 477567, 147797, 378291, 139962, 118754, 6117, 73188, 455761, 343377, 445832, 296753, 361029, 361160, 291715, 184387, 327140, 22187, 19036, 181992, 234745, 112987, 283946, 166514, 460271, 230871, 383855, 380372, 280680, 484121, 247432, 104995, 237157, 67241, 198832, 159939, 361404, 149239, 80264, 9724, 52550, 166375, 173327, 297258, 412019, 468901, 343695, 266739, 178079, 282427, 485378, 463791, 341456, 431986, 85316, 145945, 155090, 383270, 497405, 183107, 422506, 140038, 136913, 377098, 103483, 41056, 422548, 463361, 218488, 372253, 456383, 339232, 188688, 258168, 360802, 191642, 356429, 484419, 355838, 417778, 309149, 311294, 52070, 344486, 204234, 40461, 113280, 279070, 96200, 60002, 75766, 443733, 40051, 378742, 140772, 201140, 489333, 309939, 352450, 497443, 257201, 447740, 396146, 211427, 41269, 253518, 37231, 107599, 64105, 60135, 488839, 389696, 281468, 496224, 427786, 107464, 42292, 29491, 81136, 180570, 339832, 48038, 88619, 236670, 191773, 147110, 209193, 162309, 242823, 217515, 41326, 436579, 55500, 407301, 72116, 261172, 463602, 198571, 187438, 198346, 250242, 372636, 140458, 369968, 243502, 119968, 21776, 170908, 25917, 238322, 480060, 22071, 66604, 422666, 106538, 285561, 173336, 351417, 91773, 51770, 46602, 464111, 458343, 238938, 188517, 427421, 216583, 209099, 154777, 440492, 337243, 409916, 325008, 178018, 326194, 239992, 355203, 49248, 158160, 56393, 1814, 423423, 56895, 319756, 314387, 430159, 196974, 332814, 295143, 423346, 481248, 222930, 198708, 365896, 4212, 32293, 178205, 482487, 31274, 185207, 496715, 89837, 142446, 11990, 29496, 288460, 499696, 193726, 447299, 2927, 97669, 337584, 195930, 154608, 169683, 229499, 34301, 70918, 45816, 486696, 272424, 126046, 88094, 397761, 99341, 49120, 207396, 390789, 292778, 263828, 94503, 12840, 93423, 148789, 431438, 24601, 11917, 138863, 382781, 168496, 75273, 89648, 405983, 34078, 139194, 336299, 385751, 228834, 198899, 204550, 69179, 90818, 141231, 407312, 354770, 488040, 367034, 95858, 233760, 483179, 148988, 346526, 188234, 207136, 410694, 436369, 65670, 439223, 457801, 286761, 98506, 46648, 373253, 14189, 346718, 126176, 95526, 278155, 132903, 25903, 170324, 325661, 143590, 325601, 299785, 422468, 146826, 165869, 182742, 478529, 436989, 426809, 280223, 492937, 148736, 9733, 390113, 77778, 81463, 403005, 174471, 74270, 263205, 134858, 104323, 292333, 223210, 183660, 156024, 489083, 79340, 49142, 340243, 224975, 201904, 244277, 98971, 421951, 398917, 94878, 54028, 371435, 215194, 460270, 327563, 306595, 130596, 61259, 173110, 98382, 359189, 483755, 363147, 259642, 453734, 329313, 271931, 50934, 380419, 41101, 93344, 250692, 359588, 149544, 102850, 55570, 222363, 443479, 411101, 263919, 180568, 259420, 251018, 419869, 112599, 231993, 159369, 33237, 313391, 398229, 146820, 180693, 205717, 152859, 377992, 276044, 98440, 232668, 896, 1549, 115582, 123814, 152637, 417465, 343941, 483347, 229818, 460469, 27236, 262863, 314576, 47903, 214213, 103399, 14122, 412454, 173294, 107938, 911, 433893, 273555, 103333, 336100, 220500, 350645, 455396, 421348, 448793, 261930, 19046, 286304, 69314, 191536, 348622, 139951, 31234, 34642, 247925, 24792, 494530, 5751, 301268, 486392, 216409, 172955, 195321, 355616, 450119, 349938, 368384, 62034, 392493, 224435, 328162, 470029, 155344, 345776, 12839, 379669, 114051, 174764, 286409, 361441, 308147, 453693, 208407, 351232, 273516, 311811, 131390, 73040, 4034, 172102, 5145, 263247, 392568, 257540, 40050, 487921, 191609, 280491, 254242, 400160, 63808, 77070, 488450, 480862, 39594, 311649, 163231, 36459, 69199, 126657, 77323, 160698, 165836, 82500, 489078, 115281, 194241, 205445, 200788, 484334, 40690, 412009, 66906, 130694, 208861, 10429, 482845, 288996, 460068, 79959, 149589, 432327, 439900, 119444, 252282, 84533, 103159, 297261, 271792, 382302, 381849, 76081, 239795, 192726, 393431, 94361, 74975, 489810, 38823, 150799, 44645, 330686, 369388, 201094, 251909, 185322, 484101, 44160, 318505, 240449, 170909, 425025, 483436, 1196, 336505, 273255, 493704, 447948, 255406, 79665, 204275, 225049, 277335, 8217, 81781, 40736, 333640, 242341, 250255, 26334, 366245, 372946, 397361, 310860, 339695, 423382, 57764, 21924, 208752, 275329, 444298, 334997, 44668, 419232, 426154, 178532, 324543, 122761, 460371, 327810, 339656, 380291, 498780, 317601, 88038, 350962, 271698, 313927, 93624, 173080, 465180, 17486, 69063, 446072, 316711, 37663, 16543, 173929, 105, 192712, 335081, 322271, 257254, 127382, 365427, 136930, 10274, 70953, 290892, 107194, 82473, 49306, 264700, 296020, 117538, 249310, 211737, 375380, 117950, 386067, 106329, 161926, 326092, 89687, 67875, 6235, 464332, 110955, 492418, 253643, 356844, 453693, 462433, 115367, 93396, 84194, 75020, 282496, 398550, 273786, 124079, 127981, 27355, 35571, 399975, 256194, 227585, 92643, 389265, 488129, 281299, 49214, 50793, 127061, 161593, 367294, 429429, 217149, 414339, 205705, 472119, 275735, 230313, 149988, 284231, 294227, 134779, 439172, 334561, 201101, 455672, 433190, 65148, 463412, 298442, 171930, 192900, 162142, 165055, 122270, 32896, 292826, 183356, 294421, 485409, 289971, 270566, 137589, 461283, 286028, 173006, 274880, 441653, 273349, 267491, 3990, 495554, 223437, 287068, 315667, 259859, 482490, 182427, 292961, 406814, 410926, 200099, 197075, 73685, 248741, 209555, 189401, 272238, 28813, 141313, 315617, 292513, 227736, 372467, 59545, 253824, 471152, 111269, 10698, 406645, 123942, 412377, 79871, 49232, 407424, 264588, 243808, 97086, 176918, 66744, 259481, 60572, 434989, 105433, 318158, 371214, 467490, 496461, 488572, 263846, 23652, 171630, 347469, 44481, 106313, 312026, 124854, 467887, 279537, 498860, 389789, 465248, 498506, 143675, 382621, 259741, 408014, 273236, 461960, 391308, 329661, 56611, 404980, 64290, 31420, 427026, 396229, 219952, 344510, 256337, 51271, 496943, 118690, 162082, 322758, 316246, 252496, 449658, 19308, 294863, 393263, 373020, 136068, 98959, 233051, 322486, 61135, 394023, 318137, 368316, 228974, 279975, 152390, 330698, 471277, 355324, 246242, 463032, 233767, 35115, 361225, 445360, 19549, 278694, 213008, 229457, 254381, 206235, 344001, 95368, 326944, 227889, 72449, 373722, 328808, 354729, 421158, 135216, 361083, 397368, 349637, 171584, 207621, 103128, 101375, 409470, 213836, 117740, 258486, 156548, 119788, 333923, 51981, 421393, 194748, 326898, 269583, 31309, 497047, 106765, 278026, 281274, 271635, 94210, 248721, 305412, 441600, 18717, 475733, 262582, 447304, 456380, 348389, 230968, 180933, 94591, 271733, 214401, 446594, 99283, 56018, 35467, 23766, 60052, 152135, 135347, 81552, 49632, 22619, 315738, 280240, 115317, 76516, 410744, 27430, 363833, 413796, 256830, 397327, 439417, 112437, 341966, 286366, 404619, 189818, 159527, 280258, 164273, 195193, 460802, 73438, 67456, 326626, 141822, 172533, 145188, 148200, 431857, 101304, 498817, 429677, 2200, 341904, 394378, 267384, 177612, 326159, 307868, 241249, 348060, 482559, 161711, 498773, 185838, 233541, 240385, 18039, 291699, 21622, 121830, 126713, 334995, 99407, 57583, 213495, 238473, 139621, 22161, 458225, 214929, 127983, 101211, 44705, 378224, 423628, 5372, 264267, 197530, 379375, 79787, 256607, 147971, 345965, 337113, 142995, 193041, 374111, 286547, 480124, 99281, 339181, 82588, 287034, 465139, 159814, 11989, 371639, 396436, 248035, 351444, 455927, 276056, 127621, 25298, 105261, 89143, 362683, 102787, 307693, 418191, 96421, 270018, 353174, 415021, 187161, 231068, 55759, 128840, 147894, 462638, 160414, 207916, 52125, 169679, 349807, 199125, 211272, 493509, 496682, 492760, 97638, 401738, 50549, 6890, 141060, 296574, 221287, 97085, 75520, 272524, 46750, 209970, 342530, 362369, 66330, 105566, 301981, 44351, 336930, 136267, 462088, 365474, 244660, 152935, 319388, 379952, 286460, 116702, 157804, 126855, 86581, 331811, 345821, 67382, 251956, 249600, 433214, 293211, 211230, 20956, 64655, 405188, 346921, 69742, 82546, 345734, 176708, 94749, 91210, 205790, 161015, 166051, 345041, 241571, 464470, 61137, 97344, 203187, 340934, 431588, 118903, 461677, 83226, 28992, 62568, 438935, 361814, 441497, 350561, 268817, 115903, 75469, 169811, 363793, 145999, 327106, 157501, 44688, 230640, 261031, 19400, 476619, 266266, 190414, 418844, 166547, 494189, 389797, 68727, 320205, 265399, 205880, 304267, 328797, 326620, 191932, 238546, 7144, 50388, 140880, 298088, 338069, 420892, 259054, 69290, 150971, 117729, 265025, 110304, 214102, 453403, 416920, 37267, 411820, 471879, 408701, 159820, 300224, 21184, 433031, 139223, 86908, 498928, 413368, 321467, 245078, 139896, 92502, 32886, 335030, 481947, 271619, 289162, 24534, 246977, 287799, 241692, 313090, 205100, 184340, 137621, 81087, 61590, 388708, 170943, 178968, 481482, 435632, 175363, 440817, 281440, 391893, 49081, 239888, 116657, 172380, 352826, 363984, 121432, 409098, 105140, 230353, 122576, 236434, 53680, 382392, 125654, 81443, 41251, 70696, 324674, 377279, 422389, 96697, 4048, 359901, 244669, 225440, 425840, 301755, 30551, 118375, 442470, 171808, 322513, 371849, 308133, 198079, 104722, 295477, 309975, 240554, 496001, 332280, 341895, 194954, 371660, 412580, 83043, 169218, 257575, 173743, 369854, 174992, 67779, 147702, 159316, 249627, 180973, 164762, 358980, 482577, 359865, 71210, 430164, 39342, 374063, 37580, 40108, 212053, 347419, 253230, 289712, 103937, 101108, 258160, 51852, 72689, 114969, 303383, 66913, 482935, 213048, 287288, 50212, 94063, 362250, 39384, 49959, 369561, 284355, 35869, 439831, 145, 444738, 27788, 404259, 210378, 345206, 204104, 308777, 477695, 193906, 124612, 485536, 284003, 254200, 457211, 162682, 296916, 168572, 184488, 450401, 195505, 71476, 461468, 274141, 190523, 145530, 5620, 69885, 364089, 113319, 356610, 281241, 352034, 479753, 28021, 329112, 250897, 476976, 315743, 421772, 402193, 474834, 214015, 379446, 222599, 158038, 456949, 397160, 436223, 98206, 298878, 28056, 73426, 185925, 123517, 130784, 259055, 398188, 401946, 322535, 340463, 414216, 70723, 77579, 394791, 52352, 272462, 161173, 31212, 428303, 92448, 179442, 407791, 307453, 142103, 195235, 483123, 373011, 219366, 152284, 140999, 235259, 380059, 189037, 151063, 400115, 275374, 19547, 96088, 411984, 21277, 74663, 276080, 446793, 167769, 310250, 8258, 364208, 242201, 423787, 115519, 240071, 180166, 64252, 246977, 207145, 28608, 386940, 289288, 119801, 335802, 219978, 419192, 318094, 296610, 195828, 52102, 390919, 83963, 402967, 224916, 72674, 33794, 146148, 137187, 463258, 115211, 375394, 349739, 322939, 61982, 429078, 473001, 175540, 90299, 251358, 368543, 393111, 113649, 115638, 5206, 199144, 330340, 99310, 216122, 499939, 397232, 87013, 49196, 366025, 70305, 466940, 264054, 1160, 197019, 497587, 482607, 479164, 430911, 400175, 138597, 26642, 234131, 491265, 38018, 215292, 26148, 206843, 134480, 11214, 3395, 330200, 215284, 473534, 393944, 68599, 46239, 180115, 239648, 486645, 140559, 392961, 148362, 192729, 190513, 131116, 396265, 334445, 446621, 406839, 323026, 44040, 313490, 213913, 5654, 158063, 434682, 251833, 430163, 472755, 196993, 92093, 222109, 464443, 274528, 233487, 382726, 293407, 269562, 46995, 423835, 357051, 279666, 8274, 315567, 62249, 44877, 488965, 376726, 460484, 351335, 227038, 36826, 150304, 384135, 433937, 95827, 317859, 493124, 16687, 316088, 14919, 166573, 64424, 319178, 346835, 15049, 92146, 320039, 68510, 161822, 428500, 293028, 306190, 417294, 107260, 365709, 238332, 274083, 133458, 453237, 105871, 342056, 98060, 491005, 347019, 394346, 83851, 152386, 193937, 50589, 247003, 220951, 275156, 73334, 422641, 169143, 416749, 129361, 248291, 133141, 133542, 415591, 326636, 189761, 349612, 323558, 166413, 423553, 21631, 123110, 123138, 335055, 105123, 370930, 404654, 476902, 288532, 302365, 312975, 313319, 131232, 127743, 321600, 338108, 298262, 15199, 272590, 321332, 360385, 432377, 19241, 285615, 66351, 421267, 255288, 277141, 335706, 393813, 91920, 21685, 457170, 198822, 445894, 255907, 22059, 57336, 275753, 311458, 332464, 54883, 122973, 180946, 215338, 471090, 289917, 318854, 9879, 265893, 291541, 90794, 159917, 40702, 354921, 442021, 126467, 412067, 238439, 369155, 417172, 489278, 432534, 422736, 301953, 65832, 41410, 97627, 301176, 130609, 368501, 391121, 281319, 478766, 258937, 245768, 118452, 36145, 497694, 367232, 58893, 65258, 56141, 82457, 268135, 59705, 185846, 473982, 27021, 180547, 324931, 267921, 410111, 96821, 375356, 383842, 472107, 67674, 391250, 452901, 282639, 263151, 146638, 419089, 408117, 215554, 297563, 454157, 413770, 292864, 84295, 25079, 231318, 334129, 366736, 242699, 372688, 29380, 6095, 115128, 321361, 68947, 76031, 62532, 253702, 194449, 224064, 348066, 356080, 346426, 317721, 144770, 405230, 175991, 296066, 84472, 401037, 292322, 286832, 345347, 241116, 12017, 192771, 233848, 102320, 291263, 110169, 489832, 290911, 76490, 195973, 329080, 274958, 299367, 463919, 98916, 482326, 498704, 8730, 259828, 36437, 378341, 310950, 154336, 157862, 80438, 223519, 51490, 321106, 377420, 168547, 452579, 230193, 390594, 387670, 265936, 92755, 463650, 344496, 237126, 2161, 356831, 311724, 334400, 488217, 267395, 361300, 401234, 377802, 142081, 191558, 272847, 76024, 102703, 159986, 186424, 406960, 42631, 154126, 266954, 15967, 251308, 67421, 314256, 30653, 256443, 104081, 67871, 499513, 127558, 319179, 221716, 167077, 39347, 288767, 274876, 234729, 374096, 275542, 364876, 133317, 173479, 73133, 299877, 44518, 224842, 290301, 77451, 391578, 255551, 250425, 196274, 13029, 358213, 170290, 225621, 171779, 245151, 438488, 330804, 372735, 470546, 294793, 409760, 321198, 152985, 231268, 155253, 50224, 204084, 52026, 373956, 392382, 163326, 304794, 61046, 356771, 383710, 232510, 101668, 474381, 469876, 461652, 365780, 55600, 393659, 374285, 139942, 107804, 297613, 436614, 142647, 230990, 452467, 462745, 13306, 36816, 190393, 305043, 384466, 121269, 304892, 93112, 255517, 309055, 145083, 341077, 120966, 488085, 150640, 189820, 369457, 214614, 51829, 20986, 192663, 68404, 213541, 441448, 71158, 80801, 326131, 342191, 301227, 166629, 4033, 46080, 302254, 12198, 174054, 11288, 274888, 331804, 1789, 3630, 192656, 321697, 328997, 253109, 9986, 456661, 99906, 192542, 60374, 195874, 430088, 242138, 14816, 106026, 127680, 243070, 196288, 396760, 80655, 497081, 134199, 389506, 303871, 315815, 188834, 337525, 247541, 496447, 41964, 376385, 46219, 250604, 292991, 387162, 354255, 76755, 73694, 434486, 489885, 12106, 319741, 443849, 426897, 269737, 390305, 88244, 469633, 247794, 51623, 315857, 219236, 293448, 433808, 430620, 259892, 383189, 446648, 59940, 196110, 171257, 60633, 346396, 10316, 73023, 70435, 196849, 135445, 188119, 409701, 320935, 402962, 493671, 301651, 389504, 107618, 461189, 323172, 175660, 168710, 162304, 465969, 370920, 34828, 101686, 53466, 241225, 177319, 38734, 220783, 198833, 324672, 15735, 487472, 452188, 340122, 147028, 119982, 112632, 142611, 220211, 344425, 283323, 268605, 175609, 471694, 268767, 6552, 201070, 169996, 107789, 477521, 203624, 214948, 251691, 159043, 280363, 24663, 176817, 317086, 270291, 422694, 392262, 170728, 209751, 447749, 289944, 367192, 394886, 170160, 498311, 70137, 340545, 341278, 337898, 327260, 482481, 8852, 305031, 154227, 176071, 478673, 275153, 482720, 475662, 419105, 37020, 375204, 248355, 256134, 302328, 341118, 199122, 468364, 5169, 32760, 139104, 33603, 453157, 465825, 319106, 38322, 91539, 381442, 405537, 168611, 210641, 194474, 166878, 128317, 107475, 190636, 25008, 328442, 426738, 165868, 192983, 195859, 484306, 266851, 444128, 253402, 45929, 198171, 389304, 185758, 400611, 419851, 69781, 298750, 2526, 1692, 258319, 207803, 8824, 366389, 357621, 498511, 139104, 259210, 7849, 8629, 157230, 376590, 158119, 203921, 114481, 399821, 277764, 175301, 5890, 336792, 117124, 171435, 165032, 493770, 110429, 113485, 470405, 116206, 93254, 389165, 111057, 94685, 263828, 240896, 483289, 410146, 451402, 192583, 480172, 101743, 204949, 211462, 155103, 301013, 487789, 37348, 279928, 390676, 223602, 485644, 10579, 370040, 37692, 439537, 472134, 84438, 353304, 397961, 499121, 345064, 440549, 201331, 58130, 368883, 4354, 407479, 208011, 340909, 241381, 68791, 385728, 492914, 337801, 170644, 474624, 32033, 386672, 234469, 289691, 6053, 136146, 423444, 56741, 442300, 454773, 168112, 388169, 468188, 287155, 6982, 408782, 293004, 461033, 436668, 462384, 271637, 299115, 301791, 309025, 438038, 79717, 60274, 254743, 325665, 64971, 324142, 108151, 79900, 121600, 183295, 5903, 14568, 465905, 380938, 66681, 326370, 195813, 335862, 207195, 195249, 357975, 281099, 272958, 300613, 369881, 288544, 205272, 314096, 188500, 294518, 465215, 169790, 312407, 356635, 270859, 57775, 457029, 404158, 133362, 101611, 308063, 451419, 85293, 209630, 25556, 454845, 74356, 437997, 374398, 293447, 451800, 264365, 233280, 325491, 472718, 141673, 169729, 379953, 179152, 452339, 89540, 267401, 125146, 189606, 72426, 274517, 402966, 63109, 434105, 45131, 382270, 99184, 225853, 95556, 66705, 215252, 287405, 497323, 204577, 497771, 477977, 313057, 136266, 60858, 124143, 86743, 242384, 493699, 388769, 479289, 65891, 200711, 182352, 48438, 356173, 51776, 38654, 355823, 106408, 139023, 57785, 143515, 24546, 208171, 41676, 57554, 451071, 445552, 436482, 407561, 175181, 157950, 81709, 152292, 227283, 464359, 304877, 64646, 72339, 450679, 177253, 314984, 32303, 93772, 414587, 1257, 347760, 56453, 208895, 317835, 275922, 368211, 95394, 162665, 390970, 5813, 495809, 228827, 424589, 201214, 60426, 464673, 155972, 337908, 162285, 252729, 453547, 467672, 378685, 286066, 252310, 289563, 360809, 384310, 380988, 166684, 94593, 189232, 184984, 348612, 384871, 187423, 314013, 402845, 238945, 56716, 324043, 45745, 177880, 277635, 199192, 455328, 405972, 209876, 444231, 425240, 117984, 436574, 50557, 239395, 273827, 465590, 498588, 119566, 330087, 457752, 216423, 138054, 379916, 117314, 312301, 46714, 439596, 95675, 442206, 118221, 278898, 188330, 75608, 69042, 247290, 165544, 344175, 119613, 206716, 4497, 164776, 299220, 470040, 78042, 34717, 404748, 463829, 214165, 98630, 252755, 431875, 237649, 471570, 451569, 381340, 381254, 400511, 324438, 140696, 140439, 485131, 296561, 469745, 37524, 124360, 92851, 297615, 86816, 259374, 470977, 224938, 449323, 181194, 467197, 190103, 82614, 336934, 302430, 228365, 413589, 35050, 365640, 335786, 365899, 234979, 200239, 77003, 323400, 484379, 741, 337563, 407259, 469616, 173602, 53175, 87859, 476010, 100046, 419151, 112289, 384916, 179464, 150537, 364149, 114710, 194950, 122233, 77350, 318451, 339246, 488316, 329342, 231085, 378295, 119230, 217318, 232671, 139833, 45376, 343150, 377177, 277535, 458105, 165996, 79473, 245213, 82367, 495972, 484271, 494701, 66072, 75666, 326753, 244237, 164745, 331009, 289230, 447841, 466059, 81008, 272612, 258162, 441075, 265615, 354786, 272231, 201573, 127747, 33492, 89903, 262153, 154902, 241743, 214650, 145016, 90769, 204294, 96860, 304363, 233314, 382736, 319588, 123998, 342476, 406294, 396249, 46461, 392729, 220078, 444111, 193691, 163286, 326409, 273147, 470069, 136784, 214588, 251885, 297439, 289525, 110367, 147311, 208299, 373733, 246808, 351194, 429305, 50286, 135324, 209282, 147872, 122671, 457178, 114637, 114900, 163418, 492076, 438295, 53556, 295787, 143076, 106427, 329865, 401799, 475796, 129748, 164742, 179502, 330172, 394130, 323357, 140964, 381030, 229390, 37660, 242682, 78627, 129056, 154485, 177454, 374857, 304369, 389260, 293688, 274843, 263862, 271846, 492265, 461184, 3900, 111963, 11002, 476331, 438620, 114184, 281604, 71021, 491075, 145050, 437744, 118467, 187324, 112211, 180251, 288680, 68360, 468137, 492718, 131486, 677, 358626, 317776, 365062, 125879, 476388, 37648, 61540, 435550, 204140, 236572, 146604, 221827, 191555, 469086, 439949, 408798, 270501, 411479, 250043, 287294, 251295, 404095, 451982, 298874, 275832, 265534, 326909, 41774, 15300, 46797, 382028, 191494, 442985, 177599, 356420, 140724, 79325, 284756, 281476, 216922, 159849, 464646, 76781, 357874, 324375, 374185, 299736, 49339, 177223, 261164, 235943, 250522, 446472, 64891, 454297, 122404, 312421, 130833, 66412, 206394, 286484, 418690, 334786, 154703, 464219, 176079, 273665, 74417, 120249, 20824, 365299, 108180, 351871, 422473, 119062, 12689, 423194, 205605, 476370, 156903, 26083, 29103, 378353, 351802, 274660, 354460, 61367, 495436, 28757, 234060, 167301, 174871, 364325, 269213, 245066, 259445, 70776, 152171, 412501, 94847, 286301, 130637, 217312, 92591, 364205, 399804, 428152, 39349, 108034, 198405, 121661, 333778, 155331, 156355, 404292, 208892, 253148, 469565, 402049, 102182, 338964, 11259, 201113, 124826, 482288, 86321, 438848, 237399, 320174, 106358, 348716, 74466, 459922, 134465, 443744, 459273, 204134, 214535, 299729, 399630, 453253, 147351, 441734, 495269, 330815, 59893, 374917, 111539, 331530, 313339, 103686, 239439, 325190, 315576, 87202, 249206, 145835, 194696, 308230, 207953, 183928, 423540, 239172, 225054, 369144, 292715, 11065, 51712, 406215, 452624, 57809, 447949, 407832, 206132, 360675, 254137, 257321, 423820, 9798, 301504, 91298, 356960, 237114, 67009, 141346, 458759, 348346, 396050, 361616, 112610, 143224, 447870, 346264, 2478, 494228, 248353, 353842, 405306, 355981, 349505, 28325, 20994, 300298, 320507, 112352, 364782, 53386, 88954, 115212, 68200, 265603, 222054, 69594, 197739, 414412, 31369, 375428, 360765, 209547, 133196, 287030, 12891, 489788, 218915, 277031, 112928, 34346, 481208, 366277, 158861, 16120, 6894, 130413, 219496, 424635, 288062, 384760, 335949, 41699, 241063, 410344, 141845, 236632, 173232, 273044, 436054, 10462, 468933, 176234, 304104, 499569, 323900, 8054, 109358, 148170, 156557, 247572, 257950, 352405, 350181, 295798, 403539, 70197, 88373, 109645, 428604, 351540, 435475, 269034, 305472, 326604, 142456, 345690, 270369, 442488, 283783, 366457, 152566, 351900, 2379, 449197, 225786, 297438, 212495, 66128, 25894, 169165, 457448, 14399, 452844, 422936, 455617, 467982, 348068, 179816, 337095, 242134, 258655, 310892, 170028, 122404, 138704, 117416, 209924, 475146, 395253, 241370, 113976, 477052, 23978, 173746, 95902, 440071, 36899, 467385, 242258, 384958, 49454, 224765, 430709, 121354, 137236, 149862, 323450, 22375, 454398, 62374, 270461, 228007, 28391, 466805, 45467, 206354, 261354, 334537, 317335, 258858, 449686, 66868, 114963, 248810, 172345, 479948, 403666, 30964, 296674, 493708, 354921, 396616, 94940, 325873, 64624, 91485, 466309, 323075, 481612, 273657, 362911, 7622, 63562, 177278, 420033, 277555, 310747, 201623, 49246, 230362, 338888, 417875, 195618, 66464, 265012, 430913, 325227, 145218, 494868, 107945, 39559, 445357, 36873, 101932, 363200, 37481, 489757, 110627, 321035, 370475, 199859, 241445, 401267, 111291, 207989, 249792, 224689, 466670, 321808, 75680, 57857, 79259, 110559, 205285, 98253, 349735, 34087, 426016, 14082, 48535, 351363, 206463, 323986, 404507, 45900, 136787, 41476, 171040, 231753, 22868, 32516, 19993, 181697, 236829, 34124, 313815, 407903, 472567, 213156, 232178, 483844, 234520, 354725, 216886, 470309, 137080, 157433, 331596, 32782, 20684, 175283, 102972, 236491, 38895, 356130, 321774, 63266, 68290, 399757, 114123, 491331, 68716, 482138, 461261, 8891, 164537, 480007, 287277, 381063, 390322, 122690, 470517, 476084, 393350, 159360, 5244, 30494, 194105, 20953, 89824, 110885, 132048, 431948, 417744, 495311, 64769, 432365, 336689, 19083, 487209, 335282, 432946, 130885, 414982, 188410, 263867, 8037, 246345, 438480, 125349, 226965, 219308, 344252, 38064, 295903, 12326, 186068, 80550, 227568, 55312, 304486, 393131, 498332, 494502, 381865, 197084, 30816, 45569, 322556, 91250, 496814, 310892, 21140, 239229, 200401, 464730, 107077, 38956, 379558, 10871, 373733, 330425, 226378, 293409, 332265, 119181, 147387, 163789, 205721, 156282, 311009, 121145, 75883, 140274, 104448, 404839, 32088, 364510, 146698, 432708, 377367, 331371, 120743, 217587, 467392, 415012, 487461, 329210, 309011, 213778, 159213, 148034, 318841, 381250, 131723, 422785, 89921, 121864, 182865, 257924, 372569, 269138, 440933, 355438, 59852, 369104, 126166, 440698, 395534, 103430, 74940, 136249, 241612, 401569, 321869, 422581, 111993, 425978, 160435, 258152, 476132, 459275, 458774, 484374, 422800, 45767, 426580, 277598, 93932, 317348, 474700, 267386, 62202, 261046, 71405, 425220, 193842, 123657, 155312, 27124, 351654, 458381, 379621, 269716, 186046, 446343, 165010, 495656, 109752, 220016, 111534, 396743, 434943, 340094, 252263, 376694, 129682, 28187, 490454, 222900, 171550, 239248, 194217, 49832, 493704, 55328, 448164, 241228, 91260, 184075, 210258, 52243, 76444, 3625, 414842, 470240, 57131, 60333, 116491, 188497, 206643, 382377, 119612, 493544, 334187, 202613, 258634, 435223, 344587, 61783, 433969, 395349, 364599, 263661, 489615, 253437, 179073, 60685, 193335, 291573, 423580, 145536, 42285, 54308, 405176, 122072, 398803, 446816, 336503, 303999, 444677, 206576, 320585, 346225, 335314, 14589, 185545, 188555, 98705, 349960, 248333, 6084, 414037, 285959, 499606, 393411, 468564, 377006, 411017, 197320, 167147, 477132, 212588, 68607, 195158, 366080, 333546, 437129, 354810, 32401, 154688, 336448, 382097, 320991, 327260, 165326, 299451, 267012, 129816, 308785, 98158, 58215, 238869, 277592, 201928, 277926, 191814, 350480, 280748, 263464, 435983, 160140, 402152, 57371, 99247, 331595, 383199, 265379, 249611, 449226, 328421, 272713, 255523, 226317, 116088, 156447, 385369, 286897, 467367, 256944, 207983, 106631, 244389, 240713, 431575, 319161, 257383, 476371, 165993, 81797, 83820, 24161, 426577, 139955, 456313, 28067, 432147, 297473, 247827, 425321, 475393, 400489, 433814, 347359, 425706, 255757, 76882, 397042, 27784, 58193, 58320, 476598, 78224, 435975, 320276, 25960, 316694, 321226, 76190, 58400, 226300, 412629, 26222, 183719, 446001, 217168, 184848, 173773, 69582, 42621, 388695, 67752, 225691, 212359, 9165, 197644, 174820, 332460, 270813, 224987, 370435, 6702, 67002, 15878, 274094, 160202, 2430, 316193, 434122, 26984, 297854, 276988, 259266, 498972, 46599, 318197, 200823, 498986, 167592, 254721, 318677, 306101, 355969, 285080, 129471, 17379, 165622, 211594, 18846, 364046, 295873, 388361, 361791, 456171, 150997, 25766, 401914, 403563, 336823, 238778, 441680, 373403, 452759, 402511, 257145, 32664, 230018, 488515, 183246, 47084, 228413, 130254, 28151, 289850, 92890, 499249, 487664, 257108, 41011, 379641, 131820, 492478, 410933, 208056, 1518, 28249, 198539, 270642, 352753, 379993, 275250, 336922, 439434, 147305, 60462, 270502, 160216, 408840, 264670, 226835, 380362, 484102, 493480, 175693, 88222, 146127, 98852, 225696, 448291, 137646, 213405, 310179, 188041, 398302, 45019, 452034, 339917, 273272, 364155, 499757, 196912, 209942, 352101, 472406, 119267, 229480, 280368, 448312, 454809, 455122, 87897, 428068, 455965, 15600, 462226, 415021, 302874, 333714, 128904, 255431, 239948, 330480, 437382, 178485, 301679, 480947, 320219, 329912, 413992, 466932, 358063, 133886, 321045, 344532, 175701, 492539, 155894, 219896, 424232, 186579, 204361, 50947, 120998, 148254, 90740, 264247, 194794, 9802, 430130, 470906, 400619, 407427, 433604, 99335, 391532, 288758, 331584, 253928, 144096, 475647, 353482, 212973, 93248, 236415, 452452, 282454, 377903, 455810, 437455, 200175, 28265, 328888, 228522, 417001, 185173, 121644, 294589, 437121, 433068, 344043, 8046, 376218, 357503, 233016, 110183, 244050, 303288, 68676, 250928, 328723, 7263, 262085, 97947, 62498, 476944, 389919, 498402, 48266, 337266, 246229, 475213, 323378, 381198, 406363, 41174, 485920, 187884, 91832, 31253, 379093, 82961, 204872, 410621, 328873, 394244, 123507, 129477, 40499, 197829, 464631, 82654, 14267, 254020, 416451, 499429, 125151, 497003, 125157, 320164, 388426, 369527, 107380, 292427, 374533, 492162, 177445, 361123, 241803, 241088, 348159, 325454, 390690, 225674, 437842, 289350, 79142, 171567, 470842, 270568, 452937, 82729, 364941, 80597, 99557, 429661, 63788, 135755, 450603, 50021, 12808, 352668, 374406, 284042, 498082, 408149, 216034, 480737, 129978, 473030, 117163, 404149, 137038, 467211, 365535, 382292, 78200, 153497, 52358, 205804, 402097, 323637, 409632, 32925, 444721, 439525, 88213, 468535, 236360, 118194, 92365, 424719, 215910, 90876, 315802, 442606, 277732, 303375, 121918, 128266, 381352, 435170, 274884, 470513, 122816, 323977, 81949, 402261, 427065, 120475, 477015, 200057, 486331, 44961, 165304, 77277, 233107, 234472, 145578, 401502, 482304, 377418, 192779, 28606, 429159, 88149, 57116, 319973, 249640, 89585, 18150, 490378, 464577, 151358, 254309, 341459, 458533, 397685, 344110, 488343, 194866, 237605, 306043, 167367, 182688, 216383, 323772, 61697, 227010, 319135, 419998, 415608, 16556, 430102, 264315, 440852, 426746, 150567, 190588, 83103, 499554, 484145, 133743, 445442, 467210, 400466, 174992, 198034, 169058, 477053, 15858, 70233, 269456, 344613, 10446, 110826, 481157, 285384, 400849, 61756, 113250, 106084, 71631, 376821, 177750, 297633, 170697, 51998, 282502, 339030, 80240, 196087, 281423, 122237, 353194, 406896, 246609, 437914, 87987, 260744, 448461, 327886, 101434, 31409, 55999, 39428, 103336, 153409, 270642, 304865, 151889, 332076, 110900, 131103, 486428, 258999, 391323, 459931, 442787, 370348, 164753, 252989, 209902, 158749, 154895, 385492, 461722, 379568, 264201, 175920, 113282, 363284, 351284, 372552, 356721, 321573, 15137, 126398, 354060, 213961, 5267, 233077, 495902, 472021, 323850, 7337, 71397, 291267, 367589, 380885, 61089, 76592, 102082, 296419, 424792, 54240, 396538, 185405, 123273, 86694, 20681, 272532, 59791, 408604, 248586, 479381, 447536, 194875, 302146, 315140, 404076, 94660, 149452, 425675, 189607, 29119, 233911, 335654, 222187, 302740, 354021, 146415, 262690, 499226, 204030, 117624, 200106, 209489, 158702, 330350, 187702, 270756, 189762, 231652, 230979, 367623, 474581, 280609, 438172, 306543, 290295, 472506, 244042, 474858, 81179, 263030, 77480, 113646, 228798, 429199, 168176, 314536, 98243, 326384, 344501, 51236, 9918, 373825, 115563, 253431, 482911, 70774, 458075, 202764, 25974, 126661, 125028, 422819, 15533, 456097, 311262, 72970, 110345, 186175, 83059, 260613, 60179, 195239, 470406, 363912, 372261, 406553, 34866, 443372, 83175, 397692, 198878, 391431, 129054, 363323, 426338, 191255, 12042, 305989, 272514, 165625, 63230, 132976, 380307, 140147, 62229, 33592, 5723, 329125, 185476, 141973, 476115, 450290, 445395, 446823, 277189, 197723, 111387, 301549, 367890, 498495, 231516, 182776, 383070, 336071, 395889, 103834, 184988, 103162, 27632, 414322, 46504, 188853, 281226, 473625, 75538, 193315, 28319, 49383, 230171, 45237, 242087, 286349, 330513, 253233, 336030, 184647, 161418, 306657, 434522, 286739, 17, 134220, 468594, 186607, 306332, 97540, 287256, 26556, 134331, 152214, 293049, 278817, 50035, 6408, 169040, 252074, 410468, 239866, 370089, 456613, 365317, 465800, 204349, 450633, 473659, 396325, 224621, 134780, 54859, 215268, 194194, 149858, 173349, 151125, 407722, 154785, 305429, 367064, 209589, 82313, 19024, 176346, 461642, 188248, 262443, 344556, 477784, 393663, 108065, 3638, 499679, 478150, 315812, 126951, 133623, 74187, 7186, 234073, 342381, 77614, 315586, 120347, 35935, 23131, 288852, 296310, 111526, 381033, 174745, 151104, 160184, 116938, 213811, 412705, 376431, 216827, 12255, 285173, 147685, 79122, 497644, 173606, 199736, 251261, 483839, 261283, 251792, 273428, 254724, 229521, 104756, 64674, 201994, 140961, 137819, 387221, 389491, 235729, 410478, 187333, 212463, 52925, 79531, 272265, 269696, 94780, 122702, 404460, 246451, 217814, 150273, 59098, 471231, 282214, 320419, 321756, 424629, 291208, 305867, 458314, 299806, 191173, 379665, 166234, 52855, 168776, 448661, 322759, 227127, 281666, 241270, 345914, 488138, 492036, 152267, 10749, 321543, 140238, 237230, 165251, 271583, 287257, 377685, 181828, 450242, 144449, 192914, 150006, 360716, 147433, 146490, 440961, 238607, 80821, 9415, 245881, 480078, 382282, 270656, 130756, 70464, 131348, 353621, 487261, 216149, 40416, 92902, 492137, 465204, 476263, 400468, 181614, 58882, 278997, 127585, 44987, 433294, 425232, 494317, 349581, 312005, 176323, 199467, 484792, 445250, 467896, 100466, 379272, 115883, 327878, 386837, 100701, 342925, 359313, 149209, 401777, 125753, 449815, 317854, 41883, 483335, 253376, 425062, 219643, 258119, 139994, 43348, 350556, 229954, 316061, 229856, 414594, 27160, 8075, 22496, 233895, 389454, 296881, 366005, 405114, 453039, 376447, 189976, 209612, 263055, 478334, 379252, 417586, 334433, 142188, 390900, 263021, 137607, 340040, 294735, 478928, 280424, 407952, 376360, 296238, 178927, 247328, 432313, 297637, 392514, 205087, 381292, 282587, 378007, 190225, 71648, 321985, 56590, 83387, 344288, 461683, 41054, 405010, 483588, 468858, 141751, 87247, 344139, 402886, 206667, 130961, 377349, 475837, 14602, 322715, 493557, 358896, 25345, 381012, 273818, 13924, 486002, 268337, 334927, 481856, 37745, 133965, 200148, 203366, 425096, 179099, 139166, 415046, 137724, 132324, 153318, 424808, 362286, 79507, 333025, 323116, 61627, 442345, 48458, 274281, 340463, 31559, 351200, 44304, 231779, 33760, 437594, 271572, 63552, 262113, 464635, 105431, 132606, 118405, 203923, 263637, 45303, 386098, 18968, 96315, 83406, 476975, 233635, 237798, 432422, 173901, 233546, 1489, 134773, 236058, 154425, 482008, 481541, 119574, 328509, 196901, 446493, 491246, 117841, 127403, 412491, 33152, 266703, 54625, 185651, 256534, 185467, 392920, 233956, 263746, 327382, 345415, 322097, 161657, 348724, 47941, 484639, 353881, 221571, 110037, 94401, 7187, 382980, 223946, 22478, 187828, 313578, 101675, 80430, 465309, 92288, 362046, 273609, 137874, 262320, 171118, 280037, 180795, 317743, 169425, 1601, 28078, 170704, 254019, 35855, 60579, 181664, 201981, 274609, 392500, 105340, 239847, 279931, 19157, 60730, 436872, 133692, 448678, 174284, 237921, 21740, 141301, 356701, 40996, 417993, 133671, 385132, 441524, 27621, 239114, 334003, 51520, 336012, 82023, 376835, 262342, 332864, 334872, 95832, 270244, 463246, 340160, 63881, 77923, 109235, 440485, 2486, 227251, 31744, 458731, 38979, 464640, 21736, 171559, 466105, 306715, 103520, 355557, 358779, 283934, 447578, 137841, 209330, 186246, 129110, 274379, 122425, 398980, 331062, 67371, 420084, 1696, 371279, 389624, 278872, 33125, 485581, 478835, 84061, 78512, 38937, 220000, 156719, 457461, 270924, 428003, 275344, 122276, 176819, 45580, 368199, 310075, 154410, 51827, 97276, 292932, 431777, 155220, 199159, 487049, 441289, 36659, 295137, 350111, 47428, 478651, 214510, 251731, 413485, 2486, 77941, 314714, 263505, 140539, 400944, 476318, 316635, 22278, 171719, 197605, 493725, 228434, 21619, 303541, 440101, 314775, 228486, 470287, 299478, 275498, 181427, 282505, 462206, 47278, 296025, 314594, 122155, 493305, 194666, 262863, 404598, 31325, 355338, 398440, 56238, 183305, 255042, 62129, 187469, 202996, 275689, 155162, 156600, 441713, 47660, 414906, 174987, 111527, 488493, 139457, 453265, 249642, 348074, 394266, 39461, 2830, 198492, 110177, 443104, 161264, 108367, 384979, 263, 234875, 433184, 119202, 228275, 76917, 36541, 39680, 56732, 258948, 276670, 381076, 363477, 54140, 362261, 168787, 201810, 205966, 202212, 437955, 368676, 438629, 84698, 247016, 70823, 420260, 198105, 490198, 307019, 313089, 203555, 232077, 27416, 441386, 144114, 45366, 164321, 404684, 363744, 383787, 111612, 350516, 344862, 336970, 246347, 308454, 359162, 54616, 86098, 145447, 110614, 294595, 383700, 210999, 464019, 82885, 425882, 472185, 236989, 97775, 485045, 463122, 58930, 279502, 423900, 393155, 115961, 24260, 76999, 499511, 262341, 201852, 477368, 492981, 251747, 108992, 408440, 77552, 71846, 482837, 80528, 427818, 307956, 105788, 55118, 388889, 200003, 436303, 450028, 108063, 353881, 425798, 33145, 430463, 160869, 152442, 425430, 9545, 50080, 58897, 443521, 150117, 434555, 291577, 395492, 32979, 392525, 184583, 446904, 421969, 180809, 392016, 396144, 398377, 383656, 174301, 329114, 252248, 363181, 262510, 233183, 417078, 333993, 399519, 85460, 337452, 73840, 341325, 409613, 296324, 178269, 290508, 129587, 39294, 270464, 400760, 49352, 383377, 37447, 242475, 479947, 431573, 232785, 36098, 357177, 361834, 211951, 355309, 242840, 445556, 479264, 369423, 159912, 38602, 465797, 318106, 427062, 34340, 84065, 339565, 403465, 42260, 275284, 290096, 397220, 22011, 280887, 483180, 138554, 91442, 460780, 195430, 427247, 125022, 383277, 138883, 128340, 62534, 40470, 25654, 167169, 103542, 214123, 493253, 430996, 390710, 407338, 437271, 469882, 206313, 380354, 27283, 472342, 90318, 57470, 312014, 233639, 181626, 386444, 442668, 219190, 313993, 171945, 372468, 212994, 89312, 115658, 152628, 44417, 41335, 182761, 460507, 275481, 114243, 238298, 494714, 452020, 89103, 490708, 464957, 329246, 439403, 429199, 284328, 425113, 337514, 461410, 298090, 276834, 395346, 196352, 280538, 175107, 264365, 256022, 261109, 118940, 77320, 120953, 112550, 45619, 288790, 233283, 416624, 301001, 398503, 302236, 326397, 487201, 411257, 318568, 327238, 204413, 407096, 286358, 169687, 308491, 7801, 365421, 320930, 34541, 451591, 91687, 399728, 385844, 334824, 497558, 58724, 446607, 361310, 67624, 208078, 75623, 288681, 183756, 37013, 94853, 54822, 283721, 69993, 466821, 446448, 431277, 121974, 72988, 458130, 99957, 77996, 365337, 58314, 355538, 232442, 228961, 182428, 252403, 187267, 393550, 26931, 470635, 343936, 386246, 327591, 109610, 106098, 297988, 7752, 10044, 322065, 436222, 269954, 332619, 456331, 203748, 243099, 477006, 90536, 129579, 272750, 175276, 282068, 206088, 67299, 376361, 441498, 177733, 137229, 196243, 338846, 161480, 234223, 20599, 327439, 321654, 105429, 240965, 132730, 146915, 415296, 465411, 283608, 223060, 309262, 407876, 387534, 147990, 125337, 35507, 212015, 464861, 471940, 172837, 144235, 312362, 402658, 48878, 392981, 71447, 439510, 139106, 150923, 294902, 284302, 228865, 391952, 148893, 228961, 294049, 332141, 215608, 283516, 498992, 271949, 494206, 325404, 268702, 229804, 400160, 133946, 323173, 136900, 189472, 84992, 277224, 47593, 53179, 30017, 313171, 14322, 285739, 200291, 81953, 196312, 246167, 198670, 316115, 206244, 209879, 58244, 494893, 284193, 200644, 440991, 90374, 163856, 357154, 491086, 375540, 165990, 333404, 341420, 475055, 169750, 36712, 36376, 286513, 276211, 433436, 149837, 422451, 375516, 372047, 474168, 493700, 251901, 136130, 247560, 370775, 207542, 441432, 419068, 375369, 42687, 497530, 58780, 253671, 295010, 493109, 226661, 463042, 461939, 256349, 13354, 198087, 407848, 402951, 487004, 276190, 102125, 180725, 89975, 99034, 3146, 79200, 285086, 185444, 270342, 203904, 154916, 343862, 370148, 195827, 484847, 360144, 117606, 131058, 51350, 303915, 184990, 51398, 475003, 55334, 309192, 78699, 366057, 155495, 6722, 458059, 108629, 15478, 105544, 374098, 349059, 196535, 12034, 106604, 24122, 117201, 175093, 140925, 447843, 379462, 312149, 166198, 150257, 230850, 16834, 255940, 334028, 5188, 96936, 192080, 369972, 81777, 270324, 484704, 374125, 47403, 482081, 153779, 14126, 419163, 13132, 97494, 159466, 346954, 178652, 383355, 136555, 397029, 80751, 353282, 200661, 253520, 15421, 279732, 231034, 13901, 185593, 492043, 284950, 367356, 288506, 208705, 132545, 175457, 35835, 110087, 143599, 107677, 435053, 472188, 390035, 485890, 447789, 32646, 95096, 457093, 54634, 370660, 104858, 471329, 160101, 14763, 54834, 311521, 5849, 434054, 238994, 318086, 382540, 200688, 381614, 395031, 416907, 405012, 263985, 235048, 286943, 83601, 351729, 228779, 454755, 444085, 205503, 293548, 130086, 363922, 493067, 208901, 212804, 276742, 358503, 486118, 284217, 308857, 183270, 85321, 280845, 299002, 193682, 437869, 41838, 269274, 486734, 150781, 135911, 387010, 240283, 403113, 488437, 338229, 173063, 484034, 117166, 489146, 125337, 172909, 444699, 255949, 55260, 9335, 89386, 294967, 75331, 54707, 423970, 363075, 140447, 325665, 96774, 398216, 9161, 164520, 343302, 54298, 420225, 237527, 87673, 323444, 384346, 212343, 200766, 454542, 375005, 452235, 307888, 468116, 416563, 495708, 109544, 413506, 416331, 314639, 161985, 480110, 62880, 270871, 139728, 374098, 173323, 147103, 52149, 61754, 213722, 93752, 94110, 48736, 150535, 12171, 321127, 229373, 471292, 398119, 67437, 477167, 123841, 55249, 372167, 300288, 103441, 276374, 297153, 260258, 204551, 17278, 20141, 156722, 44952, 1389, 37954, 494741, 427342, 386810, 322142, 244051, 423563, 106888, 349699, 223236, 86047, 228296, 385781, 88276, 321810, 392861, 127150, 144491, 383254, 306328, 82786, 488994, 199370, 229837, 166795, 210395, 335797, 465450, 281688, 471945, 378506, 53243, 174717, 204842, 81756, 94231, 318060, 82969, 171778, 356138, 345041, 176587, 75125, 266976, 325695, 486730, 253529, 91082, 361157, 61708, 110403, 176107, 314078, 313138, 285192, 78155, 236455, 410858, 317568, 101870, 130741, 462031, 266637, 182369, 241916, 247992, 161473, 470997, 322552, 345166, 215097, 297658, 247606, 94861, 40891, 130548, 264007, 322844, 420751, 441825, 397234, 217058, 59512, 286966, 263871, 199276, 338573, 35028, 497932, 392226, 101212, 322845, 5080, 339294, 362771, 271715, 352153, 329374, 209692, 67826, 180009, 181065, 306542, 278763, 89820, 491033, 338872, 32739, 388043, 490703, 281471, 304105, 264153, 313531, 439862, 299660, 441219, 41107, 122183, 11802, 196423, 482721, 98741, 98483, 477787, 310067, 164515, 209081, 193552, 107198, 370159, 34946, 300141, 344057, 275599, 265154, 235216, 394096, 239404, 120036, 114948, 431406, 147297, 54440, 385049, 410785, 159091, 255921, 217350, 355965, 341720, 16069, 454560, 380328, 127380, 43038, 363841, 269774, 473580, 95169, 110736, 440461, 97527, 102524, 410033, 53311, 73800, 63708, 43829, 4806, 213947, 283655, 312651, 492600, 358664, 14593, 169770, 141354, 258430, 278131, 232311, 467422, 284044, 208226, 446912, 60009, 397975, 339437, 449275, 8453, 86916, 120359, 213730, 58, 128065, 150681, 329761, 390358, 474401, 173463, 389899, 5283, 77514, 241663, 171276, 386369, 464154, 138768, 8932, 229034, 294417, 248115, 212544, 74641, 146310, 125414, 370177, 122070, 111071, 162112, 72829, 206511, 283402, 305370, 152919, 260468, 334456, 253276, 49253, 489270, 22001, 393322, 85171, 122240, 32443, 125359, 270088, 12280, 395226, 304521, 212855, 218035, 145811, 72979, 428856, 404484, 445070, 440482, 91992, 478796, 135197, 427883, 458937, 353100, 337913, 95941, 336898, 226694, 283429, 478672, 183701, 352233, 200652, 205488, 282267, 31633, 61918, 264104, 121167, 52972, 291403, 413940, 228345, 499960, 75764, 111424, 298305, 472749, 199457, 240558, 494976, 324817, 362683, 216892, 429553, 168712, 237887, 31159, 136075, 59284, 261731, 40665, 264404, 369203, 449899, 263209, 221364, 36157, 185180, 12500, 148893, 292467, 219524, 199377, 275999, 27238, 372023, 278486, 245370, 24068, 453601, 167967, 435441, 276560, 290727, 146899, 256654, 468946, 95310, 457445, 474321, 326015, 455472, 230439, 442946, 206776, 343548, 214419, 382436, 137388, 30750, 364154, 105000, 300860, 7598, 275547, 245266, 70704, 220411, 397338, 476450, 76911, 30496, 74823, 379099, 47925, 280076, 235451, 182454, 124793, 418975, 139352, 410541, 427733, 308556, 316455, 76307, 183835, 80457, 348302, 156057, 174358, 52049, 152271, 6442, 390489, 455157, 358703, 401807, 279284, 286771, 256603, 169561, 315202, 67257, 65773, 145621, 249064, 115223, 297526, 92813, 124852, 462911, 197923, 492021, 94194, 226978, 369444, 175919, 494507, 168252, 214095, 415731, 342080, 42914, 439529, 51491, 2758, 181410, 473966, 141066, 189060, 446669, 89899, 151469, 467346, 73976, 191405, 117199, 322642, 240082, 256608, 479991, 377274, 276129, 52245, 151311, 263746, 83493, 82297, 304061, 216211, 114669, 348772, 36795, 382177, 223013, 334671, 412910, 239706, 322137, 390961, 466331, 152521, 332747, 226995, 105514, 476315, 385594, 333557, 92225, 396276, 286440, 377255, 38769, 358807, 5238, 194126, 48189, 485108, 381149, 51896, 38418, 100221, 49077, 269389, 325127, 446098, 401040, 393881, 350113, 467981, 160060, 352789, 178710, 472793, 340384, 486729, 16290, 323031, 218310, 12902, 325460, 173918, 136136, 72306, 492746, 37002, 24459, 140153, 143248, 325163, 157891, 440191, 403098, 446333, 204013, 363178, 53688, 129321, 22745, 109291, 334396, 394897, 274712, 381463, 237959, 179201, 429808, 351307, 408539, 319756, 311241, 371817, 389381, 269113, 208225, 167868, 189575, 160656, 178140, 72991, 108885, 224430, 140040, 255187, 329914, 313408, 365146, 255865, 303288, 242117, 473440, 250950, 140426, 50297, 21316, 499987, 115507, 402862, 234963, 365409, 26577, 57516, 4648, 156358, 297603, 47615, 454219, 257504, 71535, 69854, 135405, 63853, 198370, 218626, 129919, 264509, 444575, 336466, 149170, 93118, 121411, 345524, 303655, 440840, 87485, 416961, 468727, 136126, 240768, 89988, 102028, 429174, 430118, 370195, 68525, 220950, 474145, 3689, 463966, 331979, 102355, 204481, 394271, 98679, 416643, 340050, 292289, 434895, 288847, 21028, 27799, 133835, 330875, 497528, 454515, 390251, 133516, 403954, 61976, 437724, 258015, 323629, 419123, 490691, 195700, 173898, 140535, 198227, 253633, 476455, 75847, 344723, 443836, 410454, 366054, 447057, 95009, 364907, 183553, 113956, 350899, 289947, 121210, 147602, 394861, 157515, 386974, 115859, 152991, 464677, 209125, 263946, 497427, 140917, 302689, 86417, 325603, 182158, 99411, 433081, 393620, 210998, 301729, 323576, 105855, 88598, 297594, 378445, 443911, 474318, 479007, 161595, 164668, 227145, 278620, 226060, 410586, 419187, 430613, 126459, 266779, 264320, 386975, 113701, 86945, 172470, 157069, 9858, 159321, 58854, 487308, 177978, 177879, 186156, 266946, 426957, 473126, 475371, 259594, 168763, 242351, 151305, 95388, 246739, 58041, 486842, 153990, 357395, 467671, 381114, 79390, 435028, 41462, 419220, 13457, 190227, 356388, 306602, 214054, 3365, 105666, 241455, 389218, 355495, 273161, 11298, 57245, 464081, 172151, 462490, 420970, 293773, 147333, 490794, 172174, 44180, 33320, 192843, 348918, 448997, 157945, 287934, 477150, 363340, 424898, 452316, 380705, 156749, 97902, 133560, 231959, 107200, 400796, 452952, 59258, 37642, 227074, 293486, 429596, 170806, 1064, 400595, 478937, 307024, 73541, 401123, 314020, 429847, 111970, 293145, 111268, 244791, 387003, 467845, 378861, 198931, 200908, 75541, 319690, 119210, 188015, 57994, 66652, 265378, 237793, 318771, 380516, 346614, 306230, 474800, 291846, 160014, 47178, 124225, 71630, 93988, 209813, 207245, 81331, 153543, 10233, 65442, 129690, 385620, 360287, 70537, 316291, 324648, 326000, 468656, 226495, 196910, 67635, 215313, 298751, 308176, 42494, 254703, 322351, 105980, 98634, 473319, 72658, 173127, 64880, 482207, 176977, 425938, 438910, 482829, 41507, 231852, 304872, 498308, 176677, 235643, 74724, 18089, 165416, 59635, 271939, 117709, 366260, 126534, 74923, 430425, 428091, 345211, 155357, 279248, 326029, 289403, 136233, 307555, 405551, 179077, 130291, 407592, 246433, 446477, 471616, 356520, 235861, 155003, 422274, 278857, 109858, 216778, 493805, 428952, 170771, 386407, 28167, 433489, 467074, 469689, 324007, 258068, 230835, 424974, 387375, 327206, 78331, 242210, 335110, 374988, 45490, 82034, 393150, 62810, 185965, 266086, 428039, 178090, 31006, 402272, 391172, 477508, 384948, 408251, 493973, 293151, 83485, 231820, 315903, 486653, 498935, 338293, 324002, 407798, 43538, 482609, 219593, 389996, 253104, 338859, 330698, 387967, 350090, 243196, 402570, 129020, 272629, 31708, 6300, 127676, 346391, 450306, 400779, 318785, 265581, 372111, 445515, 114739, 433574, 197679, 25254, 212828, 74107, 406885, 122488, 263103, 63462, 202745, 382775, 169143, 305271, 339011, 439371, 242785, 461522, 210298, 133338, 64688, 120218, 187200, 240399, 60208, 201451, 439585, 68793, 448666, 171323, 387314, 444856, 173999, 55142, 43744, 357973, 265044, 204884, 54337, 165513, 427075, 186214, 366872, 454002, 218620, 3270, 342080, 295254, 382910, 308731, 63788, 258002, 160678, 199824, 201489, 478653, 458305, 291831, 150939, 90419, 420726, 135994, 122327, 71437, 64181, 258131, 61431, 419148, 354122, 439961, 299751, 123050, 199997, 325260, 114302, 347147, 72260, 490696, 414379, 334331, 360708, 296271, 483570, 461326, 14861, 305, 367070, 113301, 433755, 457093, 226571, 496655, 317949, 255189, 119381, 345767, 350942, 324509, 89251, 32201, 6596, 390975, 120490, 105193, 433785, 469405, 440044, 396696, 99610, 78072, 436969, 174337, 326314, 334494, 167425, 169968, 382203, 153117, 45045, 491865, 493368, 132340, 189516, 65043, 352573, 482658, 336965, 69856, 288735, 296937, 203210, 240174, 128943, 405405, 167996, 402357, 298295, 276312, 473920, 4589, 31384, 446341, 215034, 154066, 43745, 172976, 239170, 102282, 73239, 241244, 427867, 499724, 427766, 213961, 394599, 163354, 300048, 481426, 393041, 422928, 21347, 333092, 195702, 92921, 365969, 173037, 344706, 339148, 138280, 40930, 319369, 75512, 392713, 256464, 83024, 39926, 67828, 399366, 363499, 4919, 131118, 79458, 65388, 42959, 287289, 121740, 278988, 420884, 388691, 168315, 396827, 455812, 469936, 397567, 140372, 496853, 25003, 400030, 364957, 18841, 378300, 256372, 210455, 161821, 490235, 54853, 211294, 432285, 369438, 114940, 206119, 271633, 438382, 380038, 428268, 2127, 318650, 175416, 224382, 170916, 337246, 486483, 467802, 173016, 224305, 467693, 104655, 280400, 434338, 197115, 308447, 379846, 330025, 166283, 413451, 25908, 337148, 489705, 78023, 267925, 486214, 445451, 388612, 43880, 476447, 303037, 482683, 389393, 109832, 246525, 377973, 102476, 82519, 418305, 153010, 465770, 168158, 445859, 478867, 224460, 414369, 479537, 123209, 328663, 208509, 444809, 88957, 159014, 143176, 89095, 479878, 82567, 236274, 294372, 300284, 491242, 384354, 75419, 239780, 131800, 167132, 330920, 293537, 442879, 363851, 279463, 338326, 112077, 269042, 228736, 73554, 425540, 303887, 368224, 147367, 272792, 140563, 402611, 95249, 201856, 75040, 124091, 430036, 159313, 213744, 255061, 30420, 101237, 313133, 396428, 204547, 135211, 455066, 164909, 28337, 141768, 265493, 475663, 475763, 321173, 95092, 51705, 164747, 42853, 164035, 178238, 472312, 441200, 70167, 412577, 21963, 473717, 219742, 282046, 490350, 229037, 99656, 141958, 56791, 493570, 13657, 407286, 463191, 259564, 182008, 72876, 86812, 153356, 98794, 47819, 290406, 205951, 104597, 246642, 35271, 82367, 202577, 368859, 485452, 278179, 458467, 176550, 233085, 119384, 496909, 174572, 332229, 100158, 295565, 490109, 26940, 129980, 225423, 358565, 304238, 384741, 333945, 24935, 494590, 441603, 422595, 483100, 67875, 214579, 494527, 71718, 107225, 380429, 142291, 436332, 107279, 301878, 61701, 435783, 351199, 19847, 458018, 177588, 371409, 447500, 273754, 29708, 245495, 264147, 488053, 389079, 1408, 427066, 181345, 453023, 121435, 127317, 457600, 220042, 353401, 22879, 318232, 386820, 472880, 459214, 431244, 1491, 210331, 72903, 146426, 304835, 88589, 423584, 222733, 113663, 305826, 470517, 76914, 155822, 42220, 285651, 434509, 49538, 129817, 393844, 310017, 315432, 143237, 31373, 211300, 477913, 32863, 177719, 320540, 109815, 268642, 295099, 182848, 21319, 407630, 32787, 356503, 442173, 458265, 91349, 272363, 177280, 375452, 340580, 394836, 459761, 17551, 223740, 33857, 347815, 30895, 395100, 2578, 460796, 464690, 315800, 485467, 312987, 55415, 288831, 114610, 59197, 104882, 266694, 384784, 205884, 18578, 264677, 179207, 292805, 234146, 110358, 129484, 404249, 173061, 376560, 423795, 42191, 29475, 215180, 454903, 368282, 101466, 272239, 276153, 256949, 290360, 135947, 227303, 213377, 494158, 391551, 469933, 494212, 298458, 278199, 222829, 93379, 343960, 355848, 370388, 169533, 366349, 202697, 301931, 207792, 305296, 401527, 132787, 192099, 176863, 189863, 308093, 89784, 37503, 442306, 45835, 428284, 36870, 297832, 296640, 395861, 167434, 43549, 65379, 129143, 92624, 294331, 193135, 452789, 21805, 378281, 146216, 437680, 430519, 191265, 236193, 473207, 356645, 376056, 146713, 281485, 386273, 205052, 248588, 268472, 157604, 123301, 425325, 396646, 218540, 353796, 398589, 481123, 481290, 479702, 44424, 109678, 185833, 368428, 306399, 253138, 409364, 175186, 4105, 469137, 300714, 97186, 160274, 79459, 127724, 426808, 50073, 463693, 64541, 427408, 423974, 422401, 126141, 309927, 73746, 62688, 369310, 336139, 89359, 342250, 82218, 202429, 175612, 92773, 126544, 397687, 210993, 31569, 111875, 164666, 169177, 179340, 23350, 343865, 26412, 236713, 267282, 382389, 36183, 352539, 494315, 192013, 224659, 105884, 451630, 184656, 35523, 372421, 43636, 354264, 212203, 52801, 415153, 154968, 229510, 394994, 310927, 271214, 381600, 447120, 219273, 43607, 125439, 464262, 426961, 377721, 337002, 236208, 136314, 20361, 182536, 80523, 9079, 370959, 132697, 284401, 187440, 431171, 277346, 480573, 476177, 309871, 290235, 335623, 39462, 446916, 371784, 40091, 153556, 140972, 197163, 15430, 405647, 269747, 14055, 425283, 116315, 95891, 284262, 51167, 235629, 470245, 189648, 142276, 310625, 103536, 262606, 393543, 399271, 59198, 493948, 125347, 275627, 17477, 220309, 316245, 208323, 327849, 262045, 329112, 209843, 217971, 409443, 287963, 241821, 132371, 360967, 297352, 494535, 273365, 435901, 464760, 117459, 372681, 307659, 195226, 380241, 177339, 97779, 130710, 375964, 497892, 465984, 352822, 358350, 401609, 63926, 396597, 261578, 303126, 291581, 43771, 71735, 398686, 231107, 132484, 43838, 328772, 461436, 178512, 33342, 263125, 309697, 434205, 426529, 411287, 29768, 366186, 49105, 251397, 90459, 432479, 152231, 67371, 100684, 204667, 223949, 447088, 31572, 207939, 276256, 187829, 432534, 58494, 124841, 1135, 386213, 400871, 67001, 129830, 181826, 220319, 114521, 259845, 197973, 239431, 23070, 72102, 447158, 42939, 193393, 338513, 396304, 198279, 187337, 427722, 190235, 426312, 295366, 150140, 163386, 34340, 8914, 496929, 324369, 249819, 295562, 138493, 181815, 242022, 7083, 397251, 164355, 396207, 400964, 192741, 156765, 348908, 17214, 387544, 449202, 55908, 192641, 276549, 255883, 106607, 470514, 61813, 488347, 48554, 471123, 177278, 332853, 250534, 100315, 368896, 101328, 220451, 207396, 368069, 405669, 472689, 464451, 336514, 383535, 249563, 110878, 364121, 385193, 96378, 302913, 460560, 140126, 351153, 344716, 337578, 417738, 208149, 170461, 338329, 176440, 96541, 118776, 132432, 390380, 122789, 370230, 67618, 269174, 67731, 357081, 7681, 158768, 366556, 210212, 307515, 212631, 293076, 123807, 214809, 176660, 499854, 23622, 224035, 442543, 329808, 342125, 395006, 190896, 408242, 83980, 43348, 56908, 251949, 486040, 37976, 306042, 422064, 70527, 340291, 435933, 51338, 27942, 84372, 102969, 33342, 388086, 142924, 453111, 403165, 392011, 207629, 267718, 376462, 23115, 312190, 200144, 175808, 110975, 417954, 427208, 204390, 366640, 21313, 330689, 304888, 72939, 81535, 289127, 267930, 401356, 19890, 213129, 380934, 281293, 12132, 139362, 388056, 407489, 162143, 71784, 330726, 113627, 48110, 228753, 299911, 351447, 412550, 403380, 270415, 217990, 175886, 288948, 259985, 294951, 170841, 375787, 90097, 437723, 387857, 255662, 153256, 340683, 295458, 445810, 328410, 486556, 11594, 456944, 22626, 166310, 168799, 77570, 435493, 474125, 465625, 224600, 273311, 364791, 76146, 205552, 189047, 62859, 174720, 403728, 156704, 424768, 213356, 5735, 347881, 55047, 260785, 396307, 55940, 368175, 142688, 212060, 346130, 37531, 358292, 264609, 329970, 320441, 76741, 96939, 422629, 456612, 65824, 401943, 293163, 494441, 396005, 308641, 365392, 183249, 108511, 379570, 285556, 332534, 379729, 495511, 38005, 303479, 346653, 118459, 381595, 458807, 90841, 441010, 235933, 322366, 83591, 38044, 166150, 266574, 372875, 164648, 346300, 470081, 233355, 134299, 22911, 41816, 30963, 335438, 332957, 147819, 401360, 426692, 248339, 299516, 382306, 187434, 393101, 349741, 439230, 211811, 354471, 106326, 129523, 457616, 108092, 228587, 86828, 150191, 478507, 229053, 125325, 449769, 149684, 88419, 248314, 322276, 304079, 136753, 159487, 374989, 65162, 52615, 21942, 200162, 269091, 229322, 462803, 42185, 224963, 288593, 438915, 415685, 280284, 485327, 485600, 457338, 17784, 243808, 448345, 47880, 448635, 140149, 243744, 359609, 346360, 143083, 492829, 256559, 435057, 155988, 63914, 114600, 168493, 227179, 202870, 157274, 469286, 358968, 208318, 474601, 184524, 308401, 177882, 149762, 318897, 371235, 166290, 424860, 473941, 165207, 155384, 64790, 402715, 442827, 273588, 216935, 135425, 100068, 395599, 223700, 59848, 319889, 126674, 182628, 254850, 12925, 355510, 244152, 483676, 260964, 255235, 472587, 425237, 230606, 177068, 429416, 114295, 383383, 32827, 235994, 329203, 101629, 279859, 80676, 476439, 142345, 145549, 140310, 76448, 485729, 265072, 409528, 420211, 139165, 350329, 372539, 150955, 35506, 236407, 138248, 371632, 260765, 93644, 202198, 402354, 218080, 329953, 112792, 222205, 439536, 113192, 133394, 109406, 438841, 208060, 13926, 384375, 166440, 242621, 71703, 243907, 439901, 303830, 424457, 177218, 29269, 29227, 303197, 116063, 247555, 194960, 419371, 72571, 297455, 470854, 96653, 46533, 66405, 132123, 201857, 191973, 351357, 238392, 299872, 77740, 169340, 386090, 420146, 291993, 151708, 126574, 401616, 242601, 123637, 473747, 245918, 132970, 71038, 360516, 439322, 363605, 378301, 404017, 341708, 26114, 388475, 454242, 104215, 143385, 115120, 55623, 476772, 378462, 14687, 436985, 388076, 323190, 118831, 455050, 231188, 239777, 404202, 48094, 217912, 346766, 410330, 111493, 27736, 411752, 242177, 284114, 441540, 356490, 32982, 323447, 402524, 108305, 42349, 106330, 80968, 429568, 19843, 497984, 136929, 478306, 114079, 337813, 127313, 414990, 146382, 323699, 295124, 388995, 25772, 341631, 158938, 286727, 144111, 311670, 86725, 194441, 172809, 197025, 25503, 170298, 176436, 330321, 316664, 436853, 28238, 249168, 191703, 300152, 480580, 497263, 26728, 95948, 162038, 151238, 160716, 355355, 30640, 262189, 131409, 344356, 454657, 444189, 280402, 296447, 304240, 230016, 462475, 1156, 194767, 188889, 105907, 90003, 248825, 28612, 486539, 325465, 335800, 250103, 125726, 354328, 495373, 245156, 128233, 334789, 217143, 362519, 439549, 176762, 158277, 272886, 271504, 8772, 34756, 489397, 102684, 377563, 145083, 172820, 403039, 131643, 433632, 126408, 29795, 489604, 70957, 33086, 137767, 378393, 173085, 214409, 338568, 262593, 442337, 391453, 382400, 108088, 25166, 305052, 495349, 266739, 472984, 286726, 4491, 432020, 57459, 204387, 227878, 397344, 291495, 171559, 169959, 245571, 214104, 102787, 84322, 380830, 298519, 80170, 167871, 53456, 232787, 410396, 172895, 111260, 240629, 428487, 45532, 114555, 92150, 425473, 186626, 169823, 315918, 403359, 260744, 18002, 337719, 78693, 379232, 54564, 246141, 152377, 306110, 4844, 324795, 45785, 347501, 255966, 434560, 65, 234220, 468490, 206825, 168200, 364238, 352905, 53712, 198818, 83459, 240442, 157101, 206255, 316127, 19046, 383236, 202222, 90770, 19388, 469589, 323075, 225412, 394145, 323224, 228481, 226825, 226184, 412915, 350755, 439287, 27979, 124729, 463835, 384016, 235425, 195389, 303411, 412967, 231072, 415862, 367449, 79275, 38308, 290114, 396527, 430918, 312324, 441842, 475909, 384455, 200059, 246763, 450627, 95419, 496803, 89461, 149037, 132233, 303298, 483164, 153805, 91059, 109369, 259036, 241273, 34512, 115625, 284239, 257723, 386580, 434241, 317385, 132048, 131095, 328347, 297251, 491111, 12916, 480129, 347259, 378310, 275844, 479260, 449939, 125830, 441577, 390069, 406938, 499669, 9649, 210547, 236203, 322069, 227419, 226325, 166893, 351975, 39828, 320398, 321479, 189059, 262453, 88138, 54241, 358245, 499810, 235939, 442363, 319032, 263942, 380833, 371891, 149184, 142352, 325573, 481030, 316906, 62095, 293008, 234212, 375065, 284699, 19737, 394367, 257307, 442467, 370020, 222081, 272074, 113603, 360170, 236239, 85993, 489140, 473571, 105623, 108838, 227649, 276287, 122575, 408038, 90675, 26813, 53955, 310751, 382000, 131995, 147484, 197812, 364572, 480855, 414659, 376728, 80362, 173153, 327887, 325555, 78033, 161740, 8625, 218289, 415473, 475066, 237151, 443624, 163275, 306094, 226340, 266247, 277692, 382544, 240998, 266031, 449735, 326389, 44380, 364788, 347316, 123277, 461930, 9037, 465422, 416665, 203766, 451757, 459224, 410647, 255124, 378276, 436765, 446854, 456863, 334427, 171412, 264017, 296226, 18078, 288373, 117265, 410599, 114764, 443088, 34894, 328903, 124293, 78102, 178406, 437747, 71721, 245105, 10250, 24304, 14567, 91995, 400668, 385512, 210291, 453619, 407320, 491500, 371554, 426769, 475109, 384568, 479285, 258009, 299601, 86982, 447675, 8235, 273623, 183299, 167085, 287403, 296925, 353803, 119524, 80239, 496707, 258377, 110117, 463533, 7533, 388230, 434456, 12772, 215871, 18002, 217905, 16048, 64303, 209911, 387847, 466760, 368396, 172933, 92559, 339317, 268233, 436136, 165842, 247358, 101325, 14631, 443007, 394780, 466315, 463226, 157127, 150674, 489519, 385029, 255525, 236813, 47684, 315706, 146915, 310767, 242489, 461768, 392566, 115871, 467623, 322175, 51525, 138115, 189519, 487999, 460535, 441669, 423901, 399293, 367111, 169024, 95625, 387695, 449902, 151838, 146003, 274989, 330830, 422389, 232861, 134676, 457969, 340854, 9855, 126047, 140334, 339417, 61281, 103271, 101353, 107378, 313634, 32730, 316807, 178997, 287857, 437244, 451270, 420321, 290458, 359725, 335815, 357136, 487902, 220848, 339668, 195405, 7492, 379296, 31422, 481327, 166781, 128954, 240509, 375221, 412350, 490529, 416516, 55165, 63481, 363285, 264064, 206760, 362719, 220005, 163011, 178843, 240662, 415722, 98305, 390448, 408511, 29977, 332796, 19287, 403171, 184936, 13830, 381607, 173806, 172703, 179387, 77847, 124769, 364177, 242846, 225383, 116933, 323452, 490093, 216627, 310064, 397206, 166855, 214637, 382129, 244782, 377345, 153991, 462122, 68238, 320732, 410195, 140047, 441424, 481611, 384990, 395231, 362438, 474372, 99912, 246376, 155569, 401467, 112485, 315159, 293332, 48922, 172281, 19233, 208955, 437586, 442122, 201250, 279847, 198151, 264484, 158403, 297697, 419481, 477149, 246012, 415716, 174775, 39618, 491675, 307958, 214334, 276195, 331702, 457829, 287030, 59489, 227441, 58577, 251964, 467199, 363429, 320298, 485727, 406573, 161466, 342588, 363499, 368498, 171865, 119697, 340578, 86132, 478783, 66908, 434392, 460070, 320220, 316026, 106780, 47945, 111674, 32793, 21446, 86109, 20005, 295056, 62892, 334491, 366632, 183524, 81090, 134416, 407764, 111992, 331808, 263106, 311054, 239959, 299308, 404784, 498381, 177262, 38576, 156525, 272782, 235239, 495692, 97819, 429342, 173664, 95534, 227225, 17030, 183442, 106236, 470996, 243499, 120866, 400770, 45204, 89307, 444107, 153274, 314587, 172065, 141486, 420375, 333479, 199698, 310327, 36881, 177534, 381635, 491589, 378971, 458707, 34442, 72807, 51358, 486295, 81447, 192029, 56173, 430836, 364425, 90491, 3154, 99325, 448067, 15924, 262464, 262299, 95774, 455174, 125871, 434542, 249060, 122952, 157088, 156869, 458163, 475617, 446274, 404972, 211456, 196020, 4957, 454262, 442050, 171257, 396785, 485655, 445368, 276990, 293517, 266143, 180851, 384822, 207214, 104246, 389155, 457621, 197300, 429997, 363003, 367468, 233540, 155758, 468502, 5649, 262620, 231106, 226756, 377734, 392539, 204173, 71819, 125631, 128541, 448658, 320383, 248117, 86975, 70585, 366215, 460827, 370779, 63272, 104838, 198755, 148998, 314500, 267006, 127729, 63549, 480011, 1050, 370023, 14, 221380, 35960, 196591, 83381, 420541, 278463, 416431, 293468, 138437, 188751, 369951, 32497, 162953, 434798, 380588, 173012, 388186, 199602, 196861, 409297, 498872, 228313, 335252, 28967, 143055, 273507, 231236, 133439, 60667, 175883, 312106, 44094, 152927, 2785, 441447, 428418, 383479, 250443, 359203, 371699, 181771, 413070, 465817, 399043, 354540, 473550, 183945, 354202, 325910, 299480, 91829, 28027, 373049, 388000, 336315, 365805, 327648, 468157, 305107, 44359, 251429, 221890, 21532, 366803, 368419, 434303, 317533, 167739, 292226, 311179, 1800, 365608, 499912, 2032, 114275, 81211, 157431, 33968, 117984, 65134, 305805, 94177, 433326, 239197, 362003, 336602, 52639, 242574, 404506, 89988, 41509, 47345, 280246, 138081, 461884, 180099, 403637, 84670, 54669, 144316, 57433, 91165, 287812, 239513, 369042, 223337, 138153, 383751, 171593, 385047, 185609, 355163, 337660, 227213, 245707, 147902, 457197, 31134, 376027, 24800, 468409, 415165, 265978, 61312, 457083, 100916, 191720, 61190, 219374, 441042, 150817, 424110, 123871, 58684, 145420, 337314, 240887, 289321, 345885, 199742, 20689, 51301, 180931, 129863, 404816, 155549, 261562, 147340, 86386, 263810, 94208, 496818, 321745, 70980, 362159, 42270, 482097, 313290, 307656, 142418, 453, 414403, 371642, 309101, 128646, 7132, 135879, 341297, 327681, 227269, 73126, 496298, 174174, 326031, 11945, 61052, 238175, 115015, 71292, 499763, 465442, 39569, 457488, 301914, 395071, 83458, 144879, 177543, 32484, 486397, 396103, 291596, 28489, 7203, 175599, 154346, 392111, 17095, 17470, 25506, 360812, 325357, 362754, 22030, 338801, 103765, 329971, 168218, 314517, 102852, 373692, 167228, 393885, 30083, 200552, 9155, 346321, 142295, 424984, 395019, 218691, 146292, 251160, 100106, 246373, 125279, 466372, 345463, 161630, 307366, 275590, 318364, 308585, 180327, 257256, 441100, 389646, 231849, 190949, 80321, 486339, 14754, 40853, 194033, 279140, 381947, 434129, 267746, 294805, 270422, 27660, 400941, 228043, 341658, 390312, 134618, 376963, 9395, 281048, 490055, 52970, 134133, 232340, 39373, 222482, 309008, 263956, 190779, 353846, 143017, 20576, 275099, 262823, 483899, 48994, 333799, 322615, 253685, 9001, 62282, 297780, 180076, 474218, 328003, 412420, 19236, 67352, 207663, 255342, 193465, 321296, 336008, 23737, 134447, 477085, 393386, 80299, 25195, 177407, 243261, 320450, 17806, 461246, 347127, 454454, 206379, 111548, 277246, 385147, 156548, 459984, 152930, 37326, 435751, 207432, 218412, 78687, 62570, 79322, 383366, 152072, 275666, 438805, 345504, 144553, 337814, 34021, 182840, 448168, 160623, 109608, 49161, 216327, 155804, 102051, 339881, 354175, 324716, 367238, 81864, 442927, 463386, 203624, 84376, 255689, 250100, 391537, 279319, 140611, 430214, 29398, 55165, 3142, 221568, 15880, 360281, 122755, 314893, 456642, 235847, 222376, 52277, 174744, 169851, 69777, 415815, 261256, 25711, 189960, 64579, 13205, 149575, 498290, 236512, 282815, 332620, 84107, 426997, 50128, 41329, 249898, 98458, 458864, 194846, 307291, 266590, 129713, 122469, 295018, 257959, 102865, 441651, 154018, 13631, 61485, 211002, 1897, 5704, 3963, 404830, 434452, 66251, 446403, 437113, 392206, 467486, 310296, 97740, 310246, 260362, 353116, 126283, 65994, 399440, 455282, 129289, 28045, 440703, 71527, 478189, 26236, 448537, 476292, 84690, 424239, 319803, 470151, 324125, 24619, 354765, 361836, 288599, 404718, 261539, 349565, 416473, 451959, 177410, 110712, 29954, 101739, 398565, 2601, 54547, 254604, 454232, 244754, 405634, 130608, 381126, 203367, 406634, 92559, 14296, 92858, 349233, 205214, 486739, 216960, 302178, 383578, 264717, 147564, 314244, 114614, 14550, 331654, 392310, 469025, 443868, 252997, 363691, 207709, 332899, 320687, 242062, 286363, 230808, 251679, 123280, 285296, 210776, 52782, 100841, 223859, 348117, 109916, 437988, 172844, 146495, 388632, 256610, 237202, 254479, 18665, 332519, 294220, 456673, 447821, 276551, 124820, 160150, 139400, 195858, 499586, 374906, 191593, 288790, 296298, 272826, 139097, 152245, 360319, 300570, 318798, 349373, 476331, 306859, 88220, 120797, 126282, 83410, 401387, 1742, 182312, 294766, 173559, 445550, 88771, 102205, 385516, 370334, 375151, 401191, 275417, 98526, 162773, 82222, 20648, 4567, 46548, 245815, 220093, 269582, 206802, 314030, 265579, 61354, 27288, 422224, 491351, 56166, 238916, 368453, 134099, 256253, 426754, 172626, 166094, 175169, 8630, 32852, 437617, 18359, 228653, 458848, 452470, 194139, 311306, 252774, 135516, 48149, 313750, 486674, 361994, 157086, 278210, 365521, 114038, 265140, 105379, 73433, 224450, 188393, 108307, 227509, 108186, 7483, 329642, 103434, 38684, 487200, 423309, 479073, 309565, 384265, 21036, 91033, 436814, 485995, 319530, 273855, 248783, 389132, 252732, 239552, 164441, 489296, 482077, 1637, 275421, 81956, 252746, 370895, 64208, 367842, 238358, 476487, 122924, 217767, 881, 112934, 183921, 52704, 136180, 44468, 385292, 443066, 54941, 445652, 47481, 34491, 61801, 322381, 273844, 425663, 330560, 107431, 374747, 268738, 74577, 23410, 33010, 61369, 481467, 184979, 491434, 414236, 41190, 423125, 30724, 41109, 324381, 138829, 458200, 120463, 98256, 99978, 57777, 457287, 300460, 257647, 253823, 499061, 491794, 80362, 398608, 374322, 316899, 288236, 206368, 198933, 294168, 366403, 255141, 289236, 328112, 451674, 415168, 21665, 342588, 472952, 10907, 109729, 411447, 324293, 407393, 102701, 144806, 364190, 90951, 197279, 92435, 410048, 51686, 401680, 291804, 300187, 338083, 114963, 435775, 185098, 15298, 163756, 258872, 238826, 168060, 383729, 123192, 435591, 285210, 342519, 40557, 260197, 468981, 24890, 202001, 340686, 105383, 416777, 251710, 260564, 293101, 388545, 142567, 358467, 471180, 93502, 346470, 388419, 87065, 306267, 478251, 376078, 339048, 1870, 151834, 51107, 105169, 374832, 140428, 224965, 7118, 430262, 207678, 488052, 312182, 128011, 358223, 240609, 8007, 65051, 168760, 484015, 347150, 170689, 435177, 155191, 257430, 433195, 108278, 129551, 331962, 124554, 397248, 328132, 132580, 395479, 370344, 119431, 202755, 166510, 434794, 427884, 461970, 403880, 231696, 84608, 79301, 347825, 450918, 123605, 327286, 17960, 297347, 336695, 253885, 344467, 222000, 491289, 448425, 435011, 458782, 238912, 379993, 473602, 119628, 270702, 116344, 438040, 354858, 442050, 346300, 172040, 429006, 318603, 363149, 411195, 19683, 322722, 25140, 132829, 330679, 87315, 337830, 54569, 232985, 150468, 405761, 174851, 10364, 458982, 495510, 312546, 124039, 338893, 203228, 137152, 79443, 76889, 176456, 390425, 22151, 440926, 247926, 74020, 25396, 48686, 118799, 495709, 424488, 370300, 411733, 300252, 434632, 170733, 432154, 449996, 223592, 58389, 460346, 481972, 168645, 300061, 134295, 319533, 486000, 15636, 143921, 270067, 121367, 349222, 292340, 192889, 353952, 154772, 408079, 334074, 90353, 306198, 246650, 471861, 90863, 275703, 237234, 64470, 267545, 135880, 86503, 313522, 361528, 269560, 233049, 102732, 92558, 398131, 406853, 242578, 59751, 442110, 314216, 407531, 98727, 428055, 188872, 210623, 312312, 145335, 344484, 348842, 66151, 187128, 456526, 52015, 168531, 195668, 320085, 306646, 414583, 97516, 276129, 174911, 146039, 301566, 6243, 498990, 160939, 196834, 478093, 401933, 58047, 449340, 201430, 369956, 268170, 154947, 246972, 161718, 364427, 111588, 21731, 168562, 272783, 471398, 172382, 221910, 38923, 194066, 416303, 78327, 133009, 403787, 62436, 461537, 278719, 248402, 435952, 492236, 129330, 255356, 361943, 141080, 347201, 106254, 331780, 481426, 103113, 294632, 37001, 243451, 235569, 324930, 279815, 448511, 10592, 84057, 212012, 440204, 367065, 335898, 355694, 338120, 110115, 143508, 156462, 175670, 170289, 474116, 321882, 453754, 348762, 388342, 364188, 292776, 157014, 355613, 462005, 483217, 337026, 467257, 283825, 328318, 487308, 411446, 364698, 123457, 88317, 265132, 462166, 228245, 462198, 213939, 222513, 265195, 26983, 362727, 103162, 87898, 490865, 288781, 120484, 207491, 104615, 72788, 343077, 36437, 472169, 431892, 453329, 150069, 26959, 167385, 469150, 356783, 419266, 56062, 427194, 204829, 439159, 453866, 477330, 407126, 299223, 354580, 36683, 293160, 86261, 449459, 166314, 271235, 211187, 435064, 110023, 109503, 468368, 291826, 437591, 457183, 89566, 236696, 470336, 451580, 20012, 44178, 302532, 128914, 54658, 232555, 994, 348379, 299516, 434369, 235451, 392373, 29840, 368845, 62104, 393632, 4387, 102155, 381215, 118265, 219365, 341552, 477714, 10414, 421072, 45630, 263168, 131776, 414345, 201136, 448826, 64873, 248278, 59228, 438470, 114829, 477223, 152450, 407569, 95679, 159099, 83100, 147188, 139975, 306935, 130676, 355740, 294847, 361244, 367526, 130761, 140652, 195950, 278664, 270591, 178105, 428098, 251714, 487985, 172754, 425944, 472591, 79560, 297472, 229756, 34063, 236163, 243769, 347453, 354369, 294665, 137073, 480702, 376259, 99112, 228167, 108625, 329418, 363708, 56658, 296068, 119179, 432484, 487705, 404346, 385222, 174589, 302666, 118995, 440561, 432903, 213109, 221395, 274266, 174830, 390130, 200801, 415724, 227131, 427678, 105947, 239640, 799, 300996, 479232, 459330, 446851, 267281, 239641, 463564, 260020, 145142, 236047, 487954, 361263, 85956, 37066, 332119, 84166, 46706, 312140, 126517, 404147, 233780, 98549, 158010, 135185, 315503, 226111, 128049, 375217, 301118, 203069, 182068, 122879, 52581, 331773, 164592, 147523, 8799, 304411, 144941, 291285, 143226, 493162, 91391, 189358, 120575, 243070, 426351, 335057, 217742, 353740, 464540, 43699, 433176, 380386, 78071, 352442, 116243, 431069, 230173, 265279, 107454, 481069, 53427, 197095, 307813, 26075, 389342, 481707, 252756, 137804, 10058, 64647, 181731, 125672, 220048, 196124, 328535, 10124, 23369, 235592, 442578, 371022, 108352, 448215, 178976, 107616, 316015, 378092, 302566, 266939, 83405, 177179, 112329, 458522, 90640, 381878, 477140, 396483, 193108, 252754, 317450, 220110, 78609, 145790, 153074, 361219, 259418, 214924, 440678, 151167, 480387, 422235, 336798, 209867, 34115, 366613, 315222, 281670, 220626, 410649, 455512, 445454, 233270, 203257, 438154, 149561, 305588, 301026, 32876, 103772, 301540, 219715, 69351, 342590, 390735, 68662, 446168, 172093, 301717, 243703, 362725, 215201, 478448, 499687, 416060, 108323, 260915, 9533, 106838, 32774, 190501, 244964, 249084, 399449, 215523, 101256, 477683, 282230, 171193, 12602, 35375, 336091, 68886, 154051, 88587, 140193, 398152, 388832, 265383, 174555, 436174, 330340, 351670, 165282, 31598, 386288, 68933, 161619, 274002, 229580, 267950, 173793, 62866, 72556, 100537, 427194, 461379, 268260, 402121, 447289, 387414, 282251, 14959, 190105, 151511, 90890, 97941, 382465, 414135, 132729, 227176, 269563, 26712, 366601, 214858, 350540, 393197, 235637, 276182, 378665, 208728, 222550, 397794, 301047, 27678, 449725, 180965, 491612, 53375, 37527, 224456, 111301, 230768, 221267, 184199, 168932, 466206, 302945, 413419, 482869, 136122, 443631, 142918, 384042, 368145, 263765, 253516, 473244, 151149, 250536, 25591, 189981, 469444, 464714, 97516, 486635, 149016, 236359, 64607, 68374, 474885, 128588, 426136, 388391, 395480, 317483, 275475, 202762, 385093, 476756, 151741, 8808, 438625, 450074, 494588, 258841, 205758, 58498, 81898, 461679, 251505, 111775, 105427, 89245, 410435, 39193, 78076, 316261, 361562, 469441, 174809, 203251, 108194, 12877, 128722, 374298, 28343, 376028, 148171, 297573, 340932, 244696, 353790, 54109, 478191, 284632, 268021, 15150, 11179, 416253, 98941, 237487, 493808, 108876, 213299, 363034, 216152, 318909, 233287, 87218, 383475, 216659, 142753, 417997, 235115, 411100, 457302, 133810, 404609, 425185, 300148, 449567, 175721, 162636, 231222, 403910, 97023, 391576, 177527, 480301, 203059, 39375, 126087, 39541, 73730, 222684, 195128, 249829, 250814, 341894, 113946, 68575, 274535, 475606, 483733, 150281, 233600, 153754, 213622, 131015, 305778, 174363, 412321, 305672, 170302, 424584, 19445, 74864, 487891, 137464, 268977, 115518, 449291, 198271, 236401, 472563, 215158, 13219, 352780, 471399, 325485, 346294, 401212, 336382, 345220, 408749, 92222, 417235, 44990, 398340, 1266, 281720, 388910, 186186, 246475, 496181, 180517, 250336, 206010, 302670, 316698, 339816, 252630, 239203, 209500, 228951, 112671, 2626, 28465, 248309, 338340, 80854, 319605, 267308, 489801, 36391, 422652, 159747, 442683, 284524, 386685, 498184, 262159, 38326, 381250, 272468, 207270, 198524, 131570, 454025, 270032, 460983, 178932, 385405, 78718, 299721, 209265, 319356, 295346, 184541, 203975, 309808, 216682, 204601, 383379, 207706, 9127, 149633, 71326, 249978, 78197, 385899, 142651, 352265, 97629, 338234, 232822, 333771, 53889, 455581, 415984, 39701, 19836, 73302, 454181, 438943, 325203, 192785, 497437, 285072, 167595, 169623, 236583, 192498, 419595, 472836, 20845, 188455, 125856, 51747, 485932, 421638, 273750, 18998, 66378, 336857, 488744, 143576, 422181, 477235, 469723, 159900, 100498, 476327, 317925, 134044, 210342, 163594, 469055, 164104, 476143, 76943, 228806, 277066, 484398, 207086, 207605, 449262, 444960, 243443, 83624, 144440, 210408, 254678, 41661, 63284, 334820, 262934, 228503, 495758, 440309, 393931, 340428, 226111, 376520, 426575, 361975, 235783, 358575, 157839, 32471, 328708, 481223, 193322, 383526, 286576, 255612, 350553, 422580, 61065, 125436, 357060, 54843, 174608, 237422, 183623, 263012, 21325, 276915, 69086, 331664, 45970, 111163, 190050, 210606, 55724, 182848, 432105, 69368, 406323, 380227, 361346, 200537, 114454, 11673, 335980, 455689, 378388, 248842, 255660, 155486, 186892, 135906, 300807, 164845, 309790, 25562, 66863, 195906, 66018, 427161, 378667, 439872, 33150, 263612, 142586, 21004, 481037, 493427, 243739, 275785, 100513, 338243, 205984, 494760, 446607, 462624, 348771, 119226, 136251, 390192, 417108, 216957, 358493, 291164, 202861, 347641, 23547, 462174, 34896, 18450, 264605, 332324, 441869, 142926, 63599, 334689, 409417, 473408, 89425, 214412, 328364, 269993, 16169, 381352, 13109, 112832, 179396, 400978, 273948, 39741, 425211, 346517, 4751, 271146, 418437, 318389, 456814, 465379, 177197, 64350, 399999, 115700, 53031, 321454, 118033, 406350, 432877, 397860, 173213, 215078, 360219, 205080, 288494, 80587, 46319, 138434, 814, 327527, 34524, 385462, 138872, 221972, 9350, 55271, 250183, 184784, 185967, 478060, 481969, 202355, 354969, 317023, 19793, 101124, 85024, 315197, 454695, 491758, 399119, 288483, 149640, 329880, 398900, 406132, 14648, 82524, 54822, 350619, 213905, 385682, 245480, 266481, 477878, 143459, 497677, 125407, 113371, 441711, 425184, 157164, 408181, 334153, 213917, 333083, 367098, 265296, 241314, 124594, 722, 488671, 194906, 135384, 102686, 301380, 126522, 395480, 387253, 207201, 371484, 148654, 150508, 419585, 388719, 21742, 132266, 342623, 484062, 317243, 200588, 7771, 292597, 172177, 266773, 109370, 344720, 344287, 302244, 330696, 356086, 2289, 455539, 315820, 323042, 436677, 24822, 369501, 159226, 451056, 250663, 176249, 163353, 393311, 50709, 357468, 399303, 111434, 341768, 40316, 326248, 131462, 112808, 255917, 85036, 307117, 249225, 445110, 36110, 364936, 192320, 420555, 250314, 335072, 115633, 437638, 180145, 202833, 469154, 344322, 53730, 484980, 393241, 359844, 327755, 485193, 234776, 281040, 109097, 250726, 23690, 16211, 384035, 315960, 341046, 156550, 397847, 352262, 394334, 44704, 465907, 401399, 222784, 112074, 469366, 354390, 436196, 498678, 357915, 2082, 443416, 159799, 16392, 57214, 177218, 290342, 473406, 481565, 326841, 37531, 13721, 404454, 187873, 204919, 81937, 329985, 398608, 97017, 233445, 157224, 281886, 157166, 273746, 98701, 98029, 345418, 363476, 307931, 119987, 60093, 184057, 354335, 69265, 314917, 222551, 8327, 251090, 68869, 123555, 220307, 343302, 320874, 50017, 104453, 310658, 211960, 67276, 389530, 325376, 366798, 224111, 200502, 323403, 107837, 333163, 185087, 164723, 156845, 94967, 389796, 172072, 153234, 471204, 47781, 88997, 280819, 278157, 125814, 285162, 480135, 35875, 361214, 73850, 411776, 61683, 237447, 449739, 222554, 347797, 48860, 440715, 336248, 159114, 284231, 191678, 251042, 344910, 15514, 367058, 162138, 410905, 386223, 285224, 358867, 378930, 73805, 22690, 445318, 19426, 400286, 192336, 374068, 230041, 132986, 64770, 488130, 33590, 100068, 365129, 386281, 3764, 386794, 489547, 292243, 283894, 275314, 345539, 262018, 322980, 75174, 481398, 305328, 413223, 275305, 114107, 133635, 332984, 254411, 466165, 325040, 390866, 247381, 40836, 182953, 327735, 216939, 137799, 62564, 444166, 251890, 25184, 212043, 79542, 299744, 344952, 103383, 486579, 46245, 170718, 349898, 153037, 92316, 497403, 15318, 83916, 428688, 42220, 101237, 489961, 429813, 326723, 17588, 409325, 117925, 326525, 233318, 129786, 322043, 32940, 256059, 154410, 498842, 92083, 298402, 383300, 253228, 355496, 495239, 24795, 462204, 50730, 62298, 371240, 164680, 166807, 186920, 386174, 334594, 5126, 53841, 333508, 192711, 125192, 396071, 43919, 27192, 263662, 446745, 379922, 363788, 157213, 137234, 499122, 422696, 4990, 432313, 318534, 56175, 209640, 206122, 140853, 442684, 194199, 390741, 384042, 492635, 472521, 120750, 247281, 22028, 249005, 36645, 18981, 229491, 277587, 433121, 127217, 199036, 319101, 440257, 377980, 3405, 98195, 56040, 300688, 148272, 9021, 191946, 244610, 18467, 160346, 470903, 159919, 185855, 325894, 239917, 373365, 456771, 281805, 428941, 495511, 129791, 135747, 300327, 157124, 168976, 64460, 224124, 459945, 351582, 444247, 293167, 44568, 497378, 410924, 353236, 253540, 380188, 234937, 327927, 216414, 216294, 425413, 306411, 60033, 15884, 116608, 304418, 336201, 192159, 108600, 56663, 212583, 363046, 182012, 107771, 196052, 417220, 369994, 359572, 1701, 124801, 178315, 69751, 126243, 55352, 202235, 130984, 316333, 478938, 447627, 14612, 481095, 256137, 463772, 405081, 411536, 385459, 276693, 336945, 13400, 169025, 161065, 368054, 486721, 412933, 28860, 301124, 45846, 316200, 52613, 440302, 434466, 415692, 129576, 481082, 54066, 412199, 195811, 373967, 167343, 104831, 319847, 152536, 324621, 9524, 362871, 294058, 332995, 293304, 125595, 157531, 339913, 29753, 20899, 46959, 222649, 153234, 106392, 47746, 348663, 479599, 253659, 92429, 49722, 198313, 345600, 299691, 87733, 178186, 317620, 324127, 276543, 472097, 177825, 346909, 265872, 6468, 101560, 443293, 398175, 346624, 163704, 215056, 498883, 252801, 31328, 489690, 159338, 390421, 467020, 153165, 336122, 414486, 252320, 170839, 278507, 440474, 147510, 445502, 349615, 130405, 435704, 459439, 300647, 304799, 436158, 357829, 479833, 207573, 301937, 125653, 273175, 340587, 149310, 361652, 5568, 117000, 382356, 204026, 82969, 465695, 106249, 170894, 87651, 420093, 126924, 155451, 159644, 93999, 18564, 144092, 286738, 95063, 2522, 175922, 256786, 241124, 35606, 475287, 436300, 163763, 209183, 385200, 190657, 151179, 41099, 489332, 426190, 96215, 431807, 381654, 269493, 356807, 156096, 241334, 381409, 486619, 15232, 347063, 358782, 460100, 288898, 65103, 415463, 60840, 164789, 22245, 281515, 207892, 417907, 119972, 73982, 191423, 445729, 192164, 446424, 329662, 263274, 19030, 488518, 327913, 161910, 1158, 127288, 262248, 99075, 214755, 368632, 216261, 473548, 166975, 403806, 476314, 34293, 422433, 73391, 346855, 294529, 353337, 56989, 343631, 351471, 367934, 89290, 265784, 366777, 87428, 352053, 423066, 324085, 265977, 400607, 167398, 329274, 449945, 325867, 165630, 104359, 105530, 355592, 383651, 74805, 313308, 227069, 226282, 363675, 483324, 484979, 268547, 456328, 431614, 300065, 167925, 218491, 293251, 181016, 122903, 16817, 410107, 162682, 438763, 446251, 393125, 417921, 79547, 366828, 248799, 91325, 30101, 328777, 984, 324970, 221362, 269155, 292293, 398865, 126186, 381313, 212230, 313219, 453734, 359724, 265123, 311366, 381401, 106013, 119642, 126407, 209131, 408668, 297558, 58539, 305959, 274559, 73848, 388223, 244659, 14809, 174640, 489900, 14388, 262343, 265083, 395482, 385517, 265505, 493715, 485253, 212502, 273545, 32711, 203060, 233575, 291960, 377974, 328204, 387060, 207696, 111150, 175926, 431796, 313284, 495847, 141981, 421143, 376533, 274012, 437181, 50728, 364165, 354013, 75698, 106189, 313718, 187293, 117763, 144885, 126391, 182581, 472867, 418834, 36271, 185360, 379079, 108831, 122851, 156670, 74559, 386442, 437281, 92585, 116549, 383230, 208511, 231623, 26446, 186857, 309550, 325671, 338448, 210696, 169578, 477653, 244819, 359320, 407399, 75388, 438233, 205299, 137495, 254579, 256616, 75426, 33040, 38016, 39689, 18497, 93142, 128468, 197570, 425184, 13962, 211487, 335799, 34084, 387531, 450131, 112054, 82687, 166508, 474405, 357360, 497952, 314828, 104225, 81207, 287493, 369267, 197848, 191992, 96316, 34174, 19544, 118821, 56572, 366578, 102634, 211533, 392168, 281594, 255588, 155354, 274545, 299127, 248299, 136353, 1011, 99416, 60615, 214215, 226813, 407149, 253395, 429712, 201598, 425034, 113144, 479877, 51301, 395042, 141916, 166217, 111143, 206853, 395038, 144836, 442496, 497175, 280109, 100549, 221171, 350085, 428777, 28654, 420205, 310063, 106080, 366984, 169508, 176173, 387803, 140803, 424391, 369393, 279042, 13902, 278630, 102293, 300550, 39306, 221713, 232939, 163441, 261744, 25240, 52236, 334891, 133964, 384737, 220748, 239816, 56055, 410551, 241998, 27777, 349754, 164001, 445765, 449216, 180345, 181248, 168213, 424117, 150315, 179297, 151260, 126961, 425185, 18430, 230009, 137488, 109721, 247715, 15533, 129748, 316507, 487181, 129660, 204733, 404799, 346136, 170871, 434400, 329301, 312431, 468091, 94993, 331550, 467691, 431032, 240494, 374354, 137780, 60636, 210342, 275104, 102825, 397652, 135292, 116228, 349595, 456432, 477417, 470124, 161297, 363755, 333778, 146907, 268815, 481366, 120354, 462718, 208433, 437963, 190467, 191102, 1875, 378821, 481267, 260748, 21607, 330679, 12088, 284863, 445774, 465439, 63163, 295017, 218890, 108098, 480481, 391322, 52133, 456039, 237996, 381638, 344614, 270937, 64906, 26996, 401728, 363372, 238716, 90135, 382797, 181417, 246327, 391699, 367850, 442436, 134255, 125310, 439239, 265108, 70994, 299418, 51537, 443711, 289470, 410057, 475956, 98380, 92783, 50893, 100767, 156036, 366732, 161586, 138405, 36417, 370299, 438436, 360117, 71483, 6854, 212466, 407797, 212980, 346113, 122656, 177849, 161813, 476048, 407911, 255601, 197753, 442626, 193602, 131875, 213053, 192985, 59336, 404744, 85027, 218654, 55444, 479288, 34401, 68733, 181777, 456022, 128401, 280828, 327854, 364472, 454353, 94918, 460989, 46663, 40418, 203111, 127119, 219107, 85707, 294483, 476459, 299540, 438460, 48910, 419084, 422451, 366958, 169922, 202624, 263578, 387512, 201043, 143568, 145751, 272388, 66800, 155676, 123474, 211780, 418866, 27072, 286723, 445030, 369629, 331474, 155116, 118714, 470617, 404239, 326035, 257389, 296641, 175990, 42901, 324046, 240867, 35940, 241468, 433486, 322212, 221285, 48446, 75189, 270104, 499557, 51306, 440318, 204545, 62592, 289624, 419392, 468185, 270600, 85891, 15689, 136472, 410001, 265424, 107116, 385416, 54159, 227361, 313592, 85428, 145778, 174309, 242104, 430364, 214025, 346886, 69001, 340536, 87514, 411906, 228423, 53253, 362902, 234872, 401432, 21636, 265442, 440976, 487784, 326686, 320635, 395726, 321021, 292083, 327819, 444892, 29139, 354976, 163781, 453212, 174336, 72024, 231943, 416973, 119395, 179461, 266489, 224039, 134712, 393909, 495313, 212144, 127758, 167483, 235111, 151453, 332031, 298171, 294571, 439048, 302264, 26522, 234449, 426354, 58747, 459980, 186948, 162497, 116430, 443380, 385299, 97046, 119868, 253029, 221012, 235736, 231189, 49490, 80046, 432337, 63075, 396200, 56242, 277046, 338681, 83852, 108342, 146795, 142893, 226042, 348575, 155, 389868, 136000, 158733, 383471, 26409, 8666, 47742, 15773, 229047, 370329, 258095, 210656, 235719, 480774, 21268, 412013, 49201, 201836, 404468, 416751, 152107, 339904, 345089, 377139, 496567, 498355, 442326, 384633, 307362, 364592, 292779, 97564, 381765, 77704, 337062, 309873, 80416, 427366, 224028, 263680, 266106, 120719, 246093, 421905, 22113, 246118, 114269, 176560, 199646, 275349, 5413, 10559, 391547, 454357, 328344, 4663, 145444, 484555, 192525, 388289, 316816, 437490, 15123, 152000, 61210, 297257, 196014, 375517, 91524, 382287, 206071, 76659, 447089, 486538, 294624, 262744, 152667, 319204, 254582, 66154, 204791, 390227, 434923, 375227, 363664, 30293, 322944, 481624, 274214, 186299, 62410, 111984, 334121, 326818, 261526, 92149, 423035, 430240, 142184, 253482, 399883, 486864, 317390, 269719, 274711, 334950, 219319, 279501, 200238, 465838, 67267, 234516, 320511, 254627, 183947, 393854, 490522, 170393, 81968, 212121, 458794, 191084, 330393, 207520, 479381, 431315, 137005, 322330, 344036, 460007, 421261, 494960, 265536, 409726, 155835, 36250, 212991, 259726, 77661, 189664, 311813, 349864, 202240, 182352, 324417, 113426, 18384, 488639, 401843, 364579, 363694, 431290, 282957, 104282, 428707, 303740, 223694, 469219, 1820, 68276, 483203, 174847, 410260, 231528, 421119, 402692, 707, 135401, 160270, 331091, 128894, 269583, 355678, 152736, 290519, 441511, 476351, 31182, 488337, 191224, 28082, 207702, 115178, 76151, 328900, 94374, 194443, 441370, 236846, 338420, 93849, 146704, 35972, 215175, 61295, 227161, 441116, 458000, 307793, 204586, 9580, 222550, 156291, 37888, 6953, 345739, 187693, 307370, 117806, 487757, 466495, 457050, 288700, 9801, 130803, 481952, 41297, 475867, 35690, 259655, 470506, 190910, 261553, 65685, 249305, 222053, 410399, 402097, 483161, 17968, 115777, 380055, 270610, 8998, 432213, 394431, 389516, 369326, 444616, 134065, 422379, 20334, 297154, 236182, 351006, 325184, 57023, 179563, 92498, 446258, 368047, 131026, 59653, 251075, 246893, 449379, 71696, 464222, 147843, 135510, 468411, 38838, 174637, 252527, 52497, 72122, 240319, 62461, 393802, 11347, 402658, 388743, 271304, 498344, 441559, 410032, 270011, 315034, 305605, 349394, 366117, 94375, 21873, 31664, 109470, 417502, 387839, 274386, 260396, 312288, 193937, 297446, 406146, 76056, 382950, 476051, 116483, 252117, 481199, 391403, 288354, 309447, 432233, 124116, 400903, 260816, 58683, 40820, 165486, 17078, 236407, 193863, 311789, 487461, 425387, 82385, 189052, 304258, 173387, 345712, 337601, 143, 402565, 407941, 381011, 390103, 295493, 75157, 350362, 402649, 388050, 321115, 356500, 281411, 444410, 212535, 378816, 402636, 458089, 355704, 131493, 151811, 84412, 9249, 472618, 461133, 20992, 134023, 173965, 269895, 3467, 62034, 275933, 420556, 221933, 393013, 216730, 348576, 223799, 94359, 31028, 10188, 90517, 311362, 108796, 466966, 409198, 158993, 229712, 405824, 347100, 450110, 356092, 363172, 107239, 161226, 465, 90470, 71491, 403850, 186710, 353720, 17115, 99664, 26346, 471975, 166698, 352465, 253377, 493149, 245068, 301047, 314433, 314724, 266546, 481917, 196535, 206177, 413633, 237021, 469602, 62365, 120030, 348494, 389705, 415861, 153833, 307698, 225686, 486868, 485927, 148852, 485402, 464086, 416343, 438092, 56141, 133526, 209105, 40441, 122661, 312352, 327713, 355733, 43251, 309321, 261051, 463548, 91242, 88, 359414, 280099, 469721, 442712, 432007, 218637, 112893, 384107, 114916, 214240, 229041, 66080, 448379, 344028, 261113, 52582, 164413, 494131, 116805, 396439, 210399, 129307, 209578, 169119, 32969, 415424, 181427, 57384, 123247, 244726, 176096, 382972, 70593, 80943, 321868, 357432, 218973, 251152, 144774, 96039, 416941, 107180, 177223, 437115, 309647, 258285, 228033, 341398, 493466, 441942, 119391, 5013, 317570, 325027, 132942, 371673, 228069, 59710, 105082, 57656, 309194, 372397, 97907, 344910, 479221, 125405, 39493, 277290, 498113, 403536, 202868, 370500, 210247, 406859, 126179, 325616, 96667, 191280, 326927, 167979, 335330, 343139, 148665, 376500, 78356, 96098, 380106, 403754, 394250, 84019, 207684, 364990, 208605, 163375, 106844, 61226, 88188, 263133, 285883, 131481, 372988, 472698, 57826, 492486, 478808, 46941, 37521, 120925, 108997, 330203, 70000, 497063, 84334, 179138, 261198, 127507, 423283, 5037, 180619, 154696, 424059, 482800, 203932, 179529, 8548, 45894, 314721, 466588, 367298, 378207, 297377, 183328, 151794, 491290, 359726, 393411, 275402, 87, 135146, 214771, 16533, 261643, 116390, 269301, 340974, 172086, 146733, 141818, 283266, 85735, 25051, 270877, 127604, 235940, 208803, 454496, 75219, 192562, 339068, 399077, 193944, 450885, 123095, 409548, 131064, 391219, 60068, 67423, 86591, 137151, 96138, 57477, 221198, 116319, 230322, 220872, 345317, 407707, 348772, 155631, 224657, 278671, 204434, 422617, 332001, 275898, 445536, 378298, 194525, 60974, 273936, 301206, 492428, 475042, 306552, 177060, 58974, 241550, 131499, 241191, 78491, 131803, 207383, 113510, 15284, 14537, 366114, 250308, 301314, 105619, 65506, 338246, 478902, 183788, 476392, 201486, 297263, 475158, 460425, 372171, 141701, 38077, 134080, 437136, 346805, 162834, 123267, 12235, 270825, 276903, 316056, 254653, 380086, 412909, 147074, 159608, 87872, 447283, 159783, 2203, 109865, 352301, 91693, 366892, 334012, 267107, 49648, 359068, 226812, 238234, 166471, 32046, 190024, 397022, 381528, 342520, 28356, 58794, 196434, 126433, 443290, 427179, 472851, 302722, 213833, 316779, 228377, 342722, 445658, 107484, 28276, 77578, 238350, 386102, 60549, 98238, 118777, 87917, 466571, 401093, 314920, 311438, 246600, 445260, 171571, 170986, 130147, 466728, 250333, 180849, 443879, 159129, 348244, 59694, 148094, 137626, 135253, 164484, 274133, 324391, 26202, 461993, 195511, 266174, 80906, 44525, 445514, 142757, 316223, 118178, 467318, 364088, 296385, 19446, 106846, 72469, 21670, 286947, 174276, 329481, 212974, 293768, 453902, 410807, 266603, 275151, 231964, 193480, 96637, 130732, 99656, 24630, 284585, 72129, 338301, 482522, 138938, 408036, 333156, 499694, 305275, 144069, 167477, 143623, 316252, 218453, 37592, 80634, 345904, 112271, 331555, 416897, 329588, 353437, 180709, 54959, 323252, 422702, 82898, 198751, 173077, 465924, 61886, 421825, 36132, 295836, 403944, 435169, 6138, 385878, 346745, 343777, 448896, 414326, 38901, 286249, 176576, 145110, 480863, 12304, 98141, 363181, 178830, 37214, 150429, 363023, 146186, 36214, 409255, 82634, 327265, 485365, 286227, 256139, 192618, 219262, 482972, 78445, 483502, 278869, 17792, 387772, 36877, 114417, 170581, 425045, 173971, 260841, 164985, 440190, 150146, 114616, 126799, 419828, 278111, 252959, 187584, 37666, 299956, 366213, 491160, 108849, 136227, 268457, 483299, 442787, 474174, 87102, 422790, 15605, 49202, 54111, 382087, 299285, 183915, 67765, 420236, 254944, 152238, 428513, 165137, 100873, 468545, 487993, 22794, 233338, 184132, 16616, 244879, 429437, 10650, 76093, 180563, 159493, 32349, 451829, 142251, 350655, 322331, 269450, 431250, 155698, 271100, 50251, 53323, 270619, 250307, 224571, 75805, 200784, 327377, 172194, 381238, 290438, 392753, 300342, 166946, 232766, 269182, 404335, 404523, 293554, 359632, 389140, 49717, 140740, 155224, 413975, 168978, 468052, 356378, 325623, 3032, 249851, 100858, 268350, 144788, 484882, 72813, 452073, 499621, 25552, 366046, 486913, 97850, 156107, 365685, 255921, 463477, 92432, 35955, 295523, 65505, 205270, 15665, 209853, 249764, 423217, 233762, 450643, 171177, 134715, 170598, 497890, 163288, 483737, 264031, 132464, 472827, 352825, 233386, 316761, 223853, 254874, 379988, 107047, 70076, 45477, 108054, 471808, 43209, 82284, 184793, 341061, 261303, 210460, 57168, 302654, 490000, 312049, 282509, 335126, 421093, 182441, 126537, 95799, 287393, 389264, 393788, 421716, 179160, 486411, 320770, 57143, 396724, 290380, 141482, 233676, 408852, 197215, 282033, 447906, 58837, 465149, 95742, 6099, 6013, 143882, 364412, 14601, 222458, 233244, 436156, 489732, 395164, 26105, 131159, 362419, 447217, 226482, 52852, 152926, 367239, 129306, 218703, 400728, 151572, 472376, 168493, 422396, 283930, 289349, 452541, 372651, 381032, 393161, 406750, 104795, 389772, 279666, 388328, 280859, 257051, 343048, 115003, 480779, 245775, 440045, 454071, 50863, 492596, 138621, 494806, 425228, 86934, 1636, 227443, 339457, 155532, 182003, 375000, 474244, 246662, 397254, 303152, 48193, 220150, 336095, 418342, 378671, 203365, 469285, 197288, 353456, 416171, 53745, 176854, 381465, 30361, 240805, 24586, 39478, 311648, 184268, 416270, 34178, 359499, 193801, 307368, 340001, 476062, 293046, 183737, 156024, 432231, 381823, 10998, 122125, 431088, 326155, 487361, 204538, 36067, 8375, 333994, 250454, 299200, 106084, 158021, 365510, 309819, 391043, 293054, 388324, 482309, 369891, 18956, 35484, 183499, 266999, 150420, 416441, 232922, 338602, 115570, 420500, 348793, 152245, 73111, 243728, 361066, 88962, 461179, 110129, 255016, 291015, 132481, 342172, 190178, 97449, 399844, 337186, 56411, 498902, 480084, 204760, 390411, 66835, 439601, 316248, 174937, 120903, 106162, 298896, 20177, 484630, 357532, 139845, 218184, 392009, 489293, 48100, 172920, 478188, 317410, 395059, 131125, 79327, 363555, 127666, 342450, 9348, 5828, 180756, 428048, 56351, 316021, 281113, 140114, 79871, 305124, 330887, 425937, 147076, 252887, 348543, 396283, 97133, 236547, 223702, 442234, 75822, 34324, 452888, 191344, 179803, 265265, 151095, 97716, 137502, 262546, 17796, 362402, 211292, 386053, 388083, 29720, 390799, 475907, 429548, 346788, 4327, 238984, 231555, 67538, 75200, 74715, 342432, 360579, 152603, 56976, 472870, 25840, 326986, 146027, 20042, 300251, 68010, 269790, 200302, 259459, 241900, 243574, 138833, 252175, 473841, 281730, 299557, 150971, 202223, 452787, 31487, 64542, 363894, 482914, 403526, 372645, 17140, 134379, 400883, 472913, 495162, 425473, 233021, 128196, 119788, 359695, 328243, 133552, 397729, 372496, 74647, 479446, 475649, 52788, 461297, 420275, 78104, 482940, 164635, 217437, 117679, 124175, 318895, 396512, 496117, 434058, 223942, 104500, 167949, 96190, 257004, 261027, 359822, 439089, 115400, 330828, 408895, 43913, 125587, 468663, 254633, 76298, 128448, 225163, 20660, 351742, 217499, 490860, 355923, 214717, 401604, 285173, 189494, 493043, 169403, 29044, 77655, 330043, 88655, 63402, 112587, 156508, 178358, 55898, 81824, 450399, 448243, 392539, 114773, 414249, 308706, 437398, 118452, 277546, 370793, 258165, 343035, 382111, 157189, 225343, 43802, 493212, 186462, 413796, 443335, 143608, 429876, 397865, 10785, 157539, 135837, 369285, 291435, 176670, 36340, 161090, 387519, 499754, 4046, 260263, 229618, 2710, 373623, 92588, 184883, 465627, 127168, 75426, 114714, 389714, 191362, 491101, 236579, 468404, 244751, 301719, 142083, 457872, 44888, 44484, 206771, 15161, 296605, 123453, 418997, 206179, 409952, 440645, 151400, 75455, 7596, 82363, 2868, 199389, 221082, 216708, 274118, 316153, 355823, 483279, 310929, 154122, 70204, 319443, 429963, 4715, 22461, 310665, 23094, 140762, 232507, 327620, 230325, 362723, 190623, 449229, 19414, 63162, 394222, 398564, 151214, 386188, 309711, 116033, 330535, 7967, 189298, 409417, 119227, 41623, 470, 254832, 451058, 138249, 67377, 479054, 266703, 328431, 493568, 472771, 47074, 12713, 349550, 285128, 247385, 178885, 59744, 482405, 365426, 329971, 378302, 140105, 274254, 357934, 429981, 268018, 61841, 385403, 272621, 35403, 77960, 297902, 232414, 273242, 211282, 157882, 100469, 404079, 47266, 276010, 55065, 156748, 306563, 461968, 25896, 287587, 367276, 410571, 59537, 472710, 97554, 460071, 91540, 335848, 441222, 200059, 247658, 341687, 12506, 267607, 86695, 374482, 271760, 97809, 162956, 176620, 130833, 342476, 21107, 406, 333850, 11782, 430110, 102885, 279336, 8451, 159751, 394720, 79758, 454566, 470425, 408993, 179034, 53161, 214473, 188789, 55502, 192238, 113200, 362727, 36249, 296840, 99673, 320135, 445034, 173350, 114981, 306223, 463594, 323422, 386008, 131866, 106577, 179076, 462344, 250179, 485906, 467604, 9919, 6232, 324822, 219270, 208563, 364817, 145773, 76170, 208757, 217474, 56608, 381828, 175575, 106412, 458254, 465316, 164519, 413533, 297196, 87456, 66833, 347610, 367538, 100618, 43122, 25519, 255784, 455610, 28303, 194468, 380785, 474753, 185788, 48195, 264849, 302480, 401518, 12426, 34780, 432663, 400609, 218347, 489402, 199591, 225454, 203424, 341450, 74999, 4947, 407765, 176608, 418801, 402773, 483657, 288092, 191373, 458078, 267216, 118502, 498251, 321584, 401569, 471316, 68930, 308178, 5084, 123277, 163791, 113277, 474162, 466818, 8430, 365487, 372231, 124323, 152516, 356961, 81314, 387925, 126843, 145473, 273819, 466787, 372361, 171229, 88578, 182719, 265451, 318129, 163321, 380199, 461020, 147392, 180589, 38253, 204936, 457531, 434099, 354612, 346682, 61294, 321551, 59420, 327360, 110268, 261914, 122147, 80993, 306226, 189442, 25180, 122142, 115164, 382970, 384494, 308361, 26770, 44855, 413922, 404196, 191641, 11973, 57564, 469618, 315953, 341581, 395862, 347364, 482861, 146632, 33006, 230618, 53610, 412884, 471028, 118683, 38372, 143458, 188060, 222030, 61528, 253057, 375756, 11168, 5199, 451028, 175307, 100609, 378894, 219307, 204628, 39211, 340044, 332177, 983, 318636, 338642, 215128, 466940, 271208, 437983, 335643, 492346, 411750, 347560, 39924, 444792, 367868, 156489, 435615, 194137, 211696, 483667, 299237, 478324, 164302, 222925, 439179, 13669, 327017, 12795, 461789, 21935, 7563, 378988, 186636, 142447, 489518, 485284, 480754, 51410, 447998, 322090, 394524, 405000, 453282, 367236, 464732, 430157, 454697, 259665, 467670, 453186, 288983, 287940, 110095, 81452, 110464, 305053, 480362, 240090, 11529, 160042, 50420, 296825, 88412, 454274, 295663, 437314, 368883, 428874, 125544, 486609, 120564, 459571, 34640, 253021, 144049, 416418, 313484, 464513, 53006, 472889, 402150, 289543, 136242, 141931, 400325, 395159, 263416, 212377, 459261, 455681, 474190, 76960, 235520, 70003, 70538, 301637, 362771, 290806, 63035, 451725, 445589, 91283, 95936, 493687, 56274, 451810, 255245, 81218, 200036, 407885, 308176, 39323, 449206, 312709, 279362, 291505, 108447, 107264, 151975, 15971, 470565, 175345, 237693, 218756, 147429, 81911, 436623, 257653, 89176, 237576, 431277, 299379, 249947, 203574, 434259, 134434, 167269, 373598, 121662, 284780, 142104, 202850, 307901, 483547, 475742, 139359, 170421, 489249, 375848, 240645, 198563, 270427, 153654, 344246, 55812, 99688, 415902, 236145, 65474, 54107, 92484, 252418, 164516, 54822, 92362, 280830, 237375, 129343, 201868, 120533, 478243, 316804, 396874, 185008, 210755, 353860, 135199, 433982, 45215, 429470, 244415, 366521, 20737, 91591, 430112, 494463, 485611, 131013, 263112, 42282, 157426, 133650, 362918, 300383, 317213, 307759, 33487, 366772, 238302, 346911, 27681, 450594, 426181, 454165, 249348, 320033, 44571, 304509, 180534, 498372, 510, 289865, 228597, 240930, 459169, 321781, 241502, 237445, 178248, 11098, 163201, 417473, 241370, 279558, 455777, 76474, 68412, 90902, 497446, 250719, 312152, 274164, 452755, 43777, 479343, 465062, 236102, 41876, 188770, 271615, 144305, 25779, 167122, 474537, 231877, 494701, 373986, 310535, 324647, 372368, 17028, 330435, 239395, 408076, 391006, 121428, 461272, 482058, 412971, 308589, 29207, 88179, 282532, 206210, 435770, 217951, 176256, 50370, 424325, 266725, 243869, 410942, 475414, 139278, 38952, 47241, 163277, 342084, 28068, 166852, 229998, 197659, 17449, 259126, 381526, 388653, 121596, 43652, 122777, 136212, 437928, 78572, 243028, 299591, 492444, 34890, 447465, 378136, 142338, 304711, 492174, 263663, 419476, 124076, 211367, 54400, 454293, 54063, 181752, 182798, 217306, 56704, 441215, 496329, 322629, 146415, 438706, 379335, 207410, 245619, 454668, 452010, 197680, 64607, 310511, 435838, 218802, 387966, 208824, 412024, 420405, 105769, 14293, 76999, 283215, 342807, 109074, 143036, 495971, 468374, 26943, 138776, 228125, 248921, 25284, 296398, 49403, 169145, 452617, 99430, 42508, 53408, 84693, 83525, 406800, 131748, 150038, 101120, 299938, 480913, 333650, 197098, 145074, 6412, 296057, 267546, 136886, 196866, 477772, 305919, 394990, 111060, 101305, 243870, 13483, 400515, 208316, 303283, 409667, 445768, 117824, 276330, 381491, 239735, 399354, 85794, 153706, 238465, 211284, 430393, 56845, 238290, 110819, 194605, 157816, 140133, 257449, 468080, 137206, 389391, 52141, 328787, 383395, 271744, 143056, 443998, 129392, 452511, 90267, 255023, 21964, 293516, 468350, 220158, 454843, 12815, 198242, 316071, 195670, 253617, 12322, 106280, 76614, 120273, 470345, 139158, 295858, 25471, 77965, 359526, 159750, 473546, 139650, 126760, 347287, 178925, 118724, 373075, 414476, 241299, 156723, 381258, 303862, 468369, 262906, 129167, 310249, 277155, 204255, 44835, 24216, 124947, 212338, 341826, 194329, 70658, 490921, 137502, 420233, 363187, 2764, 111513, 263774, 92357, 30431, 368319, 273545, 478928, 39822, 50829, 161071, 51414, 405240, 157475, 109733, 191359, 31283, 220553, 459401, 166103, 351720, 150469, 250904, 459506, 365683, 136956, 426372, 226333, 132620, 201579, 499636, 270559, 138494, 123637, 489776, 43281, 364550, 346476, 21993, 36771, 387336, 216172, 298780, 144113, 44263, 184047, 385751, 385373, 64526, 448270, 432636, 341758, 397967, 481673, 490044, 206020, 223075, 366791, 50314, 124648, 43208, 102771, 164871, 303877, 111768, 409733, 403001, 192425, 145341, 46240, 110786, 303408, 221591, 471665, 300690, 435267, 281524, 384388, 180642, 271617, 493940, 126412, 228894, 63950, 443354, 386110, 481583, 64784, 134893, 385008, 453685, 487902, 147578, 37603, 6772, 245543, 310298, 35292, 268322, 486030, 369624, 403875, 337457, 45115, 178951, 164022, 231441, 433922, 37246, 179836, 281406, 104093, 400546, 313774, 35626, 196047, 69333, 391422, 496867, 220852, 182526, 205659, 269660, 463219, 190585, 468751, 146522, 92435, 334117, 324308, 481293, 449709, 211832, 52835, 49325, 398992, 338701, 419022, 442822, 497494, 85062, 12597, 455787, 305640, 450041, 223368, 16620, 321026, 321263, 293292, 342489, 92719, 278001, 5193, 343836, 94451, 364893, 50660, 298493, 372291, 46584, 420118, 215629, 359172, 51886, 239483, 129869, 133702, 329531, 147787, 384199, 81815, 340141, 426157, 96258, 466193, 354966, 67844, 71164, 265465, 225614, 285262, 357754, 186187, 441347, 289592, 127791, 150350, 492319, 240743, 235573, 139743, 311369, 118244, 16346, 393063, 62951, 102380, 15159, 228383, 419847, 284822, 79535, 102002, 130802, 453598, 42184, 8303, 342842, 345990, 490708, 214898, 50346, 383337, 182392, 46822, 109087, 219024, 12818, 421876, 485343, 202315, 22124, 392903, 280519, 395585, 237099, 357635, 223653, 295962, 254216, 393479, 384697, 11666, 242870, 65314, 38060, 152012, 2668, 373683, 499899, 184688, 237390, 460921, 467026, 378615, 73151, 425911, 157610, 191427, 366004, 333474, 371838, 414582, 125637, 187271, 482969, 460502, 153697, 60296, 302006, 166599, 249273, 325050, 493220, 122264, 395526, 291336, 68181, 260989, 20825, 238657, 151721, 8146, 237788, 197155, 440999, 159032, 413928, 270420, 32583, 56399, 165974, 104044, 318360, 470178, 311633, 440782, 361616, 164770, 458110, 129447, 58640, 27546, 275792, 12850, 289730, 86957, 189330, 258833, 395779, 94621, 53698, 492659, 107820, 492460, 393879, 410973, 278208, 142166, 255244, 292258, 156580, 275063, 64133, 375968, 445305, 198920, 383978, 206944, 381776, 190367, 265215, 372911, 102045, 249389, 161508, 490799, 123217, 114065, 380242, 427117, 299706, 409307, 143076, 497746, 109977, 444787, 480066, 60969, 140091, 74492, 18196, 320362, 441137, 455527, 134784, 461571, 239736, 413180, 470281, 421852, 403706, 296719, 123832, 214715, 469081, 404816, 407769, 195284, 428859, 424356, 32550, 366194, 463387, 307265, 340343, 6810, 98431, 87659, 377433, 287626, 146590, 172283, 230182, 163521, 448141, 302902, 464186, 45692, 469602, 489125, 434823, 201599, 479462, 201626, 395143, 102350, 5095, 20935, 312683, 249785, 422784, 215470, 420289, 369230, 496553, 224400, 265292, 440982, 402464, 354698, 12991, 16901, 295191, 286408, 253448, 344714, 463126, 351158, 318248, 64519, 177032, 328109, 330109, 90861, 33881, 298260, 190553, 421813, 27052, 302445, 478753, 316430, 407713, 379918, 231029, 90049, 389774, 65242, 388255, 352679, 31477, 57724, 50340, 388746, 498629, 466950, 324613, 478529, 126817, 153796, 116465, 326559, 40882, 101347, 360434, 18370, 239343, 310400, 382026, 142096, 180277, 237705, 28665, 306380, 447824, 274777, 336664, 277107, 4842, 309946, 47644, 343961, 262613, 26799, 252309, 287083, 38359, 287552, 281609, 447269, 297682, 273637, 374505, 180051, 384054, 336250, 304626, 205680, 76371, 458582, 195969, 19990, 487958, 344449, 471042, 488628, 354395, 224736, 170770, 336855, 36687, 36701, 227057, 66916, 487752, 50541, 335076, 360255, 416990, 410236, 361219, 347856, 2003, 216988, 45383, 343193, 262649, 309381, 395747, 100477, 125448, 5178, 62347, 182564, 10846, 421298, 42200, 74186, 560, 199, 231437, 318678, 473323, 427801, 468439, 6383, 209652, 467062, 278414, 383381, 308016, 395269, 212405, 26779, 377915, 55855, 238770, 188525, 79962, 106668, 32566, 105972, 53433, 99804, 401227, 29396, 224475, 213023, 376730, 25529, 148833, 387734, 245251, 496216, 426767, 329775, 6265, 257816, 84043, 449461, 153829, 65224, 334622, 329258, 318273, 363736, 94094, 36436, 145084, 438728, 348889, 234317, 129424, 187043, 351119, 131424, 391939, 186672, 114840, 365721, 70104, 18550, 165261, 457415, 338997, 499850, 225247, 21706, 470217, 57119, 293893, 159161, 138530, 457772, 142200, 421928, 448251, 248878, 406619, 388833, 50567, 278286, 81586, 282744, 232578, 295936, 187320, 105056, 46342, 334361, 286723, 315711, 228665, 142213, 79193, 269378, 156484, 135492, 424468, 410686, 332616, 485759, 111961, 142565, 462111, 42141, 9320, 379457, 381380, 472176, 327232, 445087, 430236, 495569, 396424, 381542, 344706, 206983, 1835, 419092, 310656, 186125, 48762, 163840, 75283, 145069, 171999, 54854, 20872, 236625, 421365, 272269, 362861, 174537, 216678, 319685, 307894, 364968, 259038, 283076, 482632, 70893, 53815, 132799, 88675, 438580, 244874, 198726, 9788, 77426, 65578, 436150, 129924, 220481, 432905, 63898, 361621, 190937, 179757, 367175, 165967, 150236, 381773, 441790, 80200, 290124, 383854, 248606, 449805, 161716, 465398, 447059, 430796, 442059, 499572, 439686, 464183, 461955, 490679, 31506, 83795, 22188, 316329, 312450, 489295, 289732, 80114, 100247, 207192, 498114, 430760, 70219, 340008, 171973, 195152, 332072, 447452, 322887, 37262, 114898, 126412, 471103, 427015, 295825, 496634, 248653, 354023, 75236, 9906, 305585, 168852, 304201, 57758, 408103, 75610, 277086, 413746, 300734, 304546, 285939, 283738, 472074, 491718, 25076, 274921, 133546, 320719, 309459, 426861, 200547, 52079, 156337, 30591, 207878, 154773, 149125, 459256, 136044, 398569, 227239, 349974, 78049, 208144, 68809, 354569, 182406, 443350, 417354, 180053, 269693, 273610, 380007, 132125, 338229, 143241, 480709, 132350, 32988, 152498, 329156, 233414, 67372, 119571, 401799, 470870, 495146, 58001, 364786, 59902, 444585, 165187, 228102, 158655, 394582, 329760, 68553, 266162, 445163, 45073, 299017, 371314, 431923, 298338, 127215, 398055, 59198, 304304, 44166, 287988, 100528, 468124, 410932, 454522, 390868, 170185, 155619, 55192, 277190, 459508, 271417, 303733, 77005, 431034, 33427, 309878, 220447, 380089, 118157, 331755, 404990, 186609, 86497, 226157, 50460, 229221, 416998, 417783, 273812, 473796, 441956, 319143, 233572, 457534, 289127, 118305, 200061, 391409, 76595, 140309, 255773, 140322, 457650, 386221, 172866, 292960, 194530, 4069, 72642, 78251, 444218, 248971, 430232, 482091, 337099, 33140, 399338, 367468, 258089, 109821, 438393, 475568, 127435, 324337, 173764, 128880, 83260, 468884, 358403, 303936, 86386, 485562, 138258, 144356, 274949, 22786, 5836, 129159, 457686, 101262, 471422, 461972, 452078, 438217, 159991, 492341, 316419, 156286, 215832, 391803, 26162, 151847, 425264, 336343, 467534, 338858, 394536, 375647, 303368, 488702, 367852, 492439, 287884, 382990, 368073, 16918, 386665, 106512, 66289, 192978, 401693, 161348, 364150, 307367, 319555, 426632, 194124, 279522, 7521, 384174, 250301, 372011, 411715, 312955, 495839, 286249, 251425, 484393, 24228, 161795, 324032, 267240, 190646, 266348, 445543, 125764, 491997, 303860, 43993, 33987, 217370, 156972, 73594, 333011, 105802, 366166, 229336, 150787, 487380, 18873, 51507, 463014, 118406, 200744, 90526, 435996, 46070, 167470, 282769, 114472, 338995, 89629, 75238, 104815, 457222, 68341, 147899, 225548, 165316, 461411, 90801, 283543, 415844, 219985, 495570, 378383, 131661, 91964, 297415, 336112, 323775, 372112, 121132, 135721, 161076, 222139, 353998, 149040, 327962, 395602, 198516, 484202, 228133, 483500, 357081, 314380, 47024, 415090, 127735, 367719, 250064, 302532, 112999, 113662, 107504, 311484, 419056, 471802, 292366, 60058, 499711, 490727, 243308, 227966, 469188, 292836, 236938, 146792, 202506, 102762, 155278, 47312, 374406, 220979, 120854, 209418, 409173, 54548, 216617, 314953, 206889, 160440, 74509, 205691, 499108, 278123, 190785, 260734, 133093, 367731, 199105, 326073, 295479, 7287, 499862, 65353, 431846, 477786, 144004, 400119, 328468, 329714, 15241, 288045, 458840, 383405, 6356, 463920, 273200, 290367, 343465, 117810, 85064, 116867, 236164, 203257, 469542, 449980, 318141, 152985, 465400, 188307, 37733, 31450, 363971, 497888, 451343, 463085, 286256, 287798, 189125, 5650, 68633, 318716, 403018, 214435, 107639, 62421, 129103, 206172, 279527, 279002, 116090, 163938, 434292, 380195, 125039, 121960, 355312, 76893, 282810, 91755, 2147, 386809, 237548, 59357, 337409, 380314, 449489, 373985, 20886, 499469, 18081, 104207, 140225, 211335, 232577, 141589, 105797, 397295, 4955, 187834, 99597, 307550, 360852, 406365, 254608, 205287, 373417, 316430, 438642, 433418, 187446, 292125, 33522, 324083, 472533, 178541, 162678, 241483, 99138, 68237, 111457, 376739, 455813, 427393, 426836, 412390, 37487, 362254, 176084, 93251, 68951, 466982, 7959, 104414, 172878, 49484, 251174, 103658, 9522, 423118, 397232, 352529, 125967, 428028, 206828, 352066, 319215, 412551, 359114, 323551, 235859, 355553, 421072, 45269, 5878, 333050, 356356, 290922, 78693, 208574, 431016, 302973, 226101, 139687, 326886, 388673, 476722, 60762, 157351, 290705, 46955, 173136, 237274, 468059, 137751, 287856, 419711, 256028, 155303, 338332, 239570, 90586, 122711, 119066, 269711, 446603, 435413, 117145, 221537, 140580, 106871, 440480, 160485, 47914, 201843, 352114, 59109, 263609, 456621, 311582, 86716, 62997, 275642, 445643, 6932, 445577, 467229, 84947, 269977, 336026, 272993, 179007, 220994, 495198, 54212, 298115, 434194, 12968, 187352, 162479, 470144, 223854, 54725, 228634, 477430, 126038, 161273, 321402, 358264, 345813, 32368, 494866, 352692, 470731, 14457, 366015, 103931, 179974, 330702, 162131, 433067, 477863, 95308, 368074, 123367, 338178, 65196, 5751, 270364, 365248, 276319, 301103, 372329, 268318, 314706, 353778, 326688, 400418, 11329, 355694, 171215, 63827, 335558, 429746, 310781, 57357, 244744, 226422, 159544, 66987, 95645, 419265, 39208, 240053, 62193, 253183, 56722, 446411, 80077, 333796, 134021, 49059, 97830, 160040, 366776, 382499, 285613, 45695, 210738, 457011, 121629, 117291, 197571, 398165, 239850, 172994, 200875, 266114, 237397, 164587, 308776, 196919, 58918, 149561, 333009, 12555, 190365, 73850, 247684, 260328, 385522, 428836, 137015, 44663, 97774, 141106, 344144, 474569, 93147, 105972, 328073, 393475, 368208, 60593, 284693, 244510, 128884, 492571, 35243, 199203, 148911, 265738, 201993, 165619, 176915, 337271, 228899, 158398, 405413, 299438, 481842, 90862, 364112, 275941, 62068, 138480, 44882, 295801, 237263, 22160, 163013, 94163, 183202, 29347, 56030, 14554, 332077, 310660, 257864, 41361, 190840, 244698, 443669, 329916, 214032, 223812, 226480, 261992, 74761, 218904, 464326, 246143, 218364, 146978, 67181, 192270, 234737, 349217, 169686, 185016, 234624, 204299, 410379, 117370, 479853, 440571, 248157, 46956, 193781, 7929, 198642, 184694, 58752, 41947, 159334, 298451, 369454, 87955, 326049, 25032, 433432, 156817, 314554, 106099, 399286, 111631, 293351, 426825, 316777, 405040, 296102, 11812, 126970, 320042, 402206, 287746, 271585, 22182, 38955, 220812, 80826, 217261, 403548, 254432, 277494, 278817, 375133, 358120, 46408, 184875, 378464, 148555, 33616, 282218, 246382, 335985, 122619, 356265, 24384, 269057, 326444, 487871, 329660, 123303, 203236, 86634, 304596, 309523, 12164, 418935, 496026, 378220, 265737, 234764, 298412, 22768, 410763, 369274, 472917, 765, 458174, 430268, 439568, 478471, 40325, 331133, 399959, 136407, 389363, 465707, 369030, 248580, 108847, 16443, 495036, 171251, 430167, 356260, 249754, 331972, 388028, 474360, 278010, 339286, 62414, 60396, 220518, 32590, 318900, 289154, 169293, 117192, 332157, 64288, 337949, 302546, 309107, 423027, 79015, 417054, 22838, 151253, 205181, 365039, 99320, 396039, 319413, 102982, 322883, 127516, 194685, 233377, 149485, 391682, 438322, 166442, 90373, 131541, 323535, 198860, 279391, 291768, 23035, 97167, 311268, 200652, 472257, 28577, 230556, 223263, 332127, 199889, 202111, 306410, 196711, 103835, 218041, 95872, 219180, 86314, 233019, 280784, 393090, 411999, 70128, 403211, 55159, 97683, 327584, 105401, 343050, 116914, 451046, 122213, 298073, 336116, 377264, 476213, 407254, 455329, 149889, 30743, 63156, 65309, 53372, 380050, 177617, 131979, 231963, 380739, 422084, 345467, 82499, 239966, 171916, 154014, 217835, 268948, 382533, 90884, 215656, 5405, 338528, 298894, 417446, 358100, 100825, 233404, 40711, 428038, 193661, 495651, 57566, 375553, 383042, 382793, 394909, 276849, 141144, 259264, 85634, 146197, 216609, 403342, 301062, 154577, 84758, 266339, 280027, 90996, 461820, 429125, 86618, 367733, 261779, 113804, 58021, 418420, 35246, 35412, 449427, 418827, 266062, 188444, 299475, 428454, 8807, 127834, 127753, 85974, 132206, 441410, 478801, 367410, 346750, 139744, 182025, 214205, 275644, 257868, 312101, 205145, 426243, 54776, 151166, 465454, 263684, 85850, 123664, 157620, 285516, 198712, 267384, 5789, 372951, 17018, 175689, 431909, 211986, 387066, 189748, 449798, 252086, 165127, 158205, 479941, 275579, 360303, 369330, 317236, 69827, 99540, 121952, 324605, 158770, 98811, 469751, 137868, 182966, 343294, 170525, 490503, 478396, 51402, 193482, 244451, 12401, 370458, 392013, 186938, 244018, 271263, 427245, 113140, 443872, 125806, 45406, 234967, 18833, 272829, 283779, 35766, 173822, 389370, 179699, 183006, 61613, 1011, 275727, 144624, 479814, 421907, 137346, 23430, 168703, 395031, 101145, 242703, 277904, 331582, 155755, 492835, 84602, 290495, 449688, 5310, 337955, 12887, 277953, 122791, 53095, 251214, 38899, 32517, 149122, 102651, 311098, 264714, 256527, 126850, 476390, 30249, 480127, 184934, 202767, 168457, 115416, 217152, 276146, 30888, 480978, 438703, 66687, 484215, 32322, 429138, 11409, 448539, 252612, 444414, 42368, 21752, 159688, 334957, 30973, 424219, 235657, 396793, 122455, 175879, 415954, 62539, 323282, 26329, 51840, 55363, 299388, 294681, 378389, 433270, 78075, 245123, 231573, 340246, 331931, 85688, 105186, 329083, 376063, 382765, 278023, 36265, 184633, 402527, 298781, 408309, 301752, 43121, 307857, 390322, 167512, 401221, 439429, 320757, 82521, 137307, 245808, 13939, 175242, 6517, 290504, 305472, 488649, 77740, 436362, 486648, 66430, 192923, 356797, 223537, 483027, 446152, 473132, 421367, 325347, 62347, 359897, 72283, 141783, 70256, 216697, 385651, 79646, 195820, 403517, 430209, 303493, 125420, 337053, 310344, 259202, 474145, 95997, 48303, 70647, 165519, 438771, 388394, 193601, 140748, 467541, 394259, 311573, 315284, 228825, 457800, 162301, 47697, 116795, 338393, 304193, 117383, 213821, 240672, 124845, 376006, 351515, 341516, 48242, 276355, 55451, 450141, 118104, 321324, 339214, 297663, 13015, 9319, 183007, 438977, 412589, 127696, 423558, 385261, 4147, 120436, 282035, 225776, 157836, 478216, 475575, 289296, 130511, 32752, 482753, 170753, 273760, 401165, 95095, 152448, 452439, 383502, 463149, 315967, 404225, 333430, 200552, 70059, 429248, 275786, 165008, 257781, 346407, 455141, 497009, 223053, 364985, 258688, 410768, 283875, 5926, 39020, 274209, 200084, 310980, 98784, 29966, 87339, 485996, 341989, 87470, 1701, 89370, 473042, 341057, 385378, 202186, 408896, 102437, 274878, 115601, 225016, 175521, 288938, 497446, 69830, 157700, 466518, 19816, 415783, 377732, 229525, 269034, 175029, 493540, 5513, 18691, 132806, 443407, 374988, 493225, 494730, 444948, 148420, 340917, 92557, 136396, 267585, 81511, 147428, 231775, 52544, 288682, 23191, 98677, 279174, 15579, 202547, 463869, 11899, 136258, 34341, 154519, 204422, 70294, 21786, 466365, 18061, 89559, 231938, 41547, 453177, 4501, 108646, 182487, 351387, 34772, 484431, 117932, 228103, 61346, 56308, 317295, 154866, 321521, 346461, 427795, 211545, 201731, 118975, 488419, 324056, 22736, 380199, 63066, 24628, 393115, 370126, 475902, 127061, 312620, 329223, 304578, 225418, 40701, 340866, 194402, 99293, 63138, 407903, 117902, 177173, 67212, 394370, 11205, 140844, 77423, 221123, 19751, 414889, 25080, 443098, 197083, 128437, 391127, 400872, 118912, 491496, 404397, 262949, 210377, 271699, 172623, 439154, 142365, 260405, 275513, 431458, 323248, 343448, 262618, 190001, 119145, 1437, 150620, 129136, 303088, 242521, 133694, 378823, 65246, 271167, 182736, 395702, 93726, 173766, 180586, 143394, 198998, 263272, 181200, 391838, 212781, 11586, 313841, 366184, 48246, 158119, 383568, 122527, 161180, 98825, 45669, 23551, 41747, 457675, 387578, 407454, 454847, 166100, 248818, 367426, 421980, 324001, 458243, 341794, 240918, 207411, 27991, 94356, 310991, 289980, 257060, 200045, 339372, 235697, 439674, 301102, 16442, 55480, 473356, 478194, 358434, 463356, 476233, 162631, 344753, 162667, 290995, 85608, 451014, 345000, 487134, 260126, 79094, 414821, 152858, 320286, 428461, 407056, 129718, 272500, 485068, 245145, 283400, 52564, 260926, 443091, 13463, 34648, 47691, 204782, 51466, 157175, 153572, 176577, 182122, 107747, 169197, 238860, 45861, 89653, 64280, 497590, 13102, 32323, 180887, 344948, 67638, 432751, 484438, 140539, 285813, 492999, 310541, 208166, 255461, 301820, 291736, 231768, 338578, 346417, 229795, 346126, 472539, 356085, 474348, 473331, 459347, 153286, 318579, 339808, 155908, 405488, 59244, 351617, 405172, 74773, 289795, 89771, 356432, 463110, 151338, 442572, 166061, 312912, 204799, 352602, 162731, 76373, 490832, 379480, 59879, 259125, 171694, 416953, 279970, 231200, 442108, 331949, 131485, 425224, 343394, 113841, 21759, 470449, 260843, 437755, 262362, 331819, 8580, 318795, 88706, 186535, 20283, 388014, 111091, 392650, 242180, 194603, 42097, 13309, 52727, 75627, 61802, 314754, 20053, 131595, 178654, 475537, 77830, 390314, 387737, 415896, 22585, 433643, 88767, 162801, 446067, 496071, 325485, 11949, 165408, 27139, 186578, 270045, 24276, 405386, 488095, 81863, 94287, 402959, 173812, 32218, 347651, 477143, 446528, 18398, 15610, 448200, 463231, 118625, 304184, 171959, 468954, 152504, 454896, 145787, 114582, 109693, 98276, 373947, 245690, 308099, 43358, 414983, 369303, 425328, 36130, 470606, 169423, 54009, 382991, 95653, 23899, 216134, 47354, 398524, 219444, 177361, 104350, 166605, 489304, 35185, 402674, 298385, 247895, 253621, 77861, 414000, 366592, 25483, 328070, 289027, 49976, 51394, 447331, 237885, 428748, 413147, 329039, 428208, 111735, 369237, 272302, 109029, 377409, 393100, 84981, 127036, 126784, 228620, 455939, 349808, 124029, 388626, 11642, 219086, 245961, 52056, 31174, 89417, 183937, 480576, 360854, 340503, 57700, 399793, 59873, 311184, 389870, 461120, 288607, 426726, 29967, 316168, 368631, 421137, 145971, 237811, 466852, 275790, 460803, 163443, 381305, 208833, 42249, 298149, 33016, 454197, 241935, 394595, 154951, 420753, 65187, 33417, 338467, 169811, 431049, 481161, 135373, 399114, 106577, 489549, 303764, 303263, 268333, 225446, 75489, 392755, 18987, 424806, 365581, 190518, 2941, 477106, 498501, 369985, 324567, 156698, 474088, 116175, 16177, 465992, 478233, 237953, 46161, 21022, 450621, 172730, 48372, 29870, 457448, 32465, 418360, 457238, 357698, 162608, 272471, 206580, 441760, 438229, 484629, 18951, 196594, 176892, 300734, 227979, 288107, 83169, 350790, 396612, 356402, 147238, 59096, 118322, 344632, 164685, 362379, 280270, 178538, 249058, 351754, 341520, 367853, 100506, 412988, 438922, 358232, 495450, 282439, 366592, 125133, 362960, 420306, 246825, 453881, 355301, 80278, 453503, 213920, 198577, 193252, 153186, 205448, 330957, 182002, 434352, 5439, 22417, 54667, 120210, 276062, 479616, 357287, 400281, 250576, 187958, 124490, 231848, 185261, 245235, 132667, 203008, 472699, 195519, 481545, 435699, 376802, 239191, 496880, 415891, 107027, 93670, 452170, 63064, 313756, 304388, 76585, 286159, 416016, 73492, 255458, 365063, 335266, 340213, 112387, 365578, 365065, 222552, 136168, 41868, 487495, 369977, 146407, 323434, 22436, 13336, 144415, 90313, 233326, 42404, 248403, 85152, 107820, 247029, 227851, 283637, 29720, 165089, 63965, 41517, 86057, 204358, 65635, 98201, 210991, 406610, 454601, 317279, 306529, 53034, 333565, 54810, 407781, 351744, 166309, 420958, 201824, 390792, 121190, 422465, 225611, 296800, 112497, 120651, 469805, 127874, 130695, 240940, 253239, 394460, 72405, 486753, 273011, 239222, 299442, 406807, 151927, 359794, 193104, 385506, 213406, 231164, 60195, 166044, 158728, 371371, 233288, 55731, 108943, 467091, 438523, 368351, 169905, 149250, 86323, 218659, 233788, 281364, 355159, 481008, 7163, 322622, 79972, 65085, 109056, 326469, 95018, 25268, 475175, 475428, 225384, 302004, 163693, 479599, 321490, 74880, 215455, 361330, 385852, 461230, 203354, 145164, 220644, 32917, 329003, 435991, 304229, 154460, 191226, 785, 25796, 362141, 118113, 489604, 469378, 348793, 464483, 308645, 397688, 56954, 134339, 24164, 403115, 27973, 127766, 315206, 230208, 210992, 62745, 80628, 66274, 144894, 254679, 324147, 173543, 437906, 259772, 170956, 257400, 454685, 184776, 454653, 217983, 227513, 20686, 398380, 390391, 10041, 102384, 454122, 435897, 225277, 157490, 399937, 275936, 313321, 464723, 348405, 482841, 290881, 474903, 85267, 212009, 57696, 128801, 67619, 397365, 269810, 149411, 147708, 39793, 56202, 225065, 51284, 424439, 37375, 30651, 3599, 400744, 406138, 144862, 21539, 373416, 227360, 173262, 371861, 186321, 95354, 36025, 367453, 219595, 35734, 185979, 199147, 240455, 175992, 392701, 483475, 91524, 471666, 459361, 214106, 342773, 135693, 103143, 472120, 25356, 225207, 163968, 138760, 358379, 309299, 315729, 22141, 428116, 151259, 178426, 242567, 301456, 264956, 320681, 308108, 262259, 251881, 113942, 363873, 479948, 491473, 339028, 423814, 238050, 235094, 295340, 238593, 171838, 192272, 16115, 156785, 71356, 249354, 171125, 419456, 24946, 489124, 497000, 281972, 260196, 405553, 344503, 493545, 413102, 435977, 487968, 265553, 34218, 345967, 96440, 25454, 103593, 194970, 350492, 383982, 137235, 235522, 270712, 408150, 491723, 216185, 236520, 31943, 180707, 407280, 477405, 443279, 286279, 342951, 222003, 88555, 193894, 52989, 121306, 122362, 145980, 212988, 233592, 437103, 413931, 357887, 351834, 419922, 249093, 388034, 465217, 244380, 287390, 107567, 156788, 323738, 150621, 397893, 251251, 141278, 440926, 302246, 220392, 38182, 156430, 209632, 257262, 453547, 350046, 270117, 489513, 10787, 378699, 320223, 205962, 489452, 227614, 161896, 400214, 411404, 242785, 480714, 316530, 256754, 401091, 238465, 94096, 331757, 484799, 70103, 274632, 447726, 405238, 388292, 219398, 493382, 275317, 380892, 178882, 292495, 23679, 242474, 158216, 276667, 189830, 174792, 417232, 90701, 401388, 264895, 340413, 12241, 102326, 90506, 493594, 160809, 496551, 486051, 203779, 42269, 191808, 223072, 403074, 131959, 205855, 79126, 36909, 175145, 89697, 333689, 334550, 62790, 324598, 318314, 446903, 346650, 58425, 12708, 462197, 491004, 455525, 66599, 314587, 189971, 177415, 311030, 259597, 163720, 110515, 403904, 354081, 423114, 328680, 398819, 303878, 141323, 393543, 446622, 38751, 41470, 327644, 488159, 335228, 394286, 79974, 427458, 495535, 41872, 423819, 174041, 300035, 327005, 197113, 124056, 468662, 339174, 128438, 153137, 143437, 33933, 194309, 243319, 343575, 337032, 27016, 92060, 414486, 137878, 431711, 216760, 163094, 274496, 117765, 2410, 367682, 158275, 404980, 205226, 294097, 99193, 298263, 290599, 292912, 36204, 279965, 129448, 137155, 145541, 44759, 446426, 311618, 405485, 6700, 485435, 453176, 455684, 189441, 167352, 470106, 251494, 192488, 447826, 167081, 489532, 404167, 259161, 353126, 6507, 492611, 166982, 50713, 215774, 27141, 267354, 416561, 347119, 437958, 332590, 387995, 145275, 235452, 55724, 362892, 119483, 377304, 50676, 353314, 210225, 335605, 185215, 385422, 490132, 415389, 114540, 340667, 375100, 6962, 451960, 146554, 183162, 36823, 381895, 90723, 188941, 153466, 163231, 184304, 417989, 26536, 50387, 207916, 463080, 399139, 194864, 289402, 132812, 40818, 189330, 456771, 82405, 271454, 198029, 382584, 454959, 163116, 414582, 201211, 249001, 26348, 41715, 315848, 230486, 199510, 212474, 361448, 263672, 343346, 160617, 383727, 329261, 21072, 191335, 172707, 292004, 106063, 221472, 423599, 79284, 86345, 270445, 354090, 25385, 367775, 41781, 26493, 51601, 430368, 153925, 112973, 473250, 42586, 56724, 94222, 292771, 24676, 315216, 244288, 288854, 68673, 225195, 343674, 279346, 56486, 378984, 415108, 328700, 422595, 71730, 94318, 91025, 23280, 185230, 360925, 410509, 358527, 98493, 488141, 444356, 431662, 286947, 475615, 419235, 118668, 366229, 194247, 191996, 328839, 441649, 118048, 156275, 339561, 155658, 438286, 14085, 404854, 324629, 423365, 322624, 69442, 159233, 351701, 135999, 102701, 261131, 187401, 293938, 384051, 102126, 393718, 220420, 88946, 437763, 142273, 286103, 277445, 338805, 29085, 132952, 125037, 19662, 291227, 64664, 449593, 118949, 184105, 216489, 107799, 151017, 141259, 331595, 424511, 417069, 492935, 7750, 425643, 189221, 243547, 397229, 466118, 261242, 81208, 101133, 468598, 144532, 491029, 126447, 26061, 58653, 36075, 12708, 42165, 9337, 436599, 226534, 182618, 441734, 343901, 393154, 396983, 390677, 296982, 228495, 151945, 293528, 397921, 408643, 304219, 83381, 157929, 153071, 286718, 55321, 68195, 390826, 370874, 128517, 189630, 387823, 292800, 128718, 466682, 18568, 128304, 63276, 464587, 478995, 47438, 366311, 321304, 498002, 397890, 231499, 168536, 461570, 450667, 284288, 423958, 143284, 126231, 201223, 234546, 234400, 402143, 444110, 323685, 337948, 73373, 13118, 79194, 66527, 34542, 318126, 415511, 255451, 214159, 498709, 483884, 251344, 312497, 35726, 321639, 469527, 451533, 191759, 84507, 392638, 490085, 338217, 253330, 158188, 371430, 175547, 443629, 160860, 129584, 235662, 275242, 385502, 308748, 335507, 143068, 442704, 372797, 309785, 472728, 277973, 439766, 357265, 239541, 474589, 137481, 289995, 415097, 200713, 198126, 218193, 475528, 392121, 18029, 35000, 395614, 407810, 234404, 173034, 188978, 318154, 58385, 102574, 284899, 341164, 120367, 59104, 176693, 176043, 311329, 403757, 169072, 52872, 217044, 128167, 378183, 465022, 86697, 184165, 169212, 449539, 461367, 216703, 262719, 373574, 378404, 254755, 327123, 406256, 415893, 306629, 166764, 280352, 212797, 101893, 335688, 303645, 37851, 497428, 171281, 62236, 192146, 29642, 29790, 236005, 36606, 194118, 404162, 105683, 105081, 203581, 60893, 146098, 286447, 137204, 334726, 23578, 282281, 240359, 176536, 66154, 99926, 398485, 40487, 189325, 472684, 399211, 47476, 434642, 284155, 78177, 127644, 447891, 143455, 284472, 72091, 404830, 16151, 107689, 22883, 426324, 360268, 172187, 325042, 293061, 481078, 291767, 97024, 121955, 13720, 499833, 387248, 362832, 391289, 158767, 499464, 396669, 15053, 303616, 225433, 323644, 246859, 355944, 422763, 3588, 137734, 360394, 447892, 147858, 56568, 390166, 295289, 42416, 243819, 290105, 204900, 29629, 485909, 239093, 304741, 218902, 482071, 143647, 28103, 186380, 266922, 427373, 387906, 476630, 409389, 74589, 439894, 389475, 407359, 215557, 271453, 326154, 469130, 190377, 186855, 210946, 458447, 446971, 46543, 280541, 35645, 163843, 67772, 476319, 47721, 392622, 433498, 254206, 114563, 282971, 411786, 159787, 89630, 462416, 42222, 20327, 19180, 361459, 94830, 32594, 372784, 256056, 483556, 457418, 199965, 306661, 281537, 47636, 230361, 154939, 411501, 408568, 182080, 432053, 77110, 117865, 82809, 90211, 294407, 208999, 117652, 268565, 284695, 438156, 101632, 48511, 137659, 108266, 17229, 399219, 59688, 78274, 38740, 34487, 31401, 362460, 234243, 147549, 203630, 221510, 376717, 132837, 10911, 482708, 374649, 228161, 394154, 302946, 399491, 138548, 456686, 250064, 226552, 233077, 5777, 210022, 141160, 53223, 468740, 359281, 192010, 288328, 182363, 373631, 19120, 173244, 373184, 107294, 450310, 244572, 46247, 52456, 47622, 252177, 437704, 43868, 335424, 47303, 367019, 368398, 91376, 104433, 86388, 493299, 391765, 178257, 22938, 356787, 133942, 23173, 467230, 449719, 61375, 403078, 324275, 182033, 294905, 420077, 30576, 142107, 397357, 497230, 470956, 102262, 67594, 324877, 161252, 84602, 326862, 304933, 106349, 151655, 124273, 395014, 370377, 179354, 33337, 369576, 194852, 158662, 113301, 88864, 211565, 457320, 448106, 432084, 67020, 65992, 71175, 217861, 73645, 22688, 230402, 230164, 285774, 358508, 411357, 117621, 177054, 333332, 496429, 263847, 444739, 357779, 285752, 324997, 169790, 141853, 89828, 387156, 315498, 408784, 463992, 480996, 185483, 129080, 165885, 206197, 238776, 348619, 335389, 205207, 69478, 45482, 400996, 216050, 61241, 157996, 61968, 87425, 462155, 321226, 162228, 89727, 330009, 435103, 309582, 332698, 288185, 88039, 379462, 436508, 58217, 483988, 238780, 358489, 48299, 250243, 247957, 16921, 337771, 427685, 110362, 222250, 8696, 359000, 11709, 277276, 233421, 106784, 390578, 112350, 477890, 99185, 413283, 142618, 368634, 449204, 394503, 391805, 1291, 187992, 194331, 253223, 283678, 249007, 218765, 61226, 240083, 109170, 165325, 120673, 211029, 432057, 368147, 180176, 389481, 371427, 58868, 32933, 177772, 78303, 33002, 349113, 431727, 176048, 417778, 444377, 209510, 155029, 114311, 17554, 496134, 287209, 287566, 143585, 320519, 113383, 176662, 340873, 355230, 142563, 268010, 488526, 98887, 177453, 169741, 238680, 141714, 262443, 364939, 471876, 180669, 128502, 12926, 383852, 59693, 21398, 383826, 373102, 151290, 276855, 389467, 119416, 450257, 208278, 369840, 231018, 126232, 3531, 78295, 203396, 221687, 348042, 275161, 402374, 163241, 144965, 452732, 124519, 198986, 382891, 365698, 240959, 292495, 84226, 496063, 409405, 80726, 273950, 123058, 16450, 183094, 463334, 10435, 359673, 369185, 95613, 94458, 447886, 219936, 14728, 192419, 359847, 467749, 444804, 468477, 450700, 325102, 362142, 498909, 299278, 25851, 360165, 212142, 308514, 41444, 425694, 340420, 428494, 62073, 262402, 254912, 179750, 407278, 338183, 184845, 351576, 33119, 267132, 91731, 310084, 400822, 401218, 56021, 70716, 25137, 144516, 139870, 161715, 62648, 387531, 379935, 312170, 1704, 449440, 21541, 376322, 37010, 26625, 440066, 50309, 20835, 367511, 255588, 475588, 21582, 47271, 341494, 436873, 329601, 128511, 31023, 197738, 293464, 385633, 119252, 114938, 376487, 481576, 309239, 193650, 280280, 162957, 467093, 89118, 161395, 487209, 471097, 37006, 496977, 457323, 194945, 489463, 379084, 184600, 251011, 312014, 424593, 499146, 323261, 123233, 426502, 349999, 219689, 29426, 256065, 96362, 489398, 385985, 430586, 86021, 315039, 397251, 447471, 327379, 4113, 443528, 7678, 312140, 252122, 185677, 206873, 495561, 52088, 159110, 363371, 239730, 136276, 383447, 343896, 428202, 170491, 130321, 111183, 323026, 405381, 377044, 214805, 206417, 37725, 224827, 4397, 369435, 370174, 281570, 5949, 52979, 300891, 276674, 113376, 102957, 104891, 6702, 203096, 192747, 34561, 20742, 365026, 52097, 143849, 300777, 44102, 380842, 394171, 209135, 452017, 465918, 38991, 406921, 432695, 345293, 309555, 99009, 52757, 185327, 433691, 412607, 190914, 87167, 461169, 182262, 210186, 238727, 109291, 389377, 32435, 225362, 475794, 444106, 75452, 31298, 380108, 104101, 450368, 381632, 352130, 168689, 390251, 241196, 474526, 73058, 229774, 87038, 251377, 318765, 313596, 311211, 307579, 113745, 324138, 386481, 254229, 127796, 6947, 417689, 126623, 109728, 321206, 798, 205106, 349735, 71099, 224830, 286380, 90974, 355001, 214774, 265664, 162653, 430359, 103863, 88048, 481923, 199521, 243075, 102865, 342853, 295487, 330723, 160141, 205053, 7617, 435940, 312419, 170195, 67665, 204133, 178405, 244344, 129193, 477931, 26181, 497998, 203666, 263735, 425648, 262226, 112419, 135515, 393439, 135653, 318427, 437712, 422203, 328465, 125473, 195006, 3666, 160774, 105493, 317475, 317220, 281405, 218649, 201665, 473499, 74416, 451945, 282409, 407453, 325738, 230696, 139657, 97932, 5527, 181302, 158948, 180239, 465682, 434897, 306764, 122192, 219219, 412592, 434534, 143103, 438496, 227870, 474270, 73871, 46055, 455905, 135671, 67125, 306188, 391925, 469109, 12142, 495513, 298913, 422488, 353275, 312608, 89612, 31687, 64388, 374800, 362561, 417934, 88461, 74837, 212519, 498931, 477932, 111245, 420860, 476107, 399938, 37475, 156935, 197280, 51526, 85347, 11786, 158123, 162635, 452942, 461402, 96841, 405245, 219214, 157304, 179268, 179392, 82136, 71016, 410062, 252560, 37615, 382907, 230453, 494229, 438885, 410415, 409508, 189356, 438475, 368481, 90119, 447147, 10660, 117171, 366876, 423776, 178614, 270490, 401758, 113268, 198005, 364979, 395094, 86552, 26009, 329383, 47986, 172755, 227697, 13808, 293202, 145845, 383521, 404494, 455160, 263418, 31458, 271239, 68741, 145387, 187525, 75887, 428022, 355352, 11811, 10992, 68737, 404091, 147255, 363175, 420135, 337059, 70832, 379628, 124949, 155266, 265347, 190856, 438679, 363571, 244730, 152823, 259986, 103437, 36296, 302403, 237266, 363577, 122036, 475569, 317149, 15876, 494572, 388740, 369035, 225896, 331879, 368602, 93171, 83331, 449116, 205065, 426275, 306378, 468493, 446356, 263199, 18899, 213927, 78890, 141356, 273684, 265880, 414995, 31317, 331507, 104174, 14241, 80938, 94134, 204747, 126095, 80296, 487757, 58512, 441984, 303300, 11949, 224430, 119546, 267595, 171137, 152077, 435921, 128206, 54343, 332831, 91500, 43386, 103523, 17931, 447737, 184250, 164201, 456802, 22861, 100006, 379087, 99352, 182807, 69020, 488332, 4617, 415887, 312514, 168586, 117494, 437798, 139793, 326805, 224322, 328262, 140969, 223457, 460582, 349739, 314423, 399091, 489892, 388296, 290105, 376494, 194805, 204202, 13845, 16661, 486989, 441675, 112098, 381210, 462167, 422266, 236344, 284153, 440458, 362390, 240256, 30063, 483106, 442091, 354401, 356117, 278419, 29430, 107055, 72210, 146866, 128487, 483231, 377902, 364303, 365573, 313946, 139419, 269508, 176381, 40497, 386919, 244676, 41444, 255252, 369030, 406727, 46822, 32194, 58401, 364682, 22186, 257229, 111292, 211222, 109798, 248478, 112212, 173953, 224003, 203609, 339900, 484386, 53887, 411798, 391759, 164682, 353980, 436890, 417530, 233533, 197733, 310195, 370130, 431871, 353865, 367637, 363306, 33370, 433576, 209572, 455254, 113868, 292930, 22927, 209237, 194494, 215142, 484311, 142541, 488533, 468712, 181306, 56752, 347590, 21905, 29110, 294814, 120384, 175273, 107346, 48586, 239496, 217201, 18095, 430662, 334472, 462882, 386346, 395751, 368151, 74266, 496413, 497566, 360884, 23417, 343290, 299980, 281327, 193477, 412467, 349608, 219929, 137585, 380439, 355626, 40030, 1119, 119930, 114892, 156854, 331044, 352412, 178009, 456285, 309872, 402471, 290053, 242574, 15699, 327591, 90268, 368268, 162241, 63420, 271690, 11232, 61620, 462612, 335164, 63318, 471352, 444222, 346864, 20351, 424883, 344198, 175224, 491580, 253968, 493058, 223567, 17766, 453949, 352133, 364141, 168197, 325556, 70299, 74687, 201746, 380123, 423355, 2926, 333234, 232228, 490113, 124052, 78441, 237694, 290305, 105918, 280451, 27004, 282111, 82702, 410762, 281047, 367568, 443784, 243593, 35519, 468461, 336858, 459729, 38862, 483015, 272336, 425329, 496907, 27058, 381212, 367182, 341101, 138454, 77926, 145937, 264225, 59265, 236994, 497849, 150402, 45772, 131218, 122939, 213861, 145989, 1186, 182227, 272907, 294189, 374299, 336575, 444654, 99260, 496786, 317799, 354575, 135103, 220519, 10584, 69116, 471023, 183558, 470856, 109653, 330911, 94373, 355820, 199989, 382400, 294651, 83166, 313053, 110357, 216216, 454115, 114875, 391889, 25944, 455981, 77162, 382878, 417708, 390095, 16591, 258985, 203285, 341366, 87388, 323054, 250375, 483867, 287649, 184391, 131939, 164644, 191214, 280126, 96813, 106189, 369964, 239460, 118374, 158311, 100190, 339388, 495830, 25642, 143449, 384901, 441936, 328475, 114719, 210579, 277797, 264658, 33271, 479732, 97818, 159863, 271883, 268959, 219798, 405452, 172523, 407763, 407607, 249255, 445554, 481403, 422442, 370308, 298345, 100422, 345542, 341332, 495109, 382860, 283751, 291493, 376077, 345301, 471294, 47510, 244318, 248496, 187999, 4559, 354057, 77100, 62529, 160476, 333292, 42453, 77796, 44508, 125997, 419187, 90059, 435120, 153337, 413390, 431947, 135452, 112095, 20231, 95989, 473476, 153074, 80833, 308138, 129561, 236734, 1473, 410995, 362720, 134807, 339518, 187042, 293907, 165085, 86697, 349103, 486511, 401924, 120343, 123249, 475004, 2175, 119035, 468669, 218110, 85707, 226649, 434358, 293640, 243331, 211252, 70763, 50075, 257061, 434667, 471143, 316991, 218673, 187621, 399438, 494507, 283860, 366319, 455794, 319889, 38753, 97065, 401223, 347755, 414972, 405686, 177479, 179026, 496949, 98106, 258962, 54674, 396977, 485096, 57299, 81487, 489236, 13428, 26010, 334856, 471564, 253657, 98340, 387936, 424630, 348194, 188404, 496137, 413360, 171483, 395361, 359856, 99299, 265610, 227141, 360196, 173760, 476032, 95560, 178267, 191604, 84937, 176725, 284013, 104321, 480784, 149595, 25784, 222172, 7693, 86695, 282752, 131264, 308594, 341529, 308061, 156714, 184691, 181851, 474104, 190113, 477957, 447347, 230745, 287055, 401900, 137713, 76668, 93210, 10187, 199342, 431487, 142078, 108234, 28450, 15873, 314928, 112114, 303399, 299958, 77669, 176394, 388640, 450718, 304256, 359027, 6128, 356059, 330567, 81797, 277075, 60173, 291048, 491890, 90736, 91321, 239689, 356657, 476742, 177485, 382565, 220720, 283923, 264398, 185536, 276151, 12075, 492185, 188513, 335281, 274211, 16757, 36490, 376153, 412463, 479058, 349362, 111152, 447760, 324394, 325737, 81988, 271233, 329114, 314299, 157593, 1390, 98252, 95722, 431673, 441329, 349350, 234359, 88903, 98923, 158741, 79418, 140017, 415298, 86975, 436593, 234900, 73135, 453002, 98126, 225790, 297511, 415477, 397579, 269136, 354625, 91998, 162569, 407320, 283695, 299347, 16529, 307061, 293506, 211594, 54071, 333535, 166569, 61323, 492380, 215322, 132667, 146124, 411545, 11888, 344612, 491279, 383043, 12648, 432440, 55493, 200206, 80715, 450780, 1969, 204308, 325499, 229599, 423072, 499140, 135729, 349078, 109258, 433026, 50108, 44235, 7294, 267191, 123204, 342595, 276656, 226621, 34924, 46757, 361676, 352615, 395634, 20103, 46794, 10888, 449702, 424995, 396299, 442772, 429793, 372891, 336097, 99181, 232503, 256722, 213828, 291890, 288503, 25743, 291532, 160539, 191176, 462797, 26816, 295428, 365797, 3331, 398708, 61582, 159263, 303001, 330387, 145025, 57742, 431129, 154053, 163470, 340154, 57673, 418413, 127087, 380237, 124226, 437600, 446518, 11051, 456646, 80665, 478916, 306477, 130796, 52202, 94266, 412871, 184533, 172803, 102638, 448361, 185982, 380187, 221593, 182630, 82739, 476920, 439854, 71030, 197888, 462316, 97154, 358633, 144084, 478273, 266911, 225143, 494115, 158845, 56976, 218203, 248013, 489650, 353751, 308774, 373952, 422013, 179441, 389461, 237481, 204114, 409702, 484361, 376073, 373160, 303582, 173917, 234487, 345195, 128748, 302135, 3771, 366406, 5224, 216554, 158783, 105135, 273235, 99757, 272542, 398162, 242227, 176304, 359162, 279763, 248814, 269988, 303722, 17346, 81652, 116203, 487877, 346303, 20210, 131583, 210958, 464178, 299370, 346621, 213717, 161299, 50441, 471135, 435563, 148213, 39418, 106497, 487674, 193346, 364612, 249686, 6116, 29238, 118659, 352126, 357089, 206364, 255839, 432652, 389690, 28797, 470299, 140769, 439072, 353408, 444489, 181472, 496888, 276594, 302819, 319290, 406805, 241507, 499698, 75778, 230643, 145107, 333345, 70317, 46597, 180169, 268482, 181129, 163227, 199967, 288190, 302893, 302678, 92872, 91530, 49811, 315250, 267882, 220958, 472242, 440433, 77514, 287800, 188598, 278976, 192205, 390351, 74841, 20360, 346930, 17624, 137594, 62587, 90554, 328984, 277750, 363224, 340030, 478883, 214866, 342400, 261826, 11659, 180092, 109574, 415600, 494449, 165383, 110965, 389199, 127954, 403881, 9311, 20117, 53847, 449334, 208903, 12970, 238711, 31353, 72610, 45786, 107314, 426661, 35768, 57156, 265090, 290890, 4329, 350313, 73800, 35505, 79480, 210673, 409241, 16995, 31121, 76047, 222502, 179787, 32416, 229840, 131685, 396595, 386116, 391446, 103926, 36986, 315856, 168251, 400618, 388122, 444502, 296233, 177887, 187959, 449015, 311130, 166976, 256736, 489386, 361429, 456715, 315022, 345593, 260865, 106348, 285291, 460003, 238493, 56384, 400364, 71546, 195494, 177371, 39531, 71772, 143746, 80500, 494636, 203268, 488493, 71674, 499165, 311861, 172501, 83519, 121735, 138357, 237742, 106222, 338591, 419265, 44646, 45715, 47058, 300066, 381393, 48914, 105407, 402327, 137285, 133498, 141497, 183200, 236828, 310090, 50814, 197865, 328524, 455017, 474863, 103389, 310552, 474793, 249418, 147666, 498547, 143675, 37392, 424651, 86065, 95350, 495775, 273271, 38437, 39864, 311352, 217864, 4491, 452224, 279395, 424866, 32623, 335819, 348867, 255957, 488636, 22047, 234862, 183002, 338442, 52417, 436666, 197109, 129097, 444557, 234476, 111361, 207503, 122130, 493322, 118328, 301534, 269590, 336103, 44645, 63271, 247659, 92780, 349984, 386325, 244841, 211997, 30093, 130171, 387763, 456574, 413713, 296082, 424830, 215058, 481936, 378625, 289519, 143797, 378847, 94629, 115942, 440068, 448798, 305783, 459781, 115896, 130963, 197176, 446246, 220716, 281232, 174492, 241680, 232653, 325368, 49197, 371789, 497995, 109143, 491572, 282291, 444972, 249530, 154504, 435113, 18040, 69475, 68279, 424116, 230133, 78817, 285342, 360408, 229138, 469979, 333348, 8671, 211693, 248569, 9167, 359989, 231273, 204207, 448523, 113276, 53559, 274215, 164026, 457268, 177486, 170919, 4884, 359815, 452942, 40730, 82972, 370419, 173449, 371370, 280153, 449949, 182712, 463270, 23044, 66018, 195235, 488244, 20346, 106205, 335604, 219061, 427477, 45322, 254705, 57206, 109180, 114700, 23568, 297487, 105101, 196775, 223047, 67107, 455627, 271808, 116371, 238307, 171999, 204483, 271012, 6406, 342885, 280753, 421668, 432939, 248347, 168815, 48228, 247436, 489945, 143812, 419025, 178612, 428795, 320796, 281786, 25719, 177187, 240763, 27855, 11938, 13373, 210918, 77364, 128032, 315754, 19368, 280998, 275416, 78585, 65022, 267279, 245655, 314722, 289923, 238572, 143607, 120041, 294264, 246369, 260796, 496983, 3372, 402050, 408242, 81664, 397566, 79674, 4495, 84856, 489165, 276350, 32917, 120207, 455780, 475361, 483796, 470710, 335430, 134585, 455178, 255298, 371326, 243884, 93642, 242682, 187388, 262356, 252964, 255711, 61265, 122815, 61230, 103061, 102889, 83205, 70280, 35530, 23027, 221026, 492307, 56220, 211313, 188050, 196187, 36150, 133784, 363094, 436066, 143232, 312940, 329619, 197468, 104442, 249186, 389610, 11604, 449533, 466431, 66082, 478507, 489709, 400502, 445738, 247497, 388477, 323898, 451697, 101501, 196762, 431999, 363562, 302226, 419007, 38839, 458330, 33315, 283951, 107010, 226569, 302896, 408693, 124454, 450480, 233006, 55183, 5312, 458639, 495647, 131144, 372011, 27027, 209293, 453910, 8813, 177804, 1108, 313712, 426211, 263618, 466635, 90209, 166689, 284017, 49165, 82913, 36955, 269775, 418101, 416798, 225371, 267043, 319691, 149150, 270296, 269909, 179666, 435142, 435526, 491128, 139888, 494034, 328735, 151816, 455240, 105157, 62329, 112688, 308951, 437418, 433672, 184042, 321511, 465574, 412840, 118273, 51298, 433991, 494354, 143587, 444200, 320207, 169511, 51188, 308942, 449019, 288450, 148716, 301648, 362064, 9689, 208249, 74779, 366896, 102079, 128403, 245023, 282800, 152603, 469344, 108401, 140240, 47381, 163153, 69778, 139127, 422207, 58626, 13509, 84796, 256359, 18178, 232070, 411529, 391125, 135125, 355632, 60369, 184113, 64654, 238450, 418661, 42973, 205721, 349420, 411127, 222449, 204238, 155928, 415786, 308509, 3881, 148896, 231201, 469279, 288237, 104522, 346740, 53775, 300034, 446677, 44447, 302557, 498689, 336962, 259353, 405308, 161057, 17510, 143809, 478053, 332754, 177741, 79932, 428574, 202608, 366455, 476318, 226843, 327928, 235297, 282456, 113521, 351062, 408218, 160746, 9961, 289356, 267684, 251199, 118749, 230649, 323631, 216072, 396990, 307671, 162681, 442221, 57972, 215850, 444262, 197549, 62848, 6653, 433518, 23206, 204869, 279559, 30497, 117746, 227180, 130888, 447249, 179057, 381590, 381479, 43306, 46018, 218237, 477468, 415969, 249214, 22355, 385632, 118869, 480507, 20385, 8400, 312599, 52256, 430553, 364590, 37870, 485787, 356014, 311173, 261792, 33283, 266968, 250789, 301850, 298054, 269888, 127694, 5556, 412266, 213110, 364250, 305447, 204494, 169300, 479302, 290226, 45439, 263962, 197380, 316922, 487461, 378014, 461868, 397541, 352151, 44642, 444539, 118785, 48023, 363665, 196173, 144021, 217734, 252371, 177274, 116201, 400933, 417680, 96367, 372495, 76905, 354631, 322335, 138246, 117704, 137547, 172116, 95862, 332033, 147881, 148799, 422833, 945, 259408, 378033, 138768, 196028, 125263, 274355, 308463, 330750, 296735, 446279, 132698, 371273, 183892, 359333, 497429, 249307, 101230, 356892, 41783, 39610, 81903, 368013, 458701, 118152, 443369, 244400, 438711, 231627, 273349, 101851, 12755, 399909, 440337, 459877, 137527, 231195, 134381, 74238, 7643, 69989, 379967, 167043, 214550, 330507, 480321, 225951, 31501, 471967, 131215, 30765, 395074, 372572, 90044, 190565, 323594, 82233, 220583, 298485, 475094, 292657, 302683, 321784, 118515, 413377, 292036, 126848, 425126, 186219, 167947, 8753, 46307, 128418, 477577, 283623, 308828, 149078, 475523, 54882, 320203, 283703, 488831, 316051, 449044, 180158, 83673, 478588, 181978, 142911, 173355, 55475, 168244, 267041, 209430, 427690, 159677, 442644, 58464, 120760, 250801, 72067, 117631, 383634, 166903, 33870, 386476, 243332, 393533, 416658, 347363, 231119, 205049, 190200, 331381, 28697, 67618, 128626, 370086, 403636, 416323, 348627, 216220, 412880, 331459, 347845, 331233, 223125, 54693, 301654, 185944, 240906, 121413, 268024, 91820, 447611, 389807, 149399, 100552, 433030, 356763, 437602, 27959, 154130, 273566, 292481, 173230, 243551, 243803, 345788, 76711, 410930, 103474, 151295, 299734, 143754, 202898, 228210, 398413, 218866, 160096, 305188, 264622, 439876, 405489, 12741, 223345, 97979, 449962, 113638, 309846, 31834, 414563, 204557, 199475, 420992, 2355, 391442, 449210, 473109, 154181, 174541, 256548, 427653, 285054, 358295, 84846, 410070, 62236, 399983, 467520, 356548, 289852, 17527, 202550, 312659, 157185, 389096, 156471, 150428, 138614, 103731, 46070, 41270, 94683, 358155, 472582, 4187, 109105, 279999, 384943, 229913, 3153, 167792, 146686, 103911, 320425, 106052, 372935, 115130, 254410, 388897, 244378, 377574, 282837, 12942, 300599, 93290, 16147, 259251, 418851, 480013, 401231, 139744, 213316, 178315, 348906, 109905, 251610, 255886, 424477, 451926, 252857, 494292, 70942, 485450, 163735, 174281, 283479, 70384, 14374, 433693, 240528, 450223, 288536, 205532, 416296, 112371, 208761, 197814, 418503, 313943, 402276, 382445, 25813, 359719, 142453, 284232, 471771, 401650, 408480, 482414, 286202, 392606, 88454, 207371, 40928, 382145, 234956, 85132, 91439, 94541, 498642, 108102, 12625, 256183, 278276, 44381, 445898, 7014, 448821, 10273, 254425, 130257, 30903, 233723, 444059, 391566, 270268, 168006, 240565, 397639, 438686, 383525, 36823, 136428, 332022, 418537, 35625, 289254, 350725, 370336, 384527, 203712, 167410, 72869, 359935, 164950, 5035, 374334, 298966, 170557, 414492, 345249, 91425, 389662, 459051, 496818, 294462, 113373, 409999, 85419, 222539, 94035, 132954, 330837, 74734, 227254, 140237, 396510, 388752, 443944, 292908, 177872, 23549, 306384, 9538, 264126, 220874, 12812, 319209, 201667, 67138, 472517, 225900, 328464, 182835, 24534, 168267, 138948, 111719, 393599, 449356, 407970, 360956, 260848, 433679, 288573, 279836, 24573, 166098, 9606, 80276, 38420, 241983, 226232, 493826, 479079, 447447, 216386, 446575, 22491, 10190, 231591, 200062, 100352, 308047, 338994, 110738, 471807, 144342, 167479, 310974, 253319, 292916, 163120, 305366, 246148, 128274, 367543, 172508, 366341, 110398, 109280, 27312, 380732, 492952, 143652, 420545, 79015, 287515, 92971, 77175, 381286, 130824, 40400, 471224, 406530, 99969, 310673, 450985, 395596, 215557, 407290, 257707, 201050, 499645, 212771, 88113, 201259, 205893, 487735, 155094, 115551, 497639, 116904, 162956, 204459, 96203, 284729, 329779, 208115, 120901, 26369, 216512, 243378, 422568, 378277, 283735, 213886, 72462, 217551, 225716, 389685, 163894, 494893, 443946, 288167, 231151, 495171, 113262, 327442, 432755, 273567, 471379, 402339, 346825, 427691, 30424, 123223, 5449, 11536, 269149, 490013, 181881, 43194, 27562, 370969, 286676, 359305, 406014, 268775, 482760, 205746, 329041, 98658, 70451, 463710, 483882, 303316, 253486, 271544, 133942, 343213, 485822, 484310, 355603, 114671, 127566, 43442, 96625, 91689, 362177, 365082, 148307, 158562, 132741, 119497, 193087, 405963, 403069, 346591, 289374, 51508, 147880, 421219, 164336, 311592, 139864, 417545, 10259, 136492, 142601, 24255, 162385, 429433, 189365, 199243, 444801, 151978, 466412, 135648, 43268, 104950, 12154, 16926, 356669, 86167, 112099, 40157, 351525, 228085, 493343, 257528, 349192, 360333, 304330, 129173, 142217, 351789, 318105, 446976, 357359, 131000, 477130, 317497, 115686, 419634, 157784, 477558, 459558, 33574, 446925, 278852, 414019, 404082, 25705, 150031, 169921, 21996, 155593, 322314, 421304, 435463, 20039, 110898, 305409, 172488, 273598, 416149, 267420, 80038, 469684, 69433, 199176, 377820, 476540, 131745, 482403, 282684, 197361, 86210, 352925, 111266, 230946, 333937, 240657, 305313, 319584, 444412, 124846, 406943, 207523, 242122, 429003, 190151, 223963, 319071, 247388, 95975, 264620, 169191, 387225, 117037, 81430, 113796, 24884, 355159, 211080, 461803, 119961, 99202, 241683, 201017, 99237, 278477, 488458, 229860, 437700, 469354, 123655, 422261, 127026, 142525, 207490, 84468, 45630, 164330, 81986, 395222, 159812, 30851, 234219, 182066, 88027, 250255, 141006, 127024, 253527, 108963, 198253, 494915, 175454, 355736, 25716, 404249, 175434, 490487, 24436, 22822, 495418, 11917, 311689, 319569, 8381, 72483, 178919, 620, 86621, 81386, 123865, 357003, 105507, 11038, 226851, 20932, 446521, 241848, 302764, 465178, 135481, 183067, 338277, 387765, 365773, 416769, 184370, 1978, 147200, 303021, 458191, 143845, 405404, 423616, 411630, 31066, 390124, 61395, 97017, 453844, 194133, 124358, 186087, 320184, 495054, 443326, 109029, 159378, 264782, 285385, 467342, 271290, 462606, 262139, 120390, 407676, 213379, 471742, 74444, 396856, 361321, 429199, 303331, 403378, 122425, 224928, 266103, 486011, 398423, 399518, 429472, 103080, 337726, 242459, 17886, 372489, 440452, 421313, 353456, 8688, 359716, 187780, 332845, 423670, 385367, 304721, 242146, 307389, 148280, 357301, 387472, 162648, 109536, 339150, 75938, 86, 250476, 313468, 159480, 345506, 480385, 299446, 17968, 378963, 416459, 246350, 328037, 391062, 419824, 40590, 283212, 234899, 93253, 336450, 282717, 134332, 27273, 301625, 141698, 114034, 199693, 116091, 308868, 113759, 255731, 175217, 449043, 381252, 44171, 132336, 8336, 491144, 70498, 222479, 114674, 267061, 473921, 160464, 406263, 446430, 318907, 354384, 124936, 221153, 279687, 138966, 449094, 51574, 395299, 115625, 367763, 255475, 174271, 105253, 466205, 442656, 132619, 380395, 68907, 442351, 316374, 355659, 104307, 178376, 131068, 70031, 470344, 466865, 115912, 293386, 76511, 200679, 380367, 162134, 449910, 243436, 415294, 400401, 237863, 348167, 230521, 305602, 14299, 65604, 121861, 196291, 18213, 343829, 485630, 101997, 403052, 264146, 278590, 253422, 300936, 309436, 458915, 205537, 175013, 296006, 269038, 268403, 419995, 403169, 112300, 144101, 44894, 295677, 400687, 325659, 414959, 188405, 147347, 44732, 404250, 431366, 94784, 325712, 117967, 96194, 73090, 50391, 330208, 391566, 339111, 427875, 431775, 362275, 231109, 162594, 471757, 274742, 357002, 55544, 436906, 315222, 114061, 132665, 98428, 129596, 239977, 191576, 209630, 7960, 110820, 145032, 332006, 36642, 345549, 497124, 358658, 317880, 307973, 398905, 317315, 400381, 499283, 297825, 466291, 113697, 332816, 65122, 170981, 252861, 97803, 423802, 415884, 470458, 411679, 443898, 100780, 397683, 495793, 308311, 20598, 407285, 95064, 419949, 465958, 424063, 421005, 88765, 121993, 30208, 383632, 107322, 47745, 255666, 52565, 172840, 473274, 487588, 95009, 427139, 275143, 410169, 68731, 450013, 172288, 185662, 162244, 16887, 287938, 291689, 243956, 82005, 382811, 222722, 37307, 339447, 331445, 45918, 349717, 488593, 827, 332601, 401639, 476919, 187668, 499463, 100941, 16998, 437980, 333500, 374136, 10892, 27574, 428869, 112230, 414027, 220968, 186696, 6794, 375544, 167777, 133639, 297886, 34127, 99028, 122129, 112226, 499418, 453735, 42172, 350934, 403257, 118274, 279747, 454225, 418049, 431420, 21142, 89880, 453147, 171537, 331931, 331608, 405714, 205726, 17722, 131087, 27048, 280685, 62833, 199293, 16748, 214722, 167399, 23690, 310235, 440004, 134097, 383629, 89809, 94557, 175119, 87370, 180750, 328291, 46200, 251210, 153761, 26124, 367742, 103991, 467441, 182376, 423374, 136673, 105216, 282552, 366733, 499244, 14239, 92901, 94603, 332562, 155101, 414503, 161456, 234350, 22912, 305054, 223069, 292358, 70112, 120776, 219208, 240872, 21031, 295553, 479009, 242342, 68996, 437629, 32936, 377780, 364657, 230787, 422326, 114919, 169037, 182979, 337910, 310319, 106378, 80262, 197814, 18338, 446657, 94689, 291448, 126873, 194368, 399196, 240888, 84231, 438200, 219440, 284123, 493726, 467514, 249646, 45924, 194996, 100345, 172843, 273988, 344007, 268108, 42571, 226645, 202459, 80375, 163648, 52677, 289453, 209454, 15123, 459894, 76549, 209576, 20866, 458036, 422359, 437404, 434925, 342064, 83628, 376449, 291638, 27321, 462224, 274230, 358294, 445584, 224136, 15015, 401035, 437441, 478245, 433438, 65811, 297188, 279458, 397367, 262438, 296328, 258633, 286553, 298537, 198821, 49613, 453379, 274279, 139741, 473232, 10849, 479653, 476221, 256025, 127102, 150795, 304317, 196823, 92306, 213220, 90221, 400599, 477811, 306047, 309869, 286967, 437669, 378355, 332363, 143830, 155831, 496544, 63259, 153124, 309983, 36776, 430700, 27007, 156857, 92721, 492183, 190114, 57988, 38815, 46888, 498849, 153077, 471068, 377164, 163373, 107268, 273113, 155629, 224168, 37448, 284423, 121364, 366212, 351128, 296231, 132207, 173429, 235735, 199143, 111461, 96003, 294129, 265179, 459581, 290685, 433290, 77657, 110279, 485232, 295780, 425341, 489965, 284009, 22720, 455661, 122010, 279628, 160292, 482742, 182066, 326116, 332134, 229621, 441883, 237528, 128590, 192012, 64480, 51960, 325404, 139979, 32648, 369554, 60907, 473627, 25190, 132505, 487369, 323490, 72190, 85259, 88134, 147381, 492423, 230497, 201049, 188256, 276581, 78913, 102171, 491306, 430019, 428763, 363652, 444497, 268266, 45616, 52204, 290698, 144053, 271265, 246147, 414308, 80417, 286991, 232306, 74068, 350793, 339973, 478174, 366984, 56213, 293257, 371752, 482056, 328601, 147296, 328535, 386348, 228917, 130340, 217607, 42133, 309610, 128590, 43748, 455858, 89794, 189365, 378780, 40332, 104807, 381826, 420336, 37971, 81471, 55357, 375312, 96835, 437926, 144078, 445918, 387898, 343050, 327944, 297405, 64780, 173728, 150966, 357162, 488410, 196065, 474394, 390974, 128377, 309186, 342093, 77537, 172704, 177749, 9026, 140118, 303925, 479023, 196275, 313557, 481334, 210576, 368365, 22327, 156438, 114914, 143972, 478352, 429565, 154357, 177574, 47316, 388651, 249180, 176804, 150923, 333260, 261130, 137473, 36153, 249263, 298254, 176132, 188491, 421352, 241645, 338179, 339037, 317803, 219014, 407517, 70473, 42000, 215145, 97151, 194022, 118925, 346473, 345064, 466089, 83587, 53321, 371691, 17288, 146788, 495339, 267161, 350883, 30904, 4393, 413896, 132136, 284646, 365103, 247309, 103714, 148625, 222049, 304723, 470744, 184012, 437089, 197852, 360560, 355255, 254295, 255822, 276737, 465087, 117853, 106862, 442075, 238180, 475475, 372128, 434835, 323155, 410162, 302249, 118078, 424309, 261526, 223989, 201177, 42200, 483212, 72950, 391316, 89873, 225863, 394860, 184610, 155960, 105166, 377847, 37638, 44114, 423091, 130367, 300491, 436674, 1173, 158575, 346798, 27200, 457394, 245080, 35997, 313795, 145056, 351259, 105097, 252344, 186358, 252475, 48307, 279783, 80414, 446501, 281859, 118091, 301137, 450690, 278761, 110408, 403200, 280586, 433280, 86859, 455713, 138528, 325882, 41877, 34985, 388766, 251655, 232473, 380822, 304773, 336840, 402644, 466569, 155085, 338226, 434251, 389238, 350223, 13023, 480158, 189820, 268041, 77053, 465866, 90763, 185273, 445125, 69828, 418859, 20103, 223214, 60956, 254037, 481261, 391367, 232985, 474161, 464791, 407156, 189850, 123264, 182688, 369995, 129252, 108346, 1611, 269236, 50868, 235800, 71647, 228675, 200979, 209913, 218337, 427936, 257892, 214322, 16173, 275061, 385605, 459982, 419431, 430484, 165988, 16928, 135683, 7730, 339166, 498082, 251032, 256902, 448753, 347584, 365398, 396812, 214470, 414938, 361466, 130492, 40213, 451720, 244018, 20772, 261715, 380642, 124631, 159228, 180786, 473221, 305662, 190645, 450676, 364738, 374625, 325305, 42662, 17682, 202452, 239083, 273639, 141887, 245331, 111757, 358295, 469293, 55241, 392785, 43690, 277174, 263666, 367337, 54239, 245034, 273562, 13718, 135172, 371698, 276946, 225338, 284262, 293329, 112619, 23948, 160172, 365008, 230958, 367416, 134271, 218663, 53407, 354449, 304943, 278352, 310621, 10951, 18802, 496635, 43207, 427640, 67981, 329098, 284628, 20240, 291854, 201678, 293819, 49546, 287342, 184587, 132609, 200178, 438487, 95903, 72579, 403988, 277341, 59994, 75088, 432180, 430136, 14124, 71704, 437778, 478808, 205496, 411754, 34861, 135679, 326563, 53655, 416760, 438240, 176930, 188488, 144456, 462419, 278455, 235898, 345508, 10555, 352804, 209682, 430028, 396137, 29223, 94603, 15767, 240874, 374403, 90440, 302343, 446179, 40196, 19718, 325540, 420636, 161052, 356242, 347978, 265567, 357029, 181111, 340511, 383718, 132929, 175195, 96653, 179436, 200031, 498392, 108229, 163774, 52826, 465360, 272845, 297873, 127336, 325860, 439810, 433800, 313653, 429102, 154078, 68521, 285820, 398918, 407643, 373951, 132525, 178625, 246969, 333858, 64738, 134762, 341883, 1525, 482471, 31605, 388641, 390352, 334465, 494179, 59104, 404369, 2653, 234210, 1867, 72288, 298813, 436316, 211624, 349921, 371914, 406224, 162562, 245617, 218181, 190022, 163704, 191425, 479981, 36674, 235491, 221401, 333229, 248794, 308408, 429995, 302739, 303644, 106186, 300540, 387121, 493880, 373388, 14644, 391375, 123425, 17493, 467181, 216285, 180326, 346070, 140383, 365523, 128932, 92921, 104091, 119723, 183103, 54902, 292436, 430466, 349766, 334497, 370227, 311460, 490551, 295293, 325977, 387299, 129165, 392783, 334854, 436040, 122547, 181986, 214589, 254329, 398966, 276263, 335681, 449384, 373275, 55225, 292309, 303729, 263225, 263558, 256678, 400004, 213571, 323353, 435981, 405660, 372636, 431670, 203533, 1320, 465000, 114554, 239223, 336162, 406887, 231645, 455124, 383841, 159361, 199540, 58672, 360581, 7893, 133964, 265412, 137253, 180090, 285788, 106546, 32011, 400284, 219937, 450975, 249083, 206238, 42522, 265583, 115533, 1027, 260432, 104790, 83245, 328294, 332313, 83085, 27239, 323798, 98650, 210602, 41402, 474735, 294035, 135247, 292315, 339687, 324555, 61794, 263628, 37767, 51275, 56827, 50753, 56956, 344870, 57563, 205533, 193738, 366338, 478369, 250864, 81418, 37075, 297265, 494498, 139220, 357058, 438583, 190161, 145059, 86760, 199518, 97513, 50201, 39815, 250989, 76437, 131464, 473496, 380518, 5762, 274713, 4069, 149984, 391585, 393407, 187542, 50117, 263077, 83609, 115195, 20613, 106776, 498137, 383403, 77253, 430550, 5969, 170369, 151493, 180685, 395438, 21424, 182360, 132682, 472827, 338471, 472165, 108421, 320001, 313721, 144650, 130948, 230193, 105279, 221934, 25321, 431118, 301984, 357842, 204539, 143091, 259197, 215250, 460564, 274318, 220578, 262580, 209145, 25868, 458105, 403096, 405448, 448150, 129849, 381062, 430635, 498364, 42210, 469806, 352504, 477431, 20744, 100046, 295931, 139023, 285229, 300793, 46447, 249641, 84465, 82134, 96378, 351410, 202949, 287011, 50938, 105395, 101137, 74939, 169914, 54216, 125190, 191049, 415830, 362918, 75759, 188429, 165952, 337097, 155907, 415842, 262925, 158451, 216523, 141116, 492666, 357190, 71412, 478718, 196239, 406689, 118180, 91323, 391436, 497065, 109559, 15784, 123682, 322396, 398166, 448656, 19934, 460144, 344363, 251586, 497746, 185589, 259272, 258934, 268215, 351486, 260030, 123598, 155634, 172332, 66262, 26541, 141814, 473481, 232877, 383669, 327545, 400594, 318830, 177571, 20409, 197407, 141036, 158580, 375022, 226015, 165652, 307889, 466942, 34402, 260018, 214246, 302986, 80108, 4881, 221803, 485999, 16918, 310719, 483085, 379514, 445878, 338066, 348738, 170283, 143393, 90542, 119267, 29865, 405739, 365386, 399853, 120298, 272704, 473552, 169652, 435324, 232605, 391832, 381140, 228159, 350468, 3193, 298971, 340718, 460792, 435829, 495545, 249299, 114301, 95311, 157628, 405271, 232529, 480942, 235480, 205167, 73992, 296263, 273894, 195112, 177846, 288033, 86363, 173157, 230664, 50435, 40454, 250763, 417149, 205666, 435664, 486905, 262788, 423625, 89796, 290239, 15536, 397130, 1152, 300328, 34252, 245680, 149625, 365643, 372756, 475798, 77836, 317904, 207351, 104669, 137489, 412553, 40593, 496760, 403118, 407924, 200839, 72500, 255357, 347146, 239604, 194768, 47115, 404907, 118672, 481017, 461155, 27954, 336636, 447703, 41736, 3070, 59105, 19136, 99515, 58895, 447067, 287306, 490910, 340683, 211670, 4728, 37711, 437546, 180581, 108050, 325141, 238974, 325071, 148215, 482677, 430552, 375387, 266993, 129954, 205119, 141419, 122535, 16912, 379406, 426803, 92875, 102002, 373080, 198196, 218811, 140571, 28386, 51539, 453993, 359328, 462106, 404547, 265693, 509, 121356, 494382, 220845, 400245, 248198, 250342, 359153, 45260, 3227, 142753, 110691, 151378, 115058, 145544, 118911, 196235, 215772, 351626, 3764, 344514, 165805, 244710, 400337, 264592, 155584, 26981, 283620, 289049, 401165, 459574, 134087, 389000, 249800, 472843, 190264, 28772, 356876, 183553, 361572, 281976, 120171, 213201, 370718, 49842, 128998, 233241, 329436, 366908, 316153, 231278, 388335, 178999, 167851, 248748, 85960, 462215, 485297, 32120, 302502, 118688, 296446, 107808, 69775, 473147, 383877, 379005, 311282, 156549, 396878, 143799, 303724, 16500, 396338, 398646, 8569, 31296, 15021, 455660, 127809, 430394, 255318, 453557, 301387, 364031, 54332, 309545, 325854, 284190, 173608, 387749, 5538, 460898, 287528, 436222, 162793, 314126, 278758, 416092, 174763, 250591, 354197, 39301, 134585, 36342, 171987, 38705, 220167, 201621, 314574, 65552, 310959, 469760, 43711, 262666, 288130, 37304, 244484, 244552, 14107, 245055, 123866, 108252, 136090, 465808, 194457, 28484, 195840, 403902, 235179, 422499, 169061, 247644, 67824, 65805, 196187, 329319, 468089, 199086, 108598, 400856, 145978, 329250, 158115, 362124, 453628, 15895, 473729, 478100, 59576, 457538, 292734, 131441, 103643, 429724, 63381, 460891, 186243, 382835, 166509, 121375, 488987, 349421, 189919, 14891, 360307, 238863, 251667, 323211, 411419, 381722, 189816, 308088, 489978, 344533, 365655, 95526, 297298, 254580, 415947, 352866, 476599, 298960, 273573, 371642, 387156, 436515, 402806, 98512, 214051, 12195, 79026, 145667, 407778, 87162, 245854, 461776, 436231, 140768, 235989, 284028, 148947, 200993, 135746, 74235, 79766, 485684, 221081, 50538, 96168, 450153, 160505, 451591, 495296, 391193, 99842, 35575, 25347, 174321, 264674, 87596, 320684, 62038, 89202, 377637, 93061, 185052, 393205, 48745, 269324, 481824, 354911, 42504, 75937, 92188, 286026, 111610, 175154, 3982, 78626, 224865, 305497, 73192, 273046, 66807, 485114, 126792, 275856, 197316, 233982, 334611, 199929, 123680, 173248, 253133, 268719, 323202, 60064, 379712, 62222, 343676, 30796, 362165, 455849, 423317, 351935, 268771, 297791, 142596, 156124, 498879, 30172, 360904, 66037, 82346, 424163, 336549, 85750, 197781, 334578, 470943, 65965, 83099, 97817, 383245, 184132, 53361, 31277, 314023, 341561, 449362, 241563, 239385, 16002, 282395, 222736, 478744, 271153, 241716, 21010, 133289, 228280, 25263, 84832, 260380, 353833, 457433, 460668, 273417, 171413, 290037, 153740, 182640, 155575, 344439, 477111, 226520, 196701, 139642, 207016, 179535, 307835, 426056, 335297, 246139, 158765, 236542, 356924, 265930, 403997, 70647, 216974, 310724, 221352, 181809, 174425, 337928, 161441, 34053, 18122, 317347, 105141, 243625, 410634, 169004, 122162, 196873, 36536, 474787, 435389, 311853, 107480, 344618, 151664, 102364, 120030, 212557, 471781, 313503, 340187, 345943, 482493, 364001, 95244, 264027, 53131, 52065, 358965, 313814, 373017, 45905, 414366, 174120, 88608, 108445, 468559, 470671, 123034, 334118, 382607, 295733, 54671, 100432, 97233, 362250, 260136, 494178, 70438, 395880, 398455, 62046, 207519, 230415, 99101, 499785, 447247, 322492, 237611, 3845, 44077, 175306, 117724, 36206, 311625, 285526, 299736, 185453, 284793, 331229, 11563, 138380, 275038, 363565, 379160, 39714, 133084, 261510, 96730, 180602, 378413, 32686, 202635, 493001, 422900, 247894, 35374, 248714, 323187, 335294, 407232, 218774, 415162, 374130, 14322, 305320, 70415, 236191, 29583, 310186, 151397, 475055, 130115, 367229, 68894, 15946, 295436, 349435, 184226, 376639, 343954, 152622, 27547, 14386, 346998, 45307, 342221, 243249, 401737, 113493, 68703, 288215, 99212, 454873, 403152, 309901, 48030, 35400, 305493, 383047, 87366, 385517, 139356, 41274, 435658, 367094, 388100, 249127, 559, 420322, 3569, 64009, 77387, 394532, 306592, 404071, 406748, 475208, 332549, 314859, 64666, 120657, 363424, 402507, 159086, 33014, 371703, 198837, 193646, 329747, 103204, 205240, 342267, 485750, 112970, 488124, 235671, 174227, 273862, 484554, 423509, 86771, 268281, 218902, 279305, 334678, 236397, 76256, 260096, 181011, 8337, 389536, 117534, 71375, 68985, 268652, 225124, 392123, 265478, 42641, 86996, 53158, 454595, 360202, 233297, 274030, 59658, 213930, 313482, 133974, 218127, 394885, 494422, 212608, 354837, 5750, 366030, 123073, 226971, 297645, 236040, 19359, 298876, 167340, 66482, 175343, 240069, 461698, 39999, 466153, 58805, 175965, 154025, 261368, 100651, 275273, 245522, 1032, 421905, 265020, 300398, 211869, 419697, 346807, 361126, 360750, 102292, 338955, 200370, 400559, 216075, 199261, 262647, 490037, 493060, 338870, 48585, 180126, 322698, 82040, 404155, 27872, 251161, 201113, 29062, 11571, 361434, 499484, 62227, 41916, 188052, 499162, 408049, 283952, 301574, 492353, 218772, 179964, 249226, 377189, 438822, 477357, 232063, 336547, 341167, 196000, 109420, 387909, 157225, 162884, 55155, 247496, 17524, 489237, 380947, 395963, 281438, 124028, 284793, 131079, 437010, 167072, 320141, 132532, 104070, 30100, 104664, 367863, 263361, 469813, 204121, 140095, 57203, 154217, 2740, 91246, 242372, 12168, 355888, 454983, 15723, 187920, 388356, 349397, 303867, 172495, 335693, 499801, 433732, 398142, 96751, 487180, 476461, 90762, 326348, 156711, 326576, 131451, 168502, 169520, 30001, 54157, 9, 21016, 101336, 107535, 142864, 39274, 114203, 131664, 113073, 125412, 85856, 491094, 114659, 22964, 469841, 403733, 30253, 26851, 301847, 316772, 380931, 431902, 85018, 478345, 470212, 202755, 16819, 420145, 216885, 367144, 466085, 286545, 432543, 490754, 62552, 257951, 116687, 60832, 113349, 356463, 60161, 246138, 62043, 34952, 269040, 178174, 282287, 91448, 188154, 152392, 271152, 214019, 28341, 16232, 472534, 389826, 494585, 382225, 219728, 155346, 313034, 77614, 155023, 122475, 399970, 233732, 211014, 358722, 60839, 109458, 443995, 54074, 140608, 130258, 253115, 199946, 303564, 33639, 138813, 73516, 121023, 344262, 246632, 451698, 347304, 392881, 243781, 160094, 42881, 308706, 320658, 341296, 26571, 159375, 10734, 296001, 464329, 86805, 66052, 388416, 230799, 252474, 422279, 17044, 237891, 445843, 91996, 347903, 352693, 372547, 23174, 474894, 22339, 323855, 214003, 352313, 162089, 141219, 458604, 269815, 88926, 260742, 143726, 323934, 313478, 276949, 186928, 450457, 331059, 378769, 490222, 125007, 230517, 355705, 114108, 297105, 307833, 484119, 9057, 144802, 365084, 367867, 285948, 468518, 373857, 56667, 253501, 452616, 468833, 10229, 365549, 104755, 382084, 379857, 160870, 495478, 36156, 423478, 410885, 345179, 30445, 198596, 486776, 362756, 419220, 467934, 97292, 369, 265229, 358805, 294053, 153778, 71392, 269409, 298444, 445489, 452266, 454430, 424207, 131400, 381030, 130202, 478090, 361004, 457146, 491175, 437332, 471184, 303240, 210037, 422033, 136176, 221672, 16247, 428202, 296815, 325125, 12453, 164558, 219237, 123913, 51680, 442931, 32202, 120880, 176826, 332402, 435261, 241003, 34429, 226584, 360027, 81709, 72085, 171751, 262179, 195307, 280889, 212642, 47612, 325729, 336172, 283555, 165427, 275073, 24924, 58881, 283651, 140418, 161757, 57372, 186156, 420911, 295593, 344631, 467096, 293706, 272577, 21497, 162907, 496100, 229384, 105317, 353328, 67809, 85965, 401242, 58581, 295884, 189011, 126668, 499251, 214257, 251633, 17887, 51201, 46688, 340625, 422186, 85800, 309593, 462716, 131661, 334502, 366580, 98772, 285278, 409328, 139086, 472070, 299715, 67201, 179628, 379365, 494010, 3336, 40808, 5171, 405633, 257634, 177553, 407062, 304180, 470009, 494287, 40202, 408174, 382041, 145053, 119277, 353721, 14152, 271444, 367912, 51971, 360717, 68269, 382871, 94573, 130838, 334643, 40828, 116590, 281188, 234276, 322735, 81786, 357430, 494033, 278368, 374972, 409320, 398221, 256960, 464021, 430349, 244493, 212099, 414495, 465792, 31311, 377018, 473195, 379480, 230043, 6342, 285251, 392040, 422799, 211258, 284518, 286219, 371788, 299168, 199826, 215569, 381109, 339582, 97842, 455330, 336512, 341747, 156122, 316623, 32821, 179294, 153840, 116908, 134970, 273203, 478186, 88571, 140197, 263686, 117123, 343023, 373348, 65683, 323601, 406454, 169789, 154982, 294735, 395095, 181888, 393878, 277995, 290395, 461936, 4647, 330567, 300654, 353197, 113770, 146738, 140631, 116069, 407104, 6714, 153489, 216398, 10001, 184151, 72108, 475816, 392458, 239229, 464261, 160562, 470199, 327308, 211282, 108519, 59306, 403541, 175331, 276556, 109570, 223153, 108007, 376372, 374936, 84509, 325372, 20615, 381448, 46776, 420108, 495348, 65202, 395584, 14409, 284112, 336748, 292146, 68247, 491856, 127125, 454686, 21129, 338036, 399286, 140003, 268473, 156472, 282285, 73007, 185181, 15572, 236390, 29664, 194734, 111389, 406408, 143438, 130360, 105684, 285469, 413348, 190607, 139481, 314782, 183538, 365575, 282098, 164129, 154809, 90054, 325293, 130514, 96438, 28429, 292593, 185157, 426333, 344984, 366711, 217359, 175404, 398647, 429704, 286074, 255947, 433859, 467405, 186274, 94410, 497617, 94466, 41930, 316733, 440332, 144194, 71601, 360606, 65610, 159374, 362896, 368814, 243737, 18006, 170696, 410426, 499039, 304422, 264653, 154220, 303349, 170650, 318126, 182562, 104758, 342699, 375752, 389545, 104183, 338136, 125834, 231126, 63763, 30533, 12562, 365715, 446451, 184807, 248372, 205139, 106322, 56907, 306303, 131751, 69473, 320439, 68213, 154367, 303679, 59337, 168035, 116637, 233810, 111451, 365387, 37738, 325293, 281372, 428703, 167628, 375331, 240403, 346138, 475197, 72645, 147386, 128769, 123807, 438253, 184187, 240740, 330665, 287748, 360453, 96139, 144007, 80399, 406522, 241546, 89659, 287893, 66792, 309741, 392941, 59756, 367407, 161456, 270733, 280327, 390731, 315822, 329748, 135146, 15811, 404623, 448033, 480790, 350521, 383163, 386808, 234523, 248232, 56751, 156938, 69575, 399148, 274292, 371100, 151132, 319087, 284509, 178836, 463664, 35294, 327231, 422317, 376539, 393817, 290926, 421373, 471648, 150844, 416782, 434421, 90006, 100310, 78325, 393111, 103506, 308734, 380126, 31352, 220685, 211971, 74084, 12889, 306930, 93588, 224704, 333551, 469982, 328084, 193849, 199750, 5880, 200087, 215250, 282419, 12657, 102028, 27440, 378246, 410330, 360941, 402832, 244999, 492426, 153993, 457366, 348168, 90456, 460013, 82513, 216959, 145096, 70059, 320841, 15475, 402988, 483103, 298836, 442277, 91169, 396041, 406331, 291214, 25139, 372307, 475860, 485403, 4626, 33502, 220730, 3804, 390332, 478675, 304920, 133520, 80172, 468582, 244602, 331703, 356087, 430276, 488504, 9921, 333233, 234519, 74740, 268973, 411786, 189453, 258921, 154583, 148061, 438419, 334922, 128220, 367774, 418071, 168262, 222843, 119116, 127218, 386388, 450804, 198367, 479073, 48403, 359092, 400024, 162655, 13824, 43874, 320153, 448703, 121955, 398237, 372086, 204298, 357888, 409171, 92332, 410204, 314352, 430326, 382348, 442680, 275501, 29939, 483502, 159314, 188359, 311129, 288857, 393880, 132291, 17530, 132468, 201439, 326345, 146626, 228971, 328525, 123633, 458116, 363693, 316464, 250114, 243197, 129649, 33988, 84509, 304995, 411923, 98206, 73174, 493130, 214576, 275336, 364633, 375190, 333070, 440475, 408623, 175690, 86124, 71693, 257490, 354676, 44434, 297181, 193383, 195058, 146218, 257101, 116329, 470129, 434055, 70683, 93150, 167356, 60545, 264728, 393384, 422090, 263711, 471390, 193726, 320184, 104211, 425077, 159243, 365277, 8082, 262098, 438190, 207456, 323505, 44239, 305478, 432548, 4680, 121681, 398627, 413370, 75135, 494823, 67924, 41748, 421020, 149122, 4211, 204849, 476646, 73753, 456652, 467462, 240539, 474275, 180402, 481016, 110936, 82791, 63538, 476560, 497694, 258517, 260777, 437493, 297730, 46443, 494728, 233012, 26001, 45358, 202421, 290676, 270152, 237059, 218219, 258161, 450648, 412557, 418260, 83035, 217850, 484349, 424265, 21167, 136517, 357377, 338040, 221034, 492867, 138310, 55586, 350190, 201488, 338514, 68527, 65324, 288051, 56593, 90241, 385915, 272387, 72692, 443675, 151437, 456989, 225506, 437717, 215181, 32713, 133949, 412482, 318568, 297521, 414269, 171929, 469166, 112031, 166807, 337851, 296949, 96898, 457324, 42859, 317521, 213352, 287623, 270191, 47254, 383575, 22944, 275411, 246919, 47535, 144545, 369101, 409514, 182789, 493521, 2749, 394611, 377400, 363085, 449530, 12241, 395893, 276155, 117162, 311227, 59100, 178194, 485421, 247032, 268258, 166739, 66428, 267335, 123682, 107048, 98580, 11732, 379199, 90313, 491211, 321827, 21821, 31666, 291549, 62979, 41693, 382231, 474057, 38637, 368725, 453276, 202438, 483469, 201564, 436960, 297498, 22958, 376604, 138063, 212479, 287986, 362584, 420733, 365570, 472275, 228957, 416040, 272019, 449114, 388593, 376224, 467933, 65705, 93534, 455653, 267907, 8541, 123716, 238969, 171535, 156768, 260195, 48230, 138096, 429162, 491676, 248527, 294644, 490140, 409359, 323779, 443020, 284513, 270675, 312661, 416420, 463167, 110001, 434084, 138668, 74600, 281861, 110341, 99855, 80327, 473665, 374613, 385755, 19508, 27171, 128467, 246551, 342147, 355, 223201, 186655, 274422, 204161, 331031, 120664, 376368, 344766, 295903, 451505, 436411, 140027, 122476, 384797, 246092, 32237, 487399, 353838, 250895, 54665, 431045, 295512, 136627, 456092, 98772, 406524, 418456, 449513, 273766, 161880, 403380, 208468, 452718, 456921, 79178, 224858, 249250, 456751, 141520, 353192, 107519, 230395, 269769, 252227, 170595, 334951, 265346, 6217, 86918, 276671, 442493, 2127, 17849, 235384, 86109, 120986, 306102, 262319, 116485, 240986, 383188, 208090, 306497, 229473, 180224, 118722, 319407, 424252, 310490, 127758, 83279, 43067, 164995, 29162, 413546, 226406, 25454, 32997, 335973, 294204, 218533, 366094, 153837, 324694, 422276, 347962, 240762, 25027, 466344, 184275, 363825, 6481, 119513, 344726, 292697, 106449, 139750, 184759, 36165, 450963, 89948, 169580, 21846, 462849, 442144, 498011, 135020, 413734, 425824, 242205, 163195, 22415, 259453, 430182, 265082, 92229, 71563, 93881, 128119, 277195, 121240, 280503, 69137, 143500, 490091, 151518, 27039, 75322, 405626, 448759, 402196, 451180, 238718, 212101, 196131, 477643, 347405, 348099, 51589, 56963, 452145, 356311, 419437, 11251, 428658, 216164, 233508, 472340, 182462, 390264, 341267, 499155, 240341, 285696, 219142, 318079, 255061, 204289, 341332, 84513, 374246, 435320, 215339, 361231, 305280, 389263, 440502, 269008, 430289, 329073, 45225, 17992, 49135, 217350, 194814, 18574, 474195, 104536, 293654, 341299, 417665, 85274, 296755, 186444, 470839, 30529, 312208, 28899, 444033, 36584, 258190, 319336, 346727, 297022, 52152, 245411, 484632, 193472, 257968, 158671, 209440, 205637, 297040, 331624, 234509, 350426, 420364, 192881, 276606, 57676, 416974, 47953, 450605, 248999, 476337, 411106, 378555, 66505, 363472, 95328, 148968, 264033, 343559, 288328, 221054, 154460, 61165, 494109, 53832, 1540, 369184, 340324, 326394, 398325, 22494, 234349, 77744, 446000, 356689, 108740, 88488, 313360, 432922, 273369, 482696, 392085, 492398, 77382, 192299, 125424, 10627, 96256, 79718, 472427, 170927, 381582, 412199, 54779, 41885, 130394, 28062, 133048, 92282, 111149, 141873, 182111, 349060, 182303, 76888, 322851, 135180, 1665, 458963, 49965, 334960, 389699, 250556, 127580, 60954, 477788, 465923, 19591, 127302, 338515, 241020, 412204, 479600, 349365, 357206, 80309, 463049, 404806, 201432, 465059, 393397, 199547, 240508, 439400, 431044, 498799, 68876, 415615, 18643, 471388, 125760, 473739, 88463, 338869, 46177, 368868, 46082, 238795, 246827, 384958, 477629, 377960, 205245, 172854, 241454, 429191, 143408, 435449, 454649, 147683, 311903, 382017, 363508, 363955, 372807, 446962, 12650, 267200, 109100, 225819, 57152, 105781, 133636, 56246, 343896, 293835, 310788, 12350, 432006, 219732, 97809, 80092, 310178, 74853, 49404, 212136, 333568, 157806, 92068, 158473, 226494, 288151, 345406, 391528, 331731, 420076, 204190, 12860, 423317, 261515, 392709, 83212, 162702, 116744, 403441, 388451, 403310, 211038, 87542, 241450, 85347, 227235, 388363, 144163, 441412, 56413, 398339, 26202, 214146, 431228, 296014, 393586, 229140, 292257, 209114, 212766, 240075, 499369, 250226, 31604, 210076, 34829, 249641, 49461, 109087, 268313, 445213, 321031, 415540, 388096, 320755, 484745, 222089, 342045, 399091, 49963, 166075, 273466, 424654, 393524, 149703, 383282, 457982, 244745, 182111, 53620, 495360, 437357, 2833, 111247, 409820, 355872, 34711, 189933, 476624, 157267, 41458, 198722, 418500, 190493, 58498, 464724, 432474, 381309, 245203, 47798, 484575, 57513, 456849, 351353, 410582, 147324, 294976, 289209, 233949, 118092, 228492, 137037, 176895, 149235, 304637, 332668, 337665, 79905, 91740, 258415, 171605, 471596, 225797, 319900, 174585, 363604, 419617, 386255, 99988, 321494, 337685, 272368, 198689, 229481, 170268, 91924, 253308, 18457, 107319, 454285, 401498, 181691, 135861, 464796, 212167, 278036, 366795, 245556, 83147, 305577, 156407, 399002, 432121, 422131, 226202, 396623, 303454, 122604, 377093, 379613, 375689, 150118, 139849, 482162, 340067, 327118, 463678, 179432, 405234, 96673, 362513, 246679, 68532, 343275, 87064, 53028, 469441, 137808, 178889, 144906, 112216, 327700, 322981, 230676, 149938, 16132, 74297, 345809, 38263, 60087, 470375, 252659, 28059, 132824, 177204, 358956, 46051, 22818, 209613, 317489, 55832, 402507, 72113, 351742, 61287, 398909, 377048, 143418, 273703, 169337, 42576, 214298, 181588, 433644, 60985, 455720, 108555, 448297, 331155, 384420, 365994, 299345, 169284, 331088, 272075, 120856, 212445, 389319, 477939, 464226, 130050, 137259, 207199, 421813, 100454, 482899, 168907, 37382, 434611, 347586, 230947, 214511, 246105, 333481, 152788, 269246, 498879, 424993, 356943, 410079, 343431, 163363, 388955, 448263, 356371, 228640, 326300, 129501, 174606, 484571, 264640, 225667, 75861, 308963, 68263, 30939, 485196, 454349, 461309, 50400, 42018, 126645, 359779, 107424, 244567, 178299, 50499, 452600, 172814, 492532, 357349, 218546, 447392, 269253, 212519, 265297, 325199, 436056, 217552, 226416, 216055, 141053, 129526, 359899, 103378, 271387, 180749, 410269, 296178, 34149, 464994, 291662, 54811, 44844, 447558, 214917, 459558, 397461, 79245, 253484, 98436, 388710, 814, 438937, 78937, 281710, 410367, 118444, 290996, 199324, 228832, 283647, 63016, 141994, 453073, 231432, 313827, 464347, 59335, 233532, 286346, 268188, 484084, 74939, 317464, 216005, 238395, 43401, 112578, 389978, 179219, 446737, 205150, 104423, 392884, 284173, 234688, 286480, 218266, 106264, 40943, 57857, 337787, 16979, 153063, 499076, 201077, 466611, 142946, 170340, 325258, 97600, 365441, 322004, 12974, 88621, 478073, 290849, 407697, 475902, 204489, 261205, 50267, 332403, 476388, 81915, 409862, 88165, 184475, 241167, 149416, 75877, 100095, 206833, 351830, 353163, 347737, 279084, 146978, 73020, 12767, 218608, 65568, 465907, 81672, 46256, 262103, 223027, 26450, 100631, 356963, 366623, 111246, 134280, 253586, 397100, 196059, 397372, 459159, 32479, 161747, 205845, 213681, 28824, 398595, 328723, 89802, 243396, 34330, 184533, 2022, 151546, 341697, 305047, 87686, 94910, 409912, 20781, 34968, 419629, 118426, 405577, 410433, 280992, 20796, 334770, 338641, 260648, 45959, 132625, 227627, 194660, 14077, 418633, 39741, 49306, 222651, 384515, 268386, 442992, 54496, 102307, 224765, 214379, 243455, 414539, 4644, 43104, 43087, 412089, 277211, 261688, 160776, 164813, 370547, 84509, 262399, 233240, 245716, 52538, 463875, 222908, 323058, 355765, 277751, 45559, 115179, 72128, 63523, 390257, 307688, 326996, 30115, 232388, 285434, 476049, 480591, 83877, 183449, 144544, 476934, 494216, 370611, 244276, 457218, 160269, 131237, 147203, 246626, 204807, 12075, 100152, 410236, 358750, 335135, 247789, 106395, 191836, 160655, 92461, 444774, 340407, 85419, 307710, 22714, 311692, 267027, 417375, 468282, 3360, 246016, 73037, 199570, 320807, 128012, 440405, 126959, 128747, 474995, 209240, 495290, 364527, 207438, 314914, 28747, 226253, 126354, 364975, 391433, 405264, 201857, 142030, 4907, 300995, 106555, 130484, 57027, 48926, 67474, 431476, 108926, 133480, 449285, 137364, 296344, 269694, 366604, 19368, 136508, 161076, 350850, 321970, 417790, 200317, 387380, 183908, 288468, 159843, 57431, 67496, 441288, 380632, 107042, 198225, 307317, 76808, 21877, 134585, 445146, 335581, 412863, 482702, 191385, 134191, 7273, 320623, 268360, 153635, 338552, 161194, 53, 440496, 212491, 179558, 252951, 419368, 74450, 333983, 315225, 445051, 416627, 433641, 111206, 49518, 212815, 312505, 428334, 62012, 67205, 42691, 370267, 332234, 26415, 224350, 309668, 437104, 207909, 84089, 100189, 284649, 492326, 338749, 491896, 228854, 464199, 91473, 106191, 70734, 458681, 491722, 121996, 419146, 263387, 346120, 127443, 199918, 182167, 416996, 288483, 155861, 319088, 373444, 95544, 154687, 68771, 398806, 176787, 20027, 131141, 41900, 305497, 211455, 63534, 451256, 339381, 293857, 320840, 268103, 377740, 118105, 245206, 445776, 245718, 190698, 364409, 270417, 186728, 317882, 147339, 354194, 307312, 366663, 278058, 433042, 416662, 286405, 298865, 20606, 471857, 364843, 200087, 377139, 249724, 316244, 284911, 101958, 274443, 252257, 389871, 375069, 467918, 139347, 75399, 5774, 391992, 240617, 445146, 389020, 247944, 75328, 30439, 457623, 437792, 313531, 36714, 242843, 214114, 86073, 391079, 165945, 307288, 355229, 5849, 311691, 69223, 321750, 345661, 124035, 93092, 380105, 226366, 97297, 428830, 383866, 437169, 102161, 278222, 175935, 482168, 147733, 436536, 112056, 187680, 12201, 473772, 303536, 477635, 284182, 55089, 431236, 384469, 128971, 229019, 210018, 102382, 273941, 49075, 68036, 422611, 74558, 267425, 467914, 316697, 419736, 227622, 21377, 198098, 453422, 268582, 459167, 211825, 204195, 124508, 451954, 116956, 93720, 313746, 134025, 9747, 200580, 5899, 270748, 426575, 256772, 261736, 133954, 174765, 146444, 313636, 255421, 294399, 485773, 376812, 245163, 347292, 62236, 401797, 436396, 490342, 81730, 316252, 123409, 79958, 129399, 436316, 194482, 352114, 435179, 170070, 455263, 467264, 162629, 471555, 375037, 27513, 93125, 328851, 146588, 224295, 158029, 40820, 349105, 418787, 141648, 413751, 272334, 322396, 423292, 422834, 31476, 489016, 252279, 368676, 58931, 187913, 314797, 445401, 148647, 396422, 101707, 278178, 334715, 160917, 35742, 244600, 429658, 61759, 170101, 288102, 308034, 215180, 277602, 27732, 440260, 54578, 279787, 186141, 499511, 250416, 328789, 490063, 281032, 31862, 236421, 123832, 475626, 442159, 382716, 150695, 172576, 485316, 470437, 321724, 332998, 150340, 477962, 356212, 74452, 87925, 266210, 338995, 334451, 390174, 309092, 351747, 368884, 18044, 473546, 251967, 18393, 433170, 225341, 39497, 320726, 470058, 401536, 315024, 431377, 170250, 390229, 282030, 244837, 389442, 2944, 245955, 390182, 326120, 484122, 276042, 433214, 456067, 117113, 52280, 90172, 228720, 179055, 421023, 254981, 16709, 50304, 417540, 430134, 114738, 289968, 201603, 135772, 35817, 328639, 300569, 119765, 392891, 346185, 182055, 108155, 400700, 305194, 282728, 121347, 253020, 157993, 169531, 233954, 173910, 444494, 397757, 445139, 352339, 389214, 81711, 222348, 104777, 452133, 187862, 227277, 92565, 256735, 335427, 72256, 476832, 157915, 403318, 321788, 375023, 304759, 83208, 294394, 249546, 81940, 287235, 140133, 324947, 492040, 142371, 231599, 71653, 120251, 72410, 51921, 36149, 483359, 237533, 436524, 300693, 327188, 196066, 186112, 304947, 362773, 312471, 366954, 447772, 324700, 245955, 406543, 478998, 285028, 446890, 98985, 373316, 191779, 121935, 367024, 330583, 385152, 488820, 129508, 298483, 276116, 292823, 124574, 435663, 309244, 338198, 183211, 181821, 243856, 206699, 370464, 364563, 245452, 171569, 301980, 384278, 468515, 144163, 419494, 176472, 209095, 365202, 326607, 206362, 113791, 476914, 495976, 355298, 137350, 239517, 44081, 372073, 102623, 229829, 259791, 6810, 63813, 146592, 18886, 110998, 465291, 458960, 244019, 39877, 106823, 194619, 183949, 18463, 80475, 469379, 148262, 362459, 295283, 453075, 54093, 219822, 166801, 416613, 396005, 44831, 231594, 122208, 281366, 369950, 220187, 230982, 292380, 203399, 440272, 310482, 290157, 121049, 469986, 405265, 7980, 301049, 447182, 315674, 327339, 324735, 279943, 5210, 374424, 460288, 406075, 52683, 52723, 2319, 57470, 465531, 371743, 472589, 318251, 377738, 134645, 342962, 109768, 10547, 207431, 123629, 39497, 497582, 469216, 162187, 130197, 115641, 393309, 363309, 460948, 44245, 148588, 330869, 166434, 362359, 266019, 341691, 354837, 98138, 250335, 24978, 274508, 27259, 14669, 485270, 184384, 438435, 108177, 163220, 127942, 268232, 208915, 415365, 119524, 76606, 456327, 116638, 450989, 214285, 381562, 6803, 434133, 462989, 251316, 188724, 20800, 189730, 265841, 313841, 144402, 196800, 456649, 134811, 236052, 177193, 91287, 188168, 76189, 462447, 171416, 45549, 310905, 129021, 28433, 10897, 172577, 241709, 242172, 5487, 249656, 267576, 206926, 3422, 226798, 222042, 181870, 23847, 167617, 95828, 394945, 210242, 424608, 482299, 342857, 293560, 9634, 17324, 82867, 292987, 213228, 311231, 303818, 409182, 1257, 397823, 266255, 28261, 182734, 281776, 304170, 423465, 137180, 61229, 137068, 21425, 35522, 260629, 274268, 375666, 14867, 83268, 425483, 192470, 169598, 328489, 450729, 469910, 207495, 281350, 320611, 60818, 408712, 7090, 65093, 433169, 202692, 355621, 487415, 5280, 201546, 342575, 9335, 400405, 169954, 412709, 147058, 232845, 248355, 414164, 465093, 206044, 303820, 325228, 446087, 191864, 196696, 262123, 396603, 234247, 219632, 469831, 274077, 113664, 450938, 275488, 9541, 23899, 213211, 51031, 422062, 426662, 9363, 423613, 316206, 19397, 2961, 398276, 492156, 53941, 363692, 464884, 293318, 249705, 493820, 215552, 377286, 82777, 69331, 33626, 330145, 280651, 403198, 349421, 222631, 216974, 238715, 229948, 353905, 142331, 398463, 437819, 325058, 365250, 477169, 230236, 349066, 21523, 39236, 293668, 126490, 196016, 118932, 406373, 120340, 81334, 18246, 123532, 421808, 442015, 94859, 457800, 318837, 451626, 97630, 150759, 419145, 221849, 192524, 167431, 424929, 442289, 312806, 250624, 220757, 342739, 261172, 48648, 275257, 267574, 28974, 319255, 157451, 493276, 417327, 225493, 484321, 213361, 391098, 494832, 334853, 378251, 286005, 347019, 281647, 98372, 215242, 30955, 404391, 439588, 477121, 287736, 115236, 488925, 359244, 51884, 184424, 476135, 244796, 288090, 444283, 21165, 119867, 267702, 112947, 255168, 62462, 292580, 111324, 401339, 319010, 235545, 351220, 124179, 244555, 368166, 10112, 98844, 265508, 236115, 472190, 94084, 449409, 468526, 64957, 13563, 429169, 437030, 358113, 330140, 113630, 350321, 484051, 152227, 340045, 97342, 222975, 89142, 285550, 355564, 272428, 135988, 483199, 140404, 367327, 475762, 121042, 12199, 68515, 173440, 216753, 283943, 357484, 42002, 340432, 24297, 101625, 101365, 177310, 148919, 112029, 283067, 338191, 180023, 96016, 170507, 229443, 428075, 377129, 134310, 73835, 416746, 480726, 277773, 167216, 327351, 154037, 179677, 426558, 182147, 380380, 475467, 147019, 102733, 291603, 91039, 334091, 89337, 434601, 306847, 423812, 103029, 81797, 435046, 293293, 138631, 499881, 353743, 242233, 419452, 368744, 175800, 475817, 290360, 251421, 485077, 320075, 420383, 491641, 270591, 450635, 45953, 395211, 11260, 493343, 30411, 272519, 42795, 365749, 219803, 328278, 283381, 177043, 405315, 163800, 489620, 475870, 401420, 144801, 400926, 293896, 464942, 412031, 105175, 112153, 219718, 412509, 261423, 360876, 287274, 459413, 97065, 198126, 43680, 271139, 401020, 414879, 214978, 379357, 29574, 153611, 353496, 188829, 306204, 197981, 306207, 357811, 403361, 364446, 345751, 479411, 9023, 281754, 344641, 34157, 49473, 344896, 322586, 173636, 354206, 253939, 96051, 75713, 485615, 22450, 126647, 420876, 368072, 448204, 210835, 14144, 195854, 142532, 50142, 269711, 310381, 467538, 176339, 343569, 474337, 160923, 73593, 97773, 92394, 461350, 396597, 351131, 56597, 471648, 294933, 128130, 390311, 484830, 68475, 328789, 214828, 428279, 149346, 175543, 234316, 180542, 142483, 256340, 262617, 264709, 432566, 73545, 454490, 493108, 272441, 109359, 229798, 102286, 166145, 343029, 217711, 179936, 259352, 460728, 448302, 282291, 301188, 244645, 210969, 369427, 302019, 339580, 343571, 361673, 259059, 224478, 3094, 415773, 273503, 420976, 489876, 32196, 206095, 108658, 291424, 390702, 193784, 268841, 63565, 329042, 296218, 304954, 323834, 451273, 141351, 58748, 180677, 75390, 249037, 381737, 302596, 427993, 252985, 343213, 257204, 373092, 196854, 377909, 409187, 56238, 466456, 231197, 48801, 228123, 53821, 33162, 496214, 346755, 377542, 307299, 174972, 307577, 123836, 289681, 94566, 15472, 312500, 484225, 260870, 407392, 462542, 491154, 419639, 363801, 372961, 87972, 308569, 105893, 422411, 221023, 115628, 245425, 272624, 300223, 217328, 310774, 75399, 352919, 31011, 263285, 74819, 397959, 389326, 150162, 470982, 493407, 216352, 232812, 110555, 70831, 290164, 249329, 201647, 357317, 284720, 210317, 293191, 321806, 36188, 164554, 44633, 438024, 121284, 424609, 203575, 478161, 245372, 430367, 338685, 16461, 393029, 213044, 60528, 404903, 376584, 474598, 490073, 436400, 161725, 258374, 496068, 185083, 482821, 215158, 185954, 2183, 267258, 385164, 486140, 404381, 334216, 279379, 64356, 281120, 371212, 65287, 76527, 134880, 454248, 178982, 369015, 192489, 254026, 400858, 125268, 325991, 183944, 308920, 184758, 129923, 8270, 127939, 246149, 380001, 238676, 422941, 415104, 433293, 444767, 375041, 301704, 161945, 71477, 22259, 286070, 371569, 91404, 35109, 209139, 14828, 390158, 234477, 143573, 287569, 114912, 152741, 327225, 463680, 14218, 372117, 389626, 226588, 209072, 362135, 341394, 276316, 134640, 323654, 431592, 19679, 422632, 153499, 48302, 183074, 403964, 194799, 216640, 417647, 233225, 17890, 107682, 166073, 93692, 230695, 345999, 327687, 387415, 462008, 317618, 287308, 424119, 336495, 278109, 425998, 339930, 136318, 379092, 129096, 371795, 485106, 52279, 383271, 320841, 128463, 25070, 410376, 271832, 121719, 94966, 460384, 302635, 181830, 12462, 122625, 73438, 488276, 284128, 494364, 265336, 10337, 437639, 479877, 200891, 117371, 133788, 369265, 481375, 240031, 19893, 422942, 389984, 469820, 279948, 68229, 255725, 56178, 310199, 39408, 428247, 279357, 291557, 155663, 398866, 354145, 211974, 314943, 370655, 37941, 300985, 215003, 44509, 28235, 161434, 372281, 155621, 282950, 204031, 424072, 262307, 198020, 166477, 16158, 403138, 463660, 349533, 37277, 280902, 437013, 307736, 181087, 422733, 498371, 155862, 482354, 334512, 409419, 415252, 385135, 309119, 303662, 48721, 395134, 66419, 110160, 196585, 378523, 254758, 207007, 401630, 265345, 377919, 44523, 369289, 355628, 226761, 375166, 182892, 485209, 97611, 239667, 287831, 211542, 432592, 46753, 46669, 370402, 36256, 424835, 188895, 323772, 273175, 111346, 424507, 97238, 394628, 172681, 199003, 134817, 265465, 313747, 74920, 157388, 225213, 161197, 422574, 443004, 434391, 60932, 33347, 393417, 127206, 110097, 65092, 436008, 406454, 860, 74590, 12171, 127624, 260427, 488770, 499713, 26280, 325508, 386286, 382379, 233536, 254046, 456520, 101683, 404404, 488097, 422802, 384911, 87769, 170313, 199642, 416212, 60394, 257526, 317304, 434190, 378277, 390255, 45206, 378714, 236809, 122372, 164830, 225488, 255640, 345296, 95826, 472527, 272430, 284872, 499645, 274864, 75647, 153592, 461794, 417736, 271942, 161597, 463134, 113795, 330087, 199530, 41329, 240997, 198961, 215353, 83509, 34470, 275753, 17364, 411892, 271876, 306043, 74560, 344138, 295336, 372249, 176860, 166016, 452013, 49803, 484807, 337628, 55466, 397959, 17981, 210682, 9526, 398852, 269632, 273556, 304711, 240208, 274, 317624, 359987, 226656, 24545, 395653, 437003, 393265, 100083, 386920, 348266, 169090, 53383, 408843, 81133, 71728, 105960, 48605, 20998, 100559, 327666, 248417, 62078, 432357, 150369, 114171, 36802, 401648, 15005, 336732, 451189, 247634, 472274, 215794, 455434, 147507, 429501, 152505, 107863, 83109, 340229, 459244, 123929, 280241, 160540, 171681, 220838, 445687, 484118, 358261, 71175, 279626, 413437, 486747, 201491, 310990, 101790, 317622, 149123, 472190, 384809, 207902, 109061, 2881, 290064, 144594, 236467, 235230, 369851, 95788, 246107, 232214, 9429, 377455, 453657, 148963, 12496, 24425, 186653, 103228, 455289, 472140, 470101, 203092, 398340, 260212, 161057, 231662, 131178, 463469, 421235, 314034, 434677, 317115, 318257, 183746, 22328, 203939, 229230, 352927, 212514, 353346, 257247, 334622, 156716, 197405, 286148, 290272, 312982, 275193, 215393, 48676, 197954, 402232, 163790, 3489, 75068, 276328, 17661, 249181, 221497, 65585, 66530, 3883, 479388, 283158, 253401, 244103, 23817, 485967, 426294, 242745, 430099, 475647, 140406, 223399, 8774, 457166, 441315, 488116, 419295, 390728, 417588, 166269, 308892, 427785, 131091, 106235, 315269, 275178, 152335, 70919, 313763, 460858, 466120, 120502, 71263, 316753, 401204, 446731, 26766, 240311, 333090, 91162, 446556, 78402, 477507, 417557, 261022, 82848, 258180, 494986, 212513, 80235, 465094, 270148, 202854, 162089, 127360, 393975, 270867, 304144, 52450, 184637, 174720, 424439, 240924, 16177, 393265, 342856, 7160, 339942, 191605, 366100, 492393, 211270, 96148, 71966, 388232, 383374, 212287, 425592, 346106, 121803, 120119, 185546, 441399, 316777, 142256, 488044, 204189, 375525, 467324, 444980, 306064, 9035, 418184, 311692, 335767, 139710, 206665, 40697, 465894, 127109, 97171, 387323, 370557, 294698, 422613, 29313, 341094, 368691, 104939, 283883, 211488, 65960, 298378, 223585, 80418, 229860, 60728, 105730, 59213, 433996, 493246, 4185, 162881, 135743, 326930, 62477, 415207, 392380, 77137, 433007, 433734, 68904, 31452, 223576, 383589, 140589, 264641, 137444, 471676, 227435, 471714, 249018, 294223, 401716, 107494, 69988, 322335, 291801, 60909, 276703, 394691, 87698, 142119, 22356, 112684, 498177, 109384, 202102, 382897, 419864, 336002, 472832, 299897, 312426, 339994, 399180, 149958, 13000, 285511, 483739, 435919, 423479, 351433, 16078, 444550, 119162, 463247, 494019, 143802, 239922, 129668, 225083, 171970, 50527, 371115, 206485, 339722, 479344, 317209, 267215, 168278, 412612, 165441, 114394, 373305, 69099, 53382, 170665, 439678, 5147, 440881, 476435, 192323, 76674, 476061, 419905, 112895, 213414, 313938, 86650, 234433, 231546, 169083, 363363, 138717, 302370, 177357, 11645, 174522, 96868, 43806, 388863, 298237, 288352, 497732, 59696, 486829, 87132, 243932, 282852, 332977, 150988, 322094, 440824, 258480, 383364, 249012, 330593, 498392, 197144, 338891, 429581, 243762, 201543, 333478, 298890, 193749, 268088, 383143, 301964, 312067, 50758, 321085, 402476, 404317, 148511, 495200, 293283, 309890, 473955, 39346, 404826, 462491, 108226, 273556, 331446, 491374, 355495, 339115, 39272, 7825, 245899, 353059, 238604, 426503, 109670, 315963, 32412, 399295, 245416, 68973, 473323, 44931, 153112, 169984, 111636, 195670, 159191, 80123, 202097, 457923, 426026, 127540, 375066, 425730, 480101, 468268, 59842, 146749, 334238, 31149, 493394, 275639, 26343, 55671, 421009, 494780, 33070, 475499, 430210, 404902, 201972, 12658, 387758, 350324, 320598, 245401, 466751, 81278, 31383, 314788, 450428, 232312, 90170, 488637, 30137, 359575, 354026, 349697, 214517, 481559, 33196, 257713, 487191, 160488, 249682, 19256, 435503, 87637, 301652, 290572, 370464, 145737, 196085, 332171, 16562, 113007, 70606, 127203, 443232, 350698, 410449, 68921, 224512, 437714, 350426, 12012, 227010, 394279, 313177, 190541, 424093, 401421, 305865, 22024, 297373, 109830, 193416, 427451, 108525, 370682, 50374, 348131, 170156, 64742, 10213, 478428, 84205, 366651, 53984, 452658, 131727, 137695, 381995, 449511, 148624, 207827, 19979, 410068, 377164, 64841, 450812, 276643, 299917, 395297, 24001, 104098, 462855, 183200, 86551, 384042, 468147, 189674, 37922, 216560, 390357, 194110, 280636, 412972, 69012, 145414, 412534, 344992, 133350, 265484, 174350, 151576, 371180, 307534, 236676, 307643, 269038, 89017, 158512, 413056, 193874, 390055, 129198, 152580, 272636, 86560, 134406, 448611, 355939, 22868, 429641, 174454, 452116, 7176, 291131, 321245, 231372, 454043, 136691, 115647, 20930, 367402, 413715, 367105, 270227, 237324, 312737, 370465, 153374, 450583, 166318, 86535, 385922, 290754, 413737, 204911, 358232, 452462, 42641, 478151, 164798, 64184, 481558, 136449, 85456, 257478, 357466, 266606, 154103, 923, 431246, 393582, 218572, 151115, 221592, 286958, 273784, 158700, 193122, 34327, 228532, 381429, 287688, 231670, 328349, 449903, 355413, 391769, 408041, 92585, 75513, 68188, 380025, 57851, 229542, 231288, 267593, 376662, 165300, 184678, 251438, 393155, 301942, 304991, 89691, 170692, 79554, 398823, 325297, 84801, 277002, 233337, 336507, 198101, 36853, 267196, 315479, 161560, 7833, 31385, 289859, 229778, 187594, 9564, 435204, 499720, 409183, 120203, 14778, 62337, 120456, 234247, 313361, 214278, 200594, 385457, 462204, 51439, 269386, 420590, 98632, 271275, 2288, 396795, 140339, 329180, 262144, 122606, 133065, 398232, 424217, 139539, 360444, 212323, 238610, 392163, 371447, 57400, 492000, 175018, 198131, 407775, 323316, 470069, 63942, 58467, 366030, 489512, 66532, 88207, 461510, 362307, 248691, 102108, 37428, 19604, 272342, 282, 481176, 350719, 470922, 416196, 146856, 223615, 379620, 111316, 417674, 240487, 484435, 29563, 17483, 139812, 227346, 338354, 250276, 36537, 424441, 383318, 445114, 378862, 235428, 370685, 145899, 436593, 149055, 33336, 333597, 243364, 13622, 88259, 337233, 447980, 497279, 308086, 250176, 133840, 248879, 278769, 41828, 388216, 265132, 383161, 301297, 117493, 26621, 137952, 452212, 94444, 49280, 158247, 22443, 428204, 7059, 363852, 312538, 195024, 169008, 341402, 469712, 249595, 254370, 169600, 400770, 322372, 176767, 109468, 32048, 433444, 288198, 36925, 435508, 244232, 376916, 162171, 298815, 66116, 452550, 107192, 231774, 75999, 241976, 354699, 246970, 53674, 414775, 265872, 246131, 267651, 499376, 67186, 466926, 480334, 228318, 218911, 354187, 115963, 118607, 369638, 66351, 59936, 76469, 234199, 374980, 468166, 251398, 374271, 10944, 181177, 115605, 189171, 386871, 317911, 301321, 471156, 120621, 318455, 344929, 101827, 42177, 392394, 426139, 154784, 78589, 224072, 135951, 241361, 188446, 310998, 110705, 343603, 19536, 100934, 261305, 297663, 304026, 408892, 246401, 421091, 464741, 28061, 136312, 13758, 334198, 454730, 101425, 137511, 212645, 420608, 145672, 346545, 301031, 80575, 259288, 300063, 488410, 35385, 455825, 86756, 187116, 315176, 114579, 308207, 492182, 311533, 456951, 196304, 277852, 229363, 379115, 197703, 468821, 446339, 144214, 338424, 157037, 345771, 71481, 449401, 261946, 240489, 207118, 126448, 373548, 219449, 322535, 297708, 144640, 138331, 418205, 499918, 481139, 281071, 39571, 314677, 40486, 390717, 210349, 404171, 490944, 8193, 321276, 171033, 50505, 165529, 228864, 127197, 281413, 222040, 88158, 152387, 415680, 341726, 16426, 70874, 453632, 339067, 358289, 125643, 166565, 237565, 291129, 66411, 62466, 109638, 146615, 136192, 254888, 378872, 246339, 380245, 344386, 486155, 405802, 180680, 469667, 269799, 360246, 244420, 477846, 25564, 447055, 179657, 135907, 90057, 289874, 318584, 134460, 60313, 473831, 412830, 447902, 41353, 267552, 62745, 115959, 141034, 265990, 122196, 469366, 154405, 89155, 255030, 426415, 298166, 377938, 52669, 417696, 18305, 269344, 225233, 152331, 287159, 444663, 363464, 493536, 387885, 276033, 471941, 7968, 134373, 377988, 229670, 69306, 174859, 293786, 249963, 395048, 28651, 203155, 242146, 129198, 412575, 291588, 238212, 66464, 183713, 303313, 498462, 455826, 20039, 199052, 258730, 195798, 236702, 287028, 101815, 464074, 61383, 378449, 8726, 290431, 321323, 27654, 149329, 409333, 160176, 369205, 316083, 41068, 302377, 450368, 79472, 41394, 263936, 490803, 345008, 308523, 196639, 57256, 253396, 17664, 53628, 472698, 489814, 345352, 25967, 302783, 42143, 118081, 115607, 171504, 87910, 139563, 370586, 187861, 327856, 441811, 21977, 73543, 265837, 457772, 198561, 108973, 109794, 311099, 99610, 209930, 464398, 191882, 321133, 264050, 283031, 404115, 229429, 370134, 32650, 71842, 479565, 457911, 275196, 283127, 376891, 438990, 450476, 201257, 483776, 451892, 7501, 446347, 306966, 407363, 32642, 83531, 41276, 203167, 39859, 194305, 169341, 29902, 358788, 418409, 430564, 125178, 434507, 367320, 180743, 302914, 105573, 190419, 403166, 166799, 399218, 263698, 402201, 399922, 136772, 132858, 330471, 405463, 232453, 258884, 174453, 27743, 134516, 239634, 333418, 139675, 178332, 274354, 246185, 353111, 293565, 195817, 369187, 230722, 454, 22693, 453374, 339570, 300989, 54572, 148717, 126119, 437410, 474965, 117211, 170402, 383052, 244025, 304299, 413053, 234780, 306166, 158302, 460956, 374978, 186950, 43669, 331108, 497134, 85197, 3031, 146955, 390359, 302397, 245336, 194142, 494173, 99546, 5923, 218079, 62750, 491089, 225793, 198950, 293186, 415188, 440696, 493482, 362989, 28036, 442076, 27312, 152832, 62238, 123732, 405754, 23006, 75337, 308864, 213119, 490468, 175944, 298032, 15593, 95503, 7580, 358088, 369438, 251770, 470693, 130977, 458012, 102682, 145982, 181991, 370444, 104511, 451751, 328876, 44603, 92883, 118803, 260092, 76562, 128196, 55191, 325436, 260258, 445938, 333021, 468232, 288430, 474204, 100838, 44364, 87962, 358428, 318794, 159478, 290036, 51602, 279063, 352139, 308600, 229700, 48832, 341243, 175856, 313065, 338135, 8551, 78027, 361103, 189619, 493622, 395686, 133409, 210585, 164660, 139873, 300434, 137204, 326433, 53290, 367933, 254448, 361174, 107014, 384077, 61879, 165699, 321021, 285877, 451780, 111688, 368572, 126232, 77409, 47187, 321546, 188262, 32033, 451288, 205901, 79333, 183505, 58717, 343437, 488697, 305212, 331337, 85641, 245506, 163646, 333030, 99160, 213780, 480044, 404570, 184753, 426424, 422968, 116557, 245284, 336562, 265305, 20637, 464984, 169129, 195023, 317967, 279435, 20788, 327882, 486571, 346953, 441315, 59669, 191088, 350279, 98897, 78955, 455406, 451688, 224339, 197498, 406666, 97654, 225443, 389033, 390455, 170876, 387994, 222021, 297059, 244095, 31001, 1903, 315652, 154970, 309608, 388439, 154088, 101455, 368607, 310939, 76228, 170351, 462461, 383939, 75532, 421501, 361479, 30717, 12309, 359657, 195317, 340117, 371133, 255729, 230005, 155255, 430859, 15700, 399238, 151469, 174069, 368295, 261861, 127923, 487598, 52601, 436221, 190465, 34668, 333174, 225511, 95592, 486262, 435658, 302228, 193618, 250103, 255907, 16711, 260200, 195552, 311928, 342239, 411453, 305004, 424259, 232174, 165900, 4605, 194708, 350134, 393311, 372965, 460411, 388330, 356962, 316981, 208383, 41723, 200714, 385494, 122906, 458418, 355907, 294437, 448402, 400381, 269847, 346969, 224786, 304891, 415090, 498751, 16538, 85613, 482228, 298373, 432635, 108337, 424451, 166867, 381556, 199392, 259896, 346932, 211280, 215646, 394732, 478514, 363151, 298175, 95259, 240635, 483491, 92859, 155235, 331511, 174077, 498074, 94678, 199603, 318790, 462491, 495625, 392526, 480565, 395142, 461421, 419125, 188800, 130741, 88890, 155189, 473542, 364954, 307395, 81571, 376419, 496581, 332736, 420656, 101667, 376613, 239345, 204556, 177727, 86503, 185852, 381985, 42978, 265540, 245519, 407496, 251888, 442891, 347795, 450585, 93932, 420151, 458857, 218768, 59732, 138809, 86896, 97513, 169867, 320948, 438389, 280864, 416427, 157801, 123439, 118579, 402455, 404591, 337995, 104152, 458421, 35115, 189593, 423291, 461616, 477618, 66865, 454028, 422194, 303741, 9177, 18464, 81813, 298334, 74164, 43024, 426943, 238388, 60242, 270220, 416879, 279752, 108523, 325673, 141505, 21508, 51987, 401822, 211124, 61297, 243578, 211114, 302813, 224496, 34472, 351791, 216387, 120876, 231828, 13330, 337960, 447615, 250580, 219201, 13551, 308331, 145388, 119150, 122264, 411876, 76956, 417199, 67647, 124474, 113048, 267662, 37696, 98570, 196608, 98053, 294206, 391000, 94910, 186891, 120762, 190204, 228187, 367632, 497809, 310900, 488220, 189127, 312243, 113957, 404510, 429379, 75135, 152925, 78781, 388376, 83752, 336531, 228377, 339588, 392580, 164959, 418097, 216247, 427134, 136398, 338543, 377693, 437773, 120533, 107841, 164408, 310754, 299387, 318392, 430821, 325321, 17194, 185899, 178516, 441259, 388597, 379695, 128005, 377170, 478687, 359043, 96290, 153709, 293434, 375578, 398654, 366767, 202104, 33224, 243265, 229028, 65497, 425613, 223529, 99311, 344667, 245260, 126004, 286858, 74115, 158609, 122112, 190019, 490673, 358080, 246400, 245795, 44311, 237693, 248784, 85856, 254905, 358677, 472202, 172456, 238143, 133807, 385259, 68529, 271004, 354493, 139445, 345961, 159175, 470418, 444035, 7121, 439993, 335411, 80074, 297684, 258200, 393227, 53449, 175969, 111271, 68047, 43218, 213804, 36512, 88876, 409178, 238236, 386211, 132890, 7000, 67047, 486169, 116243, 196069, 39138, 326236, 106308, 58725, 358882, 106634, 31261, 466827, 78281, 476505, 316872, 105486, 372798, 106398, 317217, 295188, 420362, 7076, 75772, 319497, 62902, 147039, 443703, 471147, 141682, 76738, 353382, 137407, 79291, 492803, 235364, 70911, 443273, 483426, 33424, 482613, 371179, 437096, 402619, 62228, 35551, 48984, 253494, 468738, 62005, 222019, 173244, 108062, 469429, 360871, 389967, 183253, 400924, 361667, 350806, 493131, 419492, 391901, 20964, 83657, 399163, 494334, 420254, 35684, 467861, 404967, 294599, 441962, 174247, 315933, 258841, 266597, 9223, 343374, 374157, 149134, 83984, 323608, 240255, 141370, 120071, 305312, 296024, 458074, 344064, 135761, 474228, 26055, 117157, 307193, 323685, 85268, 109258, 340872, 294738, 202577, 361460, 15964, 139810, 424496, 281815, 171897, 29056, 45444, 284825, 349937, 119366, 136804, 476737, 100569, 303747, 43387, 77089, 368396, 265126, 293591, 49208, 352716, 281314, 302508, 26760, 391764, 160865, 10397, 138279, 318079, 413749, 63076, 344965, 36906, 281873, 28827, 461186, 352944, 95169, 366151, 432158, 328513, 95678, 246766, 58004, 97912, 34792, 87643, 309648, 137890, 204096, 171774, 220920, 206909, 133240, 275060, 212711, 445009, 226858, 113698, 205969, 319928, 33506, 167670, 279888, 63438, 333544, 260140, 286086, 153370, 75354, 96936, 475417, 152731, 426351, 451138, 294142, 142800, 102952, 78972, 280775, 351611, 195969, 179572, 403581, 351102, 34937, 89598, 489708, 12538, 261321, 235416, 316220, 376274, 134156, 190055, 410458, 409211, 166975, 366399, 248636, 475615, 279576, 441379, 343208, 239357, 101641, 375029, 456886, 162500, 74316, 175872, 316639, 122649, 218971, 186684, 135186, 353805, 39872, 343008, 166461, 1503, 90781, 145170, 369162, 222063, 499589, 372285, 497772, 171580, 296267, 160155, 265989, 428462, 118421, 349252, 459726, 114511, 375211, 496705, 401038, 403704, 213040, 128226, 119854, 478884, 54914, 247320, 55876, 28977, 154250, 397816, 251878, 262, 85335, 240888, 481755, 116053, 266891, 149745, 299559, 392539, 119990, 451157, 303834, 341446, 171444, 236301, 458935, 26674, 346237, 400135, 269528, 97356, 421994, 410503, 51848, 487362, 53499, 128517, 126273, 317368, 194422, 273837, 184712, 179454, 257919, 24183, 355717, 382162, 50516, 260030, 260406, 396119, 31237, 496794, 163858, 495807, 287550, 145457, 130556, 164091, 56356, 163960, 68229, 24249, 71431, 359016, 94582, 4254, 174783, 441133, 58944, 206294, 370787, 197250, 283623, 147655, 427306, 428607, 19231, 235898, 54641, 26906, 354466, 486929, 302856, 361179, 55159, 369899, 372114, 211196, 37512, 76449, 427765, 253995, 203280, 407410, 240536, 445952, 118424, 121531, 112901, 452423, 323797, 64944, 320603, 74948, 377933, 39791, 410246, 85254, 273339, 332711, 248808, 420618, 482835, 9147, 290561, 57531, 487730, 64150, 252933, 399614, 88927, 467127, 436099, 281382, 482872, 388178, 355664, 74744, 113318, 166165, 396669, 240461, 391882, 138343, 387725, 84779, 375368, 244044, 44840, 299016, 358101, 30230, 310034, 245418, 182550, 358364, 206896, 66853, 318106, 485711, 196438, 248249, 397277, 66929, 390172, 161261, 133984, 68374, 29633, 417716, 351214, 472920, 30211, 103883, 148646, 201093, 149166, 442990, 317799, 192190, 462901, 429150, 65303, 61570, 154995, 351006, 473236, 17890, 411990, 91335, 396496, 405728, 320460, 125895, 158193, 184464, 35850, 212009, 467063, 463786, 109339, 168880, 492694, 332902, 91644, 25246, 401630, 239018, 448849, 467232, 245376, 427598, 15636, 84485, 97455, 434641, 15854, 463361, 498014, 445617, 175761, 384341, 42518, 441337, 426400, 11972, 219040, 341303, 40652, 483518, 328931, 435753, 186469, 103854, 208110, 269501, 162449, 271826, 341947, 107582, 224884, 124553, 144319, 43154, 259508, 308758, 44761, 69463, 272582, 179075, 464420, 91898, 19833, 284032, 205073, 248740, 67047, 452512, 386597, 153722, 36024, 223899, 451502, 269833, 493496, 25373, 349641, 1959, 484362, 166116, 205483, 239686, 164326, 266821, 294377, 22452, 235942, 402784, 131467, 411990, 383627, 307956, 23273, 307616, 253928, 134358, 347899, 482305, 415076, 79943, 234740, 189933, 339929, 377559, 405620, 196658, 255693, 60346, 348876, 186925, 360098, 1296, 407507, 308307, 178564, 259897, 463992, 425451, 171679, 38712, 237001, 471438, 359842, 280800, 311721, 59539, 360192, 302505, 35560, 384208, 259449, 48201, 258420, 134637, 185832, 73393, 491773, 443707, 276380, 125142, 75913, 104320, 491477, 93838, 385735, 192293, 164095, 28123, 456538, 319799, 151942, 314711, 286590, 353157, 283410, 281868, 59011, 14091, 196173, 497849, 413705, 147162, 139009, 219061, 129006, 480146, 433535, 181596, 236315, 24135, 363143, 393195, 323084, 401060, 83950, 228363, 281534, 426876, 293821, 370009, 418282, 195787, 63353, 369346, 75829, 37414, 306288, 208046, 335930, 316191, 330250, 286637, 365338, 451031, 488869, 227199, 495317, 31540, 407281, 444800, 364907, 189601, 171000, 331843, 243092, 194214, 280112, 20651, 437958, 318389, 435872, 361202, 266359, 56850, 137783, 308408, 318532, 465266, 36113, 33180, 69673, 200476, 263483, 313440, 409979, 499296, 398069, 315223, 14425, 264675, 9637, 120692, 199364, 311712, 98662, 152396, 497785, 166119, 482987, 120625, 419789, 249860, 66014, 376897, 48489, 117603, 330331, 134667, 474384, 211636, 481019, 263515, 491214, 495502, 495178, 142572, 47275, 216659, 187684, 496192, 476434, 136406, 70054, 471061, 308537, 133938, 282569, 45001, 498682, 376608, 430673, 470466, 233879, 366382, 211116, 19759, 481491, 425239, 309721, 37609, 364214, 379404, 139231, 461070, 114942, 20549, 407203, 211951, 349302, 118045, 435766, 294586, 257341, 248336, 305774, 328060, 14148, 385645, 492549, 365892, 398058, 19515, 158422, 420213, 238071, 436621, 322242, 285980, 10135, 22001, 205647, 66087, 217168, 442420, 247687, 490937, 84442, 30523, 72402, 252369, 246970, 287992, 232050, 241691, 472373, 366272, 145275, 426352, 135168, 223762, 128325, 269528, 61307, 312538, 112874, 390040, 360492, 422961, 472089, 397887, 347251, 54411, 69824, 154148, 391634, 24737, 164407, 183360, 450545, 402852, 256506, 209827, 228471, 302773, 453032, 241597, 270124, 57368, 237807, 121611, 18064, 345966, 402280, 390627, 171896, 434299, 130262, 310934, 428716, 310950, 395199, 221862, 161426, 492749, 277041, 439068, 134923, 92870, 262565, 125101, 415890, 419538, 118561, 208725, 493186, 120635, 216672, 432708, 372008, 112198, 63019, 224260, 144523, 337315, 366183, 485457, 178038, 77049, 199524, 462279, 8185, 20525, 227666, 425185, 191026, 246305, 84216, 282164, 313103, 129709, 105618, 77688, 303987, 267169, 445478, 459938, 173508, 117749, 438476, 104431, 201123, 53605, 48309, 254611, 495461, 429590, 466989, 285879, 112130, 238062, 137379, 32134, 225267, 430593, 134571, 379433, 199136, 102132, 457657, 49341, 440247, 90330, 318468, 123620, 86282, 470434, 228633, 75575, 10041, 445231, 276048, 45595, 193847, 255371, 492898, 419214, 225367, 428589, 179993, 108359, 419365, 121558, 48780, 128306, 353054, 331269, 144578, 260532, 128848, 490910, 191450, 122626, 107734, 449300, 440102, 429974, 223409, 173465, 165301, 467769, 345531, 105975, 142513, 476587, 462034, 394780, 277574, 44141, 342997, 329978, 317242, 106502, 495360, 461136, 250122, 387179, 96460, 15417, 284340, 320775, 456164, 146278, 475874, 316332, 90130, 399760, 403621, 483416, 410220, 99869, 422306, 452391, 375096, 456781, 206311, 412350, 226620, 123155, 470035, 167685, 315122, 270839, 346212, 242892, 282397, 488219, 379522, 328593, 20755, 257187, 25461, 277032, 445231, 183387, 302234, 320419, 419027, 462721, 57630, 106350, 200234, 395277, 353684, 201874, 119186, 461683, 295154, 250876, 375862, 325730, 211803, 93620, 51122, 114142, 467526, 97861, 399794, 450312, 174193, 427384, 280312, 460622, 12098, 36195, 42425, 65759, 134997, 289628, 244777, 415083, 125016, 332775, 393713, 95788, 436187, 206251, 263047, 123762, 147707, 17493, 351632, 498719, 298002, 424320, 389872, 429001, 303681, 287794, 210597, 34702, 268781, 292219, 340217, 77739, 128835, 11668, 91340, 471369, 486120, 305042, 111685, 384708, 93850, 335308, 107347, 212591, 139429, 128470, 85686, 122558, 88692, 19595, 499766, 471481, 172995, 37972, 69037, 259237, 499698, 42149, 77535, 341843, 228414, 179656, 121157, 445845, 331967, 122268, 177393, 296187, 313645, 458445, 150896, 303724, 841, 323639, 376039, 213284, 459715, 448868, 153835, 77109, 344109, 499203, 184147, 374905, 107158, 194049, 177564, 102138, 63833, 129519, 499355, 261863, 300561, 422823, 149705, 137391, 232305, 240475, 357421, 430551, 324076, 70406, 295820, 320719, 334553, 79887, 297161, 426105, 189477, 31063, 130634, 108882, 353796, 142964, 105758, 42999, 462687, 395731, 364050, 263403, 458377, 359116, 210705, 56939, 249465, 258729, 121406, 470276, 109014, 389197, 326388, 315255, 232161, 368379, 28799, 393007, 492848, 341070, 420114, 389094, 18296, 28932, 348859, 307602, 457285, 254059, 407295, 474358, 292326, 491173, 493942, 238880, 136394, 395225, 71347, 286611, 435536, 119881, 31445, 358658, 179741, 431123, 32351, 438787, 427736, 291479, 180746, 353605, 10688, 437088, 390248, 116239, 95691, 347543, 28122, 182782, 351039, 85017, 307459, 52069, 323772, 209115, 386996, 222188, 281417, 463156, 15738, 221318, 213878, 402022, 438385, 20445, 77499, 449701, 173847, 968, 226028, 240959, 227133, 213152, 383638, 13099, 434258, 407194, 360658, 105089, 155620, 178415, 106953, 172432, 207307, 111192, 103831, 449679, 179642, 326180, 99535, 240228, 369495, 499403, 392833, 459250, 181200, 95697, 75241, 460525, 252317, 229360, 298057, 137650, 475333, 424705, 50301, 335081, 250027, 461876, 110599, 196913, 139151, 34816, 347379, 21222, 166586, 121097, 402203, 79834, 469083, 460066, 118672, 364798, 450355, 285138, 119579, 109718, 40332, 394658, 207378, 19981, 74420, 8986, 246785, 253702, 352538, 281998, 258035, 441692, 40694, 122441, 279406, 37582, 237110, 109727, 282564, 149364, 30725, 410625, 353835, 333753, 477004, 20804, 7769, 207967, 310521, 108020, 145678, 474544, 85395, 271759, 108859, 325982, 483280, 308886, 320171, 273359, 354927, 298241, 311971, 181599, 75444, 101551, 407161, 78233, 483171, 255564, 153745, 453470, 184556, 127748, 644, 419972, 452332, 138576, 412474, 111576, 346185, 164320, 490302, 175193, 110581, 105564, 474745, 159338, 175788, 336392, 39906, 145015, 125814, 417214, 479771, 307782, 152798, 155822, 158263, 392358, 155534, 129322, 22013, 446301, 316087, 293966, 413954, 241903, 321572, 135985, 79565, 254681, 247789, 387302, 6923, 239303, 454018, 248045, 410687, 70962, 223003, 362816, 100172, 400210, 484984, 477288, 470823, 59261, 115015, 448656, 490490, 362859, 115144, 65848, 163948, 136675, 41901, 139329, 485725, 36676, 256996, 104790, 369450, 371573, 356577, 181595, 205687, 131472, 182080, 168628, 36596, 486140, 380340, 350995, 287571, 263684, 469648, 446682, 409403, 65788, 123883, 447882, 46657, 259135, 270357, 274978, 241167, 486781, 33639, 182438, 357289, 169163, 399217, 8534, 35745, 490217, 446310, 387436, 464948, 198956, 354015, 231807, 450301, 150244, 426359, 493742, 356962, 276492, 95505, 108271, 178344, 111300, 268603, 82494, 473549, 368570, 75027, 192373, 117734, 198072, 444512, 238431, 416709, 143426, 205696, 101055, 260660, 450517, 40281, 407194, 427935, 201325, 229496, 102460, 292274, 69921, 159163, 457075, 314306, 260625, 129126, 6145, 92481, 410973, 352783, 307146, 233683, 188601, 464651, 219465, 245240, 479671, 329340, 452882, 411659, 12342, 77872, 298904, 72863, 136177, 345976, 75226, 42299, 195706, 390621, 142722, 450458, 154637, 413562, 178564, 283365, 170889, 474625, 97729, 58211, 143632, 272230, 178613, 267628, 268867, 346017, 166374, 213965, 314837, 452467, 240482, 483736, 314639, 473338, 320070, 63568, 162645, 103142, 67486, 479672, 324776, 332284, 259454, 454849, 82065, 209626, 49610, 47038, 434133, 447460, 276121, 286487, 71847, 442561, 57379, 443108, 258480, 427938, 239980, 120926, 451483, 88491, 278010, 323105, 152166, 205692, 449213, 264855, 188125, 448253, 159646, 175295, 333761, 409485, 308547, 192737, 285430, 338712, 379703, 235536, 388769, 240291, 316490, 373575, 158383, 249202, 22199, 486337, 290142, 409576, 79897, 473442, 326527, 8705, 92804, 466136, 71398, 309732, 302163, 225997, 457778, 217623, 226107, 246311, 16177, 439680, 350094, 56577, 309044, 69932, 49402, 39994, 155088, 93613, 310499, 443569, 1436, 167788, 494638, 477716, 94751, 452101, 252810, 372787, 492992, 11234, 336606, 428697, 67057, 296101, 384275, 367478, 484073, 172591, 255075, 330104, 50913, 124, 167301, 247026, 395180, 492447, 53662, 445905, 49192, 372380, 443871, 376839, 180906, 23401, 56639, 252850, 117124, 266353, 86957, 726, 383242, 296750, 233128, 180775, 386448, 308179, 373048, 55122, 125041, 354999, 363716, 400139, 259677, 341589, 37749, 13191, 106824, 389631, 462788, 260908, 412693, 249367, 81898, 204101, 1311, 306306, 301435, 476077, 418207, 427056, 107380, 170385, 302838, 58580, 354101, 74718, 50169, 35857, 60230, 479922, 109813, 426152, 200776, 6156, 485606, 463381, 311679, 325195, 235744, 80460, 339021, 8186, 493662, 127378, 67536, 73925, 382534, 340021, 226792, 358063, 307134, 59639, 300127, 83664, 369639, 454940, 179674, 252402, 411036, 309021, 382179, 150000, 38391, 119009, 59651, 85122, 499699, 490404, 120906, 430337, 4697, 345322, 291029, 397347, 274795, 355106, 350498, 133786, 431043, 471372, 88543, 447517, 154337, 66792, 236051, 406910, 423379, 365545, 24463, 263752, 369667, 312196, 306381, 452146, 9017, 258591, 300606, 385962, 196283, 176860, 10408, 359561, 474291, 494404, 338785, 324088, 491251, 302538, 325747, 157207, 317742, 225375, 39964, 446523, 359757, 243574, 105029, 250040, 250125, 41291, 256577, 413271, 73554, 213252, 291831, 252715, 40130, 117770, 179447, 369, 422085, 435127, 7434, 335690, 135546, 432582, 389429, 228807, 295548, 229215, 61631, 250767, 176098, 142237, 155677, 280875, 431977, 321363, 66112, 52274, 315780, 3636, 49719, 226041, 286195, 355581, 299383, 475962, 358342, 165605, 270313, 46853, 419585, 372336, 56999, 130678, 151850, 421688, 302712, 39221, 197058, 392203, 257834, 53052, 418115, 104236, 109916, 286109, 285923, 354249, 421932, 101613, 221421, 377982, 142482, 423389, 346940, 178182, 323138, 348706, 436835, 283536, 90202, 339611, 274790, 312821, 406367, 488872, 117657, 245189, 93596, 373518, 224217, 208225, 119335, 333599, 326095, 4240, 447577, 130929, 294075, 14588, 84890, 306633, 329220, 346502, 101473, 433309, 366079, 34310, 156590, 209965, 246290, 332555, 455496, 262796, 344702, 323972, 105437, 275679, 35447, 132580, 132247, 432779, 74386, 337237, 73722, 434175, 391698, 296105, 75308, 312676, 56514, 215072, 409766, 104993, 378910, 245512, 123475, 269531, 110799, 96670, 47504, 492006, 68574, 129494, 40931, 183638, 206397, 42424, 315820, 56191, 303750, 467552, 410105, 480220, 383200, 474545, 223699, 335174, 252393, 111853, 65391, 179926, 494950, 84542, 108997, 427703, 114265, 186962, 355928, 201107, 111671, 148686, 303076, 243000, 236138, 73291, 209703, 335080, 3241, 89909, 5848, 15497, 80720, 469813, 13796, 387368, 13880, 57092, 268821, 432154, 322794, 121479, 90005, 186909, 10443, 258802, 260257, 197899, 9345, 496924, 437346, 364262, 380056, 255, 364317, 492829, 265831, 208361, 81770, 476183, 262246, 35984, 205950, 495677, 253499, 300332, 144380, 168559, 355107, 204657, 130436, 231401, 145374, 93686, 130838, 44214, 371030, 108088, 254899, 315856, 31172, 208273, 194939, 452311, 436459, 99582, 122841, 465472, 333674, 70093, 11833, 405, 269042, 188843, 38166, 108585, 276071, 183802, 450401, 390885, 246932, 54662, 242895, 286318, 67875, 129877, 301336, 159454, 467387, 292519, 67045, 380670, 203091, 246856, 39237, 447064, 187470, 209773, 107766, 89701, 164970, 497359, 162902, 104188, 41831, 166619, 329761, 48570, 156302, 182100, 463786, 186000, 260160, 373169, 350189, 469896, 436709, 65836, 144635, 385868, 317134, 39250, 309539, 144607, 70853, 323779, 37609, 374296, 178959, 258895, 153667, 357902, 463782, 302395, 343863, 53915, 465338, 222548, 51832, 434330, 319970, 57348, 433129, 454205, 298679, 160295, 284197, 155691, 195630, 470315, 238069, 245947, 18963, 146805, 253604, 171813, 189399, 497525, 350012, 103153, 323232, 28389, 455244, 391800, 37555, 134637, 70810, 468450, 116093, 83565, 194681, 456045, 323628, 447404, 474683, 478273, 201888, 150808, 366387, 37469, 39966, 421584, 322758, 409992, 16662, 207402, 333971, 77011, 430358, 296066, 483775, 304420, 168512, 233416, 77562, 457591, 495116, 24495, 107694, 265835, 451629, 19701, 367046, 1276, 389109, 168883, 386883, 305127, 340755, 265017, 17151, 418477, 416685, 479601, 370954, 95661, 180174, 153980, 120856, 297209, 136734, 284353, 39893, 273217, 59970, 213081, 205852, 475838, 363300, 449061, 440946, 267690, 7352, 236494, 89990, 458286, 3995, 491870, 204572, 373708, 213889, 396099, 418821, 36779, 178428, 304652, 455353, 212729, 268117, 362282, 14913, 422979, 132552, 241140, 484878, 125466, 330653, 208309, 105729, 208746, 262685, 489924, 255707, 29469, 422728, 460374, 396191, 70288, 372359, 230008, 292015, 74628, 249236, 122220, 109438, 383045, 66878, 481380, 271444, 73404, 180285, 195779, 302740, 149599, 154319, 109299, 353497, 307238, 461846, 184305, 39678, 198277, 238751, 259534, 54694, 495500, 83540, 102496, 463524, 460211, 162800, 322269, 302430, 245102, 465894, 312663, 495910, 360350, 152532, 94947, 298148, 447322, 431085, 171368, 494980, 393075, 225510, 276140, 404929, 435061, 346854, 425284, 325266, 179765, 18815, 137076, 347438, 114594, 214022, 201372, 291543, 226043, 82556, 71614, 42949, 195041, 111370, 143144, 381855, 322964, 372238, 310298, 422865, 492860, 200558, 274042, 94808, 411385, 99102, 244660, 329133, 351872, 377861, 354127, 98845, 253694, 233662, 273029, 225906, 389774, 290198, 320937, 364718, 353853, 445035, 380166, 435281, 95194, 210142, 10537, 464494, 90769, 127990, 325707, 301890, 177758, 207309, 256191, 122361, 209394, 308863, 156425, 415492, 36981, 109168, 338348, 321817, 31243, 183351, 89724, 77641, 358014, 428788, 185760, 134012, 176900, 22949, 160972, 29390, 221875, 194513, 17011, 85990, 260565, 129037, 35767, 248253, 428487, 139946, 50026, 74499, 372016, 69721, 94870, 180525, 454448, 173486, 323738, 187725, 315926, 400747, 424746, 442751, 137475, 260799, 121675, 369764, 307945, 50273, 2406, 136124, 133532, 471392, 426407, 315760, 141029, 447020, 153316, 337817, 194762, 106813, 115811, 100208, 216200, 451430, 83462, 174321, 194862, 448496, 111314, 40319, 251085, 303663, 67344, 72528, 226547, 77008, 141464, 354820, 230576, 176771, 403339, 440980, 263244, 201201, 255905, 419264, 172159, 200833, 177229, 457886, 140189, 36759, 452133, 241464, 43019, 294084, 197179, 440027, 428786, 60956, 322665, 98479, 76272, 425593, 433473, 367026, 180839, 262711, 201179, 50192, 60285, 398833, 205441, 461916, 484193, 225075, 431266, 28637, 47614, 252313, 92740, 372839, 105777, 268664, 119728, 186398, 101978, 175739, 274781, 44728, 407496, 99526, 484133, 432883, 230641, 457494, 225384, 14917, 92677, 203812, 172292, 137436, 467041, 123669, 17925, 483224, 470494, 446673, 52048, 256539, 478788, 237198, 316786, 169839, 75948, 217893, 304139, 311972, 55787, 337469, 27363, 465536, 126411, 4079, 40737, 346180, 250892, 17691, 456080, 350334, 97237, 314124, 447516, 477338, 346156, 408939, 390339, 323457, 471804, 272698, 341135, 161388, 346435, 294896, 99625, 401047, 84731, 79134, 347431, 459753, 461047, 341558, 132748, 277303, 344193, 120300, 347927, 201876, 410962, 461201, 486039, 103230, 418335, 456133, 420581, 248713, 447252, 430972, 277468, 37362, 453312, 95942, 360085, 261361, 5345, 261225, 400422, 482908, 221306, 298277, 186909, 137483, 132960, 239231, 452390, 471782, 451804, 13853, 460030, 158515, 344477, 47456, 338743, 5329, 35890, 451048, 229975, 479689, 230617, 258307, 197340, 26608, 204889, 194881, 465244, 178857, 7591, 151333, 449505, 118825, 277225, 415780, 314553, 304175, 479744, 413192, 449487, 400182, 367709, 479429, 378195, 491991, 304711, 238942, 413412, 171654, 248246, 49901, 404279, 273164, 143724, 417451, 153441, 55147, 385185, 300792, 30846, 433128, 276713, 155969, 340931, 311731, 13175, 55600, 41096, 442658, 340418, 140801, 264368, 327927, 185507, 135613, 77563, 147176, 285951, 358046, 431111, 482415, 400245, 271393, 57751, 464994, 70163, 122768, 34507, 15830, 299821, 52581, 188764, 94908, 442972, 494405, 381722, 396775, 158248, 409358, 356860, 61784, 174312, 227147, 303320, 114478, 420775, 249591, 228089, 168447, 91505, 349402, 453353, 225750, 59007, 281690, 212842, 257952, 409061, 464529, 265236, 464008, 159588, 484352, 287056, 367353, 114633, 282624, 73288, 227503, 297854, 94425, 276313, 98124, 181133, 353861, 228553, 198170, 443395, 171194, 160396, 215483, 188228, 287232, 415828, 251845, 216804, 284044, 11033, 362823, 113961, 279785, 28142, 364191, 336393, 357877, 35225, 62485, 157330, 38850, 45523, 293927, 136811, 435669, 115055, 116029, 107837, 97224, 253724, 227244, 22588, 106172, 158157, 16164, 457809, 409151, 190491, 425923, 88399, 349924, 114827, 303872, 485425, 288521, 157900, 90954, 412179, 58736, 52856, 157342, 118611, 261788, 183867, 497624, 394370, 395084, 56504, 183665, 134569, 47036, 252058, 320647, 456998, 57931, 274068, 259696, 255785, 237373, 61105, 343108, 120913, 104, 315814, 178174, 457657, 139778, 198484, 486312, 402590, 62317, 145728, 482131, 41060, 82578, 495210, 85991, 424411, 43805, 41706, 261950, 299592, 477015, 445085, 163206, 107460, 259955, 180394, 344076, 18775, 254235, 280858, 127496, 404368, 502, 418933, 271124, 236917, 258557, 429438, 315137, 344763, 340161, 57054, 473156, 190911, 222979, 127761, 115495, 16046, 493939, 183434, 465743, 241624, 45425, 19056, 387853, 352735, 28748, 114692, 123192, 433643, 301826, 230328, 381154, 231625, 48167, 430049, 72230, 22993, 447949, 198842, 315726, 393314, 343272, 467625, 298988, 195769, 463692, 406440, 151071, 305790, 49764, 33218, 470241, 46294, 146948, 447507, 165426, 79634, 375324, 106358, 197293, 459333, 381908, 213415, 184189, 389694, 125613, 234023, 80800, 207173, 400043, 283576, 434669, 54125, 248831, 419818, 404826, 471808, 192315, 71678, 303211, 85298, 136564, 321600, 81133, 326949, 90590, 262151, 399626, 418038, 149057, 158790, 391397, 196928, 34542, 47917, 442499, 301850, 367889, 433899, 488590, 472833, 108757, 13927, 271220, 462203, 43457, 288539, 171848, 51386, 184600, 20302, 104195, 8124, 57401, 11270, 173487, 450481, 423650, 362369, 197954, 105178, 163291, 52962, 438317, 2534, 460731, 3075, 477319, 407768, 56285, 329015, 359851, 441506, 238340, 47295, 175203, 439965, 335868, 373712, 384228, 157417, 473058, 254315, 281038, 360792, 264364, 115779, 136181, 254314, 244998, 107537, 476593, 210324, 344179, 436836, 188806, 418435, 479847, 37196, 461319, 434627, 211059, 384830, 202455, 329735, 130890, 71272, 82460, 344925, 264138, 15948, 355425, 23620, 171292, 186297, 237187, 38845, 99163, 357790, 135170, 151470, 2710, 387300, 236097, 342106, 391427, 382652, 147371, 133802, 315414, 486764, 35842, 406380, 320780, 416171, 279214, 448140, 396612, 476420, 196518, 463269, 323791, 89892, 252685, 69483, 41935, 464526, 52146, 113150, 243315, 260316, 487102, 207341, 488114, 105480, 4735, 119937, 445115, 322569, 262111, 333520, 365767, 95558, 340135, 263455, 60988, 154682, 175436, 445325, 333170, 84608, 357060, 459379, 294123, 143830, 404758, 168767, 39711, 190639, 30715, 488658, 370897, 450956, 45206, 496862, 152413, 444536, 47318, 24131, 495803, 369397, 475540, 101300, 90549, 223500, 308648, 235673, 458078, 27946, 394960, 201307, 325197, 140082, 461282, 405282, 338648, 225887, 309837, 425858, 31296, 90954, 186513, 341360, 356535, 450661, 296853, 168613, 163795, 349465, 251070, 474534, 3601, 142946, 246968, 368049, 278622, 491590, 469309, 41413, 410560, 300857, 297327, 85839, 474788, 415766, 94433, 433814, 360641, 298041, 75475, 127110, 288453, 446869, 350035, 104548, 15502, 418845, 150017, 232298, 127886, 229701, 150674, 449414, 416634, 169066, 291482, 185403, 158653, 226146, 363526, 335693, 309350, 183063, 122379, 144604, 100058, 123234, 152298, 264005, 397764, 128615, 139305, 386155, 12748, 15519, 323663, 368385, 303265, 242223, 40068, 299181, 322808, 228577, 77623, 377532, 228341, 163616, 381126, 125093, 330415, 266431, 464542, 52332, 317834, 354693, 214420, 482898, 53517, 286402, 279209, 417094, 66683, 278142, 220074, 394329, 438848, 65945, 96519, 452935, 145834, 131302, 112790, 94485, 192915, 236665, 334906, 104684, 496553, 330689, 131441, 255364, 364981, 313850, 105891, 138097, 373353, 135194, 445604, 338978, 403699, 138029, 460902, 136477, 388797, 171254, 166330, 64060, 454029, 273603, 163079, 150540, 320168, 3738, 140052, 204638, 292462, 179776, 202938, 27012, 313949, 363951, 4346, 325515, 221906, 31954, 58882, 498406, 41971, 121141, 180906, 280041, 368138, 278075, 163585, 44494, 34072, 50296, 207949, 280510, 412174, 200057, 399854, 142725, 193761, 401567, 415777, 254487, 262449, 422398, 309399, 250321, 102110, 3070, 310377, 291190, 433484, 54235, 447488, 47202, 48912, 267094, 92223, 150845, 125710, 386887, 243754, 242720, 292082, 451412, 212171, 250660, 221199, 8676, 146034, 294576, 39089, 385864, 297201, 267690, 467646, 118884, 363094, 348722, 235750, 20308, 55111, 444663, 496226, 494448, 142148, 340469, 435773, 234506, 129905, 27274, 472324, 197418, 307768, 70056, 473927, 428045, 311290, 56458, 343616, 3668, 37783, 116164, 430132, 130620, 87428, 228413, 334939, 380885, 234647, 309352, 97288, 301577, 105858, 403582, 469206, 175547, 291631, 411766, 368678, 93298, 230275, 31611, 432280, 137546, 81271, 447722, 179878, 259002, 198158, 353431, 409537, 23464, 337860, 267792, 119593, 495822, 464, 137121, 148392, 381272, 290159, 292552, 151237, 284476, 165882, 203410, 158750, 192245, 54952, 449590, 290971, 425914, 197797, 110746, 378420, 100625, 119860, 442419, 374224, 228486, 380146, 217739, 403888, 161335, 492900, 192162, 289436, 64941, 485978, 162349, 147568, 461940, 37463, 105523, 490663, 45184, 434175, 194423, 439280, 339363, 332212, 294685, 315566, 399984, 26073, 110778, 248908, 91886, 106583, 341354, 152012, 335222, 108237, 489358, 197727, 156700, 230138, 70848, 456703, 478583, 340316, 299026, 57255, 283140, 363124, 94269, 259060, 121761, 162112, 357330, 370397, 22783, 53534, 139198, 297492, 269490, 188376, 227952, 267872, 315997, 134150, 297112, 77315, 467227, 425847, 253189, 216488, 209357, 257277, 23530, 389803, 309900, 323728, 182687, 80438, 417026, 326871, 141284, 444849, 201880, 314983, 231907, 152544, 300435, 419103, 114461, 406735, 480265, 362161, 292628, 441429, 363669, 298138, 91217, 487424, 146908, 210812, 25876, 260473, 271205, 51157, 1141, 463807, 317037, 395915, 446140, 270142, 52985, 323604, 127547, 195809, 131146, 288512, 74616, 496505, 466631, 131400, 105159, 167295, 335927, 484693, 153339, 173665, 422543, 75963, 383805, 64023, 112348, 22374, 50417, 114053, 27628, 42941, 53599, 73338, 293614, 144670, 87726, 216094, 33342, 135588, 261341, 277166, 318871, 136841, 183594, 102523, 202077, 256214, 373902, 363396, 371412, 197508, 166678, 100024, 302673, 13428, 144473, 336047, 423540, 198614, 328467, 61043, 16264, 429617, 199497, 251636, 46139, 220398, 462375, 26323, 219439, 75238, 483931, 416577, 287404, 116581, 424143, 378623, 449, 97391, 414955, 12375, 465025, 285319, 261873, 339755, 83843, 371211, 150284, 27178, 60351, 90528, 198420, 485469, 260823, 319503, 156927, 245178, 81856, 320894, 403496, 90990, 79400, 96608, 100778, 388555, 65146, 363364, 492446, 258858, 166855, 316983, 430821, 125418, 237549, 32225, 454301, 148738, 135455, 91849, 226552, 443595, 244351, 194194, 363718, 120099, 40378, 136377, 4292, 333577, 135680, 221188, 127540, 301051, 78726, 247181, 110256, 320541, 186046, 286721, 360498, 33759, 424077, 156053, 350901, 191136, 239078, 118298, 464741, 37557, 140598, 199958, 405283, 297995, 295383, 297829, 352019, 172425, 230518, 238276, 213122, 247255, 172958, 155899, 472691, 372318, 120775, 57782, 363676, 320469, 406765, 221704, 71613, 171760, 219016, 183499, 49213, 249318, 295813, 15445, 177823, 368179, 1704, 471693, 496368, 198636, 175926, 231923, 92673, 262379, 212773, 138198, 248457, 447725, 270924, 325108, 92292, 164384, 382928, 178196, 289731, 491551, 22277, 494835, 273009, 68336, 313993, 443115, 198001, 220692, 51794, 248689, 458736, 93875, 149808, 228484, 135339, 178770, 277307, 32907, 198622, 84068, 394146, 231503, 150756, 204280, 391436, 384767, 275305, 252807, 213108, 446363, 233344, 383369, 474682, 35552, 59845, 276454, 151248, 29031, 200798, 327504, 247229, 168241, 71508, 352200, 368332, 450518, 113022, 315412, 51435, 16681, 433540, 400138, 329691, 465884, 176936, 168819, 191362, 175590, 363165, 136481, 171501, 428887, 422594, 414726, 370885, 370297, 102223, 47941, 46625, 232261, 485232, 19791, 351692, 72605, 305489, 215137, 393167, 342752, 475669, 248374, 428692, 303851, 465410, 362703, 370060, 430252, 42335, 367218, 424253, 58782, 473853, 145787, 213461, 381476, 30426, 420731, 214154, 350993, 231475, 12363, 333099, 398771, 411444, 347771, 120405, 138615, 452332, 106462, 434617, 88552, 447835, 180616, 281523, 258366, 418145, 211465, 250988, 372876, 123300, 238074, 250072, 386962, 124498, 429571, 26540, 458444, 214192, 11582, 277024, 117573, 262265, 126487, 467641, 109251, 71449, 45312, 454349, 223550, 25124, 98360, 36335, 376785, 376237, 181629, 468187, 290086, 61616, 20423, 36357, 209779, 391539, 2937, 334521, 330450, 128994, 323023, 309631, 398909, 391727, 201935, 244812, 288625, 457366, 21829, 232191, 96619, 410343, 211108, 238615, 169822, 160251, 20984, 359340, 385642, 145387, 145623, 140736, 352080, 212028, 110416, 45393, 374796, 294616, 89070, 124767, 293836, 9046, 100371, 277627, 63370, 27270, 76882, 323651, 5455, 195746, 35422, 50950, 115806, 49140, 311015, 309399, 263255, 479797, 421020, 73131, 229809, 257770, 402460, 399396, 247847, 230481, 383366, 6324, 417141, 224595, 266125, 206185, 78513, 328049, 431258, 208920, 76255, 61372, 466992, 450952, 197502, 494227, 193262, 160628, 448770, 6674, 22131, 231948, 300857, 366576, 224752, 224941, 88878, 110451, 812, 417077, 210847, 469781, 354596, 15554, 2809, 259094, 345808, 284743, 74831, 275170, 406870, 339681, 346095, 62489, 215798, 498315, 234734, 359444, 63474, 467189, 265917, 242747, 358899, 398500, 379387, 167652, 209940, 165582, 488942, 126534, 353888, 76532, 155397, 269265, 208160, 311280, 38790, 424070, 252619, 21965, 101081, 284078, 183250, 129857, 312870, 386722, 360357, 57534, 214914, 18869, 74080, 7018, 438430, 109882, 34552, 178310, 289303, 72850, 483725, 53371, 96219, 357921, 316461, 232583, 361316, 320308, 469815, 99845, 18417, 265337, 492570, 48715, 384455, 128419, 428919, 489666, 379176, 46751, 284995, 256380, 418448, 386854, 177341, 480033, 101020, 58336, 131134, 282803, 337536, 50835, 223166, 165198, 463352, 393725, 470984, 487366, 256694, 160689, 213213, 119907, 166146, 156791, 231691, 18693, 375999, 375594, 213948, 324139, 373112, 311581, 310276, 416065, 188926, 139622, 145982, 121401, 361077, 262646, 458079, 256217, 297297, 316071, 348325, 308319, 30401, 447179, 362105, 59205, 331958, 151422, 461076, 380587, 207768, 202369, 253551, 344830, 183403, 310572, 165986, 293630, 259053, 27233, 52080, 488855, 441984, 331422, 455069, 222975, 171800, 101991, 344127, 429444, 369265, 396659, 187742, 68423, 421597, 278962, 346546, 370505, 312224, 265044, 433423, 112013, 256217, 154216, 146667, 322481, 306765, 281830, 307195, 474030, 423525, 68708, 14347, 46155, 434612, 439550, 97486, 355007, 315503, 368501, 337238, 470365, 257081, 438063, 76511, 122887, 186612, 355542, 490257, 263544, 172803, 478229, 130696, 1335, 100333, 255387, 40876, 158631, 153108, 257818, 455139, 251082, 430763, 62469, 149232, 96793, 458161, 418270, 329953, 88575, 310970, 470456, 481086, 342933, 56045, 278410, 273107, 439057, 425641, 490695, 264758, 445252, 307316, 418349, 437197, 287061, 129786, 102755, 112655, 250284, 29531, 25509, 116665, 340580, 186290, 64576, 302366, 276348, 491067, 118642, 177833, 317926, 330213, 336647, 109325, 197252, 23774, 227948, 33480, 394717, 304437, 189567, 488241, 325626, 74636, 423461, 421481, 310136, 48594, 429320, 284722, 95001, 76361, 150592, 168878, 157101, 144697, 462305, 28257, 143456, 456323, 427658, 297146, 398742, 213612, 242597, 331947, 313437, 353363, 319779, 200875, 499968, 141906, 87094, 216552, 22300, 322899, 430812, 78166, 415108, 160882, 380684, 100203, 101408, 443078, 65010, 70395, 434772, 497832, 68203, 481146, 183402, 34330, 480634, 490630, 16344, 127479, 348757, 334634, 315750, 347907, 294614, 296488, 227806, 47618, 155220, 58997, 463063, 129969, 168671, 4048, 493752, 79331, 88153, 194915, 185937, 261561, 1903, 34755, 102002, 472273, 451003, 350225, 119616, 330208, 186164, 353923, 32197, 52828, 473887, 276838, 22211, 74151, 264772, 240130, 74348, 138991, 259696, 104571, 294931, 468254, 125474, 71865, 68447, 121278, 472510, 360293, 412904, 489053, 421914, 400500, 80574, 165232, 486913, 499828, 472240, 159364, 481898, 490648, 450414, 58036, 83577, 160490, 96613, 382488, 258198, 158863, 396977, 427952, 91823, 312862, 342528, 127506, 402475, 416124, 39122, 437990, 488459, 31008, 240818, 388462, 490535, 93876, 168505, 438299, 153790, 85450, 294870, 293049, 287790, 279467, 214016, 401331, 279676, 35294, 79349, 430818, 150517, 115113, 350839, 444660, 30295, 49881, 495558, 260403, 32753, 289567, 145969, 350748, 61596, 100743, 364573, 215464, 53003, 487461, 435240, 40222, 241843, 494368, 270077, 397812, 438718, 104797, 257984, 228524, 116686, 430983, 398448, 472223, 411704, 105647, 475929, 52793, 42510, 142914, 435006, 290885, 134472, 499336, 285137, 475905, 416626, 454326, 345566, 152140, 329048, 252192, 390357, 497948, 181425, 174892, 184360, 72199, 116280, 377631, 95067, 72849, 130293, 56342, 62532, 495249, 210805, 360119, 391173, 284890, 163661, 436212, 459861, 412086, 433241, 493089, 48233, 474944, 215905, 179086, 310561, 496509, 436445, 105711, 330032, 178701, 450779, 281400, 99777, 122990, 146794, 290214, 459857, 176182, 371738, 142136, 294398, 290385, 489184, 129348, 63983, 300339, 156157, 110240, 280684, 132010, 425651, 44499, 207884, 249374, 457766, 137061, 409725, 164547, 302735, 396408, 366664, 80311, 162199, 54367, 336052, 34017, 247238, 1056, 122662, 37306, 252318, 309246, 498450, 67819, 197087, 190043, 117819, 206771, 419570, 351897, 322199, 474410, 352025, 162532, 114714, 260756, 6633, 297344, 79863, 55976, 13640, 349293, 326886, 389350, 327942, 377687, 227699, 67562, 374536, 311077, 141308, 347045, 7673, 246777, 412340, 475944, 283164, 339779, 70454, 223410, 180895, 186890, 248565, 219617, 493103, 66603, 406193, 485720, 465069, 178738, 422585, 34035, 384397, 26871, 410584, 36697, 174528, 269167, 26904, 110542, 253409, 205107, 308733, 382584, 448288, 416715, 126626, 80160, 373009, 245349, 11310, 99417, 139232, 209581, 200283, 220523, 92050, 9527, 146550, 388278, 85000, 222990, 266343, 198354, 120956, 201228, 97879, 116073, 489125, 371064, 494361, 125038, 223726, 415093, 461650, 318563, 437353, 73106, 427515, 334633, 54049, 86374, 375871, 310732, 438060, 91804, 114298, 489717, 464634, 226316, 123747, 299351, 92747, 431887, 214548, 471670, 44506, 322962, 265008, 406635, 224635, 130208, 242657, 179608, 253558, 183406, 358205, 248161, 5891, 34082, 46591, 213374, 496846, 158583, 35779, 169675, 260127, 75267, 63160, 369268, 265134, 193509, 385053, 163717, 208871, 341817, 2526, 399935, 333214, 201402, 65791, 499329, 307446, 301518, 36768, 209251, 15876, 141609, 114174, 448625, 378826, 355797, 145680, 252328, 209796, 399968, 5491, 112916, 209134, 367551, 201560, 306592, 281090, 220146, 366041, 333046, 72437, 478591, 247169, 251576, 439707, 247332, 431743, 329676, 84429, 237192, 361684, 256165, 25165, 138364, 182203, 313883, 57373, 300304, 27032, 272503, 274224, 298513, 432793, 406702, 216892, 284576, 29785, 239376, 83226, 479451, 140333, 286069, 15229, 90773, 34232, 328343, 96705, 387852, 266268, 279289, 355035, 110965, 225645, 53805, 162056, 246723, 486803, 99292, 132530, 408191, 227909, 145659, 178841, 450306, 62932, 126375, 330880, 34055, 317195, 455830, 183275, 235520, 230377, 387321, 353585, 470078, 147212, 301791, 352082, 172080, 301678, 270279, 366498, 162158, 50497, 474934, 345330, 61104, 444703, 471017, 408046, 223781, 50786, 66898, 27712, 354926, 93126, 203471, 80583, 59638, 320948, 117196, 255023, 366432, 95861, 262736, 364791, 325843, 394268, 6910, 22298, 237180, 101832, 217349, 371940, 136586, 314854, 497985, 305204, 330400, 193640, 398800, 161485, 123815, 270018, 495079, 211713, 406187, 144312, 479495, 188856, 249304, 482471, 359729, 72012, 490903, 352934, 125450, 104522, 236150, 293162, 8568, 437704, 282799, 151527, 488571, 363067, 360584, 321219, 64332, 122364, 38249, 250950, 24333, 385062, 55694, 111206, 39290, 344458, 87052, 53515, 338117, 427301, 390608, 62501, 16475, 259666, 488312, 115142, 404871, 89057, 264655, 291517, 248560, 186507, 285709, 421305, 290488, 75118, 444591, 452695, 124835, 218908, 251743, 388849, 91531, 458772, 277895, 362558, 276112, 174642, 488594, 378499, 387488, 30744, 492938, 207656, 113917, 198781, 144955, 367310, 296592, 200857, 242055, 342851, 287412, 140857, 10229, 118689, 95306, 435037, 102172, 101090, 122738, 80199, 75654, 228708, 118914, 338848, 468965, 270914, 444312, 468226, 305015, 344597, 400040, 104720, 286001, 27779, 349655, 377099, 37023, 484578, 231016, 50834, 468003, 321513, 458064, 60259, 117395, 53270, 122294, 194701, 220507, 414571, 487124, 90505, 387323, 213063, 396156, 499516, 150271, 121899, 407640, 91080, 321251, 273020, 261118, 220073, 223060, 297342, 27610, 274618, 145537, 266113, 139543, 92392, 245795, 446654, 71295, 213003, 485969, 411351, 260842, 49157, 337701, 60719, 103167, 56173, 125435, 246688, 425611, 362162, 429873, 42972, 102472, 316493, 17161, 289024, 310939, 134194, 20934, 152034, 44161, 409228, 110390, 18667, 37156, 331031, 482836, 11621, 132475, 53992, 169336, 199269, 463350, 260707, 422367, 418643, 67547, 458956, 32117, 377269, 231457, 406079, 72664, 441723, 75656, 42987, 58708, 460087, 74293, 363639, 254542, 398287, 222911, 387432, 180398, 235086, 138817, 373120, 328234, 118577, 278652, 21265, 21151, 68684, 289316, 36120, 398198, 213065, 73105, 293663, 18383, 212759, 79781, 32511, 175009, 455820, 353455, 257177, 185558, 207587, 17798, 400190, 364534, 442267, 247420, 463486, 367438, 135304, 143194, 190774, 171841, 97900, 293110, 75402, 451356, 315264, 283897, 264156, 172398, 355437, 402279, 48229, 168731, 297703, 108669, 357972, 254228, 446776, 382062, 428817, 16834, 347070, 287569, 292141, 429279, 227137, 261913, 224420, 148178, 271559, 469066, 369818, 207854, 33778, 256555, 72631, 93664, 268377, 355795, 210059, 404609, 8114, 56209, 154188, 92199, 182896, 21466, 118717, 265155, 158924, 215032, 300153, 119641, 200971, 23066, 146617, 361043, 46326, 475911, 401000, 193785, 7810, 166556, 466172, 116881, 249223, 226742, 156627, 316132, 251607, 176554, 130120, 115069, 417415, 391114, 453125, 62659, 123347, 285757, 190066, 230653, 164144, 417382, 302478, 288389, 385621, 358536, 300879, 55419, 357060, 361596, 116534, 84556, 324506, 266424, 161801, 336696, 421676, 79284, 269089, 128629, 184321, 348156, 171399, 447394, 392548, 14236, 492912, 200066, 404595, 150763, 332832, 367148, 451622, 298817, 423628, 57904, 216740, 228833, 52039, 178562, 396807, 63287, 425219, 147152, 263853, 330130, 311146, 51648, 135846, 448744, 81270, 241719, 284293, 263143, 488517, 156112, 80937, 304244, 474691, 278630, 283773, 135964, 177419, 384677, 322185, 47275, 202449, 353223, 386862, 116771, 395840, 137438, 14830, 187641, 67931, 84450, 214962, 229578, 221013, 263925, 324485, 380136, 466140, 80882, 298357, 486897, 139953, 68552, 261848, 485153, 142574, 88665, 174848, 115137, 446337, 59551, 156862, 216786, 124129, 3192, 430220, 354289, 253724, 115148, 175955, 241740, 317748, 120340, 141773, 352017, 128385, 324468, 468536, 400723, 393517, 243324, 20734, 333814, 153756, 152538, 21195, 320136, 300445, 455503, 268611, 65203, 19084, 477133, 315100, 151627, 459774, 161636, 237126, 137938, 92103, 20142, 476629, 78429, 308462, 87973, 408235, 258299, 371431, 311595, 127913, 133369, 474693, 358314, 32825, 142383, 162110, 103620, 151161, 83345, 265096, 239475, 267291, 125777, 350615, 254150, 154537, 315022, 35627, 249544, 498349, 197517, 272809, 223017, 188880, 188440, 420912, 143551, 446188, 457597, 440577, 235946, 264725, 337671, 159877, 30882, 232739, 303420, 32379, 295666, 375787, 350315, 303196, 400241, 164936, 369323, 298582, 310283, 47618, 313191, 285088, 86524, 78798, 90230, 11238, 442685, 336382, 317975, 453417, 488445, 225840, 171804, 31313, 145383, 125876, 253613, 414547, 140343, 221397, 44995, 497207, 461524, 250312, 48299, 457662, 115320, 325429, 86823, 260429, 240340, 428603, 32551, 424343, 189482, 324992, 25411, 178770, 129731, 169534, 480189, 5238, 160380, 29780, 3986, 385723, 476821, 410412, 298952, 292106, 131352, 37927, 160189, 486203, 129733, 121191, 93704, 145946, 420656, 391617, 265877, 469488, 109619, 208148, 80217, 311656, 256126, 231502, 240831, 101880, 3965, 429565, 288011, 160746, 451050, 221960, 220299, 117549, 160403, 349073, 133561, 482788, 372764, 400662, 5238, 172291, 199390, 148443, 376467, 246657, 389530, 344856, 28410, 431763, 280081, 268656, 454984, 13387, 39654, 348477, 14901, 122850, 84755, 165210, 425501, 299535, 370482, 208276, 208134, 247202, 36877, 121856, 211301, 354731, 105220, 357624, 486339, 100983, 446798, 172062, 301359, 358313, 99184, 432183, 443657, 295798, 262883, 215719, 29501, 499439, 213349, 421180, 296910, 5774, 155735, 248701, 180264, 98614, 256432, 176175, 124562, 458084, 46484, 260598, 296753, 242843, 408205, 461005, 144831, 282842, 30998, 371177, 419630, 475890, 56515, 460820, 377452, 117544, 37029, 345902, 375482, 394610, 308540, 440204, 341839, 153483, 442791, 454175, 333480, 284149, 157771, 667, 445683, 46653, 193049, 186977, 150706, 109273, 27198, 191632, 388265, 342111, 255876, 338932, 351162, 172786, 340830, 255863, 123235, 401061, 413206, 245059, 337368, 473608, 287370, 238335, 153335, 152166, 293310, 434359, 346078, 64611, 404999, 47600, 113155, 161958, 488190, 78146, 174722, 239032, 293872, 105461, 137304, 493150, 287759, 246255, 13589, 436226, 474699, 170798, 260794, 163732, 296029, 49184, 273930, 433811, 429304, 495058, 216560, 382098, 391080, 197981, 464116, 302180, 465303, 326640, 220271, 242293, 60068, 340791, 212106, 223155, 267756, 369949, 91270, 387725, 325141, 415432, 281588, 304661, 399630, 418685, 54569, 246879, 389391, 83116, 351457, 402105, 249317, 143417, 15924, 355347, 343550, 17236, 314592, 28276, 387719, 23086, 374450, 422077, 250882, 271097, 123131, 109360, 332747, 267675, 55010, 325453, 386154, 74692, 440000, 486876, 271371, 275993, 68679, 237929, 407277, 364340, 142557, 190500, 42672, 25870, 385466, 50597, 283649, 87143, 191935, 136729, 32583, 62086, 376394, 204704, 52989, 129312, 425864, 347769, 262978, 93610, 391290, 309919, 160737, 467728, 414629, 370365, 309688, 4857, 223604, 290488, 464631, 438078, 359655, 309432, 39770, 370667, 497526, 77417, 43022, 146377, 131358, 419061, 283793, 209188, 391404, 46137, 435244, 247128, 483798, 171980, 414235, 254607, 359083, 484226, 350018, 245560, 400487, 160884, 358423, 175378, 413938, 170950, 412041, 109799, 323394, 58490, 231655, 294610, 163867, 129411, 452532, 267230, 301941, 242733, 122402, 211979, 207597, 331904, 33888, 143708, 81242, 67562, 186710, 363439, 200576, 252841, 226161, 394969, 389149, 351209, 229693, 375579, 184874, 476956, 165162, 368833, 169884, 117700, 89415, 483625, 262509, 467148, 122885, 354430, 398691, 418003, 47953, 467404, 357985, 387053, 250407, 218505, 348804, 174583, 196218, 20506, 357464, 151108, 144384, 204758, 162381, 172128, 128738, 527, 297215, 477246, 68809, 144064, 418776, 288587, 499496, 316878, 53613, 413754, 320512, 78386, 255214, 83612, 358995, 41143, 338360, 262054, 146656, 382972, 298958, 374414, 58727, 206595, 389353, 223574, 15971, 73031, 111579, 364794, 101161, 274945, 498589, 363750, 351605, 328908, 37061, 45732, 352616, 92368, 136326, 312215, 207197, 426053, 269839, 141196, 182485, 89977, 346347, 180667, 469624, 121075, 88493, 439724, 257153, 350053, 220891, 168090, 274163, 277244, 115069, 374940, 465790, 11522, 8578, 341215, 409295, 38678, 362320, 190237, 263685, 383748, 328573, 199020, 11327, 311608, 380569, 206390, 452037, 360597, 482549, 386073, 258095, 358296, 296096, 179330, 487684, 123170, 291015, 203455, 113932, 195286, 494697, 116500, 142818, 140985, 485135, 106856, 111281, 223418, 187977, 74862, 9106, 3317, 444150, 367400, 155980, 92268, 61900, 64729, 319861, 311899, 291798, 71455, 261681, 404661, 331872, 374605, 313642, 180639, 340936, 121171, 303220, 386556, 27489, 67352, 45257, 304646, 50264, 388960, 94622, 269558, 90081, 402248, 413023, 298972, 449022, 6210, 40869, 427061, 219969, 134829, 177614, 29414, 286385, 297037, 163123, 489948, 326427, 475543, 305790, 387461, 404229, 422933, 154363, 137074, 439382, 386211, 261247, 225041, 384743, 259065, 431064, 265103, 9033, 37428, 17247, 50203, 161360, 83053, 202591, 279846, 371775, 16832, 352174, 479732, 172253, 268860, 358587, 170220, 344323, 217974, 12030, 331092, 175662, 464817, 200184, 201503, 203942, 78439, 478806, 362091, 281197, 100432, 6331, 17663, 19434, 12, 188466, 279183, 59723, 359796, 46939, 407952, 390840, 287217, 254976, 96196, 431758, 347130, 261364, 384186, 48081, 479657, 182010, 177264, 491594, 306462, 248756, 477919, 305677, 124776, 4649, 187695, 395859, 319463, 141708, 352630, 379023, 177358, 227615, 173736, 497022, 178021, 455999, 394641, 199646, 290252, 131859, 261901, 390494, 282961, 288988, 319454, 147285, 368638, 353149, 71759, 61359, 53504, 484377, 270130, 423807, 367718, 217781, 357221, 223791, 379594, 289401, 175070, 316668, 372874, 274553, 254283, 412109, 367799, 320498, 113756, 240513, 161974, 163896, 361531, 236081, 14254, 228676, 362284, 64899, 466492, 115384, 66247, 144727, 273788, 123340, 72921, 191689, 39689, 375792, 165039, 180159, 211047, 204122, 169163, 41156, 210756, 219160, 288468, 408508, 6961, 31472, 355815, 60786, 382082, 55225, 439966, 145452, 425005, 200076, 408927, 430258, 57661, 169427, 150955, 10733, 357442, 50361, 120902, 13952, 461322, 464616, 141605, 410967, 256686, 11255, 69920, 177627, 155389, 253185, 76462, 96769, 236712, 45496, 113722, 116095, 208761, 112990, 364169, 445430, 180909, 278544, 151567, 71710, 264021, 167938, 95481, 18851, 143393, 323677, 305270, 394982, 155202, 136868, 258158, 172825, 179886, 64986, 219898, 75164, 52103, 77590, 309990, 130866, 395289, 261644, 230872, 372149, 425228, 35067, 457, 134868, 184051, 341480, 436861, 24757, 378572, 388517, 498530, 282918, 415500, 42948, 458272, 395543, 222948, 488596, 336175, 272390, 463823, 194961, 82993, 490040, 120972, 408559, 412395, 341262, 476189, 331806, 172634, 237043, 73276, 96322, 313195, 124273, 40301, 35092, 67624, 110168, 57077, 187287, 373592, 387449, 394567, 182185, 125441, 352169, 156551, 397649, 100641, 334602, 32650, 392666, 118119, 114062, 49937, 85322, 468861, 278270, 392450, 58794, 456950, 126326, 362596, 4091, 201474, 254376, 232943, 182923, 445559, 319674, 298205, 170282, 8803, 409603, 202364, 437917, 438456, 151103, 7226, 47981, 120791, 293345, 469830, 201987, 432832, 315439, 222056, 268512, 280050, 446721, 145688, 365401, 169337, 327399, 259923, 354814, 365398, 68389, 366974, 415303, 476115, 66731, 60275, 4216, 186548, 165497, 141628, 192099, 159826, 366495, 179974, 269286, 218544, 392108, 396851, 373489, 295714, 88816, 321671, 419946, 101011, 30465, 14698, 119139, 63374, 428698, 350434, 255576, 109534, 188029, 243476, 7401, 499874, 94246, 260924, 56235, 105575, 81561, 211295, 280826, 316948, 222477, 450548, 331679, 200630, 284271, 418364, 110898, 492906, 184801, 135482, 469076, 59276, 387273, 434966, 136485, 333115, 14604, 420243, 409721, 29947, 131029, 118882, 428305, 126868, 234618, 32187, 104257, 77069, 101533, 192228, 226039, 317661, 317031, 480117, 452691, 37478, 284453, 210851, 431061, 39834, 453545, 314939, 471758, 459184, 193695, 119107, 15191, 56435, 268473, 341701, 356911, 365048, 178508, 414273, 215853, 194703, 255710, 156107, 16815, 424917, 201520, 120045, 467319, 182341, 346157, 124305, 378327, 372498, 71544, 467929, 348714, 475546, 423916, 94230, 187829, 89807, 19783, 352194, 24513, 1449, 282, 84045, 486396, 131239, 413773, 464362, 470610, 135224, 458996, 275474, 321116, 121869, 323301, 183257, 117168, 162914, 452337, 499764, 430772, 464491, 43142, 378877, 3885, 155679, 393846, 158145, 373217, 259064, 120368, 352133, 91773, 177487, 59663, 318353, 47259, 357027, 473015, 219026, 396540, 333836, 59694, 203701, 276783, 164074, 38168, 273983, 419970, 467857, 475742, 323965, 241340, 14628, 148413, 159173, 397097, 402301, 8308, 299923, 420735, 451125, 226783, 34142, 51111, 68205, 334002, 213654, 474536, 61845, 70544, 295928, 134222, 445561, 387550, 410869, 288725, 322473, 444575, 365774, 406407, 412293, 83078, 479582, 392225, 479083, 266076, 248580, 29817, 356715, 254607, 355167, 284772, 475422, 246367, 476267, 243089, 20013, 179991, 97461, 409110, 340713, 483107, 180811, 124670, 72871, 74895, 497198, 379019, 201332, 229405, 319226, 249738, 23799, 498220, 448974, 222854, 432149, 80900, 333959, 9284, 419334, 324336, 65519, 300102, 260816, 352526, 350227, 365084, 474343, 166145, 102438, 176558, 333811, 172348, 168250, 87990, 445137, 287683, 368064, 327260, 359843, 285236, 213845, 246063, 326263, 487205, 488079, 135579, 467771, 310245, 35473, 320587, 228428, 342091, 365847, 315113, 269743, 70369, 475719, 479640, 456838, 25632, 64783, 438220, 70802, 227778, 236523, 349139, 318130, 486751, 62083, 25845, 289046, 162020, 450412, 205026, 428723, 346760, 389521, 336941, 134561, 257226, 331768, 249375, 381501, 452979, 498753, 308245, 242716, 227505, 184144, 246239, 174988, 293997, 15851, 484493, 55563, 31282, 221776, 361301, 283578, 414457, 265602, 229140, 492758, 82267, 280156, 462393, 374321, 374598, 239111, 457969, 383520, 493965, 165973, 408468, 240694, 445496, 438110, 244528, 369534, 172881, 217931, 283210, 173568, 495086, 453979, 330185, 96721, 491555, 436352, 15311, 262896, 159924, 9912, 103210, 254320, 85164, 132104, 425274, 75937, 415431, 453460, 408723, 33018, 349892, 234508, 351491, 181310, 455689, 268789, 475288, 299968, 40140, 452215, 368938, 159156, 450618, 16017, 216201, 43370, 357407, 436366, 401577, 264007, 333010, 365430, 406277, 436638, 121175, 398263, 363200, 349564, 452516, 72564, 306938, 256755, 375195, 459111, 324162, 43799, 218382, 462856, 83746, 328266, 468187, 116331, 233148, 367171, 208593, 35337, 91450, 74625, 90626, 418094, 316511, 91014, 427040, 416182, 189460, 28265, 493593, 56013, 95354, 290996, 341600, 401688, 482701, 363866, 285664, 7992, 108136, 149849, 246195, 356239, 20991, 300269, 73493, 29552, 235493, 367110, 295656, 449786, 57431, 310711, 234330, 98990, 184630, 444377, 201098, 224734, 461213, 443257, 471206, 312306, 462674, 452780, 412136, 123066, 453348, 252776, 320820, 11556, 480795, 457216, 276829, 411631, 237252, 170607, 83038, 272636, 170219, 158125, 183275, 192603, 369528, 75279, 464597, 78722, 265386, 277203, 389413, 333247, 306027, 1007, 401936, 390252, 438123, 53627, 105158, 99052, 298102, 18258, 308759, 329187, 88039, 255384, 247857, 482855, 72441, 82280, 164750, 39101, 336437, 440433, 216424, 415353, 435917, 267297, 397226, 243126, 98498, 54624, 458261, 427241, 9476, 67051, 258292, 162408, 143173, 415067, 63850, 107477, 151011, 116008, 423500, 109545, 154970, 332672, 247846, 477179, 451357, 70530, 79607, 369519, 114119, 324, 75279, 411609, 245192, 415228, 50970, 19056, 331485, 26285, 35634, 16982, 99206, 132846, 373816, 309327, 267538, 482753, 55367, 424859, 245036, 440434, 275883, 477608, 194075, 289619, 152549, 422497, 473448, 202728, 246028, 170662, 93463, 483597, 347080, 251791, 220677, 109251, 339347, 4468, 391692, 149512, 85885, 206237, 78836, 54807, 12644, 71224, 66034, 235701, 416082, 482361, 296315, 141730, 48074, 291959, 265902, 327691, 371132, 402275, 233360, 354917, 463840, 302091, 7620, 478391, 308942, 86270, 291433, 344205, 257262, 421307, 476407, 429927, 429173, 53317, 136310, 194282, 286659, 61294, 46520, 498280, 447142, 242795, 353275, 324663, 59033, 486182, 415385, 487640, 399831, 96536, 50341, 477025, 263355, 7828, 401019, 209398, 143599, 150347, 168274, 103284, 496429, 173899, 200513, 41450, 310373, 55273, 490859, 476428, 373344, 368382, 414717, 494686, 379819, 300958, 46157, 23166, 87530, 432522, 355019, 4354, 471900, 80325, 284275, 255444, 345872, 405866, 461056, 403821, 267657, 143760, 201791, 186949, 368341, 294359, 87662, 114684, 129959, 479317, 158273, 116308, 277831, 43176, 235550, 161637, 101562, 254024, 335216, 67692, 419747, 233060, 171255, 268774, 76136, 146119, 152430, 219966, 398424, 354635, 339080, 100778, 345628, 383578, 88434, 217603, 155379, 17641, 289137, 213615, 469617, 329226, 190098, 38513, 228946, 164465, 137039, 492992, 480345, 254238, 452982, 214366, 312683, 251693, 298962, 302084, 112237, 59639, 430935, 23951, 261507, 267172, 32431, 460980, 90092, 13020, 212908, 206379, 27801, 495245, 229291, 47744, 422878, 119125, 202368, 77969, 478073, 81569, 204353, 356826, 342185, 106365, 235247, 249268, 291823, 231029, 262639, 83853, 90377, 400666, 312767, 42864, 147013, 126529, 491038, 374287, 125541, 332095, 190829, 130603, 218644, 245553, 280181, 486799, 80893, 6470, 30470, 57587, 396827, 81009, 400096, 301782, 46575, 200980, 39654, 293654, 467113, 106592, 102331, 463920, 327704, 133055, 407204, 92324, 114884, 485403, 358163, 293725, 357348, 402634, 182417, 216127, 410431, 161103, 482935, 451734, 490841, 114218, 243080, 90774, 254630, 418409, 95145, 358512, 30986, 182408, 286665, 425013, 419854, 413372, 47774, 280841, 357292, 143708, 139730, 205095, 349770, 104935, 406706, 479982, 420252, 115787, 424334, 52916, 115373, 106036, 91466, 200181, 439492, 208813, 145139, 34416, 203372, 447344, 333201, 184199, 159122, 137395, 183529, 458049, 264849, 447114, 462038, 340466, 460695, 17139, 416727, 471865, 302237, 218105, 124970, 263322, 288415, 455155, 450262, 246753, 115706, 400757, 413125, 321594, 213272, 474654, 161425, 479857, 271658, 355431, 129944, 446446, 304580, 49267, 86477, 195957, 453165, 430819, 491559, 441072, 132448, 229238, 471997, 422472, 353681, 341028, 402453, 326314, 85083, 181290, 173407, 87837, 473804, 102524, 8429, 259418, 27842, 274364, 430554, 295167, 148665, 157056, 299735, 92861, 47843, 414539, 190422, 252498, 319587, 352459, 348063, 396412, 351768, 101149, 60678, 206362, 22878, 127387, 202784, 196707, 27545, 295559, 346946, 431283, 320452, 499716, 184670, 229153, 287772, 9003, 219289, 486612, 153487, 438442, 183867, 147729, 156057, 11973, 408266, 498167, 347370, 437044, 147545, 371888, 282554, 388112, 288636, 81934, 399273, 77433, 85676, 328669, 46792, 174923, 425747, 499033, 227161, 30377, 335374, 37160, 339149, 151319, 360348, 144508, 91844, 84925, 107874, 55407, 463132, 464720, 296673, 90077, 25903, 353415, 486914, 26251, 123502, 239511, 184557, 135508, 37513, 230524, 415579, 457177, 475905, 109566, 296106, 100232, 315103, 45549, 147724, 450067, 400657, 369881, 244677, 137678, 33719, 108263, 177794, 51845, 298731, 79303, 257817, 196187, 250093, 244637, 276693, 19084, 450396, 237190, 27138, 441450, 394889, 462584, 273815, 158553, 398136, 309866, 310563, 142455, 427745, 246763, 107680, 281628, 89083, 231988, 54439, 153563, 308933, 144390, 5473, 366723, 109003, 397473, 311450, 202284, 58708, 220625, 246675, 10035, 341563, 449684, 22400, 230693, 148821, 26649, 472496, 206835, 257563, 118660, 67142, 92003, 363912, 329584, 25006, 170637, 46715, 177270, 89349, 300208, 64965, 231585, 310130, 99245, 32836, 251477, 98305, 267637, 189559, 107256, 107696, 460416, 105883, 260799, 67798, 145920, 341674, 38459, 485493, 389485, 154845, 180218, 74436, 393488, 68903, 370627, 467814, 296688, 336765, 474755, 231440, 250133, 435227, 351330, 138782, 332583, 148929, 252371, 157595, 328961, 358815, 436270, 466915, 392727, 269981, 212404, 110289, 395285, 415813, 247564, 29395, 479010, 284715, 164687, 391495, 163646, 264397, 239663, 73546, 107106, 51960, 465374, 302597, 8764, 336528, 278076, 105598, 140549, 166617, 178337, 23556, 382109, 139386, 168109, 275218, 209, 253093, 36630, 37598, 122630, 305250, 172934, 180284, 260193, 283726, 422193, 491429, 392799, 313140, 441701, 273464, 1360, 156991, 135318, 381995, 384622, 145825, 491139, 407298, 295473, 499091, 130890, 390808, 281688, 190498, 41988, 53752, 84860, 43016, 346004, 133484, 163293, 176998, 35489, 374569, 85415, 216873, 333570, 473185, 203088, 367599, 6709, 290513, 100182, 455890, 348203, 393903, 49983, 46601, 422369, 284622, 389856, 130078, 375268, 198127, 378089, 295963, 341287, 129184, 40039, 385103, 344262, 421043, 198831, 15465, 212323, 305209, 337235, 110440, 117137, 479982, 432956, 413157, 31814, 265635, 347075, 117636, 350657, 331636, 461137, 253602, 256992, 440338, 309232, 95304, 447317, 298327, 350673, 363974, 353463, 269683, 91581, 486151, 355025, 416505, 278994, 161317, 336306, 325780, 215628, 301663, 416699, 110094, 29030, 313448, 28342, 108498, 328134, 222554, 147596, 70423, 394096, 355357, 248411, 151445, 8729, 266805, 395734, 330664, 289920, 204688, 349266, 445941, 456639, 497753, 106936, 421312, 256047, 257413, 110470, 90285, 51622, 186241, 269230, 28455, 396990, 479619, 490173, 443490, 114633, 407428, 94523, 76456, 351711, 224341, 48980, 466106, 487953, 112535, 436828, 65114, 459563, 302083, 480669, 417927, 23322, 477208, 477576, 477187, 410241, 152379, 420739, 483920, 156709, 376632, 28362, 172334, 212410, 235835, 424418, 256320, 479560, 234023, 39465, 50383, 17197, 266673, 435266, 435832, 94230, 68433, 60854, 251527, 173820, 10716, 37296, 5202, 430764, 375399, 201979, 496474, 277681, 71039, 370697, 381038, 482050, 316046, 390254, 246791, 446859, 313487, 223413, 414052, 437363, 127832, 69378, 325131, 299870, 286052, 481210, 211307, 157078, 45514, 344322, 324867, 286920, 271094, 231402, 3710, 178922, 233519, 437306, 201474, 92153, 240340, 289361, 84068, 10743, 484829, 288419, 462031, 174551, 86284, 16260, 128455, 413692, 364407, 341475, 479798, 454792, 274034, 453252, 221638, 237749, 198919, 316635, 175829, 267000, 353966, 288947, 211144, 300609, 252770, 396033, 112591, 148822, 496288, 330527, 433, 466050, 112823, 465497, 349344, 494218, 307342, 384333, 306903, 198111, 306425, 61814, 101959, 469637, 439603, 386281, 265607, 135169, 234244, 127269, 310619, 132621, 207654, 126541, 416607, 373799, 160593, 70706, 249073, 460170, 51060, 315644, 273547, 167754, 29830, 101477, 4469, 240402, 239544, 239928, 28692, 293263, 91289, 266202, 442491, 253163, 61016, 198575, 413056, 298706, 135924, 74458, 453392, 371096, 233007, 99555, 462245, 141963, 320829, 442352, 302220, 211960, 432620, 201325, 236755, 474065, 467386, 420821, 46754, 130978, 53025, 142065, 180111, 302440, 70786, 322882, 493462, 112290, 218217, 94625, 477535, 292557, 201029, 426315, 102071, 4242, 122386, 413928, 222771, 128353, 117661, 213546, 449834, 492656, 396760, 181592, 253058, 283259, 219244, 195389, 33732, 39976, 434500, 218208, 94689, 97174, 498529, 383096, 483351, 369467, 355286, 495774, 488431, 267163, 353387, 87940, 155813, 100435, 196748, 81333, 179571, 59400, 91914, 80804, 376108, 308402, 56120, 489426, 258921, 449705, 117429, 68227, 247403, 127875, 155339, 282298, 329379, 262017, 187367, 226025, 121053, 55386, 110027, 170437, 185947, 189733, 78912, 224249, 441975, 253037, 376632, 410771, 402561, 460147, 158352, 203381, 338521, 113540, 72638, 170432, 480087, 97046, 442295, 301826, 490968, 92186, 377237, 350645, 68905, 280908, 425585, 229349, 427161, 83452, 8237, 204350, 404536, 71441, 372511, 130794, 66441, 406589, 303070, 462682, 271065, 65531, 87514, 166462, 374197, 277998, 346796, 2839, 468354, 49831, 130144, 23861, 358055, 485794, 461061, 87261, 230359, 293573, 379409, 245734, 353627, 23411, 38454, 319502, 284706, 97557, 317290, 198155, 434394, 88864, 454408, 239556, 239375, 103866, 381042, 36904, 314508, 223327, 66496, 387023, 281913, 327721, 496062, 84672, 344342, 409213, 182590, 38916, 248089, 483700, 11552, 249098, 443798, 176737, 14287, 335892, 262703, 251329, 120825, 445078, 371494, 146616, 311664, 26842, 53485, 353871, 422346, 328019, 455118, 242751, 200311, 498587, 381385, 130081, 228639, 169277, 164739, 197702, 289562, 293870, 489256, 143409, 173004, 198727, 489892, 290723, 181643, 484225, 106042, 137867, 177842, 308544, 130021, 151178, 102701, 188388, 472259, 155006, 129225, 223639, 395593, 115698, 203227, 91938, 110453, 286178, 243951, 36527, 402002, 403593, 20497, 269509, 64182, 436658, 120315, 437508, 327164, 133610, 129472, 359404, 149873, 27791, 47561, 297448, 107841, 266989, 463980, 19898, 207387, 393608, 148082, 294154, 78249, 172852, 140026, 334136, 412689, 311930, 37711, 496673, 116121, 173180, 416703, 218250, 96684, 375378, 399041, 402823, 262838, 316747, 33124, 79384, 354069, 459485, 435500, 52588, 62714, 408104, 126016, 116678, 73672, 371375, 486082, 255221, 386639, 415508, 431683, 90160, 216842, 454955, 387736, 68391, 278434, 243067, 133753, 443997, 33908, 132687, 478969, 209465, 485376, 294693, 40510, 268842, 239940, 141120, 9864, 327019, 468692, 85619, 400454, 438868, 411082, 89541, 298838, 82056, 84230, 292228, 58883, 454430, 244192, 269976, 35543, 337355, 494781, 488202, 209203, 15022, 263891, 421373, 37496, 84677, 493067, 154232, 258175, 447119, 70471, 345404, 418813, 128313, 43701, 444151, 363497, 486981, 427423, 467177, 159938, 333089, 78073, 395153, 350844, 342026, 478511, 295194, 349086, 293755, 303565, 199984, 35450, 178712, 175933, 68128, 134515, 46490, 306036, 485067, 295254, 88429, 476293, 119862, 83172, 469516, 198820, 206992, 311439, 430411, 444685, 51063, 249051, 116968, 349575, 120281, 207296, 127895, 4921, 404783, 422130, 343020, 309561, 270899, 251438, 496287, 328405, 213858, 93769, 483085, 456737, 152115, 304375, 112920, 118679, 36415, 396520, 89815, 461834, 305181, 18420, 411380, 60313, 447360, 129364, 495632, 135082, 337738, 13616, 151758, 63720, 232605, 6961, 191269, 211983, 420000, 206918, 411420, 134893, 399211, 35945, 43889, 278573, 323795, 413338, 203437, 74971, 16055, 244175, 419537, 408323, 187245, 410803, 388002, 412417, 8386, 495111, 118300, 129571, 408638, 302843, 484734, 215140, 264784, 320485, 163937, 176974, 307534, 389508, 91469, 270726, 169029, 155183, 472446, 260058, 109430, 15224, 317839, 21199, 465840, 404525, 437112, 307575, 77269, 179926, 140771, 40847, 156562, 207908, 109399, 437906, 189681, 86165, 303515, 479807, 239824, 221255, 305519, 306493, 416836, 489220, 254199, 329988, 103823, 186955, 212777, 103887, 447683, 154007, 125774, 143125, 167378, 21364, 292645, 411472, 221709, 3215, 38946, 167893, 139812, 5130, 137152, 162426, 363115, 308530, 228662, 232474, 336026, 447113, 388189, 316312, 380269, 479525, 196665, 29182, 17960, 171984, 169950, 21279, 455131, 452337, 398787, 204682, 407797, 268637, 130030, 54901, 333938, 274781, 60520, 384479, 201670, 26902, 9098, 162028, 21048, 18510, 13478, 346107, 95764, 456914, 340477, 474516, 355645, 57307, 31494, 277232, 325145, 313231, 124074, 345649, 331352, 331811, 485806, 215919, 473378, 352333, 276900, 288713, 119084, 355575, 84487, 119417, 195243, 168194, 424556, 175474, 116367, 227934, 420888, 193874, 209082, 412482, 299574, 296051, 258797, 80818, 440551, 329706, 361770, 311896, 304595, 47843, 333764, 295244, 426192, 429577, 416755, 379022, 10439, 317488, 233928, 153747, 143526, 318306, 474882, 226443, 384725, 425852, 283454, 251736, 179704, 127707, 385393, 160563, 63127, 345305, 26964, 199449, 466106, 447835, 201564, 66644, 143998, 13925, 71198, 401732, 409807, 486268, 498893, 335152, 373260, 7631, 2482, 59137, 311135, 366849, 93634, 293573, 161133, 409665, 302246, 431149, 434438, 75599, 316531, 147606, 192848, 45173, 499656, 470646, 7046, 14706, 11754, 287119, 259742, 186108, 343784, 202896, 77670, 116919, 410285, 376184, 184286, 24630, 206681, 46123, 401787, 78101, 265053, 4598, 134247, 57550, 498568, 400049, 179451, 209935, 200651, 287392, 103611, 153132, 27950, 271297, 232642, 311546, 109054, 210032, 55833, 432212, 357736, 220683, 334113, 134795, 453769, 447900, 193611, 162390, 87182, 331737, 484275, 217955, 335058, 151603, 125333, 191882, 176186, 207908, 22767, 462612, 160782, 100507, 229073, 479691, 29990, 119002, 68876, 339258, 372315, 222416, 220823, 90147, 353758, 222956, 228624, 167393, 271709, 203123, 102076, 294285, 270693, 149968, 277718, 29557, 366202, 70418, 344868, 236372, 31715, 476470, 409151, 456172, 23504, 225244, 99483, 77742, 283296, 337716, 469853, 410992, 120438, 225702, 85235, 178981, 70889, 382406, 244083, 44599, 247556, 262854, 119403, 348283, 129968, 177720, 132443, 463603, 213310, 344777, 34599, 328519, 463333, 282566, 410173, 431456, 423707, 179673, 482273, 224879, 276328, 492920, 69614, 98993, 11935, 198822, 434203, 414386, 307747, 257991, 439312, 431277, 403015, 80568, 160322, 125271, 12769, 191878, 117883, 479659, 440381, 401369, 404922, 471502, 10777, 154184, 121499, 39195, 455269, 4619, 312476, 409931, 44973, 457776, 441344, 313607, 192305, 23764, 105230, 437670, 416952, 99844, 379399, 231782, 264846, 38581, 52050, 244411, 465030, 462175, 57243, 77971, 399433, 472621, 459144, 257644, 214783, 445377, 454862, 415813, 206736, 12134, 172111, 169653, 199103, 408204, 189935, 358238, 170177, 90012, 442785, 393771, 79586, 110457, 344563, 211970, 394961, 108542, 24345, 239934, 126139, 373708, 94515, 389579, 414420, 618, 187174, 325552, 295743, 277522, 481877, 486720, 21565, 158533, 342715, 388580, 495396, 437685, 79815, 382368, 484557, 147602, 50281, 465104, 289645, 325978, 307505, 365300, 465625, 211537, 51136, 165686, 480226, 357021, 200933, 224320, 166328, 120240, 90813, 241774, 249058, 368571, 346468, 156311, 481285, 217913, 438268, 227922, 468361, 59840, 436098, 46220, 274014, 440627, 169105, 190905, 82942, 185484, 27386, 394046, 92654, 165877, 130598, 71045, 363121, 309192, 346767, 27012, 11562, 346244, 460591, 326909, 121373, 436645, 209795, 264043, 91012, 20179, 77048, 482911, 97522, 314042, 168123, 77958, 236082, 471628, 422720, 252670, 370241, 289076, 233090, 246375, 306189, 42322, 343928, 193072, 7280, 96911, 57843, 158444, 242135, 387075, 382610, 203696, 139499, 365048, 321703, 263562, 425481, 479368, 41977, 464051, 48477, 271377, 53265, 431524, 317455, 499403, 499178, 58320, 325382, 10080, 195019, 123831, 422665, 11981, 56256, 486407, 247833, 59404, 408977, 367120, 80503, 284791, 231305, 185688, 252710, 398900, 413728, 177872, 104803, 10078, 263306, 439006, 74047, 127868, 179435, 313623, 250576, 231351, 324011, 250008, 413676, 89692, 79494, 215939, 462098, 483706, 385421, 351867, 44041, 86561, 153635, 355678, 448240, 144194, 41827, 237747, 277761, 117666, 232969, 156653, 320849, 55909, 10613, 13949, 233692, 487441, 316704, 24551, 128536, 41726, 437928, 416377, 253939, 286243, 318173, 369919, 454945, 109887, 443962, 366368, 116364, 54422, 267873, 166404, 182122, 158402, 441576, 116497, 159098, 307609, 315873, 58491, 19162, 262315, 321163, 422960, 426727, 102344, 79860, 469596, 69308, 132416, 22203, 167723, 263750, 271421, 207354, 428857, 317274, 40751, 23332, 448234, 178688, 127980, 357144, 405213, 488527, 234730, 316911, 35803, 322187, 99025, 339671, 183485, 327969, 287805, 133169, 12748, 24729, 120815, 275493, 329365, 355195, 137206, 305449, 203670, 66938, 46571, 361535, 69651, 169427, 465951, 333696, 403427, 363206, 138328, 137974, 107704, 41138, 160503, 342885, 229098, 339178, 276142, 104393, 62100, 402234, 324611, 416914, 150433, 67695, 293069, 473633, 20996, 255969, 304902, 262532, 159613, 17353, 437669, 175485, 104089, 353100, 55452, 190102, 41148, 461095, 415141, 433675, 421174, 294479, 276149, 38874, 396216, 144243, 392842, 258695, 431290, 76158, 473528, 265122, 465176, 14074, 431356, 385070, 191763, 257185, 221290, 161283, 462298, 283770, 450643, 307342, 90455, 298651, 424448, 28487, 71531, 111977, 472013, 74008, 221468, 92001, 191609, 249917, 467328, 37746, 47420, 119889, 346907, 244728, 358408, 167131, 282595, 445211, 43731, 395061, 71514, 451122, 361300, 239311, 442959, 144258, 418360, 452063, 496550, 327053, 486773, 490242, 154034, 414165, 298355, 268386, 409920, 470225, 352972, 299010, 86447, 444937, 15654, 112021, 434687, 60694, 29556, 194989, 340925, 428711, 266573, 307183, 4842, 196744, 415162, 131097, 2440, 225920, 447785, 98448, 94609, 233731, 102789, 490506, 154455, 488907, 250596, 444824, 436639, 68606, 410559, 310466, 359959, 386382, 184820, 388482, 91765, 67091, 190316, 442399, 396533, 168603, 480462, 176683, 233792, 181562, 282714, 301247, 420151, 376712, 137806, 192366, 29781, 243279, 89935, 25258, 473659, 358607, 130813, 436145, 329500, 195077, 352010, 294724, 241543, 447671, 88358, 171141, 319340, 145542, 490805, 245835, 178539, 222806, 446339, 473100, 192299, 344103, 283820, 485074, 167013, 138421, 493043, 138533, 272360, 463926, 1824, 65166, 344102, 465992, 38650, 310024, 188636, 237517, 154488, 144057, 93803, 19921, 162154, 385007, 397721, 325582, 249876, 327889, 277641, 498497, 174718, 179919, 373407, 409295, 266906, 114514, 342796, 386928, 369397, 334979, 319979, 228613, 102604, 17251, 265111, 58652, 415964, 71351, 317623, 164171, 369245, 304989, 402980, 429292, 405749, 348282, 157370, 379500, 455261, 467962, 110623, 2715, 91039, 498554, 12377, 255355, 301733, 490192, 136519, 145365, 112820, 270787, 498668, 448368, 17582, 70536, 83666, 255961, 349283, 240639, 238910, 182676, 437530, 107148, 26185, 81056, 80994, 282611, 444144, 330192, 478067, 18893, 53210, 166425, 124618, 175072, 97832, 288840, 16587, 151363, 444363, 456350, 385378, 181767, 80329, 310679, 388365, 147820, 300103, 134684, 337542, 256702, 201935, 173821, 422685, 76794, 375405, 206174, 306309, 278335, 455849, 349175, 121536, 212800, 126151, 6544, 217617, 378403, 89974, 162514, 316564, 130058, 279640, 206240, 489326, 183462, 224139, 237362, 371131, 382988, 44430, 362968, 323001, 217196, 484769, 407089, 352252, 12598, 170305, 191317, 458231, 34632, 67061, 438041, 81970, 201850, 434534, 372743, 336303, 385932, 87738, 330596, 193038, 86037, 460838, 241335, 71762, 42799, 278713, 288770, 170588, 187039, 299808, 404101, 83496, 265884, 235416, 435989, 345825, 119324, 435492, 43887, 229680, 172857, 230542, 104783, 8748, 403360, 240167, 421595, 166786, 454348, 198858, 11173, 174202, 243235, 97644, 435559, 191727, 495884, 295842, 50202, 62627, 137486, 308916, 125629, 293208, 156423, 388623, 441399, 416260, 177021, 220314, 499434, 157404, 218968, 89663, 490643, 240879, 318527, 492152, 143850, 170337, 488402, 330584, 13893, 11562, 51744, 307072, 190377, 159170, 233943, 120378, 307560, 248345, 49083, 197401, 110796, 282199, 150753, 214769, 61184, 437190, 454160, 59320, 411374, 10274, 243303, 437166, 104939, 467273, 232046, 206457, 300787, 365860, 288516, 23279, 91799, 144454, 189344, 490430, 42662, 239831, 399050, 97936, 381639, 50524, 106107, 187489, 293333, 454091, 407085, 246196, 233442, 95076, 62047, 435188, 489344, 377941, 82461, 9636, 374680, 296465, 261445, 163363, 447706, 278371, 437715, 137872, 268124, 288448, 24768, 379037, 248692, 357173, 181155, 57280, 119372, 384330, 486107, 71643, 243110, 488304, 269166, 109290, 379474, 364875, 35229, 447244, 271545, 349541, 198097, 16474, 302956, 350855, 260788, 140745, 428140, 274422, 426262, 465322, 492014, 21863, 187184, 114082, 102418, 313912, 139792, 393800, 497004, 4227, 71918, 368097, 170422, 364079, 259499, 345006, 179221, 475078, 313532, 16048, 198644, 43800, 302680, 22839, 76320, 157314, 224000, 204082, 154133, 389036, 79552, 36274, 120770, 464749, 237298, 105273, 344653, 106849, 343469, 214118, 150716, 174634, 258285, 301628, 75517, 436892, 37038, 11749, 449045, 12955, 103372, 214738, 405586, 294166, 29942, 263240, 421546, 323208, 52939, 253180, 377676, 398865, 189460, 160569, 229020, 54277, 276990, 261717, 260860, 155585, 280487, 34138, 49745, 350425, 336650, 342200, 40741, 460002, 434400, 191482, 78890, 138752, 184418, 41390, 216334, 393934, 351275, 278188, 477399, 491517, 150088, 106025, 467591, 7174, 374260, 77427, 312232, 346891, 278390, 438013, 326194, 54881, 33419, 173903, 260730, 369377, 347640, 2560, 44977, 74493, 9754, 468804, 386562, 35169, 396685, 79260, 363629, 62547, 302480, 47371, 306028, 74534, 374793, 269989, 493566, 295870, 288089, 457674, 481639, 8490, 471011, 53364, 370119, 433646, 420855, 134368, 49822, 295364, 454528, 437336, 374071, 470454, 64967, 340112, 33605, 28605, 35420, 152428, 86037, 245409, 442884, 312411, 20253, 17396, 280611, 434386, 158410, 258038, 461168, 431273, 330527, 418333, 354675, 177165, 340910, 144909, 83254, 5043, 298029, 292541, 214277, 383522, 69475, 234419, 482363, 9078, 365672, 103943, 5112, 340025, 366918, 447934, 336439, 363560, 406621, 16322, 467630, 326166, 146007, 452047, 386722, 498029, 171105, 357216, 464292, 256483, 415988, 115803, 452369, 229924, 22963, 177488, 41198, 354471, 370368, 50477, 278448, 251300, 371591, 114502, 381973, 35712, 58634, 1927, 370639, 228012, 7276, 334246, 38663, 33878, 351073, 275210, 288001, 17809, 296372, 443414, 454052, 156399, 64939, 336955, 311461, 50943, 200591, 344565, 278093, 76907, 221065, 59111, 82887, 200103, 319586, 39378, 71448, 303500, 353437, 140478, 241513, 433314, 231058, 434684, 285576, 190944, 71635, 62580, 296442, 93441, 36134, 341283, 71310, 251445, 143307, 394813, 37152, 222964, 413289, 498707, 126079, 84988, 323754, 123365, 17674, 410856, 437697, 332424, 399265, 358286, 103642, 462194, 421931, 8326, 402583, 80438, 88403, 206731, 258705, 347565, 365756, 106111, 191791, 398043, 211720, 385, 40427, 29401, 365703, 118579, 409367, 477878, 104441, 305976, 480096, 471417, 442424, 448927, 61152, 468343, 313234, 430907, 341442, 242952, 432189, 195308, 428205, 69825, 74823, 267707, 280569, 68621, 26377, 390651, 209439, 442807, 210124, 486933, 264003, 315507, 444817, 67842, 20600, 184302, 343696, 1928, 170100, 72445, 205087, 123672, 135504, 229752, 286919, 310021, 314537, 183359, 482639, 177765, 63723, 308503, 251076, 295124, 177338, 251148, 148526, 139824, 153320, 242399, 4650, 29060, 160084, 241364, 187802, 135281, 231723, 452262, 477299, 395581, 335400, 193889, 460341, 418849, 46271, 373569, 65987, 373377, 383124, 440382, 21746, 253171, 145514, 221947, 437051, 382874, 407750, 324353, 143246, 44448, 368716, 338122, 367948, 68710, 163788, 118393, 94719, 485415, 392389, 123400, 282706, 92772, 433238, 258263, 496633, 157626, 111510, 401836, 166870, 46341, 95795, 365720, 258164, 229434, 195323, 271548, 266489, 204535, 49204, 316525, 56834, 442963, 306388, 138035, 493001, 337614, 311673, 183960, 195, 361374, 127211, 22673, 139177, 277536, 290486, 385826, 93407, 97378, 359008, 243757, 228185, 305354, 232095, 464091, 302293, 416268, 313782, 494284, 160149, 329042, 372623, 445020, 177484, 426957, 69914, 43048, 62641, 268010, 46428, 11792, 224497, 285712, 448786, 186868, 99186, 317842, 342496, 197519, 6626, 219342, 33916, 478869, 88773, 225260, 387339, 417702, 170897, 136332, 436287, 193867, 424216, 33723, 42774, 478191, 180499, 455929, 403029, 229146, 305723, 139706, 400922, 186697, 93883, 436589, 115679, 388052, 59343, 459984, 5614, 165996, 137651, 446401, 106361, 347619, 367937, 282278, 44304, 151618, 170533, 64928, 44378, 349226, 257530, 215762, 447683, 112391, 166645, 308728, 487319, 268281, 313884, 484250, 65272, 78762, 204533, 3113, 492380, 316762, 291139, 399020, 248495, 405652, 410674, 368005, 367455, 289461, 138071, 135262, 381824, 313391, 411770, 255948, 335961, 170469, 298036, 195012, 410675, 265859, 106480, 283773, 151865, 63624, 323084, 417790, 74291, 89744, 344004, 248552, 270818, 495317, 287941, 302582, 37268, 390943, 327525, 138886, 250935, 191782, 70648, 298657, 354456, 312871, 372852, 137491, 493980, 437752, 225592, 360794, 50641, 274970, 237746, 174991, 220837, 129011, 213410, 229447, 122613, 189153, 196238, 466826, 147381, 325572, 407940, 173560, 103030, 454969, 122113, 478532, 471804, 217478, 152364, 210277, 34928, 286042, 281358, 123514, 38195, 363740, 302401, 223793, 191069, 295612, 352364, 271657, 122438, 153066, 200477, 247373, 52149, 181698, 343029, 207100, 467284, 65269, 51904, 225378, 365198, 270475, 53319, 113992, 278043, 172511, 71949, 162462, 435634, 149110, 323613, 299703, 59780, 396407, 299855, 299867, 332857, 303512, 261637, 138165, 366873, 38112, 159472, 397713, 331176, 334681, 219584, 33304, 71177, 376139, 495645, 465400, 262455, 432678, 27596, 43843, 263121, 342385, 66178, 118555, 307353, 499131, 373603, 164726, 38842, 253750, 42309, 265544, 307096, 436465, 396428, 376629, 437746, 96254, 189137, 494745, 398226, 86433, 216563, 62886, 435613, 33267, 252405, 180968, 97276, 166791, 45752, 146144, 492241, 152574, 120024, 151131, 242996, 244863, 306438, 27494, 23178, 40409, 40810, 367942, 343707, 329324, 36744, 109773, 159962, 132029, 83626, 55283, 309709, 433354, 402598, 171687, 169527, 492673, 63753, 235318, 76268, 163728, 291196, 359815, 76875, 17905, 315241, 322327, 297471, 212073, 197603, 432113, 492123, 141224, 110932, 499159, 419792, 473137, 306034, 272710, 417154, 140832, 461736, 270774, 360723, 49358, 320679, 333920, 79140, 48108, 469056, 236568, 144779, 466761, 326285, 313285, 28809, 247450, 131961, 220268, 433931, 260916, 359209, 337016, 420295, 401602, 159035, 217814, 495600, 371055, 213594, 85452, 98972, 150754, 319035, 481219, 161633, 211693, 284475, 74881, 428945, 346498, 233474, 451848, 395627, 395324, 400126, 110748, 303732, 183191, 236847, 181638, 448082, 273555, 347555, 204581, 21142, 266986, 310746, 477214, 303664, 477139, 130995, 6934, 343339, 269417, 376136, 231469, 408321, 171990, 347389, 278327, 211383, 409598, 162305, 238550, 137915, 118515, 300001, 23659, 26440, 239302, 52072, 197914, 12671, 458670, 399822, 370180, 382911, 54541, 83798, 479794, 288434, 211983, 279653, 406053, 55777, 161401, 488317, 490579, 360913, 417978, 443521, 23905, 336908, 313878, 479243, 384755, 289867, 29897, 56837, 451470, 11794, 420523, 195027, 66949, 53960, 275472, 15231, 79276, 273259, 329495, 46124, 483603, 228049, 187819, 464901, 199670, 418989, 60894, 364127, 287008, 455566, 406032, 201047, 184591, 263365, 205050, 469110, 399638, 234209, 79755, 1581, 16638, 319670, 425497, 25412, 458019, 229613, 367937, 181730, 383473, 143434, 150158, 84184, 27816, 308122, 371606, 157735, 14739, 248296, 389813, 314860, 29042, 160262, 162229, 270112, 322405, 311677, 17763, 285115, 464953, 180176, 402991, 207403, 119623, 112976, 399546, 390555, 178606, 121809, 180429, 16167, 405526, 374409, 7130, 387651, 310529, 26015, 50080, 225853, 64427, 494365, 312080, 200380, 386479, 213698, 492477, 284517, 175640, 428446, 19445, 306193, 273679, 175121, 132529, 152337, 163387, 475855, 283620, 175563, 60053, 20395, 149550, 314552, 16184, 395329, 349941, 462920, 185471, 148577, 470680, 495774, 171144, 84125, 175863, 433125, 154697, 74116, 461545, 322517, 196471, 261760, 468064, 111598, 2658, 207764, 427197, 461924, 623, 98083, 114481, 357620, 5881, 306852, 488238, 283815, 167155, 420753, 481063, 75334, 229741, 134511, 62241, 335387, 334220, 47969, 77241, 430954, 420853, 166251, 166853, 147912, 177192, 308004, 272930, 301032, 249901, 304910, 454606, 167677, 3759, 335008, 64033, 267193, 105983, 310524, 272550, 11252, 52233, 106064, 220502, 13446, 458871, 176254, 350721, 286833, 50387, 370161, 30527, 459611, 480601, 423000, 31136, 497679, 298539, 225076, 65889, 178756, 134351, 69910, 385717, 462922, 499598, 447404, 479806, 302398, 345211, 1759, 487767, 427120, 408138, 148444, 33855, 437464, 474739, 136061, 54964, 344494, 216827, 301729, 447582, 172647, 334759, 333249, 187642, 345595, 18904, 414831, 330654, 635, 123953, 370230, 449982, 138187, 470200, 216077, 378607, 220853, 27092, 288682, 350749, 425781, 199196, 4323, 395568, 149153, 121523, 354612, 114400, 71888, 21786, 383686, 424828, 147429, 87072, 362823, 80701, 496516, 451823, 293350, 112222, 185646, 472540, 27990, 65148, 360091, 326811, 156571, 393323, 377800, 474000, 83819, 255694, 79418, 420744, 425304, 472725, 454576, 239073, 307588, 355510, 495421, 261512, 420996, 187430, 428718, 391703, 456756, 364374, 330417, 417252, 104022, 317096, 106876, 190707, 468510, 151820, 472710, 65713, 250989, 287315, 103328, 91191, 32373, 270987, 316429, 301087, 382063, 28235, 438188, 461910, 158268, 417539, 467728, 367291, 144689, 74208, 84290, 261192, 293690, 437158, 441097, 293886, 2059, 146594, 464278, 388566, 66363, 81877, 268600, 465908, 92891, 269047, 99192, 133665, 198529, 433089, 284196, 257089, 286022, 237531, 437167, 87406, 156504, 381987, 179998, 448854, 253360, 442324, 430197, 181330, 258567, 68041, 103792, 16152, 360798, 321265, 56978, 264654, 442996, 329961, 105097, 370847, 330742, 265706, 375357, 99610, 380592, 35244, 379494, 146367, 394510, 149070, 372485, 101624, 264449, 207436, 151639, 377828, 20800, 337201, 464034, 258772, 479740, 194814, 307968, 96925, 300948, 289209, 423433, 451467, 182708, 435505, 1779, 92501, 51877, 459310, 8226, 52239, 211708, 225327, 318181, 489403, 265782, 338863, 226528, 294830, 405738, 263278, 499039, 72478, 437760, 430746, 349704, 116072, 186111, 50752, 397524, 102076, 38423, 255637, 49820, 360995, 311428, 95016, 178132, 444962, 274289, 176878, 450369, 200969, 62167, 69214, 213762, 132747, 159068, 468017, 206272, 451871, 55309, 96259, 100277, 380360, 15068, 124577, 251847, 387757, 57532, 193004, 199306, 220219, 222700, 94279, 328059, 248729, 458915, 99515, 367499, 216124, 115347, 124401, 113052, 52899, 361171, 254696, 380186, 297705, 239568, 353075, 383934, 240963, 438101, 423169, 432212, 90780, 410543, 140202, 236920, 285213, 443089, 167907, 471356, 200754, 187613, 480617, 348847, 482364, 108149, 305537, 328979, 476059, 90229, 160938, 314135, 328258, 312090, 220602, 107706, 164224, 351248, 132877, 208951, 824, 380900, 486806, 472910, 216550, 435622, 328176, 206892, 23895, 240772, 38571, 263359, 357802, 357312, 103060, 147231, 413458, 376191, 407197, 28946, 62847, 454612, 388141, 104843, 174434, 182827, 417824, 340767, 138743, 32587, 499727, 425364, 488933, 13678, 437151, 355845, 432429, 322582, 431235, 249262, 325088, 170118, 468160, 188922, 262919, 410878, 126296, 76818, 377899, 54786, 337652, 208660, 461460, 78485, 345543, 219928, 499641, 114261, 53963, 447044, 387999, 448513, 113803, 318327, 471487, 58047, 340539, 377006, 178871, 44759, 113392, 316852, 273054, 191084, 496555, 379011, 309474, 230492, 456247, 48990, 349851, 388983, 141758, 63846, 440828, 106784, 380739, 195977, 19084, 185705, 153600, 479271, 98982, 276752, 120715, 5914, 461678, 112869, 339443, 265937, 365559, 340889, 478137, 370863, 11288, 36761, 18609, 298998, 402230, 88478, 407511, 105137, 417423, 238028, 114169, 249169, 193495, 308998, 304367, 485045, 198903, 191933, 363295, 451059, 7640, 183493, 280934, 230265, 113550, 350593, 426579, 382984, 90859, 433920, 306380, 464294, 95390, 165676, 484357, 256695, 167511, 132188, 52817, 91834, 145045, 203471, 145166, 441585, 446215, 114865, 386668, 276721, 35264, 35017, 492597, 156867, 424379, 172406, 40233, 119056, 365199, 330112, 462283, 384980, 159465, 433992, 170613, 113305, 367172, 478977, 475690, 80960, 106360, 375904, 248071, 255607, 352937, 443474, 484526, 182018, 140749, 115576, 7965, 392892, 413733, 94658, 6840, 302161, 423035, 171865, 421450, 283786, 45255, 129960, 102851, 390801, 1729, 204861, 284970, 84589, 287402, 183603, 280939, 210471, 329961, 94656, 367283, 491493, 174637, 279887, 132088, 289389, 346623, 407417, 174722, 334084, 402362, 183247, 181195, 378485, 326, 281909, 177372, 62912, 202065, 66630, 151297, 449209, 390339, 329402, 192032, 236914, 287234, 212710, 311969, 408843, 467970, 219318, 20063, 199620, 47330, 260670, 162781, 359528, 110039, 279156, 97594, 97113, 404898, 104465, 177707, 207880, 306546, 51114, 211344, 395991, 276977, 158222, 30433, 297342, 382462, 120114, 50044, 125474, 102015, 69673, 150493, 261541, 72984, 315403, 138320, 90059, 477365, 245321, 206587, 104760, 326673, 173123, 156737, 30053, 370759, 297364, 431940, 486874, 248595, 480893, 306314, 256795, 84025, 191699, 29692, 295449, 261380, 68933, 248505, 435570, 362051, 250500, 198439, 153588, 326744, 384265, 292025, 130861, 366027, 231024, 444049, 24978, 492212, 433644, 106049, 107267, 320688, 215487, 219742, 114524, 1246, 487766, 186750, 158445, 440129, 363805, 132285, 33678, 227787, 284083, 369348, 313262, 150494, 192156, 175494, 130899, 305166, 274588, 142734, 234614, 212143, 315942, 395564, 42171, 317280, 280762, 466154, 159994, 315775, 469861, 308326, 215825, 11141, 406585, 34840, 259999, 94565, 98507, 92580, 164951, 335655, 476046, 335887, 255194, 173566, 110492, 263459, 171468, 407220, 244603, 197197, 186116, 393765, 93427, 60420, 146581, 83567, 46786, 318453, 323870, 87102, 189215, 482897, 155419, 165802, 2086, 266996, 193778, 327225, 145291, 294783, 198780, 224260, 241481, 308641, 381444, 306428, 459260, 238180, 125663, 235585, 269600, 142298, 412939, 363978, 115253, 272103, 23755, 330944, 464130, 465301, 350854, 492042, 334179, 345361, 405074, 32298, 181004, 67417, 40262, 66011, 378890, 64798, 51934, 75877, 217763, 312627, 112825, 459517, 446208, 242628, 466172, 249435, 157410, 429657, 497290, 116219, 118222, 397256, 33964, 401439, 205773, 119001, 343610, 16359, 285439, 25138, 35720, 268289, 274186, 443959, 352999, 193309, 228599, 305455, 391101, 308005, 365076, 436487, 260978, 208549, 70452, 372275, 188695, 246310, 268764, 446386, 424204, 69291, 191949, 244934, 287718, 369876, 157660, 181494, 452219, 263094, 200627, 226851, 227841, 200437, 46806, 235487, 373051, 295277, 415954, 428746, 8541, 132927, 416840, 219728, 74687, 151857, 383465, 330864, 158253, 383179, 210608, 21915, 211151, 469059, 433918, 162306, 468368, 230968, 170386, 320525, 375358, 406479, 52977, 27433, 130502, 124132, 22038, 278574, 45734, 316411, 269294, 437989, 177621, 221989, 51261, 102057, 195326, 251632, 240809, 95034, 464880, 439855, 423127, 59207, 483224, 370907, 132131, 133971, 278234, 193082, 103301, 52006, 66013, 108948, 173724, 48841, 383610, 465184, 142346, 88015, 89618, 239750, 459452, 173037, 336100, 86317, 244141, 139179, 163740, 43447, 322895, 179661, 322213, 73848, 490654, 262689, 205794, 262097, 202068, 365564, 292042, 336723, 293906, 175824, 236740, 403668, 47627, 328387, 281640, 175479, 122553, 438720, 360654, 480796, 65886, 455315, 206224, 230506, 64852, 203930, 237216, 330631, 84416, 415678, 42878, 126060, 3895, 167349, 285152, 49945, 100591, 111739, 470839, 97040, 350577, 315943, 223963, 97218, 280326, 280569, 35796, 238237, 419813, 499509, 178991, 220466, 250191, 136107, 150505, 80419, 375521, 196661, 471679, 471034, 316890, 404244, 357835, 338126, 226716, 228495, 129638, 35174, 283816, 232587, 292279, 248599, 248738, 392216, 92499, 400203, 69121, 129455, 423385, 156161, 222751, 154677, 490953, 484691, 17084, 182738, 238657, 36539, 52979, 296437, 389756, 237171, 329674, 57715, 25511, 21322, 106329, 42575, 124424, 450959, 237502, 207640, 177179, 159153, 41990, 110833, 131797, 213129, 400422, 245630, 165944, 416282, 298234, 383614, 385612, 125282, 170091, 194279, 481277, 89964, 475603, 152215, 403089, 7928, 61220, 135379, 448898, 187381, 421928, 202960, 403707, 143840, 263297, 358396, 273607, 163094, 333757, 255789, 131341, 426330, 120186, 413103, 161162, 382589, 357050, 425378, 466149, 402239, 150334, 31362, 45689, 395896, 97444, 416602, 40992, 210380, 438174, 179771, 345217, 1623, 434175, 440913, 176389, 253610, 451964, 495175, 82572, 256105, 239686, 317820, 75580, 484640, 129033, 449944, 174812, 315356, 414690, 367016, 206011, 353313, 227740, 187954, 131302, 56989, 308838, 206173, 315639, 118882, 422738, 173698, 155923, 222363, 453198, 223324, 60803, 348159, 244463, 465091, 478781, 296820, 81790, 458394, 336953, 260606, 103240, 402705, 462817, 426005, 78710, 245937, 399164, 16904, 278496, 484572, 84276, 57329, 468006, 167990, 349800, 436924, 250841, 21926, 201249, 145737, 146857, 330856, 174511, 350806, 287422, 109382, 3589, 115085, 199913, 12943, 223390, 166264, 237766, 246353, 26183, 282708, 109121, 394197, 466054, 489608, 383005, 302819, 302407, 382785, 48887, 355392, 296159, 206252, 244033, 67997, 260924, 413504, 254171, 335736, 238993, 460851, 269894, 82195, 153424, 429568, 133118, 360884, 254858, 93847, 329164, 54091, 138918, 460882, 7267, 243963, 41079, 242058, 38408, 456648, 499584, 215967, 99437, 29151, 323716, 296629, 78776, 168125, 485876, 329798, 233134, 39957, 424609, 416381, 389066, 164429, 277272, 394967, 288348, 412657, 269498, 474427, 369497, 295200, 102396, 97602, 369660, 272482, 53108, 447853, 203596, 310910, 424432, 385972, 79133, 312529, 408413, 26645, 120993, 99738, 41239, 257295, 362355, 142103, 222357, 53259, 53838, 327968, 72900, 202168, 300423, 10199, 12788, 288993, 113782, 452423, 385733, 369420, 16849, 240229, 95183, 264485, 204071, 324086, 308411, 443213, 401737, 258778, 349633, 305255, 202100, 159627, 385421, 467536, 352380, 112633, 240187, 24547, 382079, 350231, 443627, 98224, 20595, 15719, 8707, 193991, 305466, 300428, 291688, 327526, 267359, 433102, 17514, 405751, 304849, 497189, 399469, 327495, 540, 288290, 108704, 283759, 414957, 492862, 404736, 325193, 137073, 66732, 104855, 88274, 296677, 124456, 124930, 359847, 37305, 116727, 458720, 134165, 53376, 105220, 373233, 442683, 432092, 210509, 27056, 314058, 143062, 196623, 169146, 394232, 442234, 133296, 418566, 216835, 50851, 499232, 429380, 293248, 206756, 218090, 272349, 68208, 101628, 385157, 264933, 136854, 380740, 96315, 198164, 129658, 490973, 495732, 195610, 484095, 207706, 108310, 141695, 55847, 246833, 169075, 376241, 416363, 491482, 374024, 51284, 449259, 433409, 437473, 319008, 232209, 129829, 331319, 421836, 128342, 40525, 64073, 105475, 278002, 406396, 478035, 136198, 464276, 71430, 165375, 267211, 490267, 282110, 317036, 410974, 169603, 63790, 89650, 183771, 332293, 198459, 402888, 74479, 452293, 14467, 141824, 338158, 49421, 53951, 214973, 163860, 262741, 83406, 343267, 447432, 348215, 26396, 139695, 48082, 348716, 160830, 273342, 37664, 4125, 96569, 28211, 70933, 246176, 355520, 351392, 364263, 57924, 307064, 297999, 44735, 109534, 289988, 18925, 187292, 162418, 393474, 11570, 428197, 335235, 372702, 56466, 32964, 432868, 207044, 274637, 306105, 357071, 348177, 198287, 239095, 296439, 338337, 496516, 32445, 154226, 8308, 420844, 407529, 349554, 126011, 175351, 452070, 396563, 350554, 141354, 218740, 131996, 307252, 201459, 276336, 499631, 355196, 428483, 105295, 450099, 413694, 345571, 267341, 54368, 232050, 198375, 149905, 429804, 24316, 210200, 205443, 398319, 62854, 480288, 109911, 27938, 201813, 176565, 125462, 468277, 51596, 159182, 469800, 453082, 86188, 243712, 136420, 128503, 499366, 61023, 493409, 131629, 149134, 448042, 28231, 262024, 162806, 493253, 164661, 162331, 319366, 159730, 479980, 2159, 454160, 285743, 13960, 68670, 104146, 101618, 64762, 22251, 479333, 86380, 355158, 271529, 469356, 274850, 242207, 201966, 90515, 108523, 220446, 91822, 318742, 25257, 82971, 196832, 421014, 277696, 295541, 278562, 350534, 271978, 422881, 116240, 111113, 166581, 313477, 321345, 86976, 94062, 497804, 335127, 250352, 338752, 371337, 191706, 115971, 476815, 282882, 31327, 255923, 214607, 64481, 36341, 219196, 53091, 55636, 451668, 28318, 16555, 141553, 164053, 246345, 388469, 189039, 462739, 131007, 252575, 28598, 36828, 84064, 169241, 44273, 153805, 486363, 497839, 314823, 71625, 252050, 197237, 211875, 21771, 206038, 255934, 478001, 479395, 295889, 24484, 325326, 291160, 282571, 448952, 368421, 151157, 413295, 80692, 157343, 288592, 407392, 85943, 173048, 306763, 9085, 198152, 491280, 43193, 467499, 22603, 53989, 56610, 496468, 352992, 182416, 423233, 491712, 314865, 426866, 368227, 420680, 298043, 96015, 395187, 186592, 230035, 447095, 330672, 192012, 303379, 306447, 81325, 23441, 358454, 290845, 254952, 1098, 33775, 74812, 5956, 412767, 366743, 42142, 174437, 460557, 219937, 215935, 448729, 28970, 208696, 262014, 343123, 356061, 199459, 322652, 164375, 312875, 42735, 194231, 346887, 226796, 426237, 459, 340288, 114705, 39937, 471772, 303726, 124156, 51212, 330818, 395507, 294727, 78982, 100901, 426032, 404439, 498306, 4101, 147227, 48838, 303733, 221597, 478514, 211725, 311505, 11746, 167524, 399611, 257497, 409708, 421352, 309795, 296069, 156107, 145083, 490151, 211566, 194526, 94085, 199058, 453026, 443247, 332497, 437448, 138292, 125961, 497171, 40537, 54930, 93478, 478522, 295806, 391337, 356339, 188300, 72585, 187433, 39794, 108921, 327019, 478011, 299571, 362417, 278994, 188853, 158324, 24961, 206558, 375971, 269109, 78158, 493291, 405751, 307812, 208321, 97726, 345561, 303174, 275982, 84625, 224992, 254917, 164930, 441109, 69233, 403512, 164541, 186609, 78903, 447390, 16726, 326728, 473517, 244076, 444810, 438069, 346632, 239314, 152464, 183424, 426469, 200059, 452264, 51088, 16742, 116575, 457763, 409528, 273521, 217742, 9614, 28829, 74173, 445651, 200392, 26092, 123241, 489165, 359359, 219949, 207207, 44899, 298786, 479743, 172490, 362574, 471993, 268161, 477798, 499210, 104001, 420630, 405691, 216606, 199826, 111248, 266384, 166553, 318916, 192931, 430600, 130115, 277216, 378075, 387750, 421350, 304000, 435376, 65730, 85950, 172570, 220913, 393407, 403045, 153501, 64273, 183755, 132344, 150781, 271820, 373277, 449748, 486418, 191705, 430188, 55849, 168561, 246164, 445145, 54235, 141949, 148896, 289390, 109343, 68446, 79932, 286497, 422769, 199100, 265600, 219766, 192503, 169383, 79248, 101101, 356365, 289977, 466097, 462238, 12030, 251628, 390083, 129179, 324977, 375965, 95872, 52475, 199696, 33747, 9285, 220764, 289733, 458708, 131445, 46755, 122618, 26347, 315750, 130367, 428589, 290058, 499496, 73450, 460446, 445522, 346077, 495272, 421967, 39624, 246197, 319459, 17505, 399831, 75027, 283286, 494691, 477026, 92628, 429818, 74513, 310971, 387822, 420655, 118008, 197687, 479191, 469241, 477934, 406713, 394797, 327362, 465165, 345461, 318954, 235193, 113183, 435297, 345502, 87188, 83877, 472952, 175522, 411772, 454479, 214381, 286602, 91308, 238775, 294890, 191941, 343598, 178630, 127502, 142645, 264274, 470972, 432643, 130305, 306631, 418292, 416495, 495311, 294171, 499884, 55696, 165813, 472055, 64781, 329742, 46279, 475200, 360786, 265074, 214852, 125772, 196154, 192485, 93838, 407240, 329370, 206954, 166852, 32874, 401493, 95858, 280218, 174243, 154405, 274987, 365575, 293295, 435492, 498706, 133501, 5891, 437557, 396348, 41265, 284160, 198111, 259926, 454862, 114826, 249293, 107576, 451191, 77724, 123897, 215612, 469431, 77319, 67773, 421222, 31070, 495657, 189408, 132837, 21757, 26739, 109500, 200698, 345198, 247286, 302178, 196382, 331601, 425061, 134241, 161566, 36651, 89402, 89217, 315029, 139321, 261678, 346009, 411414, 313142, 175948, 324963, 442147, 214340, 327666, 128886, 33991, 289784, 360921, 330032, 175582, 337270, 22828, 472036, 362440, 323921, 209259, 383591, 497451, 470426, 297216, 261510, 438400, 82324, 137397, 2767, 201663, 326098, 4848, 2460, 15581, 199188, 268118, 139510, 346157, 418648, 295296, 446809, 342144, 277863, 252496, 264072, 175328, 252012, 182516, 487813, 77907, 239532, 54384, 362964, 266501, 373816, 9704, 422877, 185996, 37285, 22528, 282383, 287833, 48955, 374255, 128626, 173311, 290598, 88603, 375482, 475695, 141037, 331252, 376097, 20566, 409922, 493158, 241523, 377410, 296143, 497633, 319616, 5136, 66821, 367966, 426790, 380437, 490190, 270087, 441963, 181390, 352065, 312805, 164717, 450720, 314920, 390801, 260191, 256355, 41050, 147446, 150931, 225964, 73341, 107046, 325461, 133997, 490651, 401932, 4020, 139246, 253020, 430221, 289061, 72392, 146928, 153746, 226836, 167903, 344366, 237569, 381701, 88916, 222841, 422150, 29124, 179277, 368892, 270795, 371743, 456518, 296612, 299752, 421896, 267321, 429582, 382081, 349993, 380794, 471029, 420943, 190329, 147033, 403440, 479984, 171845, 234068, 53790, 164119, 112233, 228326, 37763, 336684, 223963, 245804, 85668, 98171, 8774, 1476, 323215, 102559, 236492, 370194, 345922, 304389, 12019, 475695, 451369, 405510, 92747, 426349, 389352, 194721, 313199, 483118, 413604, 19628, 363584, 271686, 74122, 448020, 371447, 184793, 260957, 251578, 185205, 69191, 251645, 475743, 404950, 90825, 40403, 206946, 430460, 84575, 498546, 127906, 499274, 227813, 159453, 232125, 49179, 63125, 443878, 91157, 211790, 148788, 366619, 267816, 144717, 316660, 38488, 284994, 138491, 8334, 170649, 407937, 67528, 40938, 308398, 99047, 437760, 171789, 36743, 193514, 297208, 484230, 481805, 101960, 234276, 470974, 162552, 187234, 355751, 187690, 459392, 453466, 19509, 4556, 207845, 75562, 311328, 154121, 363292, 171749, 289863, 38433, 23885, 363711, 25981, 425700, 160308, 305738, 480621, 273555, 240128, 122307, 440072, 140178, 307402, 197788, 221847, 76336, 223097, 444739, 138877, 431052, 310718, 386034, 440555, 384250, 786, 461765, 1667, 408094, 13455, 304090, 472092, 4092, 118001, 17741, 161045, 348364, 246888, 425909, 244347, 279823, 368413, 467850, 245880, 499106, 202405, 287244, 164903, 84629, 339949, 341882, 228781, 54712, 38174, 353892, 457456, 125192, 258071, 252843, 275169, 201547, 48785, 61746, 205048, 227844, 486484, 269716, 57635, 133574, 277009, 224189, 157161, 210706, 87245, 455898, 25164, 480293, 85597, 123403, 235718, 74648, 81442, 278183, 68493, 68677, 244624, 359472, 134174, 416923, 337752, 392699, 230465, 199755, 216225, 371059, 21849, 187844, 257306, 444855, 298143, 131887, 259811, 486703, 93673, 28652, 192972, 162656, 71056, 202704, 54556, 343016, 307238, 368466, 161992, 261153, 73484, 377752, 132261, 303586, 86678, 466041, 214755, 389731, 86238, 382549, 45226, 138279, 254502, 11206, 172519, 235191, 421168, 214767, 297404, 224768, 320514, 387224, 90454, 214443, 193759, 154062, 470281, 392894, 456131, 237699, 155953, 387402, 302703, 205862, 215151, 364994, 117669, 9563, 239789, 319996, 124362, 21610, 303730, 266937, 294208, 383539, 229233, 153130, 478823, 490781, 250958, 338814, 223293, 279584, 45937, 406204, 362828, 183418, 157523, 163200, 136421, 301132, 487222, 186493, 496091, 42169, 104519, 9114, 178277, 252918, 330709, 481221, 243121, 324643, 162418, 190045, 483153, 100586, 413875, 361162, 173881, 112559, 420847, 26817, 84939, 370251, 314630, 312465, 196673, 171245, 349899, 21749, 296273, 116722, 497627, 18132, 467347, 375031, 47306, 285656, 320532, 301801, 153312, 362018, 156576, 389942, 353641, 496986, 209114, 249955, 393559, 476645, 382072, 281852, 454820, 150350, 426268, 160095, 78206, 325060, 450314, 262560, 341624, 150613, 198458, 235195, 372778, 449613, 122975, 297026, 182501, 3548, 377630, 268055, 26685, 434638, 131565, 210680, 258384, 489634, 36634, 229668, 144562, 432654, 135398, 296504, 75870, 279141, 394678, 363347, 46286, 470082, 361168, 430269, 347480, 311990, 402477, 20494, 301036, 6226, 444048, 499149, 499980, 8560, 352749, 224425, 10706, 27957, 490718, 207090, 474434, 23020, 443550, 262572, 337766, 89980, 32913, 7195, 495336, 105946, 205172, 492171, 472528, 256365, 286904, 405426, 253350, 489773, 7978, 44750, 52454, 365288, 391239, 141186, 66330, 254176, 16637, 223534, 40869, 66935, 392830, 318665, 258900, 382129, 494628, 231137, 49771, 347985, 59367, 17267, 247836, 80006, 60368, 121351, 136844, 217004, 445648, 489269, 466913, 180890, 398456, 454780, 418773, 289086, 201210, 434136, 470798, 178376, 28628, 110485, 87310, 438218, 27159, 201034, 425782, 337855, 94516, 402628, 26450, 326822, 368824, 105245, 465556, 480353, 234960, 323925, 128454, 410710, 65452, 490494, 322247, 26242, 98276, 367077, 236582, 109917, 311954, 180582, 432907, 259608, 257254, 488743, 312752, 86567, 207635, 128247, 410105, 134825, 32369, 130232, 285753, 465078, 357785, 487431, 451290, 338270, 306375, 461578, 125007, 337910, 403185, 76591, 43225, 407877, 400754, 190008, 137988, 299087, 216170, 303337, 430556, 169314, 254446, 310667, 118130, 202371, 430333, 418890, 46731, 100860, 5768, 208199, 60229, 235363, 348167, 73201, 402318, 176482, 284666, 435018, 175650, 48102, 456905, 367475, 50522, 125499, 195942, 267212, 56864, 139627, 88050, 53317, 106153, 300452, 492217, 1021, 28875, 193, 303327, 13297, 232889, 1709, 408483, 421244, 421766, 291147, 264630, 37974, 82836, 141766, 498631, 348270, 330240, 1803, 245774, 450436, 252368, 229954, 386237, 135215, 45567, 399761, 347196, 242248, 63348, 486507, 341178, 499600, 403160, 182768, 272944, 280465, 163682, 331218, 483100, 446335, 286653, 96497, 80769, 482990, 95290, 349360, 414544, 293376, 445495, 281279, 285344, 277623, 440694, 283224, 2540, 402947, 407179, 276266, 224316, 247242, 235033, 449796, 165901, 179004, 100676, 304084, 424174, 456110, 379836, 316306, 198997, 174737, 427995, 276148, 157892, 97457, 52443, 433750, 129612, 243973, 274830, 27132, 130437, 432454, 265452, 83768, 357043, 309326, 147179, 175670, 13856, 301465, 361848, 13509, 163214, 293620, 81736, 358034, 385356, 207089, 59771, 101032, 467652, 30338, 183269, 85524, 246667, 247032, 399301, 91913, 441284, 289222, 276261, 269622, 191480, 81005, 362875, 126077, 448725, 315231, 304393, 156136, 310013, 324906, 241802, 376145, 397654, 19492, 282663, 100211, 198680, 437290, 88725, 196138, 150452, 270444, 464725, 343049, 248937, 89214, 488803, 44908, 105633, 113937, 8506, 422917, 1013, 488386, 190976, 169334, 214939, 159750, 344721, 80513, 359414, 8058, 441505, 457154, 175728, 68853, 269078, 450578, 111951, 362390, 7595, 174841, 138076, 433701, 356723, 477446, 180038, 273279, 310892, 222123, 409276, 481259, 378161, 461597, 34327, 486155, 336152, 254736, 469916, 366614, 474543, 106904, 196352, 349001, 307883, 272040, 257131, 382583, 485048, 247631, 55328, 4783, 485865, 39420, 315786, 226710, 498617, 111843, 7781, 404786, 399965, 388280, 103307, 172992, 49523, 45202, 429093, 365494, 275505, 469008, 351792, 418207, 348319, 88427, 113196, 451462, 272979, 297222, 70905, 18756, 290449, 410904, 335429, 272779, 260120, 359720, 160811, 223186, 293794, 30245, 121425, 408162, 18440, 157420, 61573, 110732, 338557, 7185, 227869, 464956, 220869, 467525, 175804, 296041, 254961, 137404, 88218, 222883, 312125, 357289, 72676, 233142, 337827, 269438, 449036, 192071, 351236, 339577, 31142, 379585, 132632, 403947, 199930, 444, 327860, 190497, 308022, 86144, 386074, 65396, 412060, 367216, 234262, 90429, 258565, 17734, 209004, 54307, 488729, 251662, 449698, 290383, 78168, 372414, 25640, 254132, 319724, 356556, 475012, 76163, 291573, 40178, 274690, 473490, 194618, 92913, 40347, 246305, 38692, 413297, 375681, 492453, 291973, 330334, 94891, 206392, 305599, 240097, 327552, 130586, 271202, 168207, 355420, 38555, 288807, 434669, 346544, 401711, 382523, 285475, 131009, 120413, 161091, 380176, 87138, 262266, 55279, 176916, 246548, 295156, 237299, 372898, 344270, 166388, 88716, 246764, 105369, 448493, 5006, 304896, 91886, 247499, 312697, 157949, 301631, 442985, 26360, 183986, 390036, 370434, 76463, 253977, 23553, 110137, 261, 429624, 220760, 179991, 420572, 493829, 34905, 333394, 318164, 12633, 193903, 235350, 160373, 36359, 277585, 292800, 369848, 227856, 481464, 226850, 429439, 148570, 120896, 106837, 33250, 67419, 75283, 474266, 257864, 217444, 204742, 336402, 212347, 187498, 54193, 306604, 10530, 196463, 90255, 154142, 318388, 228645, 485041, 224481, 25842, 50934, 446918, 347061, 73835, 340911, 38569, 357079, 59556, 118985, 69901, 44580, 130123, 311980, 61560, 6612, 45369, 405046, 336694, 303165, 117147, 80393, 176733, 438406, 383073, 417300, 44790, 179246, 73367, 283659, 264216, 464521, 247050, 29590, 176883, 223907, 131443, 487948, 17067, 52892, 145322, 264145, 36548, 37350, 158813, 458883, 124146, 76895, 236576, 195793, 68283, 107223, 204556, 350207, 214463, 86007, 29322, 263338, 199616, 257038, 321326, 264869, 175862, 198296, 104103, 213736, 362119, 123677, 408538, 491392, 253380, 26166, 90343, 177745, 442679, 298373, 144178, 206320, 480744, 58314, 260912, 495668, 407969, 455818, 370271, 97486, 419937, 325514, 335674, 264438, 297405, 168490, 102978, 255473, 252613, 320807, 125855, 174805, 463019, 401414, 268395, 279548, 48540, 216330, 191315, 403896, 65930, 15046, 286100, 404214, 209199, 165487, 13633, 322201, 93363, 134415, 200683, 38925, 36819, 309718, 323718, 494497, 409158, 483525, 404453, 418182, 288824, 331564, 175664, 233430, 52, 231380, 303077, 414331, 27306, 422999, 244431, 134427, 60068, 293516, 313275, 51891, 386228, 54891, 404398, 15987, 205014, 262697, 213006, 358068, 85210, 287231, 342060, 464841, 479274, 324719, 374742, 180348, 201067, 462792, 269077, 127823, 485580, 362514, 62143, 45256, 497617, 337761, 175373, 66170, 107456, 430743, 259974, 120423, 420342, 300507, 237280, 312826, 29047, 75806, 432208, 264535, 239952, 472833, 27593, 142943, 134901, 65754, 38298, 205497, 337526, 219579, 401701, 256354, 364390, 464522, 466272, 98268, 289141, 142914, 68845, 130077, 407270, 255021, 306407, 317693, 36494, 101040, 145673, 223818, 71168, 85160, 143716, 399147, 195551, 225386, 391383, 202788, 28196, 160058, 164197, 28933, 300144, 249318, 418777, 366485, 140657, 279486, 382377, 287063, 78281, 320483, 346024, 149433, 245883, 91432, 2468, 24048, 27276, 33125, 105147, 219723, 201805, 53148, 385867, 221332, 400948, 474482, 103157, 390196, 489135, 46187, 270370, 376459, 305498, 484773, 146467, 288250, 149244, 132894, 408275, 126891, 27089, 17147, 461739, 123377, 406603, 361579, 213246, 433663, 363531, 246600, 16136, 309439, 406941, 168619, 160164, 165, 416496, 300585, 1616, 196281, 350993, 487324, 87101, 297376, 147984, 165083, 63419, 323147, 341423, 353780, 316023, 413617, 454698, 271435, 185949, 142179, 275955, 190151, 226072, 412611, 258145, 383355, 341364, 335914, 335586, 243157, 228297, 138848, 322423, 283629, 143166, 380220, 403721, 177230, 379256, 305857, 338148, 429476, 198353, 476040, 54332, 44348, 452949, 478991, 110688, 219239, 196883, 86568, 230670, 371969, 57617, 460339, 26743, 288029, 233968, 305479, 368936, 389159, 496666, 458230, 491593, 245244, 372656, 390548, 36745, 318875, 32926, 378955, 449417, 452594, 221157, 467429, 291701, 6636, 59422, 111559, 244529, 448848, 334838, 170299, 301905, 460212, 334136, 296797, 92911, 376118, 432157, 15175, 320997, 116609, 41760, 18191, 1952, 433220, 240789, 122380, 208459, 201824, 195035, 54086, 479138, 446894, 382664, 480708, 285943, 83571, 140866, 398734, 55886, 440895, 392284, 149752, 318330, 325166, 117506, 449859, 446931, 92684, 12956, 295102, 239053, 461791, 297713, 413368, 425865, 285807, 460795, 2244, 28439, 130617, 397277, 195898, 151872, 19154, 174204, 401051, 269400, 340822, 201162, 182299, 414017, 288705, 181335, 405193, 237011, 453276, 34465, 207711, 343124, 295278, 285813, 405432, 233585, 170060, 138634, 62927, 173015, 387799, 474849, 412692, 294616, 218239, 21268, 274935, 330388, 141015, 325454, 412021, 76978, 339912, 291636, 261408, 17101, 444402, 214345, 362859, 412051, 438164, 325611, 426908, 460963, 178899, 415747, 71655, 469920, 131640, 419189, 399716, 59887, 446282, 211663, 209918, 65866, 44443, 389540, 223392, 129529, 333677, 375738, 275401, 133664, 448944, 429688, 6860, 276457, 14869, 362520, 169866, 119427, 343731, 473076, 406345, 425982, 87320, 119713, 434572, 492824, 62037, 251007, 240497, 29623, 278833, 181246, 124511, 760, 430210, 210022, 59546, 177045, 333240, 478547, 148042, 18356, 429881, 215636, 30868, 318745, 421802, 145258, 479456, 59567, 467915, 64515, 490070, 353020, 375170, 98253, 302584, 189255, 322894, 418503, 457670, 262990, 300164, 117704, 9522, 335088, 106969, 401675, 472976, 116879, 455191, 312361, 283874, 235558, 417464, 322453, 46153, 406531, 391676, 99612, 475728, 306819, 316346, 270464, 88409, 21530, 471181, 240593, 13705, 474701, 434471, 445391, 358811, 229729, 133708, 291583, 252078, 309709, 182135, 384987, 220889, 418189, 114806, 84494, 450449, 434646, 397313, 386425, 437142, 308332, 231487, 96053, 313960, 447891, 132095, 418302, 1553, 426843, 293071, 165093, 199972, 475018, 227843, 327581, 475293, 11881, 138702, 158087, 52614, 86066, 418524, 362946, 379670, 363938, 23776, 97729, 183347, 395761, 405580, 27437, 90726, 517, 332130, 143592, 422834, 131389, 336783, 95265, 392698, 361069, 452464, 463127, 86567, 97168, 347638, 74063, 229278, 372696, 222864, 14957, 283944, 424671, 89885, 100883, 209049, 312010, 280539, 365891, 67171, 273312, 31540, 266754, 270513, 71260, 458427, 288937, 284260, 499564, 177819, 128077, 23008, 257636, 262828, 455381, 155684, 250643, 156079, 472786, 305880, 431073, 389809, 273445, 227372, 104005, 17253, 264439, 178649, 328297, 406887, 7325, 481776, 146173, 395049, 36780, 339822, 128353, 141098, 420801, 42833, 356510, 252428, 390869, 253273, 263380, 160434, 294669, 454483, 103380, 161660, 308290, 189601, 239693, 339742, 407226, 157705, 119285, 102110, 65702, 300075, 180215, 253997, 145512, 41185, 197580, 428144, 320156, 79889, 413102, 434890, 423250, 454368, 137739, 19053, 362389, 448873, 414351, 430610, 230978, 223236, 111158, 407248, 84832, 485050, 185874, 355768, 346138, 404981, 211044, 451171, 195864, 25812, 187149, 267472, 130878, 189119, 361128, 262602, 362603, 143095, 76675, 48018, 290138, 410096, 256465, 494762, 65325, 103775, 68823, 14312, 121879, 174041, 211211, 13682, 398825, 460888, 281872, 461479, 497901, 434851, 235198, 284731, 24810, 335520, 214157, 489043, 314934, 315821, 462885, 48278, 426522, 403077, 277960, 135221, 376614, 63495, 125644, 478247, 341242, 443242, 61352, 259931, 320273, 89070, 134028, 337163, 203082, 194959, 13296, 282856, 377261, 331161, 373046, 256040, 466033, 285142, 362244, 37900, 254650, 305246, 162770, 366810, 463239, 295511, 421581, 2111, 67753, 190454, 6047, 21918, 287221, 127561, 413220, 188389, 101441, 285940, 238912, 172156, 222666, 106389, 120534, 413988, 194349, 40759, 425307, 438346, 203655, 235686, 497192, 160918, 47391, 45801, 11942, 140954, 418061, 217639, 498105, 155453, 358490, 385042, 70910, 249801, 328709, 291357, 355812, 359483, 28626, 420852, 275076, 56267, 50028, 490152, 67462, 377763, 84584, 351257, 115335, 285759, 88616, 452698, 461333, 352978, 82622, 247515, 344095, 302334, 114847, 114680, 379777, 241752, 356166, 348720, 338044, 309507, 429928, 208035, 129100, 38030, 28505, 235158, 321874, 497671, 413499, 183969, 373733, 172147, 193641, 148753, 43122, 261972, 418059, 469365, 65382, 419465, 399683, 471270, 211964, 324703, 330402, 53067, 137378, 329165, 469215, 82639, 379257, 420645, 190088, 117225, 446389, 366619, 404041, 364399, 423613, 385525, 145764, 37903, 165706, 227717, 67197, 88896, 145096, 365328, 361562, 297181, 322140, 50189, 109762, 38677, 476167, 270555, 91645, 64346, 122967, 324987, 95970, 399869, 141526, 281068, 115156, 348457, 389762, 80872, 195395, 57816, 245265, 232773, 494651, 405472, 282358, 173232, 461341, 391832, 415109, 386411, 372242, 220810, 453906, 428013, 120168, 64972, 312540, 44565, 429862, 395414, 379361, 167773, 259584, 364002, 223835, 291761, 349712, 5738, 35943, 365189, 92578, 326009, 287024, 375821, 174465, 403098, 454313, 157506, 317567, 185567, 117308, 46356, 422139, 472789, 217640, 497519, 328673, 73399, 292346, 44786, 187318, 26316, 343303, 368923, 174267, 74545, 172775, 337306, 149059, 341765, 23877, 245396, 111079, 301252, 399010, 377724, 405890, 50033, 245322, 388457, 240549, 337532, 462460, 259786, 478076, 194977, 388292, 208622, 261561, 271190, 293430, 484802, 8380, 278091, 339088, 410449, 150426, 496660, 9059, 76900, 479994, 108617, 189030, 1209, 407980, 264561, 33918, 211029, 99363, 263326, 360492, 322690, 281335, 190961, 318153, 227853, 464221, 78243, 2580, 84118, 14094, 175399, 332945, 380804, 358595, 241096, 211453, 1501, 125227, 452183, 393760, 454632, 212860, 148063, 123898, 75341, 215293, 231924, 315932, 482241, 370296, 265409, 386108, 128246, 115518, 286343, 406885, 316635, 304796, 241107, 200655, 82387, 13453, 340341, 470987, 26322, 279915, 260690, 121055, 400464, 154906, 81419, 407408, 34891, 462898, 293669, 489511, 346561, 415856, 116511, 239725, 497178, 207083, 212818, 284297, 167260, 242773, 148170, 396325, 107522, 247402, 485242, 246760, 208584, 65648, 467916, 38431, 133384, 167500, 42553, 6997, 497025, 327503, 338831, 482271, 244498, 342649, 112405, 34052, 140846, 287428, 448624, 119903, 347739, 306156, 27013, 174939, 70594, 360067, 289940, 402202, 423717, 435948, 95219, 76398, 71212, 242148, 18211, 6438, 89904, 102021, 378233, 203208, 78983, 151976, 222560, 232824, 832, 374007, 337653, 110439, 166173, 99875, 462643, 170729, 156717, 355494, 21416, 211753, 101007, 481895, 110196, 204309, 370292, 266342, 221423, 452510, 450144, 422045, 72847, 148614, 282744, 418086, 464711, 22934, 117938, 215508, 24374, 5869, 315738, 465582, 260285, 204020, 355685, 358543, 170615, 387345, 253635, 485661, 252977, 327004, 86023, 186250, 24395, 127688, 3130, 256959, 125828, 148643, 314495, 101633, 319400, 292468, 129231, 326575, 67287, 317363, 68709, 155646, 489032, 437276, 154396, 363496, 259690, 257363, 270378, 327145, 483229, 146196, 400418, 42548, 78205, 82131, 488845, 350836, 78282, 368498, 65153, 330456, 218901, 197926, 477352, 27185, 446768, 394248, 381259, 236046, 471899, 395830, 499627, 168885, 122799, 256113, 186520, 191001, 334507, 386331, 242085, 407213, 246529, 177444, 20876, 218193, 302866, 201148, 343313, 257469, 349974, 478567, 115368, 139578, 281904, 41644, 468302, 42923, 16887, 23962, 65110, 317529, 366515, 267673, 488484, 191259, 173449, 27620, 44929, 381008, 388716, 71330, 333395, 222241, 306897, 285631, 209274, 154051, 456725, 424894, 423185, 191012, 298322, 360184, 410235, 403812, 336714, 457923, 490892, 498154, 98003, 288127, 287804, 220487, 424574, 455759, 344421, 283680, 29008, 307869, 345344, 371698, 112803, 266915, 115775, 334862, 284479, 465443, 282138, 265138, 374963, 398373, 16861, 241494, 330030, 368163, 468102, 68574, 342393, 29782, 290740, 311630, 203501, 30189, 423187, 176816, 251569, 297604, 239061, 146381, 276326, 396254, 386310, 297628, 445248, 223922, 450557, 247786, 255804, 297218, 448373, 215371, 201038, 2273, 267384, 1035, 281362, 403284, 270165, 285857, 105616, 153520, 131105, 154886, 353956, 299931, 493380, 494686, 286602, 314996, 417889, 417357, 143197, 383305, 368298, 482545, 324131, 223329, 471442, 104684, 177527, 114614, 105607, 485331, 148244, 188776, 96109, 346952, 486787, 352516, 317422, 302568, 119725, 391401, 328933, 237644, 336331, 23731, 379086, 47487, 111670, 63041, 294773, 493309, 67640, 490414, 103247, 124731, 115796, 102650, 385681, 161335, 193541, 191646, 347132, 18977, 265789, 181048, 31076, 432064, 363534, 127915, 3262, 292968, 158307, 76350, 91787, 80883, 248299, 71411, 193891, 220679, 158814, 304545, 282679, 331692, 494360, 346146, 447310, 415235, 187540, 119577, 5051, 464811, 413918, 67621, 309484, 254115, 230219, 470127, 426811, 209095, 182014, 288564, 472379, 294523, 233885, 396813, 120800, 129865, 376457, 394390, 314551, 330062, 364370, 219406, 195853, 178216, 442488, 28091, 358810, 110091, 333000, 268549, 42013, 52970, 175202, 206816, 96075, 330459, 196933, 260143, 67274, 366027, 200422, 25270, 285904, 373762, 347256, 68242, 130298, 354130, 354060, 226282, 11843, 478471, 281854, 370694, 202234, 27134, 438053, 380704, 135956, 442689, 121194, 114030, 328254, 346202, 20378, 252340, 7318, 139589, 239004, 302862, 397299, 299212, 297999, 328437, 105893, 85826, 11893, 19704, 151140, 284144, 168326, 151647, 387993, 403848, 18421, 3300, 98325, 364682, 476187, 114992, 32436, 397965, 412813, 214004, 209557, 133680, 91202, 188033, 17841, 266549, 486626, 351864, 285370, 398636, 123787, 295286, 383131, 335881, 87050, 167468, 335117, 434981, 228579, 235166, 311501, 225373, 54138, 189530, 53959, 253242, 285247, 364395, 26663, 62821, 232301, 15951, 217109, 37417, 181159, 472859, 43753, 177561, 357741, 330198, 335124, 193083, 349305, 225612, 60956, 70545, 388570, 108522, 309952, 216807, 267745, 270148, 90290, 376692, 64504, 387537, 402458, 333946, 439125, 326729, 35824, 460219, 220308, 219807, 125818, 12342, 238230, 108038, 373626, 427112, 164021, 461707, 143389, 292356, 465303, 372012, 391213, 438301, 420971, 422975, 162817, 88953, 39263, 11703, 463173, 354703, 263439, 487459, 21339, 120805, 299195, 333992, 390541, 236268, 89491, 103831, 315187, 179793, 213923, 499140, 115432, 430680, 8946, 130010, 351243, 171077, 15433, 387058, 168449, 386795, 38174, 142507, 23208, 27058, 175163, 48413, 357826, 283867, 29968, 112363, 17128, 445004, 421681, 228917, 125476, 138724, 403078, 68032, 299533, 310898, 410897, 479930, 463734, 436892, 109124, 57291, 134851, 478564, 233725, 13819, 58312, 355832, 151582, 259112, 455718, 76193, 29137, 68297, 405296, 457445, 48547, 38070, 301361, 460766, 345815, 430375, 50406, 4933, 479753, 454297, 167787, 200081, 34459, 373569, 230343, 212815, 350384, 380129, 286442, 243218, 133882, 53406, 382435, 140442, 54203, 207427, 278135, 123686, 42065, 222313, 65972, 110034, 116419, 443150, 360859, 444237, 24685, 155134, 45192, 157788, 406714, 368600, 295976, 219565, 353839, 328168, 360368, 185980, 367280, 443325, 383, 333185, 39076, 118954, 179018, 11205, 418221, 35560, 317295, 143498, 131000, 206851, 50010, 356506, 65466, 328565, 360552, 342194, 280681, 267867, 328214, 236367, 434394, 476581, 188407, 126132, 257253, 416793, 307317, 399865, 86388, 424608, 103244, 103227, 348571, 466544, 434836, 318219, 484947, 480457, 169600, 37384, 264654, 101946, 346360, 16287, 402668, 421626, 273779, 480076, 108206, 409894, 459519, 346839, 233619, 311620, 194408, 279366, 355644, 70492, 32549, 34747, 311804, 388682, 71258, 181595, 11642, 58523, 56587, 344838, 439832, 327529, 150524, 405255, 474765, 144047, 496725, 199809, 423200, 323180, 256635, 129923, 159512, 315548, 210589, 398568, 166375, 308200, 320927, 65383, 299015, 179885, 421577, 316218, 200946, 159152, 47274, 75966, 207990, 360324, 107972, 94177, 142351, 120555, 54814, 476470, 472916, 403696, 350025, 283444, 344558, 448575, 432750, 304747, 305786, 11543, 196067, 290081, 428298, 418181, 77748, 74379, 426643, 171573, 496436, 114981, 312452, 407669, 155892, 161969, 292793, 337823, 318429, 357739, 345058, 228372, 256063, 288647, 300516, 317940, 6198, 94209, 438911, 291630, 22643, 225359, 281767, 417675, 462114, 21533, 374109, 469037, 13769, 104636, 271884, 363899, 388748, 412226, 375695, 300738, 456002, 276873, 302740, 223642, 450995, 138697, 217366, 360931, 87934, 130824, 9288, 71304, 220156, 144767, 462810, 189329, 118887, 305105, 300543, 47217, 445136, 386734, 188172, 480504, 28341, 440721, 402762, 480461, 103102, 324928, 288445, 459797, 289339, 56399, 490025, 70533, 112521, 277267, 359019, 16669, 404064, 190047, 381548, 386147, 156029, 396506, 325799, 344659, 91010, 294811, 348744, 156784, 13879, 152122, 194847, 486381, 434566, 344003, 492340, 47971, 441537, 417432, 229571, 354623, 179786, 27847, 103105, 340862, 446834, 251601, 146259, 193879, 411654, 258515, 102830, 98160, 370060, 69033, 215290, 473602, 243372, 277744, 33699, 289437, 155557, 421965, 303932, 403899, 305400, 476754, 201359, 254626, 323454, 332847, 49354, 118285, 233176, 200177, 230663, 316853, 270577, 414149, 380747, 172731, 332551, 228756, 474248, 79478, 55977, 93843, 278737, 411219, 165572, 355400, 427683, 316956, 68293, 100829, 232271, 71899, 112235, 279658, 495796, 116866, 443970, 21510, 117377, 453859, 394844, 18597, 67761, 228258, 333430, 471261, 96529, 201008, 296050, 355006, 461349, 56042, 361417, 245181, 442775, 206974, 395003, 402099, 106011, 126055, 249268, 109736, 200557, 3706, 285056, 211335, 407760, 65315, 252336, 392116, 497761, 151677, 330683, 399625, 30605, 140950, 199712, 245579, 66905, 211507, 208367, 435804, 290831, 13200, 455291, 49782, 85952, 480432, 126153, 301722, 395714, 472706, 210767, 313200, 4809, 372350, 240683, 11748, 455611, 88653, 163870, 77257, 319961, 348062, 322061, 253735, 378403, 404112, 65303, 374318, 430154, 149422, 276813, 35646, 392668, 29722, 333198, 222815, 281511, 121260, 58521, 18931, 108724, 49171, 429905, 442736, 73824, 207630, 207880, 245423, 257798, 136610, 479099, 234791, 36825, 188425, 497455, 344366, 112712, 129551, 356889, 161815, 203891, 56474, 334504, 32907, 301292, 283178, 367688, 481902, 271029, 76007, 318139, 12064, 406100, 214762, 447958, 212792, 337354, 187442, 232892, 452025, 80949, 254065, 309863, 72599, 442905, 480656, 483769, 118598, 197175, 307569, 217989, 89858, 257139, 12354, 396729, 459650, 144536, 163898, 409395, 22153, 336762, 157949, 153980, 284879, 86666, 113942, 314830, 458084, 94527, 161134, 3837, 81360, 82711, 159998, 38858, 81529, 420153, 9235, 385953, 144341, 15651, 362150, 200472, 361175, 235202, 136338, 407659, 401855, 40268, 457491, 317896, 30484, 66711, 390688, 208083, 280308, 497156, 287098, 262554, 23349, 197552, 286444, 299083, 286458, 79565, 189385, 266751, 363121, 133521, 245226, 488934, 49003, 363218, 265220, 465296, 247230, 315951, 167523, 137211, 461454, 170112, 417022, 157231, 258112, 451971, 187529, 426481, 399414, 473779, 42353, 196466, 335737, 377018, 49466, 461393, 77688, 495604, 361566, 91639, 399656, 88102, 164954, 426192, 107668, 493060, 299152, 23826, 347268, 418659, 262331, 191272, 162875, 322427, 150384, 273227, 315005, 316519, 410708, 51405, 403388, 144058, 23844, 139075, 313885, 177940, 284940, 333035, 75897, 460206, 63384, 336728, 233333, 253692, 232971, 435002, 51301, 210194, 413330, 272974, 28266, 466431, 438354, 461762, 434360, 408299, 784, 446874, 244606, 2247, 70394, 327453, 205615, 206167, 311087, 126700, 365221, 355910, 227609, 178191, 442050, 407093, 264255, 329542, 131748, 313063, 94668, 464861, 153928, 254040, 497120, 354903, 460247, 66136, 490338, 441948, 182935, 428874, 106303, 474607, 298664, 184515, 234465, 233729, 141083, 350370, 330362, 445334, 21327, 180688, 47102, 60148, 474125, 347356, 310062, 79723, 435864, 462257, 327351, 345049, 182476, 411319, 417272, 157903, 163909, 260849, 388219, 142536, 63056, 264856, 345205, 186066, 277977, 287048, 412790, 291402, 486130, 352574, 177051, 12917, 300296, 472529, 36504, 232208, 324578, 488345, 359013, 177446, 284111, 4603, 373324, 183273, 19467, 22746, 54165, 120437, 406958, 184166, 142233, 211708, 241186, 464090, 438224, 74629, 259653, 133439, 366208, 345725, 89248, 420405, 137763, 94142, 126226, 342767, 232689, 448323, 205694, 14321, 148983, 424106, 312224, 345746, 80786, 299178, 201315, 74710, 451983, 343073, 93654, 9864, 185727, 437921, 70023, 433234, 482469, 336732, 309190, 148985, 156342, 175781, 3984, 372680, 457418, 375696, 85637, 273491, 406180, 233036, 104988, 40152, 206199, 419931, 268482, 291432, 128371, 410540, 72216, 433345, 317399, 41274, 492333, 82741, 392161, 204137, 12111, 411514, 286903, 444603, 344257, 439297, 147804, 248860, 236904, 21750, 428174, 322524, 19104, 193948, 494634, 249945, 498398, 257862, 258602, 472210, 423207, 403951, 171418, 33474, 245798, 194880, 11407, 40732, 228107, 217537, 427689, 7641, 90320, 121006, 4955, 232365, 220918, 75704, 436052, 347191, 232573, 163583, 433479, 90015, 246450, 485272, 163319, 124007, 194615, 217326, 373736, 35560, 166521, 136513, 466050, 107436, 205585, 378642, 2967, 275788, 489869, 178364, 179454, 379477, 380313, 191626, 134926, 455518, 15545, 24611, 375058, 334571, 120391, 27476, 190695, 336407, 442653, 195259, 168130, 24646, 192976, 120666, 28895, 324331, 215848, 121790, 342589, 430459, 327268, 109508, 24162, 233896, 127312, 492762, 380819, 251221, 426812, 157149, 168951, 36322, 65277, 140268, 374661, 224057, 88444, 136770, 89865, 334038, 129927, 278898, 407240, 10208, 359786, 398569, 144755, 52755, 51369, 386479, 225212, 376397, 221084, 336962, 26031, 167202, 62134, 410930, 125015, 116236, 436405, 494680, 10181, 454650, 142908, 254047, 340939, 494338, 232198, 7438, 1005, 129540, 484839, 478830, 460191, 124700, 112634, 92409, 199427, 345440, 407561, 152731, 67517, 377802, 383662, 135328, 28643, 242178, 399015, 175265, 107021, 137544, 188948, 401474, 71618, 112063, 92702, 49638, 397933, 30157, 232862, 243736, 41789, 445007, 192069, 339802, 214973, 260957, 118145, 230573, 499137, 370229, 58725, 240996, 9198, 91926, 455172, 143629, 227265, 488091, 471250, 149947, 273604, 47160, 289843, 253636, 469212, 183925, 26352, 78568, 8310, 126561, 255350, 121064, 4550, 277893, 306437, 452916, 50192, 5332, 93915, 264302, 106033, 264886, 391896, 489958, 202587, 258161, 439320, 201552, 63305, 118226, 75101, 388683, 14235, 139595, 446515, 134579, 205612, 424287, 344446, 447643, 76281, 22810, 325438, 478657, 302229, 490411, 420504, 462716, 196133, 486604, 461820, 394877, 29875, 21571, 344017, 7251, 118857, 289103, 137517, 358438, 163510, 54863, 276454, 202110, 301759, 94127, 146173, 167110, 488409, 209028, 212069, 78280, 488184, 353099, 294390, 162088, 188759, 328372, 470975, 35604, 261786, 61798, 139924, 233464, 119644, 205852, 254028, 483377, 479118, 473060, 286646, 97565, 231676, 32569, 208970, 494625, 25407, 288321, 495347, 412265, 73528, 119496, 121581, 190841, 127459, 39568, 339978, 168526, 151450, 265060, 336770, 397370, 132023, 113879, 452201, 107444, 348390, 499319, 419450, 456507, 193281, 256146, 457339, 380580, 496352, 31812, 7540, 242806, 375429, 258006, 106638, 385433, 152418, 452032, 105770, 57733, 448444, 244772, 69606, 466815, 178674, 66846, 411179, 81265, 353744, 66346, 194239, 110155, 395604, 86491, 52401, 346600, 24891, 89761, 11224, 136909, 132778, 275085, 317239, 179858, 152229, 497332, 8460, 308306, 145914, 20772, 292346, 98750, 118292, 399003, 93964, 255219, 467753, 375186, 299029, 336397, 394816, 330738, 293260, 452295, 424220, 31577, 234416, 75559, 99232, 463245, 495378, 150394, 124300, 129868, 84308, 428523, 452648, 431068, 19344, 442134, 82812, 230999, 67191, 455280, 398395, 160440, 398101, 100892, 319795, 441547, 104836, 97110, 359379, 133252, 177239, 109910, 251051, 215337, 2210, 348511, 27517, 390698, 141182, 353949, 462068, 253707, 484753, 289118, 34915, 146001, 310711, 13073, 101821, 183775, 104436, 137549, 356717, 21056, 207603, 424614, 389287, 208356, 175023, 370770, 79322, 369185, 42769, 467000, 480662, 344051, 246032, 202402, 268213, 487023, 464292, 418388, 6083, 327430, 282208, 4907, 344008, 69900, 271939, 420650, 16967, 390577, 34724, 328248, 61553, 93964, 280130, 237676, 64304, 460737, 441918, 188654, 12482, 318449, 118289, 112075, 127529, 391693, 1996, 375951, 299147, 369042, 309564, 135075, 374127, 421921, 315608, 331284, 129197, 91186, 4192, 319663, 106389, 55933, 200686, 89611, 42111, 489222, 159402, 352699, 239004, 203861, 338679, 444023, 474721, 455244, 125872, 224726, 24979, 392398, 143606, 386714, 287342, 72245, 418812, 109512, 179902, 474865, 29357, 241102, 152966, 155003, 152293, 1222, 484223, 374445, 233246, 427156, 292541, 200264, 485289, 259895, 140691, 415856, 297051, 22956, 195430, 342455, 430501, 265268, 439009, 233528, 391986, 257714, 50778, 273412, 488337, 148468, 133730, 485, 458251, 158394, 76823, 59760, 102646, 328928, 198445, 285867, 155302, 160160, 217996, 426759, 132823, 374822, 388799, 319188, 234172, 86597, 12979, 19163, 451806, 419750, 243472, 281433, 299629, 46852, 5907, 153144, 319788, 41237, 205465, 484772, 362741, 480150, 24025, 459025, 333784, 37554, 233328, 277998, 20148, 181710, 25058, 212863, 410460, 99549, 21693, 300381, 183817, 187177, 282465, 57999, 151708, 19651, 75692, 269592, 210648, 383885, 434174, 241484, 5508, 17140, 7542, 108230, 302806, 156870, 333740, 317764, 378172, 287369, 426762, 391731, 117735, 381975, 57994, 212356, 223328, 434394, 223925, 178601, 48200, 459010, 409229, 148762, 253052, 429062, 275886, 79066, 41307, 189903, 457956, 153033, 130952, 249475, 187236, 79147, 146365, 104961, 368249, 311098, 338326, 112091, 80749, 140503, 57077, 206015, 18043, 258304, 474448, 72580, 445180, 254698, 95319, 303566, 176090, 320857, 499729, 477992, 328054, 484621, 336505, 76127, 127752, 201754, 71627, 325499, 221325, 377619, 337657, 123969, 354778, 370306, 392429, 99652, 119689, 178799, 364980, 205427, 10371, 399992, 131472, 225938, 351352, 215556, 125696, 441121, 227882, 290250, 96814, 105941, 437518, 486212, 269255, 102138, 424308, 116969, 412478, 490489, 28761, 289365, 304738, 147426, 340722, 316228, 29646, 384233, 294626, 464029, 43420, 241440, 179592, 384269, 163837, 180837, 287940, 154029, 30607, 158519, 223257, 209249, 231348, 162636, 494886, 164064, 212484, 379817, 309893, 148751, 165478, 23612, 413560, 290904, 398963, 329966, 129736, 230672, 250718, 299233, 384545, 154025, 422463, 47172, 474669, 395832, 51097, 39915, 350624, 38121, 85168, 102613, 296567, 343229, 376714, 482949, 243623, 431597, 311323, 167239, 482080, 253235, 499876, 326238, 398733, 38281, 431338, 381176, 339865, 265201, 2723, 23641, 148424, 121455, 229026, 46800, 411215, 362875, 463370, 450345, 72753, 255535, 110031, 61171, 273047, 156055, 293593, 484009, 413722, 62926, 385158, 85197, 444497, 61816, 249970, 173195, 331834, 46321, 140784, 171750, 381195, 102227, 206602, 377073, 364623, 397766, 115208, 384421, 445268, 420783, 160154, 51659, 488462, 237434, 280873, 278093, 137252, 4157, 268809, 408610, 89600, 211830, 144061, 56867, 352671, 465559, 389614, 200769, 353924, 336453, 95062, 405601, 464805, 469810, 76132, 129289, 221098, 111839, 54452, 234076, 13469, 282084, 31861, 395858, 319096, 458426, 249305, 152908, 416634, 447740, 67730, 290082, 153204, 336794, 327409, 130696, 108943, 251921, 372421, 7245, 107167, 453360, 329636, 111447, 320821, 344547, 251343, 234992, 410003, 429600, 355894, 263336, 262201, 262210, 235369, 182642, 188667, 265966, 117371, 421203, 376142, 47488, 136616, 133829, 87704, 369029, 273775, 446514, 429483, 68457, 353096, 97624, 42420, 450281, 493420, 323844, 64893, 218398, 80432, 144533, 478789, 1316, 423072, 407516, 97373, 127338, 50346, 442947, 112091, 96151, 276199, 297995, 219250, 410893, 482462, 369048, 322138, 233258, 177398, 271407, 356273, 432071, 98181, 370377, 390129, 245746, 169522, 165737, 125473, 192857, 261598, 256257, 201555, 263723, 145929, 115446, 50156, 196348, 221439, 339827, 377968, 6174, 399514, 353319, 363621, 243742, 340581, 168739, 115262, 493006, 2315, 384195, 154826, 416861, 103385, 140822, 298058, 332633, 155678, 18560, 257528, 373825, 356388, 106286, 449314, 113466, 149972, 79746, 296281, 470881, 247231, 93112, 187346, 45243, 243637, 376213, 326795, 456810, 112803, 140298, 205709, 316068, 150471, 157164, 11228, 149632, 456359, 115805, 346566, 261486, 434736, 170264, 487997, 243508, 51414, 362584, 84512, 88596, 76604, 408063, 476395, 402382, 11806, 131404, 140617, 243217, 97082, 219461, 405679, 146231, 221215, 168468, 355967, 443950, 339833, 268082, 95873, 438819, 356979, 148325, 305899, 452957, 38554, 99164, 84267, 251518, 260741, 170196, 274441, 182950, 359582, 432749, 100879, 85791, 412090, 48548, 120871, 307753, 72963, 63983, 204075, 285226, 454250, 148340, 411136, 420560, 175375, 157115, 207222, 35153, 349178, 418335, 370599, 45357, 454397, 281303, 116114, 1452, 366031, 222220, 118306, 80957, 83873, 497375, 480806, 289879, 163443, 95471, 351425, 199523, 289272, 373665, 216066, 281213, 355991, 290719, 6701, 37579, 75364, 132414, 42600, 12579, 495084, 355371, 127011, 348409, 55564, 224011, 91545, 476795, 221227, 312788, 487237, 444202, 268436, 424920, 24986, 37377, 335828, 259324, 154455, 204176, 406905, 311882, 123365, 71759, 115836, 127607, 20270, 1635, 90571, 360783, 223853, 419652, 359659, 488944, 307628, 334387, 294976, 373218, 21232, 88665, 493605, 302301, 448569, 375130, 58795, 138752, 368849, 94203, 25477, 358944, 28363, 264915, 177287, 479670, 25093, 365792, 259965, 245474, 294171, 271845, 336480, 465521, 155045, 227555, 491809, 214431, 329278, 497573, 319966, 436677, 462120, 417677, 142894, 137776, 459961, 331456, 433693, 134116, 145832, 351743, 252410, 177756, 200157, 249476, 181434, 400219, 497827, 53051, 58030, 233090, 489625, 202584, 274491, 71837, 58167, 285263, 5175, 307049, 432345, 453689, 156363, 418048, 437753, 144990, 103670, 312249, 482557, 332440, 332836, 391595, 380585, 264362, 109410, 41212, 36049, 478583, 463884, 25046, 147004, 289951, 361406, 262781, 359788, 372683, 153391, 227290, 44878, 73506, 69751, 348188, 201239, 64035, 377807, 119729, 364174, 480752, 206562, 349940, 421804, 359519, 90664, 160604, 529, 14110, 72873, 448711, 135936, 399674, 238710, 449069, 420929, 151050, 384899, 113180, 275093, 259664, 180939, 57396, 161287, 57210, 97443, 340442, 388234, 260996, 487864, 85096, 250237, 54547, 470552, 402630, 75554, 289667, 275850, 485483, 242174, 265432, 457808, 419923, 471899, 349661, 358137, 257806, 118714, 389162, 345237, 158372, 34682, 376544, 102005, 388994, 299298, 292531, 495675, 40818, 357286, 341161, 260444, 121821, 169874, 484951, 484257, 17160, 228307, 94527, 254381, 153225, 227350, 21657, 169357, 344551, 400909, 100243, 497955, 470410, 390220, 397141, 340580, 106403, 389018, 310491, 101665, 455960, 21784, 55511, 460556, 122488, 366260, 468662, 328441, 410519, 351361, 361043, 421, 274093, 160977, 339094, 453035, 191447, 306924, 124238, 46583, 72271, 294168, 154804, 338432, 434648, 418946, 368387, 236354, 4676, 14615, 277111, 468804, 488938, 121026, 14445, 14682, 369347, 429996, 389749, 299225, 434375, 340842, 156134, 304010, 10331, 50897, 103952, 443787, 457315, 101362, 235210, 440946, 382234, 340109, 164695, 170935, 318118, 382112, 116705, 364818, 480817, 244478, 73344, 217031, 179087, 424873, 291229, 119262, 10721, 67774, 309368, 177349, 411199, 344560, 36985, 485856, 43756, 163203, 369966, 452021, 252539, 143847, 425465, 435337, 391644, 285155, 430017, 343013, 25639, 156288, 152084, 12824, 90438, 419680, 476539, 374887, 414315, 492079, 384432, 453539, 463161, 273541, 60589, 234897, 66045, 421802, 334031, 40547, 288129, 174097, 381364, 224944, 285054, 59361, 235235, 409562, 106935, 205499, 243162, 364058, 144366, 115053, 378511, 44082, 351434, 145511, 351493, 403666, 215331, 359866, 23767, 359636, 372777, 96227, 146037, 488788, 288696, 301916, 408656, 212459, 95219, 68681, 103370, 279210, 18066, 218219, 35410, 76451, 316810, 461704, 102495, 470550, 467022, 410362, 399851, 496501, 110935, 375544, 428180, 389218, 428982, 474564, 480959, 418644, 25240, 496041, 15177, 274861, 131170, 96541, 146853, 89356, 117881, 20441, 474, 19145, 39994, 165147, 51438, 448040, 133517, 328842, 96034, 400578, 496537, 246788, 73367, 198725, 405882, 476275, 236178, 173939, 169440, 64458, 184893, 222659, 437858, 40062, 407378, 55126, 482679, 166713, 76393, 162012, 179562, 248476, 234663, 137374, 440942, 31605, 103649, 67527, 41263, 396335, 210838, 342060, 367303, 127656, 252218, 473584, 479770, 288912, 40497, 178732, 329422, 324530, 454896, 320422, 309514, 343293, 160439, 394898, 311582, 238075, 143088, 283985, 204913, 459997, 466635, 399065, 78806, 457802, 429294, 177460, 251184, 355152, 261271, 233626, 83807, 369786, 352502, 110633, 58918, 99955, 204712, 186066, 409334, 453937, 380705, 492804, 78031, 474738, 407770, 106314, 369587, 462416, 363768, 278954, 475096, 471437, 149711, 435824, 186263, 75551, 80392, 434948, 132640, 491348, 128993, 138607, 429834, 385649, 426313, 269349, 341860, 276976, 412509, 485363, 406038, 99882, 300064, 321281, 318140, 91171, 297688, 188037, 281969, 89729, 438815, 280071, 249914, 83950, 73805, 195307, 468210, 193615, 318467, 98372, 127046, 354070, 346578, 187303, 176753, 13116, 480418, 379053, 178338, 69072, 163170, 373640, 199285, 284540, 478587, 23235, 301881, 458306, 314426, 249963, 53267, 445922, 16132, 427501, 49683, 285272, 339057, 26152, 329491, 186157, 323178, 83034, 145139, 415606, 79096, 262973, 51202, 57385, 384624, 447056, 173356, 357768, 225050, 229036, 316321, 394442, 16263, 282893, 430556, 152984, 379732, 119681, 76314, 466234, 389743, 390949, 147493, 232595, 118264, 80126, 46384, 64247, 244938, 227463, 194101, 93476, 194874, 36964, 471720, 120362, 206104, 338107, 463488, 197614, 388671, 270282, 324372, 164157, 10947, 276058, 45548, 291550, 170755, 142746, 350348, 295171, 270880, 269465, 147580, 68972, 85393, 216217, 170798, 385809, 379971, 132654, 376320, 293699, 464263, 99752, 419883, 203648, 479420, 28673, 386346, 238749, 396276, 181692, 273394, 231328, 177553, 498923, 84814, 55908, 114326, 437574, 9183, 414682, 247365, 28171, 10201, 168791, 18652, 293212, 279227, 233430, 18005, 341399, 454937, 327460, 43328, 36408, 262422, 347061, 165848, 110365, 61747, 485309, 64694, 1462, 239253, 117593, 33237, 356774, 430308, 352531, 447747, 118722, 19617, 465536, 465823, 392614, 138668, 309233, 361681, 1343, 273309, 423651, 451487, 498056, 29420, 391497, 435297, 168475, 256556, 453821, 23373, 261756, 109875, 175976, 131373, 197600, 325874, 70586, 458477, 67314, 130513, 114629, 245588, 460539, 362956, 131524, 301767, 294107, 96548, 494325, 113642, 393957, 73229, 381601, 394685, 403779, 282781, 171713, 473289, 433981, 71438, 28928, 62613, 425930, 29007, 26275, 334057, 440893, 258127, 447736, 46647, 3984, 293958, 63048, 293083, 41080, 11772, 395736, 92312, 283877, 57941, 205531, 440671, 5347, 367830, 218944, 19679, 11832, 350133, 293383, 495836, 196570, 366025, 214597, 378436, 149015, 195477, 307352, 210689, 30976, 89632, 468397, 436986, 413993, 187803, 209489, 479367, 214929, 374796, 361996, 403729, 477304, 8313, 414115, 355331, 76577, 385615, 7163, 254163, 499426, 46547, 453356, 80569, 232125, 171458, 448066, 313613, 19449, 298513, 21653, 44947, 21941, 419777, 405405, 440289, 374470, 25394, 223745, 366043, 243694, 465655, 498102, 371522, 161252, 384352, 331532, 167196, 428856, 205124, 2625, 395697, 324905, 328486, 63365, 460583, 475645, 480747, 35058, 156522, 267773, 49923, 94393, 7556, 281639, 334738, 178620, 159420, 259124, 72463, 308215, 287929, 96738, 7769, 496609, 55071, 387891, 471038, 138408, 2630, 43199, 464787, 484671, 267869, 394619, 413450, 336694, 280315, 233997, 92905, 268051, 337432, 402573, 435879, 355371, 331274, 165805, 404821, 477289, 443226, 387965, 76661, 47071, 269107, 24, 110282, 463672, 340826, 14440, 176319, 107779, 95711, 252181, 384294, 93771, 138631, 349190, 459321, 320522, 192911, 397066, 383569, 408520, 264216, 103133, 328324, 75071, 174221, 405260, 54215, 60773, 90662, 478482, 319330, 157258, 377573, 63229, 499, 274438, 43277, 281075, 193941, 14994, 306720, 66369, 388882, 148979, 17558, 474688, 121125, 91140, 476068, 105814, 278127, 52318, 468215, 313710, 18674, 394006, 426378, 188391, 419400, 199126, 379588, 55229, 458499, 304687, 431425, 252339, 308045, 6365, 423498, 401563, 433534, 178136, 14292, 94681, 443666, 160264, 292867, 30417, 12897, 220271, 392370, 191071, 383006, 88786, 136295, 36037, 212009, 176650, 133412, 469854, 247784, 86771, 390180, 114076, 256474, 31363, 335531, 386494, 300179, 302321, 171829, 117928, 11239, 145418, 12677, 128163, 465599, 329417, 141421, 355962, 167439, 148493, 258876, 47186, 201463, 287010, 332794, 97927, 240057, 269518, 89520, 488682, 415743, 195634, 229727, 328406, 213138, 452668, 4234, 69860, 368707, 453934, 178197, 379458, 127748, 1648, 444240, 152047, 408025, 144019, 159425, 260815, 144366, 242030, 75968, 266916, 200977, 376937, 217800, 97225, 226457, 254395, 1298, 337225, 140106, 58358, 291532, 282327, 456810, 404700, 30324, 265586, 408636, 22214, 1030, 166266, 201750, 266893, 129580, 213810, 429512, 384520, 379528, 192161, 288950, 330753, 253961, 130941, 335281, 353173, 172673, 488654, 236494, 214451, 371583, 398961, 215860, 233203, 160146, 104480, 85379, 471304, 158767, 220000, 224626, 28595, 173149, 321059, 347535, 182112, 43031, 181874, 361186, 119340, 224546, 294207, 171295, 43325, 32393, 62963, 184080, 206970, 112758, 357798, 494258, 77233, 181419, 102690, 472167, 138433, 111013, 312472, 81313, 113616, 117023, 49109, 419800, 62360, 176753, 48451, 416317, 49963, 381510, 172055, 185375, 456759, 301320, 11881, 28612, 355066, 420184, 282287, 385950, 471952, 391061, 349760, 170780, 94920, 407409, 482077, 446008, 272702, 224575, 480861, 315998, 156909, 141333, 120375, 312491, 149662, 282596, 460452, 20181, 76863, 229893, 123053, 162309, 1383, 168867, 104359, 78185, 223602, 216660, 224221, 179240, 378751, 495068, 496580, 11348, 230446, 74528, 462012, 196034, 394596, 167686, 323862, 180382, 343607, 378491, 142008, 349405, 200464, 322999, 347191, 493747, 433737, 47253, 367065, 437865, 495075, 459402, 129277, 116163, 486272, 449026, 228823, 83770, 494555, 444963, 470228, 240929, 212610, 130416, 330297, 311928, 488589, 69988, 36815, 260491, 34518, 142424, 230572, 338203, 410518, 377438, 21709, 18152, 77937, 468160, 167016, 397855, 309182, 451815, 344167, 215504, 112728, 268602, 356742, 134336, 499165, 129555, 27844, 442389, 439473, 424154, 388801, 297189, 445755, 34229, 482138, 203884, 265265, 63307, 324778, 308497, 288915, 69864, 308714, 398014, 287536, 90308, 110716, 489366, 434079, 20794, 170817, 484375, 277823, 165231, 432327, 258809, 66597, 414098, 6410, 477943, 301022, 44036, 174037, 411780, 109678, 88543, 150454, 431269, 305061, 178715, 77642, 431981, 108633, 271139, 221200, 204769, 393036, 83905, 203179, 337853, 206084, 334873, 318222, 320372, 357072, 321459, 195666, 42586, 50414, 257641, 319377, 374020, 105590, 5367, 470307, 414761, 163019, 261754, 200799, 401112, 314097, 355099, 378259, 228799, 202842, 181870, 103090, 388393, 211281, 85603, 189878, 46293, 224948, 111790, 166046, 75017, 246319, 284001, 123828, 168481, 75673, 73347, 493525, 81960, 293941, 130168, 88896, 63984, 26428, 67053, 286672, 470452, 117305, 271984, 60720, 281785, 360385, 83335, 495923, 34223, 416334, 41257, 20135, 28928, 326363, 445635, 196695, 458654, 339925, 280094, 192486, 495104, 5210, 475423, 230476, 460220, 132903, 328097, 176812, 452679, 437505, 324274, 198943, 12661, 177282, 496411, 319210, 391249, 424979, 461377, 77021, 306704, 45381, 9535, 420438, 222319, 283757, 146268, 305719, 312596, 194331, 484456, 374658, 179130, 439016, 243058, 373931, 467546, 206143, 124304, 138880, 105262, 244135, 32375, 365675, 431186, 418733, 451540, 396564, 43855, 179591, 436879, 418567, 492706, 460352, 361041, 422619, 9792, 454832, 293679, 358028, 265971, 182332, 423915, 471187, 291446, 156798, 232635, 450527, 393264, 199762, 15728, 361102, 252859, 77098, 289181, 331366, 120349, 149519, 87653, 177134, 428331, 302491, 183068, 179073, 418195, 387551, 277324, 251410, 92480, 177813, 379461, 492970, 431762, 147022, 429747, 401948, 301439, 216315, 429298, 52141, 68901, 386179, 143834, 6881, 113148, 426336, 415077, 233602, 123685, 420341, 475081, 360189, 408989, 127365, 405135, 336667, 125234, 240465, 107209, 191844, 211807, 496182, 418801, 29394, 181712, 216484, 241260, 97542, 365110, 183724, 239378, 72706, 127938, 49742, 419843, 349382, 92109, 387802, 176406, 308235, 103563, 468357, 163861, 467334, 91327, 297361, 311161, 231152, 346793, 71817, 327441, 123974, 210018, 92771, 243968, 35299, 406628, 192103, 409886, 356573, 80260, 57050, 62524, 196384, 375282, 464847, 443121, 465824, 350525, 143291, 434724, 484925, 46459, 70307, 461428, 239630, 187961, 231126, 376150, 129377, 387098, 229279, 448031, 472289, 486785, 275856, 245850, 110557, 459653, 367655, 303635, 69239, 152968, 162302, 161567, 43463, 410707, 53198, 413662, 299108, 434227, 342379, 349577, 392959, 430969, 474013, 6492, 429762, 481262, 121479, 332273, 448851, 325737, 183321, 317526, 288413, 291132, 175507, 369900, 354460, 4374, 353668, 414594, 555, 176276, 97736, 270802, 8790, 288125, 57946, 8217, 186047, 464725, 4314, 383704, 419191, 246059, 238279, 152523, 343463, 112316, 68294, 40293, 377750, 482529, 178315, 67298, 62585, 306930, 154598, 294184, 168480, 42467, 420664, 16891, 330661, 67564, 494507, 117972, 264120, 141168, 322282, 25031, 94894, 434761, 484566, 457616, 51859, 470830, 351553, 355640, 115754, 224671, 471759, 32117, 332661, 471614, 442621, 126487, 460849, 106568, 127605, 265796, 199376, 107320, 12328, 262866, 245749, 251781, 295319, 271461, 455743, 46996, 456484, 346610, 386601, 354303, 79269, 234259, 294902, 326157, 277871, 198677, 231128, 96247, 194749, 139418, 114622, 301529, 97334, 71074, 280875, 437240, 340930, 173430, 367655, 101835, 122074, 374377, 398646, 75954, 432018, 468635, 321314, 454375, 332917, 33885, 171328, 200070, 177225, 258821, 44070, 39932, 483531, 71130, 151484, 135810, 357857, 238085, 400080, 451962, 108252, 8666, 158815, 401025, 162507, 219246, 304384, 383478, 97241, 138795, 180724, 485023, 470351, 162881, 310726, 233085, 261900, 82843, 467898, 444157, 367651, 51472, 1907, 400341, 132754, 142911, 315836, 101034, 117516, 177675, 105400, 121899, 462458, 427548, 59146, 177138, 364650, 328025, 352859, 328960, 457136, 135521, 359612, 91946, 357740, 430313, 119103, 388027, 62007, 236966, 211002, 226435, 151359, 238479, 296131, 417393, 231698, 42238, 281467, 4934, 103786, 333056, 60485, 265780, 243247, 469471, 15808, 92977, 168915, 333479, 294395, 294355, 373690, 386096, 213004, 393083, 388626, 488798, 448021, 118481, 61016, 317595, 421391, 318792, 417192, 311994, 30610, 423347, 478281, 20737, 110097, 306806, 324168, 196356, 13120, 291115, 376917, 130746, 8336, 451777, 467857, 345658, 207126, 421353, 270842, 449758, 45842, 447510, 429668, 218821, 401121, 332535, 400794, 363261, 38991, 22610, 144035, 249609, 214915, 464491, 307760, 246777, 464791, 124019, 404156, 402097, 121879, 282968, 86471, 290684, 268489, 304920, 472598, 477358, 304486, 415807, 420012, 165886, 316985, 128305, 40505, 6363, 462394, 265359, 57007, 353895, 176460, 254631, 87840, 407188, 305722, 411685, 326374, 481423, 51968, 162400, 350151, 496554, 18709, 397123, 369832, 207036, 370727, 375536, 458416, 312455, 363943, 325537, 230728, 353644, 338689, 57248, 5269, 265605, 187406, 391371, 388366, 80969, 324188, 412035, 15012, 396928, 121469, 263791, 83424, 337373, 317105, 226057, 374752, 418304, 391844, 341685, 353510, 410848, 311015, 274057, 362009, 487806, 233678, 34855, 97091, 491216, 111991, 94753, 472131, 479779, 258122, 361883, 206023, 139496, 161594, 349790, 364906, 162141, 12969, 62489, 259673, 255655, 186748, 457490, 280847, 437703, 323152, 140183, 9567, 119393, 48805, 318112, 429642, 211526, 340826, 382891, 210326, 153123, 325577, 47068, 234170, 44256, 27100, 491942, 168917, 336608, 336604, 311673, 378770, 72845, 99323, 17790, 322917, 138217, 207996, 347618, 348993, 451700, 138535, 304867, 247426, 203402, 417896, 178101, 293287, 170533, 30502, 28092, 280165, 418196, 170873, 495042, 103142, 355508, 357902, 451199, 47911, 105231, 18867, 335107, 251934, 318899, 478544, 376106, 159525, 327393, 443674, 493931, 80613, 90566, 429180, 8830, 135382, 177932, 447446, 408674, 222743, 330530, 49083, 242442, 457329, 19786, 370056, 439677, 342331, 257574, 35041, 262943, 352516, 206339, 2059, 125234, 21087, 290132, 140735, 38729, 318796, 343295, 431250, 296013, 292011, 89448, 44297, 5531, 219233, 26382, 16383, 78423, 219803, 188870, 428598, 230726, 47141, 169863, 178968, 272390, 290873, 324468, 42852, 25262, 432430, 83055, 216032, 73914, 401734, 144522, 223945, 188190, 80000, 493456, 392634, 70050, 238824, 99837, 287280, 292442, 364476, 280722, 30607, 297045, 86821, 113351, 25573, 142096, 384832, 220777, 337222, 140567, 351611, 319666, 113705, 439765, 226871, 477240, 72106, 204462, 215147, 337192, 386421, 262379, 469881, 431965, 466307, 294754, 407331, 395295, 266088, 366478, 286529, 92553, 94116, 36353, 404837, 443489, 288443, 460636, 23008, 480058, 183223, 144843, 230486, 218211, 422147, 482024, 283937, 411110, 196229, 220203, 264424, 175515, 331175, 192666, 238734, 432389, 484478, 433562, 62409, 411552, 130563, 83760, 318535, 305915, 433945, 292001, 21301, 286019, 175614, 194026, 252045, 212169, 393296, 169165, 292538, 392602, 365451, 175223, 63199, 13943, 46252, 188775, 94321, 116664, 293336, 183714, 227914, 166694, 292461, 152997, 323888, 63207, 39475, 257097, 470485, 121847, 357636, 330158, 233613, 428563, 217348, 139623, 125643, 367185, 189308, 112160, 230141, 176230, 32138, 201203, 166184, 482159, 178756, 323287, 163180, 19753, 173394, 284034, 298722, 431980, 132826, 81948, 162770, 426933, 46444, 417029, 138252, 260904, 476247, 471394, 185434, 41510, 153977, 166443, 413380, 225810, 221539, 93352, 234693, 354886, 322029, 396643, 268385, 111518, 395958, 79891, 271028, 265169, 137662, 448932, 424609, 147444, 339333, 92390, 137936, 90690, 235312, 399234, 176099, 83548, 245897, 376473, 305984, 92503, 137824, 186414, 129387, 69515, 462702, 309533, 405976, 182812, 256568, 250768, 267454, 307574, 482098, 156959, 140559, 438600, 293152, 442416, 355984, 143284, 46672, 476862, 362522, 110821, 217274, 415115, 479732, 241432, 240759, 141253, 486545, 459739, 169179, 225036, 208522, 186873, 186752, 190649, 284380, 82229, 157338, 95864, 113497, 319989, 16344, 115731, 385534, 241124, 87500, 311724, 293813, 127448, 309335, 358834, 66211, 470515, 20218, 126994, 224097, 495833, 445056, 70073, 418128, 97827, 252921, 187659, 120239, 255259, 465173, 51217, 1223, 355601, 314017, 90013, 74730, 194983, 356494, 34736, 90843, 411319, 363200, 242583, 294431, 393609, 257975, 323970, 333230, 252596, 197313, 175675, 345984, 463544, 305694, 388959, 407655, 276875, 258017, 388218, 346821, 283576, 88329, 241841, 105676, 63051, 202396, 194996, 469967, 219622, 13419, 361881, 56632, 121824, 225483, 117716, 269438, 110960, 473445, 330920, 90985, 66185, 408784, 499731, 438333, 114760, 353117, 208242, 189700, 28242, 488915, 203880, 405015, 303113, 302318, 5061, 34083, 122606, 319430, 408845, 406409, 253932, 195919, 177336, 231638, 367290, 343419, 335342, 2384, 148462, 482981, 255017, 410488, 266662, 141819, 354006, 179175, 290046, 415689, 147222, 97718, 368209, 301580, 450395, 30335, 228750, 490716, 134988, 453736, 318939, 26082, 483942, 374299, 270639, 424394, 398924, 348084, 261722, 379118, 388058, 74598, 298150, 132533, 67203, 470864, 175816, 119390, 475299, 263242, 354383, 101052, 428030, 391994, 227350, 339994, 41805, 135330, 341316, 377185, 176457, 491077, 485694, 487881, 252940, 380040, 395765, 249830, 209124, 98117, 464299, 54626, 362016, 330669, 324191, 234916, 331081, 68937, 292486, 377719, 388930, 232341, 156145, 347810, 280113, 139236, 349069, 33451, 73089, 134237, 4851, 492635, 307296, 210200, 262309, 483743, 113363, 399744, 66093, 245012, 280631, 62072, 184745, 318121, 182337, 269423, 375454, 385484, 189884, 160288, 399639, 310837, 140864, 308255, 143139, 484593, 368653, 386295, 366826, 53387, 334124, 480422, 45306, 411241, 62153, 107073, 213140, 294661, 419427, 60279, 213914, 489595, 441692, 189605, 126467, 185525, 165825, 94746, 322129, 247181, 181527, 65295, 146811, 459540, 427963, 107530, 55546, 1907, 205477, 421922, 96023, 28525, 206799, 356696, 137511, 471772, 209680, 1492, 5387, 392122, 91266, 312848, 441082, 370988, 354707, 127048, 460632, 227759, 309515, 23745, 166509, 456214, 345284, 149604, 206121, 258938, 213789, 6362, 230233, 92885, 445852, 475981, 470455, 362864, 496313, 3850, 28215, 483293, 39788, 213012, 171504, 270074, 455352, 56056, 467227, 245793, 146712, 491456, 244389, 299431, 308087, 5282, 216263, 442418, 325175, 418285, 341749, 29995, 320688, 393052, 231380, 385522, 89996, 338403, 171820, 87795, 310102, 204351, 216105, 259740, 133266, 224317, 166284, 262338, 374505, 468369, 214917, 423816, 94205, 160541, 276415, 354911, 45722, 430313, 106833, 200894, 180514, 485554, 417625, 63485, 337724, 138966, 298548, 456249, 379469, 242474, 27207, 151460, 449865, 390240, 49271, 185344, 242083, 219390, 227776, 231011, 460972, 474293, 329739, 314180, 180413, 371317, 369013, 42258, 26635, 175065, 299434, 165442, 387148, 286547, 313452, 441069, 163458, 433495, 419238, 192330, 207275, 174052, 7298, 322485, 201240, 49756, 344671, 362161, 100020, 78833, 206698, 184613, 312012, 484534, 124667, 479758, 387737, 498294, 336278, 191349, 27590, 478632, 154318, 57095, 278349, 182840, 205106, 334500, 309879, 60771, 205357, 29568, 436553, 457862, 167691, 93563, 280880, 228942, 120564, 53304, 156230, 489221, 495166, 222710, 333504, 203445, 196104, 487092, 288126, 83133, 74922, 324710, 198385, 307760, 438600, 493462, 425426, 452340, 241541, 455839, 388284, 191195, 280111, 294131, 103850, 427044, 53359, 487595, 488949, 91226, 16428, 220218, 378936, 483209, 264303, 436645, 49755, 439020, 235119, 410698, 274428, 113493, 409180, 179512, 430222, 348428, 283017, 464760, 332191, 182254, 42066, 166183, 110156, 175691, 492363, 353813, 356860, 8169, 271238, 37707, 367585, 285964, 264915, 301534, 419314, 429076, 311954, 120436, 241777, 283107, 407579, 479343, 121076, 308775, 316498, 386993, 69851, 133991, 394987, 297192, 423844, 224076, 492949, 313930, 62594, 7829, 330428, 100963, 191355, 61578, 55353, 420552, 155722, 363411, 68963, 413417, 382152, 222157, 70395, 144529, 87342, 424840, 284145, 482047, 207622, 292343, 6053, 89022, 341998, 234211, 55960, 212330, 492970, 497558, 85379, 108394, 285507, 447501, 351179, 157131, 89951, 388509, 219555, 42100, 84771, 11375, 85932, 117796, 365669, 211074, 4838, 281606, 53459, 350776, 461495, 262870, 397610, 271435, 394168, 439958, 345719, 7874, 174752, 324364, 7796, 38456, 439772, 61807, 446451, 70905, 179585, 357239, 227377, 167315, 196404, 490388, 312767, 407779, 142109, 19407, 358649, 49307, 80479, 376319, 183649, 455121, 305295, 255692, 131413, 410496, 478400, 122988, 103902, 90189, 271143, 82100, 103976, 371238, 371169, 347042, 104651, 384520, 252468, 476290, 66361, 44261, 413416, 355407, 306917, 101529, 63034, 150882, 163061, 312663, 100781, 183754, 485631, 243301, 486307, 70510, 77042, 386209, 109996, 277112, 168470, 418657, 144007, 120172, 1485, 131517, 247710, 277179, 197950, 433230, 422751, 257272, 283964, 399233, 384099, 125574, 458622, 428044, 461246, 80520, 256043, 25307, 223984, 447425, 315557, 39915, 48688, 142561, 457570, 119532, 335214, 399265, 466832, 389975, 52594, 361457, 296393, 467284, 166265, 83402, 411673, 126839, 356045, 397774, 462827, 87006, 474227, 105728, 348600, 390068, 498935, 76157, 450326, 98229, 265128, 357826, 295635, 430329, 433341, 350928, 217534, 84717, 113564, 18616, 453600, 33221, 251649, 296429, 84144, 9455, 78809, 377548, 188812, 347236, 141093, 37438, 94281, 362071, 408342, 62932, 33820, 122989, 116672, 296460, 320728, 104245, 199816, 267654, 356824, 303340, 308016, 376153, 221582, 182069, 417281, 423608, 272356, 170932, 5554, 460334, 126836, 309957, 54869, 62772, 278032, 183672, 185385, 140062, 359630, 233848, 473038, 279258, 104468, 131599, 193449, 358619, 411960, 370137, 401752, 470213, 74948, 444126, 222757, 313565, 306028, 134956, 245180, 415103, 494446, 143830, 93831, 40628, 409, 76697, 356248, 7710, 470961, 35261, 318523, 57088, 491529, 366285, 13381, 318613, 155523, 464424, 14206, 306988, 216679, 35565, 249863, 99430, 209384, 356529, 39701, 12028, 123759, 21496, 369896, 154650, 146322, 378787, 90299, 462237, 167060, 425621, 463494, 237976, 250046, 372165, 427763, 100700, 248084, 82365, 43361, 168965, 290208, 303752, 333124, 102757, 414134, 267725, 111007, 402578, 96901, 411809, 30006, 234991, 241119, 435864, 102378, 116795, 237817, 21051, 34357, 271273, 82697, 191912, 491650, 140983, 486135, 25067, 178374, 169035, 485191, 427968, 120888, 79488, 122380, 134583, 438849, 309267, 270494, 340761, 260232, 57311, 453398, 69082, 276779, 274647, 312733, 358165, 492388, 313143, 140654, 215199, 14092, 331698, 360040, 426706, 16982, 399834, 331693, 261704, 361566, 313182, 107506, 221910, 197978, 24982, 352293, 344827, 483531, 382318, 325812, 89273, 150493, 322710, 453709, 476408, 458906, 462582, 342597, 347366, 60116, 299367, 32022, 143297, 113362, 203815, 73013, 18883, 75737, 52550, 67219, 58937, 209212, 437658, 24069, 354109, 499993, 364165, 380759, 93409, 11, 257711, 41241, 90248, 330308, 333211, 263645, 194784, 100295, 331523, 236536, 297377, 375780, 461485, 377540, 62515, 124786, 456214, 323028, 489987, 260662, 495142, 302175, 68842, 441712, 413916, 359740, 177711, 216842, 267850, 408848, 383766, 121833, 265590, 354862, 79343, 220875, 365096, 177748, 55033, 24567, 264585, 352721, 326263, 36320, 445951, 139171, 256970, 451613, 194581, 228989, 185443, 352276, 85920, 487593, 199966, 128882, 22061, 402313, 224298, 164517, 183778, 308351, 361175, 8479, 20925, 346754, 369352, 307978, 430589, 17623, 348545, 83770, 378992, 137732, 356031, 147493, 373704, 8545, 442207, 177422, 450881, 336336, 497983, 178043, 43038, 62072, 10092, 469651, 132646, 266030, 2224, 427714, 103108, 285426, 185033, 449073, 363617, 477077, 403784, 161969, 25926, 384279, 85211, 354237, 341957, 211593, 466242, 237805, 199984, 199985, 94008, 63531, 193076, 317406, 320512, 472308, 124535, 419438, 326512, 200549, 318659, 40670, 204621, 171037, 179331, 208816, 424243, 260528, 357113, 137242, 177011, 233056, 15187, 225463, 459646, 437022, 405947, 256622, 273039, 487462, 247097, 329138, 106976, 41419, 271567, 74564, 47715, 213060, 477365, 322301, 84503, 205374, 401848, 84398, 335521, 488685, 126673, 258776, 126892, 244923, 492399, 26692, 466851, 449647, 357183, 39903, 344241, 222614, 368429, 391981, 370855, 163485, 67539, 394112, 239469, 233156, 426267, 474158, 436576, 351906, 219113, 57848, 322579, 418996, 380834, 318535, 279709, 377891, 49253, 10621, 59184, 123256, 48385, 26062, 58353, 266328, 1684, 428139, 309137, 18656, 13784, 5926, 176906, 154753, 102431, 250827, 471392, 244512, 166042, 228861, 370919, 427246, 172558, 223760, 266282, 78525, 99679, 186950, 416969, 291132, 484946, 451788, 281214, 288994, 391069, 145392, 15915, 493259, 117712, 42906, 467432, 278742, 107335, 366926, 130823, 90910, 234836, 101304, 68256, 122525, 289929, 122917, 284095, 412022, 300363, 295028, 195589, 160179, 437918, 441430, 368065, 12732, 142473, 327049, 77593, 17094, 390875, 433008, 326341, 8754, 456171, 75807, 28327, 147432, 313899, 397117, 113633, 449952, 195450, 357269, 490433, 427143, 30718, 430996, 76087, 345547, 476522, 280720, 292609, 206774, 444124, 58172, 194512, 341061, 317788, 116243, 263842, 183105, 465779, 83780, 243680, 379373, 288829, 353908, 433272, 128721, 294786, 162915, 225704, 492126, 442886, 366489, 168667, 58161, 308387, 126071, 335855, 40464, 89763, 315719, 384359, 7292, 45108, 455459, 186530, 5566, 210696, 324279, 240497, 254058, 492448, 20630, 462901, 288359, 376401, 118844, 254786, 103035, 123904, 321632, 420559, 15457, 187471, 44984, 481535, 259109, 337276, 367549, 35963, 431139, 425803, 488616, 116373, 26271, 399259, 480290, 440212, 77471, 306414, 471649, 425743, 26356, 421588, 197901, 333524, 347642, 166529, 198113, 127434, 245991, 282832, 325483, 425249, 201108, 342514, 461151, 280013, 373649, 277332, 269643, 107491, 156852, 477076, 451755, 134076, 172447, 140088, 306130, 427705, 186077, 138230, 242266, 291178, 167312, 459215, 489683, 489225, 27858, 96435, 55120, 114610, 464128, 187132, 323362, 479728, 238834, 306562, 44034, 297640, 287478, 149795, 453399, 410986, 66365, 178863, 182536, 29697, 456231, 73642, 92376, 383483, 318119, 29482, 213139, 165967, 37140, 176471, 358159, 10201, 357556, 126204, 432353, 99433, 216403, 489289, 323960, 294917, 202746, 244408, 215752, 43152, 293596, 278858, 195028, 448642, 187338, 69331, 73369, 336914, 34566, 330415, 253543, 64282, 42541, 311953, 29565, 248965, 306623, 444556, 117336, 466717, 459159, 316244, 237894, 419359, 380511, 441774, 3075, 27486, 463721, 338574, 317451, 9116, 415503, 58599, 452175, 148859, 169132, 45585, 206762, 407533, 366288, 340949, 78298, 157892, 471989, 459953, 186258, 294508, 24100, 174513, 420019, 398493, 393757, 350696, 399111, 362815, 417595, 167002, 111853, 57294, 246066, 202879, 284094, 320710, 14166, 441381, 231533, 444641, 116174, 154653, 298949, 477205, 118726, 243247, 295331, 208081, 268669, 422585, 205282, 341047, 35830, 328804, 120250, 464056, 448531, 456836, 115395, 330713, 112901, 283434, 195760, 355347, 93334, 409269, 383930, 454412, 173708, 499753, 123234, 89197, 80459, 13439, 188044, 451319, 33237, 470325, 205657, 477774, 80013, 203289, 351245, 377850, 292224, 378087, 35609, 208248, 223240, 2700, 65987, 269353, 164171, 359232, 284319, 362418, 346703, 433241, 206547, 87277, 114817, 79599, 36440, 297896, 83072, 98230, 401066, 400253, 184114, 319041, 151819, 316226, 437653, 277602, 187168, 241811, 445970, 430351, 15328, 145923, 282769, 372267, 20794, 499889, 199571, 290293, 286352, 117815, 138682, 174159, 42850, 471501, 385050, 367510, 155479, 401684, 461891, 76596, 265680, 261390, 169014, 302023, 306279, 169227, 97372, 333033, 413377, 398058, 356773, 318320, 465120, 491089, 148287, 68749, 322423, 124399, 145368, 377451, 314932, 289386, 177416, 230132, 291388, 20846, 479602, 415884, 225154, 108071, 104714, 203808, 417047, 199224, 395192, 163511, 234456, 410224, 498960, 85088, 243366, 136585, 413582, 32519, 300874, 237428, 325232, 373107, 343319, 85107, 73347, 448447, 111468, 282213, 77643, 327385, 448926, 368621, 470878, 310407, 225689, 428440, 98195, 158273, 385062, 329338, 465318, 187553, 305626, 71985, 162737, 224461, 380746, 226369, 495036, 448392, 410070, 71856, 431691, 123005, 170034, 336687, 171633, 128182, 468601, 116553, 195457, 293829, 30385, 315022, 210002, 485722, 235442, 60782, 397468, 310187, 133315, 342923, 1662, 58195, 64652, 158441, 286769, 276235, 491730, 102127, 343131, 391571, 346768, 111444, 294517, 264792, 149454, 357397, 264885, 448748, 142348, 15633, 101380, 253928, 420792, 252612, 333535, 183499, 203964, 78465, 228367, 362343, 259963, 198837, 127565, 451981, 305841, 230049, 345716, 137588, 355701, 225469, 462758, 5384, 384064, 324154, 355880, 301303, 268952, 68456, 102224, 287329, 400725, 151799, 380625, 66012, 299149, 92703, 348587, 86303, 355451, 401262, 42930, 291964, 65774, 129070, 278706, 464082, 437557, 84331, 329614, 348974, 254795, 476978, 110861, 202166, 309553, 142589, 131915, 6035, 384495, 926, 441555, 158837, 366509, 330426, 447254, 116666, 455141, 210995, 291149, 90042, 93376, 417296, 396142, 18794, 416175, 35023, 75047, 486198, 48655, 131985, 291463, 327, 476068, 189215, 162133, 71198, 28769, 56822, 344572, 391939, 111372, 368256, 60420, 435793, 407347, 166929, 77391, 455669, 156257, 208899, 492324, 355306, 171965, 145881, 286768, 315816, 457937, 306290, 451341, 23506, 403164, 483572, 380904, 200436, 207101, 37169, 154162, 257734, 129074, 373822, 261085, 82244, 250299, 149593, 433766, 388210, 498816, 79508, 410200, 275487, 192171, 469169, 330383, 131459, 120391, 124411, 42764, 181355, 10176, 25215, 485922, 288788, 299199, 421515, 181009, 449856, 58717, 435075, 50037, 130415, 155943, 154929, 12558, 73724, 414857, 150518, 214293, 275347, 178972, 219157, 243153, 483324, 106127, 98534, 490570, 363091, 383633, 204922, 207541, 243609, 316901, 330700, 201035, 436353, 64213, 40802, 434484, 470182, 360747, 289613, 313907, 163424, 224793, 209962, 375428, 201088, 268024, 410074, 48647, 279049, 480314, 120192, 222418, 381135, 133698, 122714, 463107, 289550, 19697, 137915, 339006, 327253, 34125, 1030, 344570, 339882, 470243, 345748, 58638, 113759, 165433, 445754, 330729, 444615, 65374, 213126, 453946, 280632, 250991, 12195, 163808, 454438, 211606, 74604, 319272, 379648, 356101, 1305, 373335, 151951, 361981, 41735, 233394, 202775, 409365, 158732, 277638, 330437, 346423, 498318, 478813, 95269, 382324, 425438, 445508, 436644, 408104, 302303, 222503, 187176, 450905, 128924, 102563, 101342, 195238, 304732, 276559, 246519, 360752, 23945, 460274, 63091, 30637, 34413, 342240, 298501, 347131, 161009, 335037, 211210, 497308, 16330, 173914, 147000, 468161, 182342, 323306, 458116, 312166, 461340, 215146, 112715, 415265, 356228, 412301, 496051, 259587, 169805, 289618, 82465, 116387, 90309, 165812, 419416, 306170, 16633, 293889, 418190, 27693, 45947, 420813, 118059, 475784, 314445, 271170, 407736, 183072, 204237, 181883, 461866, 26217, 226043, 36435, 216726, 368690, 5145, 166959, 12868, 456041, 413773, 175071, 199655, 458743, 498929, 30423, 347461, 36822, 169097, 413023, 117369, 237395, 474005, 360539, 98365, 377401, 69, 77432, 294443, 175281, 239081, 406099, 423401, 411029, 26596, 153709, 341755, 82839, 253340, 313615, 332925, 409667, 111407, 69723, 483756, 81263, 208337, 444737, 26510, 207065, 1473, 498292, 338515, 448489, 426096, 205915, 45291, 108057, 59929, 134306, 323873, 341681, 384129, 418881, 469995, 489408, 212868, 454978, 117780, 424320, 275966, 194760, 478469, 117840, 403261, 477343, 277870, 175784, 108617, 386059, 293907, 150529, 119433, 56867, 373392, 477728, 481985, 290987, 95240, 3228, 133790, 326365, 400262, 454834, 343968, 388632, 282301, 98372, 35262, 238433, 41642, 131929, 340858, 59671, 88397, 450061, 72072, 152210, 303311, 406473, 348366, 376452, 299201, 248771, 167495, 297503, 375733, 261037, 493032, 12634, 475697, 116980, 498766, 124635, 261712, 369230, 190317, 363732, 149640, 233908, 488462, 251995, 213739, 43220, 153756, 273246, 499805, 430892, 334692, 323324, 161068, 477501, 215506, 468045, 490721, 132567, 214129, 25058, 29750, 67471, 262523, 82358, 275160, 377569, 28716, 78808, 11384, 417460, 29584, 108203, 264867, 486717, 211049, 239979, 475778, 129416, 496649, 127094, 45727, 170603, 407158, 339590, 75128, 245115, 51884, 233716, 231221, 296279, 417781, 484250, 49556, 329542, 375277, 140259, 403973, 493972, 378688, 330545, 330454, 416382, 206640, 274049, 288377, 323743, 141681, 488956, 251750, 280496, 61086, 40940, 64388, 339363, 326874, 427261, 121033, 155149, 337865, 29654, 108300, 124079, 261072, 228575, 178333, 247717, 235881, 131522, 257703, 373256, 465817, 290986, 451092, 253165, 66229, 422879, 168178, 343049, 425996, 411544, 156613, 290743, 171562, 430501, 104311, 233625, 120206, 223155, 163642, 384873, 48451, 63077, 346266, 441837, 139183, 22789, 477166, 225854, 298790, 463285, 258355, 218273, 207435, 108115, 53616, 252877, 491158, 64863, 312206, 139272, 414146, 130005, 459434, 129287, 228168, 474168, 442302, 35171, 373833, 399485, 94434, 336900, 323729, 391556, 349826, 315733, 63443, 349425, 295778, 33043, 422490, 334460, 355338, 120086, 37000, 361464, 108578, 53429, 192048, 171563, 1732, 169564, 453659, 269891, 449920, 262614, 365808, 12864, 429348, 46343, 402044, 412015, 297298, 261006, 35318, 3746, 269635, 63482, 189676, 319770, 220811, 271899, 284123, 58217, 313147, 461187, 280388, 409799, 413506, 260076, 105397, 274851, 2589, 153386, 298798, 359037, 8515, 155708, 488990, 116305, 201559, 158740, 130211, 130341, 385020, 242676, 203708, 282295, 334562, 89412, 491033, 102137, 61116, 499156, 236600, 17181, 323891, 273924, 126568, 489871, 198278, 420250, 95083, 169538, 176052, 484065, 418856, 58839, 55224, 393134, 475332, 159027, 148741, 293457, 105179, 236714, 153673, 436643, 431166, 484934, 333099, 277958, 172884, 154555, 56588, 453094, 72188, 253459, 17792, 429651, 206578, 149505, 371261, 185809, 461841, 204319, 135483, 67636, 170300, 458898, 47777, 245368, 228527, 432200, 188332, 416777, 444728, 292225, 141629, 473072, 306470, 173061, 446013, 13597, 468894, 228817, 296000, 130991, 450523, 298664, 228125, 253769, 385739, 256800, 40441, 310114, 109140, 435882, 45041, 132791, 209099, 259631, 379434, 64297, 74584, 392639, 382808, 160860, 327824, 211471, 74433, 11649, 259247, 480598, 230221, 303289, 234789, 227792, 364035, 136799, 95570, 449382, 188187, 400299, 444582, 148530, 299765, 354953, 289220, 466233, 251586, 277479, 237221, 151174, 72250, 332724, 2575, 271680, 372163, 21582, 473536, 258236, 68786, 244021, 256226, 41029, 285249, 134226, 327615, 129847, 315268, 266084, 426102, 460165, 197849, 398984, 197331, 93374, 301600, 96822, 240459, 28226, 84908, 416990, 493662, 216277, 216583, 371274, 20551, 140098, 142523, 352474, 485949, 420604, 250366, 83074, 433293, 268824, 82030, 97103, 90579, 485882, 251890, 308272, 272035, 420902, 296491, 348539, 234846, 73881, 335152, 190353, 227836, 168040, 26017, 128399, 295017, 342485, 173914, 46513, 143356, 184184, 465189, 217572, 237231, 458717, 337958, 115579, 226069, 157036, 334352, 223130, 78860, 193774, 451407, 230045, 357262, 30581, 455372, 34574, 416366, 351766, 230237, 13745, 147488, 435205, 333491, 307382, 240652, 397001, 455187, 365602, 308445, 481663, 370381, 92859, 98805, 448171, 58000, 71901, 454330, 25178, 97890, 116807, 166849, 11132, 421640, 257636, 262754, 380300, 248323, 399704, 477502, 313339, 30618, 223026, 236323, 75300, 96133, 49476, 60389, 265950, 375859, 137724, 297644, 279874, 460782, 389195, 127486, 27130, 117248, 413404, 266108, 117211, 455575, 9498, 479168, 389350, 385258, 21670, 23062, 94203, 286030, 53617, 308463, 11197, 328361, 445897, 461994, 255669, 62161, 231737, 8123, 63231, 98664, 376453, 376759, 374896, 209810, 267708, 57384, 269877, 481246, 199837, 196366, 211598, 43579, 109514, 221921, 156916, 285847, 419678, 295242, 24469, 409255, 300501, 496040, 344789, 410747, 57744, 492801, 233286, 294633, 221872, 65611, 150938, 364570, 172438, 170291, 470402, 474525, 459432, 144238, 181743, 388996, 20881, 177459, 43604, 371622, 121580, 151452, 352123, 24781, 89651, 464864, 272137, 403724, 39378, 150440, 189374, 53827, 340950, 196563, 129009, 200023, 209781, 492589, 494906, 28834, 24790, 243641, 100968, 99813, 11565, 398601, 368358, 136038, 43706, 452933, 458236, 383620, 237234, 225520, 233663, 3761, 392605, 20763, 267632, 20230, 462507, 450183, 355055, 398483, 247076, 435582, 26957, 415531, 36780, 360688, 22372, 393800, 355104, 101501, 308142, 425929, 451319, 244690, 203313, 63443, 253391, 312201, 381884, 120740, 295706, 31789, 114798, 409473, 21132, 398737, 314129, 267885, 489719, 207007, 300550, 166322, 66883, 155626, 355822, 68933, 42079, 478222, 251605, 379611, 223738, 396019, 231080, 17080, 407867, 21698, 30131, 239637, 240516, 57914, 167384, 456305, 141475, 79705, 181373, 384514, 10585, 38211, 397357, 209617, 419964, 430428, 347132, 129949, 100852, 480379, 471389, 279591, 27402, 397322, 343972, 277048, 92661, 268983, 263869, 329818, 262880, 391318, 2720, 280872, 182575, 88076, 50240, 396679, 456408, 22249, 54983, 167555, 23117, 452975, 473079, 422594, 197816, 113777, 452807, 334267, 378449, 411284, 402832, 96659, 377088, 354525, 157877, 35444, 316824, 307314, 249729, 43254, 283088, 61701, 117539, 181264, 49076, 270804, 295775, 114218, 410588, 397428, 295896, 483348, 317156, 303731, 78458, 295139, 429987, 3814, 76665, 302247, 301711, 49579, 499125, 318333, 28801, 287562, 174420, 134887, 196807, 402119, 251137, 309793, 70423, 180763, 235280, 407850, 481687, 409948, 349875, 383617, 198246, 245, 93697, 225356, 343105, 403584, 332025, 27463, 472033, 495312, 12688, 36197, 111953, 427862, 446985, 403326, 493923, 19207, 7968, 186232, 444856, 329169, 37575, 477928, 100301, 386903, 75586, 282144, 483449, 278842, 191428, 313249, 1932, 158126, 179365, 311933, 75445, 92773, 357590, 149931, 66463, 144514, 34256, 475807, 499374, 117198, 9026, 221527, 437983, 194983, 29350, 340744, 324136, 81477, 72562, 224466, 13797, 281014, 293130, 296817, 245696, 290332, 411038, 460617, 19993, 70717, 167874, 39740, 324100, 412311, 405294, 468916, 76272, 323493, 69565, 106888, 297109, 412638, 493292, 398692, 423837, 127532, 362797, 8615, 40445, 445957, 199633, 6325, 255197, 245242, 423775, 130836, 448048, 26305, 459359, 62598, 96823, 38230, 139487, 435353, 203068, 266261, 193445, 320115, 187069, 337231, 167392, 170633, 398201, 11625, 162047, 309007, 209384, 330562, 392065, 342439, 260227, 424267, 355557, 349086, 1440, 95598, 102012, 455716, 167793, 384560, 450769, 180627, 31576, 375503, 130374, 428295, 8819, 227812, 11139, 20324, 251014, 161445, 450171, 70192, 76902, 24969, 415282, 158745, 453133, 219210, 460576, 5607, 427109, 29863, 486144, 356263, 48249, 279217, 349895, 223630, 254564, 329065, 493448, 429806, 384979, 419601, 151580, 204376, 479496, 396438, 193005, 332881, 412163, 248062, 232984, 77200, 154927, 285951, 429941, 459868, 176993, 242849, 135598, 201269, 330383, 173001, 93622, 279788, 326636, 345245, 320924, 488330, 103463, 138168, 308063, 226460, 354404, 402417, 308906, 208788, 364854, 164878, 455473, 76815, 316371, 88874, 399262, 321557, 243556, 453459, 59677, 363839, 197244, 471706, 239438, 287413, 225762, 463987, 230782, 63110, 365311, 340319, 307970, 64701, 42497, 232173, 467290, 132208, 476390, 474577, 405783, 387244, 201691, 413873, 35166, 189658, 319158, 378007, 38062, 427258, 26986, 178928, 215343, 303996, 36291, 32377, 158616, 399573, 446189, 112174, 342823, 232882, 483544, 278247, 275916, 4275, 450891, 236717, 135407, 82496, 155642, 16759, 351570, 155562, 194105, 4446, 14597, 277528, 279015, 443225, 321661, 47668, 179373, 99743, 499285, 309841, 323514, 196922, 419785, 47512, 462869, 326892, 43771, 13740, 188204, 400740, 4815, 499485, 457617, 129409, 86630, 295739, 228990, 390668, 409874, 11012, 251762, 356998, 109463, 279018, 434850, 210363, 392236, 35808, 127107, 146585, 221243, 115261, 15955, 118463, 180448, 437581, 422444, 485778, 408816, 463567, 297145, 103088, 126813, 47562, 456761, 199810, 375018, 299239, 444140, 158135, 407607, 278566, 54512, 473400, 402942, 245419, 388122, 455503, 430860, 145620, 434094, 232306, 175643, 60047, 163488, 80160, 85487, 441110, 400264, 350795, 405634, 331742, 166187, 263529, 256031, 420668, 223135, 271281, 478615, 437111, 448152, 108385, 395166, 69429, 127223, 438089, 363013, 178075, 367752, 37975, 212744, 95298, 174007, 463175, 465271, 317059, 463349, 164465, 348073, 12623, 364561, 214114, 337600, 306739, 147241, 214859, 145092, 377853, 270344, 51798, 159714, 118013, 52343, 57285, 459474, 46196, 7104, 306668, 282016, 319824, 86631, 408027, 293425, 379641, 25513, 153916, 484405, 328220, 226703, 17872, 303733, 219503, 21399, 218507, 56933, 263548, 225986, 112308, 364609, 52290, 408687, 132487, 185775, 335090, 322338, 154900, 338951, 136648, 74321, 20265, 389733, 303040, 384265, 252203, 267585, 81, 229064, 289932, 258449, 405079, 5535, 409291, 22975, 135228, 56150, 109796, 271333, 119935, 128232, 25309, 302885, 190330, 376978, 179354, 83912, 100181, 139549, 122905, 145392, 443880, 42855, 67454, 24903, 101163, 275732, 124800, 19421, 326278, 339232, 425904, 289043, 304391, 154025, 274990, 166226, 180296, 424662, 475256, 161175, 365099, 308825, 328069, 244156, 278036, 407899, 215219, 149690, 194424, 339815, 101703, 289008, 177519, 465723, 367830, 330553, 98094, 380485, 287340, 59436, 97756, 290114, 479367, 402808, 368463, 357688, 12576, 219760, 387833, 169256, 469552, 344745, 249219, 92893, 160436, 167198, 210595, 343351, 79386, 34112, 336927, 338592, 413910, 353857, 335392, 424739, 155059, 286895, 376664, 468497, 358153, 13416, 293455, 397619, 122137, 366207, 110746, 232639, 247033, 103885, 199290, 21166, 88954, 378596, 76940, 409263, 149524, 17701, 105689, 320419, 303575, 373143, 120040, 237562, 284255, 12304, 288628, 220384, 209953, 14138, 11755, 142982, 344232, 186891, 401138, 433465, 57537, 479233, 327571, 22818, 459092, 405978, 392037, 440346, 133664, 242434, 428419, 396245, 489452, 160712, 140666, 270097, 159729, 107179, 158377, 489928, 146293, 271895, 267304, 242621, 149663, 432994, 462166, 201672, 481120, 220501, 215555, 129804, 220594, 368185, 40806, 25364, 494354, 304170, 119383, 347670, 272850, 428845, 233764, 40532, 354468, 226641, 218834, 98476, 198638, 333577, 100765, 391536, 160033, 12082, 488123, 361469, 267006, 188127, 47591, 390048, 404852, 128022, 340091, 172901, 331729, 400915, 440978, 477475, 439953, 16903, 60672, 231124, 50042, 285126, 304363, 206155, 427807, 498992, 105149, 56585, 42930, 361824, 66052, 200755, 341129, 342744, 81475, 492808, 54131, 193920, 101946, 341012, 383999, 14392, 445342, 249593, 477794, 281802, 490204, 5092, 32678, 4029, 74979, 2348, 487650, 205769, 320497, 345878, 332262, 180356, 249542, 296521, 379244, 242297, 246629, 493706, 105795, 54046, 56122, 358020, 28930, 287211, 257414, 431282, 485176, 23846, 328370, 382230, 119637, 200021, 497778, 255921, 8740, 9162, 189082, 62727, 31875, 437762, 400998, 423333, 332985, 155278, 148175, 204643, 116948, 67923, 127601, 66141, 442615, 35129, 296414, 402527, 437000, 43746, 389694, 429975, 210230, 400046, 180500, 344040, 420544, 301059, 211520, 343299, 497528, 365455, 34489, 484947, 8389, 206747, 184658, 352681, 10691, 24141, 240787, 175627, 270245, 432535, 283914, 119695, 286607, 164305, 355365, 284389, 76450, 454545, 458688, 164784, 197851, 274164, 192286, 143582, 337806, 82781, 335419, 221503, 279393, 167559, 53583, 354487, 176017, 477070, 289785, 143278, 450648, 29910, 437055, 479822, 22274, 144027, 400112, 279438, 284330, 145821, 469312, 312942, 396481, 447982, 68313, 391629, 127896, 91327, 194516, 399529, 172144, 143729, 322032, 320402, 34043, 263932, 243557, 345183, 212831, 126231, 134686, 370939, 17699, 10502, 116373, 319260, 287933, 50499, 377076, 211461, 317755, 445743, 33881, 321484, 381048, 116557, 51291, 270175, 196694, 194466, 423255, 164776, 194940, 383716, 474124, 355661, 257972, 111122, 156800, 358899, 405621, 363747, 115431, 385254, 43012, 116011, 37623, 360751, 452978, 177693, 274497, 39232, 210840, 208843, 71140, 290788, 169182, 268252, 189347, 216774, 415094, 406209, 203936, 225086, 291612, 210270, 176411, 372692, 282874, 274906, 405354, 258417, 250226, 299542, 71090, 26231, 120058, 101198, 232711, 149016, 449273, 99192, 430086, 87124, 20258, 389586, 483168, 44903, 467353, 216027, 262258, 325953, 10896, 313056, 64725, 37330, 303592, 139775, 6051, 395884, 427779, 377035, 38910, 363479, 19362, 13244, 389547, 287638, 484597, 188114, 145741, 345657, 284517, 422473, 157652, 138585, 195550, 388182, 260078, 22239, 383457, 43551, 285760, 344256, 168866, 357768, 197554, 206168, 216232, 476072, 54860, 245077, 400883, 46016, 359049, 211062, 167237, 449222, 420664, 296976, 53143, 274816, 47471, 147586, 437292, 461805, 128619, 462909, 33196, 85932, 238001, 299557, 32449, 386389, 408259, 338152, 320958, 54740, 424199, 426919, 222296, 71221, 406463, 337970, 20242, 167812, 155851, 443375, 169429, 380768, 45647, 380847, 395468, 462278, 126257, 322952, 397174, 456103, 286579, 205268, 381445, 488658, 201730, 344750, 214470, 322908, 237677, 430469, 236732, 247138, 134851, 447398, 142721, 139637, 43341, 405971, 282335, 84672, 69908, 483526, 350788, 197629, 475349, 143512, 174141, 483997, 148010, 293053, 21374, 183443, 219525, 87544, 314569, 395418, 3078, 20442, 87474, 218088, 295556, 227464, 331895, 142301, 65623, 467508, 413682, 22024, 409990, 481512, 144283, 480586, 272189, 236835, 379037, 452614, 83249, 488591, 292553, 348676, 141577, 121927, 217041, 431083, 23086, 159129, 368453, 306518, 434414, 288579, 442509, 125735, 256371, 449882, 392475, 406210, 383490, 250311, 468841, 409735, 169470, 434904, 5490, 93852, 176823, 161801, 220588, 319778, 375576, 370247, 19246, 325912, 362209, 494459, 130173, 380212, 406070, 377400, 386649, 144292, 480795, 102246, 149837, 309411, 263334, 285718, 466219, 234041, 44205, 230977, 45354, 287895, 44026, 54686, 262590, 52771, 102545, 221417, 444547, 291727, 159063, 176671, 177987, 215570, 398107, 492209, 376931, 103586, 79816, 346739, 106016, 87842, 387638, 4451, 53712, 318416, 470720, 431441, 468095, 98426, 210188, 219120, 84416, 402988, 184749, 203922, 189991, 369262, 411709, 441026, 85823, 51971, 286632, 391746, 27598, 99842, 182202, 168200, 226594, 43979, 459536, 236704, 272391, 149832, 231691, 145637, 250222, 38083, 33970, 20707, 163057, 272462, 350129, 495933, 354276, 361985, 223370, 327845, 141156, 3829, 122499, 36756, 461881, 84880, 176955, 153637, 322973, 1121, 229959, 237161, 288347, 33844, 115396, 91078, 135122, 370145, 401271, 18475, 127738, 104700, 207351, 245646, 333287, 249680, 75697, 155930, 329448, 289407, 195065, 266516, 222186, 45736, 146272, 477604, 472422, 477969, 156332, 281685, 435837, 348189, 149300, 483939, 11914, 136598, 252431, 473237, 216274, 360044, 245928, 171382, 291526, 436550, 3789, 459394, 64171, 179929, 180420, 377919, 326641, 54714, 239589, 315578, 333329, 33771, 12383, 70979, 360837, 442121, 148706, 452640, 255377, 387667, 111930, 87540, 457991, 297571, 287492, 46192, 422198, 42784, 288110, 367167, 316070, 290282, 64744, 195127, 316392, 142564, 364868, 478167, 192582, 218907, 326595, 396685, 261041, 201823, 375021, 344992, 460423, 485251, 282601, 7381, 316734, 230743, 455146, 165629, 187616, 194816, 488041, 441084, 325259, 235109, 66368, 235351, 27366, 4392, 311307, 78835, 303935, 22077, 284311, 4866, 334476, 422302, 19580, 228748, 44339, 485934, 485619, 499189, 129761, 277738, 43536, 24918, 139822, 33975, 221536, 373469, 79925, 337982, 177599, 477766, 16062, 493455, 30358, 169792, 402598, 484917, 432545, 370646, 188718, 197118, 356360, 415433, 487376, 492400, 424070, 443616, 417520, 361248, 317594, 101251, 116393, 375036, 31427, 21520, 209174, 158380, 26008, 331783, 245851, 272311, 144168, 117787, 217564, 479213, 406648, 120957, 324110, 455660, 357690, 333887, 277875, 111188, 416464, 126430, 333052, 476711, 351856, 222492, 415732, 638, 396851, 170695, 171932, 210774, 235769, 341180, 388538, 57681, 189871, 238650, 286707, 155975, 117341, 474712, 221345, 418110, 255403, 225193, 248094, 494404, 258925, 9359, 131221, 470266, 282715, 335072, 40535, 5016, 377948, 487777, 49020, 108543, 183239, 196218, 51818, 380520, 497484, 266675, 269669, 84257, 409324, 195054, 138347, 186410, 393843, 344828, 411177, 120392, 477963, 135831, 198103, 166580, 25565, 425625, 455770, 442189, 299970, 213446, 330486, 74636, 408973, 451470, 417549, 118257, 109226, 231631, 237137, 235590, 497572, 151849, 146948, 322700, 274366, 41514, 120253, 52606, 116789, 373107, 408978, 32532, 309434, 209125, 237031, 91606, 359648, 212259, 83438, 454278, 443613, 463152, 248195, 361262, 214906, 290827, 300879, 359354, 271730, 249925, 357911, 447363, 448423, 469149, 188904, 429385, 255141, 427267, 353400, 241493, 115106, 395797, 17851, 215876, 17273, 158099, 416279, 357536, 377336, 331357, 439071, 83458, 18804, 205432, 392971, 499704, 472028, 107333, 74389, 414732, 414700, 102917, 187598, 492807, 103868, 433298, 423706, 326301, 377940, 171180, 465313, 21115, 402231, 396051, 459226, 449165, 471974, 419379, 479986, 378864, 331303, 358954, 472249, 485099, 447397, 142244, 32605, 426667, 398982, 499482, 204647, 397698, 37039, 474564, 261503, 197208, 449317, 25062, 164812, 192626, 338844, 290026, 75928, 50070, 229177, 310382, 86008, 109601, 498494, 433302, 216308, 398445, 442738, 294734, 384144, 250789, 344744, 332669, 64653, 252246, 249764, 340769, 480482, 32184, 263943, 468851, 24189, 272868, 490644, 327546, 205069, 149889, 274436, 140375, 482210, 409634, 197969, 42852, 266947, 174988, 373825, 420887, 126937, 446694, 128951, 224102, 113086, 492987, 339809, 473757, 160285, 408232, 416833, 252485, 62769, 113194, 439186, 311347, 277616, 371291, 3418, 336613, 372039, 138312, 379323, 45903, 459046, 482325, 73202, 114658, 331574, 314472, 293608, 368109, 408018, 496347, 83382, 77055, 588, 238640, 169593, 71022, 392021, 422946, 13895, 150216, 175383, 303954, 66143, 348484, 373767, 54374, 189066, 927, 367653, 42432, 412505, 194382, 71167, 315913, 461393, 429200, 42075, 76443, 59679, 395688, 271017, 55534, 369073, 138495, 19072, 146111, 393116, 308337, 135111, 86461, 448700, 302943, 487367, 219881, 319775, 167216, 242245, 414481, 194742, 96469, 123055, 417045, 177018, 9488, 71141, 99754, 261564, 248941, 21649, 149855, 155771, 241835, 475063, 389977, 421283, 153316, 234761, 23427, 367024, 357086, 351428, 314929, 481444, 76587, 373485, 39463, 417578, 117313, 29192, 286747, 498309, 39162, 92603, 266719, 400836, 473417, 315529, 370772, 449484, 210587, 202359, 401800, 248127, 462884, 136572, 7889, 71843, 164197, 280521, 47973, 415955, 63361, 396783, 353886, 161845, 70051, 82168, 131340, 2741, 146962, 371631, 193199, 329598, 183166, 56551, 392565, 416235, 399327, 22464, 48073, 365061, 348236, 270569, 366643, 289879, 396406, 210903, 341536, 402552, 20434, 8985, 463758, 302394, 273054, 216026, 106510, 241491, 1750, 228934, 439361, 140616, 132629, 159421, 404689, 464960, 181128, 119282, 218086, 379598, 262548, 33144, 441626, 446938, 352766, 71204, 106818, 318327, 321733, 189987, 137162, 447315, 303121, 367873, 436847, 52437, 30719, 238608, 34076, 103417, 226472, 313838, 232514, 279724, 342489, 10053, 359171, 323837, 305281, 353847, 150928, 268328, 16015, 463820, 122713, 60785, 380621, 214593, 29118, 460759, 228176, 298264, 152396, 415937, 288534, 150240, 235423, 313143, 150730, 322696, 166095, 491380, 258862, 226512, 45108, 149565, 63042, 395889, 95143, 241874, 342866, 143305, 292913, 418529, 298169, 82073, 95679, 492723, 454705, 106776, 365770, 45526, 456640, 89465, 349478, 277954, 302483, 467447, 410547, 420481, 212076, 250720, 10872, 257629, 436070, 181807, 423589, 109007, 277264, 368904, 346909, 152450, 194760, 50731, 175149, 338391, 486367, 395302, 94694, 406661, 356422, 383784, 282942, 294422, 39666, 90150, 193458, 135968, 181688, 493993, 371093, 21631, 128891, 62477, 58565, 497734, 425535, 112781, 260564, 387496, 139096, 340089, 160331, 357646, 273552, 401770, 69927, 469690, 214337, 326871, 139836, 72025, 59137, 394012, 32917, 241017, 438475, 231691, 376556, 206503, 389350, 415553, 284360, 438278, 442377, 311324, 66308, 611, 165012, 128426, 122889, 227894, 422099, 54052, 21218, 32200, 285321, 260160, 42551, 103601, 199080, 231743, 351057, 452451, 159455, 119826, 149541, 398573, 346313, 114487, 130940, 463889, 291942, 477300, 144024, 221668, 90331, 413437, 122509, 246025, 323668, 311595, 485188, 9671, 484774, 203721, 244636, 160775, 136875, 258039, 462165, 92669, 453277, 272551, 125019, 271861, 224731, 237023, 25562, 448850, 64289, 36637, 204046, 389440, 184505, 61464, 134673, 336117, 157691, 433770, 330558, 169505, 15707, 137064, 170565, 113117, 455545, 435760, 478851, 415183, 460987, 130181, 175117, 498801, 114064, 442943, 57419, 87997, 280230, 304246, 305268, 395660, 452607, 391857, 227771, 110793, 236351, 366695, 261597, 212082, 37025, 310737, 73029, 319689, 364152, 444011, 386277, 109351, 392682, 206016, 429777, 391277, 345553, 387, 432435, 467473, 180409, 404089, 423173, 390675, 265502, 114128, 262316, 173305, 290257, 90479, 117119, 216715, 303151, 109970, 285954, 367681, 85554, 322898, 121830, 321254, 205699, 376468, 24968, 45264, 133083, 31772, 231907, 275077, 439788, 109686, 426912, 178827, 122025, 168613, 210066, 112876, 138900, 352325, 462786, 40329, 323180, 436272, 415829, 143580, 4914, 43573, 249087, 183293, 435437, 469005, 237823, 112972, 390563, 428913, 191568, 87557, 472637, 170445, 426674, 236588, 242558, 493067, 446904, 4444, 222247, 58576, 398639, 136428, 35871, 485357, 400127, 469096, 482467, 162786, 301150, 74958, 483214, 321003, 475137, 327940, 384209, 273667, 380696, 53163, 344642, 326921, 101327, 95252, 451392, 2840, 27533, 125619, 240115, 445731, 247322, 126111, 452190, 355495, 3191, 341036, 1260, 146953, 236263, 437225, 63261, 10204, 384671, 471874, 85418, 170315, 110222, 83328, 77435, 229017, 95323, 367612, 173133, 67577, 27666, 255469, 235547, 372277, 147, 161535, 70662, 37157, 87574, 251735, 462181, 354956, 310980, 305960, 207194, 139450, 423073, 114306, 60235, 156729, 428549, 466698, 132769, 296114, 125203, 409739, 115710, 452280, 210339, 140658, 187637, 149568, 391103, 428161, 130555, 48022, 358792, 42136, 242923, 354466, 182793, 313174, 271360, 28585, 83315, 145313, 232203, 365008, 168782, 106350, 474302, 307612, 198573, 10059, 149531, 259192, 464727, 350823, 50609, 343225, 300620, 31560, 80321, 277466, 88366, 366886, 169317, 182708, 69315, 147048, 372961, 123443, 308067, 311358, 15764, 36837, 65601, 452658, 207074, 349193, 246523, 466320, 254520, 139979, 281604, 58167, 72187, 440729, 327254, 106176, 339808, 313338, 215508, 148715, 494847, 469310, 145114, 191848, 286609, 405165, 16040, 341132, 219798, 426272, 158055, 51110, 1468, 51432, 140471, 393227, 364653, 41864, 54911, 483650, 395675, 222172, 148505, 197899, 420116, 320548, 165480, 14337, 271014, 335444, 436371, 398792, 487590, 2981, 483966, 94607, 371071, 87522, 376492, 366378, 100868, 130954, 74821, 266294, 371904, 148074, 259355, 45703, 461644, 66711, 213783, 469783, 437919, 354111, 431249, 42635, 443485, 174641, 448423, 389619, 140956, 445715, 396014, 289107, 452476, 5444, 296591, 307228, 370147, 460423, 20345, 22847, 442451, 295165, 107007, 391914, 276551, 228557, 310786, 144130, 410510, 361995, 80641, 435132, 123811, 337140, 185643, 359892, 485882, 85562, 133628, 99058, 10637, 459826, 21273, 281524, 178515, 234171, 257236, 137559, 137157, 252554, 108318, 113226, 259326, 211180, 250189, 288451, 439671, 107549, 440619, 398746, 5424, 331564, 476817, 219144, 355599, 169351, 141395, 27952, 417609, 63051, 416070, 379346, 216287, 491713, 53513, 353565, 283652, 452011, 485871, 52583, 431891, 440320, 490635, 15331, 499123, 318974, 428415, 167473, 341582, 443681, 406063, 19663, 81774, 211461, 255783, 343096, 19355, 181795, 478486, 291764, 233440, 4753, 358800, 433120, 304927, 233728, 26707, 24100, 347819, 342447, 396485, 39248, 192644, 455754, 159648, 226757, 333139, 184850, 419787, 172560, 423054, 253081, 373907, 413991, 60203, 299126, 267063, 170976, 477630, 172646, 254839, 266067, 136283, 172410, 431872, 150275, 125482, 364961, 31807, 108683, 494571, 314339, 91713, 357060, 325899, 439362, 333241, 78479, 254156, 162749, 244592, 25523, 226348, 460362, 475276, 285598, 427790, 431966, 282790, 177055, 385707, 460442, 124221, 174434, 167195, 474015, 336602, 293109, 466974, 285174, 51743, 124394, 48148, 249464, 88859, 286112, 469446, 200645, 387481, 35705, 298505, 131992, 472594, 54846, 130385, 269319, 350405, 70074, 380975, 277925, 155680, 363178, 451601, 107868, 94480, 448458, 47867, 130873, 492302, 29017, 56138, 423536, 303128, 118437, 60519, 44985, 404353, 384179, 457565, 151812, 76254, 428785, 13171, 23876, 378968, 261214, 267566, 355923, 213083, 417460, 474936, 362039, 116322, 494466, 424652, 161684, 239914, 115023, 329132, 22365, 135166, 433554, 263461, 342558, 14506, 363591, 351387, 364395, 3963, 196762, 182200, 425267, 87632, 338700, 465424, 45665, 401814, 428608, 486968, 288885, 444832, 328628, 258603, 42780, 115402, 276456, 36415, 313139, 324167, 305552, 371747, 417339, 285746, 28828, 37744, 88342, 111518, 160165, 302794, 45866, 254031, 240084, 213310, 338802, 230416, 452882, 266392, 429132, 42142, 320500, 21120, 174523, 13638, 66312, 485152, 369487, 355165, 223445, 25685, 299851, 416179, 27165, 399473, 206243, 227916, 118520, 302476, 1126, 363580, 245609, 488733, 471440, 229019, 124841, 303267, 167773, 191238, 55029, 489389, 432434, 351610, 351576, 353069, 146358, 206838, 55764, 304677, 268082, 412087, 474572, 260551, 311788, 353030, 111088, 117499, 44026, 75580, 233497, 230052, 134558, 73003, 101661, 267054, 387322, 120712, 283232, 292035, 130777, 231498, 332014, 63906, 303006, 237085, 222675, 367217, 164200, 27612, 382371, 72966, 443972, 104295, 116907, 74624, 120242, 356908, 194572, 474850, 477608, 316317, 435268, 191545, 290112, 222527, 455586, 74999, 78382, 374635, 97576, 299677, 130777, 364088, 404286, 25903, 218771, 83186, 275591, 448177, 50747, 482987, 312808, 157440, 389522, 375754, 247547, 415302, 242098, 399505, 479599, 20758, 461151, 137744, 276321, 130997, 91873, 225310, 132506, 332007, 26546, 328382, 447118, 101035, 31964, 312452, 3700, 49562, 29371, 109257, 470845, 114242, 408553, 462573, 31494, 103172, 204206, 239281, 259908, 249259, 261508, 83924, 307620, 247846, 149016, 192131, 28577, 414566, 470866, 214238, 92556, 64360, 235866, 225945, 324585, 322042, 473839, 431436, 416328, 51935, 187889, 419999, 149049, 286080, 182395, 363635, 287277, 428237, 329870, 289732, 321365, 333301, 473221, 231520, 480570, 256807, 242072, 176614, 240019, 197133, 348084, 123158, 245509, 201022, 294873, 472664, 162914, 170813, 384530, 108316, 172016, 36141, 471344, 101315, 82550, 237322, 99180, 130499, 236615, 149812, 49379, 238819, 319402, 494675, 328447, 288085, 160770, 394546, 448520, 39540, 401569, 267391, 101606, 398091, 66196, 283374, 393596, 167199, 174431, 72637, 245054, 192850, 149383, 268054, 207704, 108050, 4720, 307999, 25318, 388168, 15325, 476125, 7855, 25895, 62236, 29351, 359965, 212817, 422037, 498771, 386620, 404094, 133205, 103540, 441565, 133858, 248834, 42931, 189324, 393090, 354906, 450260, 442469, 57215, 331807, 401492, 169668, 135528, 125432, 430719, 396706, 42323, 224223, 467537, 268376, 153473, 40822, 107879, 293579, 460591, 464841, 222484, 116269, 302154, 143068, 22685, 278564, 55612, 306826, 102227, 144405, 40439, 355976, 247660, 451810, 1391, 252488, 412278, 364769, 494656, 249678, 87449, 373810, 307136, 247075, 259414, 343941, 315739, 235877, 499656, 213523, 236885, 11179, 24600, 161108, 23709, 220781, 105329, 408203, 77045, 434869, 421544, 316272, 128427, 367072, 422519, 404755, 61092, 167769, 76572, 292404, 343214, 276332, 55918, 91179, 185766, 214831, 241667, 24221, 456477, 118841, 454294, 3475, 78569, 479143, 262027, 126355, 329970, 38168, 149561, 98433, 260646, 147164, 328410, 369116, 7888, 474007, 446051, 494918, 107674, 1732, 392026, 213788, 74434, 456528, 258531, 401266, 388820, 437370, 269755, 237028, 497718, 368250, 50010, 147343, 57307, 456462, 410436, 42904, 29562, 127279, 200768, 292050, 470288, 457057, 234595, 277657, 422196, 17233, 474080, 440308, 461944, 456653, 1722, 126608, 496036, 457919, 483715, 229945, 251368, 420495, 264122, 61110, 394178, 81038, 287582, 453959, 129686, 56796, 9061, 143590, 395101, 70353, 298570, 56943, 468806, 371220, 187290, 385768, 319106, 59827, 465120, 168206, 475797, 472471, 153389, 444058, 269248, 481284, 253818, 451921, 269344, 400530, 325996, 438569, 382950, 78304, 370059, 434739, 408773, 188060, 229418, 28513, 397142, 98700, 87084, 404280, 312891, 94257, 337807, 7347, 444646, 340499, 361294, 337219, 131903, 288342, 417707, 196147, 426840, 462592, 183638, 48112, 356628, 452677, 388248, 445350, 121316, 87933, 89828, 62005, 467716, 447126, 335439, 223570, 20324, 24838, 372468, 301614, 443989, 448258, 443955, 74694, 364361, 368927, 403644, 429546, 197223, 393580, 170511, 425233, 431982, 234857, 66209, 380541, 8729, 258701, 226177, 328777, 21547, 326783, 472536, 255122, 459463, 16352, 33700, 58018, 157440, 431977, 468513, 139935, 339484, 371606, 64484, 213843, 37268, 292360, 425762, 445735, 450604, 382766, 203119, 123383, 102686, 51198, 211843, 454299, 370446, 255096, 17167, 145580, 119961, 371887, 340683, 54843, 93810, 470330, 79482, 489839, 340835, 484066, 479063, 51075, 356747, 436823, 99745, 49849, 54412, 234856, 246308, 474820, 41004, 179781, 422312, 91182, 303539, 434623, 416324, 332142, 117928, 414887, 404200, 257088, 221503, 498376, 184065, 152485, 280296, 164162, 305776, 447510, 187059, 32674, 354208, 376698, 80622, 250602, 464728, 63770, 180953, 363337, 169734, 487320, 433514, 103790, 196204, 70644, 122407, 200959, 489220, 167134, 16155, 6597, 89266, 19370, 445322, 192696, 298731, 80588, 221127, 172366, 106035, 77837, 347533, 159614, 320781, 44763, 9606, 457837, 27550, 480029, 89113, 121778, 255969, 238553, 304383, 98851, 401805, 376817, 283568, 135372, 364069, 134109, 148694, 156059, 401607, 124959, 221688, 333761, 259766, 362384, 392579, 361816, 498478, 54162, 242187, 446973, 60162, 399136, 72608, 174792, 377546, 388164, 411131, 1637, 32224, 208566, 26055, 443646, 77222, 447462, 430125, 457928, 159900, 448913, 405805, 228404, 416166, 476642, 14864, 437493, 79598, 366574, 397052, 220369, 127052, 137442, 468051, 65997, 455834, 497827, 1122, 74737, 229702, 252483, 310975, 385279, 287663, 170689, 313915, 485847, 230266, 407404, 133502, 285298, 265394, 280348, 56791, 421767, 475086, 396862, 88023, 978, 357339, 276875, 405941, 89877, 126128, 72675, 271342, 50027, 308912, 221433, 179713, 391994, 445971, 421525, 245962, 194136, 216411, 295933, 479045, 393896, 484823, 400426, 237432, 84128, 334991, 327034, 108378, 470141, 54307, 310174, 287695, 90117, 130662, 217616, 154694, 56563, 32145, 367485, 17155, 130098, 163709, 296016, 319434, 316064, 156065, 303837, 138031, 144520, 293310, 15233, 69023, 321187, 228061, 250566, 92157, 258352, 34440, 304702, 315239, 404217, 58210, 358468, 52150, 246318, 93208, 486987, 150657, 237971, 162019, 184747, 184109, 364655, 407893, 390612, 202801, 158353, 307379, 360713, 335191, 471384, 404375, 208170, 95302, 432429, 223808, 494436, 111593, 36904, 383419, 204975, 275385, 243486, 108341, 379755, 131988, 99864, 42430, 451768, 275866, 294347, 160605, 162890, 202096, 271490, 178150, 303996, 438652, 424639, 130260, 218545, 185444, 81813, 19438, 146018, 266943, 167017, 330706, 187925, 23834, 125300, 224278, 50642, 184921, 365712, 172191, 311752, 13712, 250997, 477429, 357030, 467866, 464412, 312977, 61840, 171524, 4123, 428780, 112594, 239690, 408216, 88858, 156299, 387508, 215041, 338676, 147782, 207570, 207785, 334051, 68753, 56920, 301863, 80960, 370081, 300474, 493157, 80824, 428800, 94739, 163942, 297885, 286760, 95145, 442136, 400356, 423748, 479742, 413677, 376323, 449106, 8793, 433114, 167793, 236165, 343987, 432261, 361248, 141267, 446805, 167197, 2854, 375975, 408776, 241448, 292020, 203100, 446610, 434950, 182465, 171837, 372133, 228673, 402064, 420653, 229520, 47025, 279779, 444224, 263782, 174108, 422489, 364983, 213327, 215940, 117874, 94001, 221637, 314497, 315331, 76652, 478809, 114458, 178139, 438347, 331564, 248043, 332141, 67540, 35305, 58627, 117219, 173150, 443155, 215164, 249511, 370941, 2605, 71856, 217293, 235708, 55987, 392693, 447223, 306027, 276216, 242536, 444705, 427811, 220910, 335240, 164193, 397018, 229910, 43486, 395727, 277888, 175797, 5132, 133830, 256773, 3274, 491996, 270987, 154509, 269023, 77246, 73772, 30274, 440428, 372399, 25500, 272545, 430654, 104067, 282986, 181479, 480790, 73511, 143577, 146571, 46439, 264313, 374300, 341734, 314842, 290054, 462017, 361514, 257317, 237882, 111564, 34284, 349161, 184950, 179993, 98896, 29749, 91099, 253918, 178759, 244556, 250076, 142512, 347102, 49170, 468411, 372758, 174959, 354414, 285380, 459151, 468815, 281554, 97619, 87044, 422404, 40484, 72571, 438863, 146181, 298211, 31630, 227594, 252511, 464602, 111173, 5606, 326266, 466021, 95448, 229497, 363485, 458709, 67956, 405658, 13096, 286016, 318975, 344533, 327913, 353136, 447116, 214085, 453400, 268959, 494650, 403461, 273403, 261639, 369898, 52996, 300589, 176397, 341772, 419380, 125004, 306031, 16389, 446202, 56294, 329633, 284422, 69126, 60559, 82619, 467971, 36400, 438129, 58358, 445910, 88546, 170580, 287147, 249463, 343249, 138529, 400549, 470245, 147974, 319794, 434222, 179441, 317587, 389065, 41081, 459375, 203962, 450568, 222053, 224412, 290575, 446575, 222686, 259159, 87329, 373370, 433000, 68388, 98564, 52276, 149537, 368074, 275607, 393194, 452634, 147079, 295095, 350178, 253911, 189417, 77078, 285474, 18573, 1770, 278793, 356843, 254203, 372048, 340524, 317854, 351737, 228332, 147900, 273843, 256035, 363457, 280599, 259334, 250552, 274341, 268579, 454335, 189371, 58887, 77742, 207143, 16657, 442536, 461967, 303359, 395785, 332011, 164084, 319907, 488157, 115253, 10857, 365002, 127380, 369129, 493112, 264010, 421138, 421900, 355749, 413641, 493351, 304078, 401847, 342905, 498881, 282116, 203526, 310075, 371096, 431953, 272480, 127404, 475908, 215442, 195548, 238737, 273442, 16531, 294797, 264216, 290915, 431277, 288951, 390963, 182593, 488357, 102796, 251456, 8231, 344967, 108331, 445083, 270540, 250294, 135239, 385722, 281097, 75261, 124774, 67869, 279951, 318717, 228892, 185031, 128026, 256011, 353067, 89684, 59614, 359518, 47291, 226740, 449149, 197411, 30808, 428123, 84882, 203729, 348485, 158700, 60216, 233681, 36876, 479574, 331412, 397231, 438834, 392410, 150126, 105570, 152675, 226007, 243231, 203259, 99464, 148182, 394254, 471063, 131444, 306672, 446365, 177569, 257159, 394429, 446984, 169175, 306198, 447807, 165943, 31209, 470764, 481864, 354664, 439662, 85588, 151659, 153624, 142648, 111119, 216255, 89450, 290143, 333417, 362045, 431691, 131728, 498679, 167924, 240466, 437169, 16195, 111762, 171749, 74563, 102842, 247971, 426438, 51013, 239524, 181663, 356783, 271636, 353595, 17103, 19864, 211152, 288630, 485823, 372607, 362740, 54400, 239764, 392576, 393107, 274758, 472621, 111616, 328628, 406213, 495789, 4495, 417327, 222190, 119060, 413051, 255281, 112587, 362012, 450720, 466374, 18830, 429362, 221323, 487409, 62651, 135310, 334150, 31698, 131523, 33051, 192173, 356149, 35578, 48533, 195202, 268408, 450023, 359299, 150047, 268244, 365200, 236888, 40355, 267550, 117669, 64052, 68513, 227987, 199677, 494881, 350819, 195721, 247350, 52740, 202140, 61940, 141831, 322103, 285539, 416462, 50809, 342549, 35833, 228174, 34351, 322312, 352338, 247742, 49763, 108401, 178645, 8099, 460184, 450048, 313400, 99440, 162012, 118429, 356138, 56731, 429122, 275454, 344510, 131597, 441718, 372783, 134853, 263137, 98045, 195542, 400836, 15693, 470052, 390679, 482789, 128863, 120062, 384959, 148429, 104566, 49157, 332983, 291743, 207898, 351800, 5944, 43596, 246442, 316616, 251129, 404237, 322295, 323496, 499025, 175186, 314502, 158407, 485783, 406939, 102156, 8104, 55622, 104303, 445167, 116595, 22254, 50270, 57281, 74638, 475255, 459666, 240371, 166180, 228693, 344065, 261244, 13839, 449302, 52272, 219780, 28519, 438358, 180953, 194858, 51557, 161239, 480915, 10035, 39322, 179066, 397282, 333013, 13807, 119186, 270754, 35906, 202008, 59627, 92686, 330712, 303703, 197774, 431772, 365204, 23331, 356587, 219968, 70365, 341751, 122177, 459918, 26757, 173989, 134931, 29641, 375514, 307289, 261406, 283614, 364663, 421082, 395919, 300954, 151147, 68699, 140803, 392877, 48308, 344, 191538, 116231, 454430, 41865, 450835, 103997, 487292, 278261, 292027, 182059, 179888, 408405, 217555, 58567, 133547, 150703, 106764, 83514, 38109, 182213, 246135, 111029, 98245, 498768, 315403, 405435, 26454, 428046, 477648, 59470, 12603, 167054, 172190, 368851, 486716, 110214, 220833, 103596, 464933, 201448, 163317, 78022, 418488, 99673, 94581, 303201, 146480, 433673, 247204, 496238, 205659, 477182, 23286, 118951, 132795, 192723, 132900, 403800, 69241, 30969, 439923, 391366, 290417, 88280, 48035, 445407, 437048, 33214, 136493, 214041, 305981, 244070, 289333, 479204, 353600, 407194, 208227, 468771, 478775, 92781, 403788, 184911, 124787, 179507, 169664, 90021, 101293, 192991, 354524, 337861, 156513, 315091, 276280, 113608, 147562, 197129, 425321, 377876, 32959, 210679, 4175, 481857, 414251, 75236, 1809, 214881, 266391, 75409, 113607, 280909, 432586, 4626, 434042, 314436, 468341, 458775, 374685, 451977, 277159, 19530, 401847, 156692, 423427, 424653, 48445, 482360, 340488, 438520, 53090, 442080, 412451, 214273, 350048, 30230, 70923, 265017, 438887, 216626, 216235, 478706, 451908, 365008, 413098, 340176, 495699, 131565, 333885, 441118, 287747, 314244, 347229, 22294, 276356, 217568, 11841, 186056, 200578, 349256, 273731, 201730, 221896, 387318, 139574, 326926, 86900, 61658, 30940, 440776, 360258, 398893, 490507, 296149, 167067, 114060, 293368, 178162, 143381, 63971, 191033, 32455, 490955, 144980, 72952, 241707, 392056, 364802, 272195, 269535, 389466, 459239, 428380, 41449, 371644, 185810, 360806, 138722, 208084, 228263, 337328, 210885, 445993, 34284, 224466, 280113, 392603, 20580, 18647, 205340, 473553, 39616, 465275, 131450, 168121, 493177, 430744, 279504, 324538, 387030, 259213, 13935, 78994, 460694, 198796, 241209, 54073, 123607, 258368, 92878, 370711, 128437, 464853, 330403, 274573, 36207, 205631, 71080, 194494, 462809, 79797, 423836, 320078, 28860, 419444, 153607, 395879, 385241, 220853, 1893, 43645, 454092, 309924, 14161, 172386, 407522, 485960, 1947, 301339, 326354, 136599, 391364, 52561, 308538, 98595, 78155, 33210, 215731, 208431, 93846, 320300, 476172, 93459, 285557, 159255, 360301, 486223, 346668, 106314, 444144, 251149, 66524, 298363, 250234, 43870, 95580, 76198, 233004, 220332, 176201, 428523, 54163, 357739, 354321, 119828, 181885, 57868, 296080, 123634, 76540, 378519, 5209, 406677, 338726, 75177, 443981, 341034, 126519, 103437, 18555, 447083, 432120, 73561, 237618, 284465, 384144, 444138, 23813, 261406, 413680, 141217, 218149, 133310, 10358, 181610, 41688, 371595, 55765, 305701, 170171, 87226, 265906, 25210, 92057, 401902, 235864, 65218, 229227, 305900, 26769, 325554, 136644, 459841, 66381, 264563, 288180, 201530, 163084, 26454, 80225, 267272, 172026, 253635, 167907, 137055, 246181, 371626, 323165, 109613, 188139, 458390, 451507, 26749, 293831, 399318, 395982, 180052, 410497, 366494, 11503, 287272, 87924, 5968, 80532, 238699, 381593, 473670, 329108, 197949, 15085, 321142, 494016, 250224, 194404, 157490, 450370, 53854, 316131, 94206, 473639, 414077, 333969, 486844, 371532, 473991, 489804, 396269, 423220, 349228, 115286, 5626, 207235, 329826, 390843, 20932, 72270, 425040, 311722, 385973, 60240, 244149, 164434, 262316, 383758, 53027, 387935, 478974, 73566, 385540, 126007, 488949, 372848, 4176, 235068, 261019, 396486, 474162, 464932, 496695, 436358, 406412, 352750, 71090, 456308, 114867, 81461, 359539, 176603, 491314, 170173, 494539, 371906, 143976, 160183, 486727, 459859, 229361, 178154, 368931, 458864, 44857, 139646, 260495, 111372, 272354, 295211, 119525, 41172, 173049, 93745, 281752, 73696, 110101, 257342, 222383, 201451, 240953, 276641, 439975, 135912, 370736, 438474, 128236, 260489, 365445, 492625, 189733, 35372, 12767, 421377, 395203, 102551, 173875, 164885, 201546, 21309, 486372, 115977, 124656, 365733, 209810, 454688, 310158, 219592, 64593, 215924, 337467, 162314, 117146, 163067, 364440, 295928, 215262, 177864, 402256, 421428, 217664, 285096, 60968, 377590, 361327, 368925, 447332, 416904, 90871, 280461, 1059, 236655, 1978, 14677, 463645, 265700, 188969, 113051, 246444, 94435, 258839, 449137, 417854, 256550, 291935, 331907, 446350, 244092, 444700, 487832, 327349, 312497, 74362, 312090, 115565, 314411, 284169, 457771, 228682, 65520, 484665, 462921, 440778, 378223, 474955, 362571, 44891, 394185, 227402, 80411, 163555, 34889, 257376, 42892, 161159, 256967, 397247, 85054, 177294, 66380, 298600, 266960, 53966, 106357, 250417, 15850, 376342, 451299, 365044, 269570, 465200, 262844, 228941, 389300, 72717, 365517, 328484, 195005, 356880, 254532, 481929, 218120, 474700, 384746, 177800, 171148, 17788, 95213, 177477, 427513, 3189, 351967, 376456, 88374, 489498, 304053, 197616, 430960, 327261, 85628, 317614, 211865, 423856, 108597, 223152, 73992, 53580, 232460, 140234, 29127, 275774, 120663, 43826, 168053, 236956, 157223, 224762, 85024, 356452, 104905, 478369, 484122, 106356, 309242, 378397, 425919, 325605, 41704, 169203, 62543, 51191, 209470, 113582, 479573, 312527, 345254, 433566, 29983, 307253, 140897, 6, 381716, 109612, 225415, 29843, 242300, 407588, 72336, 143040, 413207, 211228, 425441, 106010, 13711, 258743, 273204, 243270, 132424, 498298, 422275, 327659, 369348, 355107, 1198, 289155, 153900, 326942, 168686, 322805, 209469, 62038, 184216, 252689, 278122, 64828, 401113, 442096, 202264, 291081, 63592, 224671, 148271, 448899, 27084, 160876, 191878, 257054, 288965, 354311, 434809, 431929, 362258, 284882, 434091, 201680, 284793, 276034, 493493, 103456, 390886, 36041, 67185, 476037, 411184, 272788, 463432, 420245, 237488, 114210, 267283, 40195, 23651, 494323, 90696, 314935, 313618, 256854, 242559, 450346, 40395, 400120, 279434, 395364, 421294, 79924, 143122, 430858, 473733, 292592, 440537, 494074, 65389, 10192, 241340, 74430, 485992, 18878, 404240, 309420, 141916, 279930, 362267, 365066, 170245, 163877, 19214, 83455, 293411, 457537, 70025, 284862, 96290, 401110, 198056, 63057, 290170, 12111, 153957, 387110, 152042, 294794, 57536, 155600, 388100, 221455, 195263, 309026, 64559, 100160, 69622, 310042, 244118, 52306, 186906, 364307, 256719, 349108, 111182, 44324, 405293, 493449, 452586, 438838, 228141, 146561, 23811, 490865, 189695, 385293, 411859, 1523, 186224, 391019, 125778, 151923, 209091, 372813, 126776, 132493, 97114, 278908, 47193, 58473, 95631, 275182, 202819, 389731, 308163, 422743, 464772, 144736, 318479, 85422, 299057, 212009, 184826, 221536, 205923, 275733, 104423, 178728, 410683, 18383, 466463, 361355, 316851, 265755, 315897, 93380, 279859, 361025, 115394, 333373, 17702, 153946, 448083, 118991, 455229, 308732, 14441, 406999, 291975, 223376, 140078, 211023, 261072, 342566, 449373, 429255, 307741, 394573, 196945, 463911, 293244, 283990, 456909, 172020, 64927, 409795, 256531, 246398, 23245, 481341, 481658, 51243, 144187, 341712, 37039, 374357, 388632, 68412, 314778, 427424, 492063, 87598, 169611, 441720, 135566, 220896, 83967, 227771, 492533, 201227, 405185, 201943, 268752, 105945, 310891, 4542, 210289, 276545, 452117, 287505, 192183, 342485, 498417, 453133, 78313, 206032, 153456, 309260, 103058, 26214, 175616, 427217, 409222, 5276, 204651, 452145, 458487, 338511, 143872, 490832, 230516, 364418, 434394, 234554, 454950, 378471, 346852, 101610, 381985, 403692, 238441, 41878, 245114, 326183, 13999, 439451, 276655, 465935, 181380, 203431, 362047, 348716, 307492, 310062, 71785, 89964, 222224, 383079, 337320, 277664, 337348, 15007, 51334, 29715, 493734, 109000, 298241, 341611, 176492, 5185, 99289, 265941, 56131, 455468, 386523, 489338, 324196, 179178, 20825, 436668, 399289, 378929, 221208, 229495, 221364, 94291, 235626, 423623, 209389, 45661, 395085, 43778, 478506, 429211, 14462, 14116, 377116, 83834, 46602, 102743, 142876, 339438, 28943, 266722, 86551, 332242, 5513, 441783, 164454, 187396, 397915, 495056, 151426, 228617, 275197, 387846, 73440, 406305, 235244, 133042, 105908, 178475, 259796, 133622, 4367, 379891, 409975, 122165, 181980, 309347, 318533, 324181, 448695, 26686, 423840, 268824, 202741, 290847, 78243, 363036, 119941, 121461, 206266, 300311, 64875, 495503, 420725, 301850, 383009, 288249, 421209, 405187, 367897, 174101, 450334, 193613, 145702, 159556, 481579, 383867, 311092, 235291, 403975, 280430, 276598, 49055, 272628, 12156, 182867, 491940, 262568, 443631, 64570, 156603, 165116, 279709, 381305, 242662, 111257, 197702, 413890, 333533, 75691, 339688, 484393, 319897, 484280, 305936, 190473, 405631, 188711, 145979, 59012, 241443, 444316, 113433, 70360, 426886, 450088, 143151, 317652, 227534, 343176, 3728, 33376, 65900, 271610, 351869, 489013, 451094, 210411, 50641, 412710, 321894, 476478, 99922, 70825, 298139, 407460, 400343, 52909, 441684, 419533, 345946, 296585, 484305, 374789, 165298, 52204, 321289, 99721, 495709, 163805, 117835, 447763, 219561, 333652, 294396, 441795, 124132, 148561, 204203, 399755, 342562, 151314, 141106, 485193, 331131, 89598, 332506, 327832, 439247, 318737, 188513, 50579, 142636, 250871, 191330, 451837, 252792, 230359, 373129, 156609, 278317, 195146, 249009, 460660, 261777, 4595, 371553, 33983, 15291, 473568, 188796, 295320, 270693, 470270, 498271, 179564, 10287, 90256, 339415, 362947, 428255, 183687, 242937, 69970, 59007, 271174, 201138, 182077, 229180, 92609, 217448, 272877, 303890, 90222, 101747, 255010, 78380, 375, 449475, 200863, 172673, 100053, 118430, 273519, 428413, 320663, 421365, 334139, 358016, 314160, 352684, 389762, 255120, 119260, 26414, 296364, 261857, 321571, 339247, 112664, 70807, 330486, 67577, 385251, 481240, 283122, 129308, 218462, 441436, 250677, 410616, 415136, 271934, 483738, 487653, 364895, 3670, 20280, 361720, 473707, 253268, 53747, 299207, 15164, 401110, 476406, 383887, 352103, 46674, 364149, 353962, 68558, 143569, 276119, 485649, 81485, 32480, 65105, 408731, 285705, 52034, 348325, 466555, 31432, 294935, 404762, 72711, 290327, 106827, 431740, 132248, 328494, 394802, 395064, 269192, 297147, 288891, 327077, 480905, 198122, 49626, 414194, 132318, 121578, 490689, 32748, 152992, 490324, 385586, 99362, 394734, 329310, 116812, 40098, 25810, 398034, 325361, 398697, 423033, 216397, 94305, 257281, 343043, 262136, 159286, 200421, 126317, 63153, 180376, 463707, 279516, 133577, 440425, 77027, 477619, 364262, 145300, 362277, 145133, 237500, 147506, 338286, 297970, 282786, 178727, 221924, 287102, 342465, 81168, 451002, 80859, 495352, 259770, 276916, 165526, 470754, 185498, 173399, 299492, 152964, 162486, 241455, 402652, 372547, 422574, 10761, 311099, 67035, 230275, 302778, 465090, 404933, 28664, 228623, 270791, 378349, 207154, 465176, 172211, 62083, 39052, 2760, 13626, 442258, 204800, 80477, 263819, 280972, 285133, 304682, 22190, 330098, 449919, 481283, 361030, 44302, 394101, 199046, 46972, 261075, 159957, 134756, 284416, 373936, 145200, 348663, 265314, 479408, 241315, 106071, 360488, 169689, 192582, 435158, 273244, 287225, 314426, 364151, 52411, 438437, 220867, 456890, 129327, 371621, 499919, 121423, 47731, 375952, 371591, 490739, 209520, 119924, 138304, 120407, 168820, 472994, 199626, 29876, 248913, 300649, 183064, 168843, 387859, 35994, 488955, 48430, 441510, 337107, 104949, 420490, 209910, 268279, 7887, 38718, 95672, 126117, 215096, 371075, 427125, 452039, 406378, 444133, 154294, 413926, 78208, 300120, 59464, 100583, 359803, 361200, 202235, 319088, 346104, 149722, 388042, 303777, 179803, 109956, 437451, 363724, 234778, 134541, 278240, 225824, 134810, 363189, 20642, 210265, 297880, 389859, 434006, 83726, 296333, 296378, 9968, 368770, 496144, 287194, 423594, 334502, 1667, 171589, 441265, 386403, 473431, 365613, 270083, 95909, 489343, 447517, 378318, 386560, 262283, 467827, 17956, 163699, 335857, 76925, 314823, 101230, 90834, 321568, 260706, 310827, 306298, 184448, 105793, 425111, 58790, 384254, 231592, 264524, 72295, 220793, 200968, 42240, 451537, 260403, 46044, 299424, 93652, 301601, 4673, 483194, 181951, 211469, 399280, 279900, 241914, 223085, 104097, 121325, 7288, 485606, 68817, 4992, 97210, 325852, 6555, 386057, 207839, 403617, 252222, 133328, 166911, 410369, 416143, 177836, 495755, 411448, 321018, 442069, 87237, 376726, 342348, 124623, 276023, 169297, 398052, 282977, 130029, 24356, 402726, 113186, 483595, 132329, 115369, 160282, 340311, 230579, 380452, 88560, 251272, 277966, 224681, 185153, 98335, 317860, 124563, 283116, 253345, 8957, 57833, 202660, 15575, 406525, 367538, 324505, 97020, 126136, 329694, 85655, 165646, 284016, 267963, 107811, 17096, 90978, 143232, 153819, 35925, 175538, 60380, 219287, 247312, 270426, 412420, 161732, 490415, 292839, 455242, 242803, 339578, 420367, 186571, 289793, 161447, 475466, 139292, 104402, 142669, 158858, 476591, 361996, 127719, 145500, 71698, 182520, 217926, 194483, 498690, 281503, 197513, 303917, 430110, 171466, 437975, 97647, 446235, 402973, 305075, 385020, 253985, 199259, 325066, 415997, 481284, 176598, 55702, 165399, 19629, 433187, 208044, 408019, 99993, 71362, 295211, 149981, 475326, 420830, 79495, 164473, 186029, 236823, 363846, 256822, 487233, 91472, 463256, 214310, 149752, 460386, 423513, 39687, 369789, 12047, 23059, 22157, 20082, 61022, 284908, 59938, 408939, 419402, 83365, 213331, 454444, 35951, 432048, 438015, 243316, 414459, 495239, 139671, 218490, 174596, 145131, 284011, 263980, 332745, 404797, 150015, 320604, 380697, 249360, 40809, 269134, 39568, 214000, 85520, 57330, 187137, 212087, 55091, 418557, 347917, 301446, 127671, 227982, 192631, 212945, 455781, 314480, 287840, 121665, 165607, 200813, 469883, 209223, 311975, 228876, 346186, 372002, 225716, 424255, 27010, 399503, 422913, 463202, 34226, 249845, 322656, 154862, 362877, 13661, 496402, 461399, 359842, 170436, 354068, 418968, 119042, 53133, 142076, 252002, 464788, 217565, 72797, 483040, 106880, 107452, 100441, 112413, 358457, 393699, 392363, 376348, 131337, 237519, 63776, 304019, 92005, 392040, 372194, 292676, 83414, 388367, 456726, 112282, 87500, 236190, 379944, 126400, 371829, 197644, 131762, 198189, 28131, 457241, 583, 440059, 149748, 55942, 175237, 195568, 155975, 335092, 155488, 47431, 46598, 302073, 406503, 86772, 243153, 129569, 143726, 313837, 341950, 473669, 479413, 82618, 80761, 480776, 181012, 61930, 190447, 403155, 54681, 343769, 312975, 476559, 227743, 340667, 392129, 85401, 278910, 445493, 445832, 364371, 343638, 1156, 177716, 74068, 485830, 572, 173333, 216772, 206756, 294888, 487906, 378509, 286921, 224654, 460264, 224197, 146719, 445561, 402242, 152828, 55349, 29658, 250226, 417832, 127840, 289047, 44520, 152805, 161398, 34946, 213979, 174458, 130075, 207636, 217587, 52034, 58467, 137669, 226330, 330509, 398221, 423246, 92065, 378772, 172666, 397772, 350112, 499018, 69728, 331820, 270480, 416858, 166810, 478813, 341206, 151897, 424583, 100610, 248036, 272427, 2483, 54206, 361186, 121877, 252303, 241641, 237878, 42047, 40139, 416775, 143654, 430753, 90310, 288115, 486796, 72855, 113747, 176508, 455114, 386134, 474616, 64957, 335065, 496586, 316206, 78893, 41959, 173228, 191211, 207027, 294158, 103644, 372718, 244901, 399905, 81347, 479059, 215335, 95994, 483991, 490055, 452085, 486460, 369543, 4077, 282027, 391829, 13888, 50037, 1505, 353408, 80533, 313485, 373619, 63217, 134227, 113838, 251144, 416155, 258875, 386239, 124776, 135301, 390563, 179616, 42301, 347222, 279752, 410843, 462965, 22141, 271369, 174385, 311940, 120425, 293172, 365436, 429683, 463525, 322190, 489164, 380487, 484238, 334868, 352141, 421501, 134139, 249884, 280224, 132437, 397134, 194743, 191766, 42163, 329895, 333733, 383764, 170534, 409394, 311843, 281406, 345135, 428939, 196237, 376641, 48849, 261323, 283409, 164043, 278318, 398137, 229002, 174844, 457510, 104867, 484636, 154674, 6575, 486694, 494702, 271224, 345821, 138301, 157916, 462620, 428356, 170588, 272839, 183471, 297444, 311502, 313502, 412043, 377807, 121991, 9687, 315993, 108220, 81307, 66664, 451644, 79675, 218491, 484458, 142688, 373680, 137601, 325426, 197354, 304990, 20536, 394256, 73327, 60838, 315439, 265001, 361627, 109206, 139475, 25836, 266969, 181885, 150132, 363438, 73844, 58975, 152968, 284036, 91649, 367512, 378597, 313492, 49915, 25528, 278988, 403183, 473056, 444566, 345042, 89659, 367690, 435579, 305472, 68869, 356899, 476905, 358052, 172972, 365079, 180663, 236988, 468454, 55265, 114022, 480101, 473175, 157086, 170481, 197857, 48451, 347218, 444201, 343137, 167107, 24167, 331685, 215311, 125868, 272762, 175172, 269183, 398220, 340861, 469212, 279842, 337087, 108541, 388269, 47739, 177131, 414153, 222895, 298966, 428289, 58478, 58145, 215905, 227968, 113267, 370639, 26936, 346081, 372996, 245743, 240536, 163360, 369997, 89113, 231857, 91252, 335406, 372579, 490721, 314154, 66781, 420189, 350492, 333186, 447103, 258204, 226919, 373966, 352054, 233384, 419817, 55305, 126644, 493841, 290023, 232875, 8338, 51193, 172532, 341261, 392581, 217071, 435627, 320196, 357420, 227221, 242126, 468918, 382685, 158052, 90221, 343138, 3816, 261661, 439629, 457091, 244012, 214294, 214489, 12831, 369398, 252814, 339509, 320147, 364909, 17287, 260241, 278504, 1125, 155730, 398666, 346158, 444983, 57898, 460407, 127713, 429154, 349534, 308791, 460393, 63963, 3744, 329007, 464321, 148382, 228070, 291072, 186363, 107878, 351854, 12075, 407656, 364516, 489188, 88707, 190787, 257228, 395220, 366056, 450659, 424641, 341390, 159477, 116105, 53489, 93389, 499918, 188295, 66823, 10785, 187614, 366834, 498249, 292537, 91678, 181664, 291376, 33186, 342975, 37722, 479937, 350866, 478324, 381916, 477981, 3601, 472378, 425768, 461374, 74318, 328265, 81150, 163051, 22739, 490651, 439199, 383610, 32974, 165831, 363700, 31702, 77271, 116441, 78367, 333167, 313952, 391983, 119665, 37025, 391614, 446443, 111988, 195875, 156944, 488820, 445004, 460944, 267657, 214590, 232185, 426499, 145613, 446262, 130962, 350303, 150664, 290434, 369172, 285143, 376034, 444920, 207113, 129417, 123252, 444526, 372863, 308164, 185934, 249143, 195976, 93831, 471061, 235849, 240398, 211798, 366905, 210426, 114341, 316232, 219015, 423273, 153807, 303510, 296721, 145085, 472248, 129440, 70802, 3440, 386581, 308542, 269943, 136580, 111217, 60762, 31618, 258702, 91935, 406282, 290199, 412787, 469232, 330135, 158030, 67745, 435238, 11966, 147752, 408883, 362645, 101055, 98870, 312205, 102520, 429577, 495097, 145615, 101947, 481875, 354311, 432300, 16072, 162067, 241540, 411807, 15301, 232589, 127982, 340577, 454707, 201444, 23378, 168989, 206973, 456430, 86859, 248229, 175019, 252007, 256649, 346272, 245892, 446745, 108090, 79413, 475062, 405410, 225757, 49413, 272122, 454411, 29492, 390577, 362999, 405868, 438123, 417088, 252294, 480630, 363870, 427028, 410048, 377498, 385454, 181530, 189265, 397412, 74210, 180369, 141971, 379516, 88271, 239575, 38017, 355575, 186964, 190250, 94726, 95544, 21944, 133155, 348087, 55153, 385674, 99451, 339352, 394386, 129663, 275600, 122132, 144450, 112651, 352877, 422930, 36865, 285930, 437051, 488923, 215667, 83261, 123006, 335302, 221896, 374564, 242765, 215987, 412107, 493324, 40497, 373759, 370212, 371339, 183687, 275093, 136950, 219303, 122671, 304291, 384603, 68305, 134426, 270879, 63300, 395638, 141299, 375714, 484202, 392618, 207734, 187504, 231489, 327736, 310432, 13619, 125327, 433469, 136637, 444542, 427966, 407750, 151400, 495893, 273334, 99464, 5560, 251533, 303955, 396744, 144946, 211445, 328656, 160377, 321030, 432890, 405837, 174147, 438584, 10601, 387787, 405909, 424550, 40180, 309393, 492394, 254996, 459165, 414148, 85141, 359424, 77567, 386471, 184459, 408206, 68501, 143226, 285993, 221227, 67320, 339122, 498755, 170992, 344843, 19788, 177147, 15731, 254250, 412581, 451774, 438467, 126720, 273562, 453154, 344182, 400971, 2599, 9095, 391171, 112496, 120334, 275544, 498340, 342723, 194829, 151327, 28552, 233346, 300374, 10343, 347742, 20854, 94006, 256153, 220863, 258955, 214538, 243569, 228032, 95280, 81260, 38746, 226779, 375570, 210420, 346722, 398296, 491923, 31279, 471698, 54, 363282, 18292, 176710, 329329, 462408, 91608, 82056, 75098, 130583, 162606, 128536, 12800, 3853, 81727, 333554, 19640, 83126, 159109, 353786, 324535, 198719, 297801, 158809, 280849, 349845, 344874, 221712, 343733, 441758, 402707, 351919, 410299, 10098, 75406, 39352, 58104, 105250, 171133, 396674, 175971, 362745, 477393, 257733, 490938, 257132, 492770, 69368, 371245, 474070, 38465, 28328, 370182, 299331, 359641, 140178, 320361, 341162, 16402, 86614, 338285, 42255, 446737, 117995, 110728, 119738, 498996, 360450, 397094, 163289, 370493, 295693, 203936, 250806, 388236, 499327, 414509, 198004, 138992, 192201, 102874, 444229, 154254, 374477, 166897, 371786, 297437, 481737, 253861, 283370, 134737, 246465, 156152, 393068, 212990, 307423, 156229, 361232, 369135, 21624, 257143, 244707, 240820, 456356, 73990, 352310, 384171, 184259, 137370, 317990, 495494, 248470, 12364, 475829, 372010, 466074, 477854, 311526, 383195, 365414, 133739, 122889, 224706, 292486, 175617, 465005, 9623, 438807, 218793, 220507, 366963, 404455, 411991, 298580, 330059, 321212, 264655, 95146, 255361, 109436, 29676, 272596, 268597, 326609, 324340, 130379, 166535, 322757, 122275, 181197, 67062, 194206, 79015, 241364, 28159, 123916, 434145, 88761, 403819, 435339, 4525, 50403, 110359, 305481, 467671, 468177, 462975, 192737, 157233, 441240, 153166, 85895, 341186, 377370, 451527, 297336, 207951, 286856, 387490, 336930, 446750, 189057, 5537, 101249, 345819, 72940, 384698, 57936, 354538, 221854, 365388, 170136, 220242, 417507, 471770, 316574, 6340, 80919, 4404, 431055, 53645, 9593, 167598, 459906, 591, 282723, 371154, 453011, 103503, 437668, 325237, 30679, 154812, 328351, 108326, 401225, 459148, 136101, 427963, 366114, 36271, 422103, 302381, 148314, 37108, 463406, 137952, 404099, 114296, 171560, 152536, 436612, 220119, 416903, 307647, 332520, 375549, 206534, 293985, 439129, 388544, 226788, 136975, 288095, 198684, 253657, 419584, 23341, 184585, 378538, 441706, 416398, 269422, 281369, 119662, 124751, 368848, 215950, 466223, 163370, 160930, 313316, 57362, 128033, 443862, 380407, 41858, 349547, 352379, 305384, 453631, 444767, 381493, 364350, 160780, 465860, 123942, 319357, 113809, 382106, 497939, 87193, 309475, 376567, 357458, 475864, 53066, 17901, 114503, 393968, 469810, 439462, 486592, 87048, 203844, 193034, 253889, 236823, 196689, 384620, 191390, 492462, 289012, 19477, 422124, 433531, 313520, 385646, 461852, 57114, 82442, 158980, 297459, 49205, 175589, 101723, 71197, 134454, 357878, 203175, 98889, 46408, 70311, 240883, 181868, 460031, 293723, 372344, 370569, 113203, 264344, 355537, 303668, 295114, 405518, 204739, 47624, 418239, 272724, 276697, 371552, 478428, 130086, 224833, 457826, 462062, 304357, 424250, 475702, 145849, 353913, 50437, 126159, 258407, 113929, 327320, 3269, 24897, 146585, 108409, 98572, 213804, 266830, 197151, 286117, 65133, 270613, 301841, 99984, 27360, 88546, 51928, 299935, 165711, 267859, 269658, 237548, 268156, 484756, 139963, 479512, 9437, 173535, 94515, 416819, 44583, 6852, 384928, 76564, 62407, 457384, 48823, 279540, 483243, 321643, 326462, 194465, 419720, 41492, 490964, 175153, 402364, 189437, 485222, 97429, 372752, 355263, 120459, 335141, 487877, 344833, 275004, 226534, 408045, 117552, 337133, 369068, 244125, 185397, 312071, 214019, 469182, 101588, 156661, 298668, 86139, 239711, 45138, 284962, 454050, 99497, 341156, 5032, 476139, 345463, 54671, 206416, 24814, 132453, 173799, 234739, 326506, 57113, 99312, 363548, 385113, 99729, 390858, 376434, 278288, 108746, 176304, 268514, 341410, 323661, 475564, 422468, 483735, 338311, 157310, 135146, 366921, 163755, 457532, 443926, 227420, 449153, 419772, 243521, 29687, 106871, 300713, 233347, 162959, 441041, 366063, 338007, 490192, 409481, 350350, 6561, 254727, 89213, 296842, 436232, 41267, 463592, 307647, 350846, 350338, 303188, 370543, 272676, 39436, 381275, 207874, 420272, 251070, 457887, 49632, 343739, 21304, 437969, 170744, 236024, 79435, 236616, 308983, 390091, 8269, 118209, 162527, 178160, 365437, 220261, 89442, 318322, 481374, 158272, 378582, 357267, 117029, 354258, 171148, 96796, 5330, 128231, 93538, 360030, 303487, 378760, 166151, 8844, 304769, 417959, 171815, 47113, 78757, 235728, 50739, 12269, 110688, 365786, 346967, 95977, 143198, 244935, 352516, 8274, 195999, 199314, 104780, 120896, 201843, 335245, 252906, 36065, 321805, 194315, 431986, 443282, 494147, 462226, 273903, 370818, 441376, 50440, 390011, 283402, 422598, 79128, 271862, 39245, 27089, 447703, 72305, 191359, 50685, 477648, 85387, 154948, 75809, 5645, 144998, 111381, 342663, 431428, 26085, 470561, 99039, 67428, 47741, 278904, 148499, 132111, 227917, 350937, 192351, 342300, 92121, 412510, 116365, 448340, 296053, 345885, 432232, 23382, 176328, 453711, 280789, 497485, 419692, 93349, 24014, 59144, 271347, 388079, 182160, 57361, 43991, 243031, 243357, 48284, 497657, 97941, 155248, 296536, 194530, 390092, 494419, 483035, 34649, 352459, 323858, 156939, 483195, 167510, 116660, 448487, 195029, 283610, 194947, 52116, 381445, 339313, 16870, 390490, 270137, 394834, 414220, 453509, 487554, 164487, 182947, 380926, 238201, 282233, 470341, 231194, 85427, 188390, 383848, 477715, 278746, 375207, 368040, 283685, 145670, 326573, 336807, 487290, 384922, 175865, 255941, 168691, 41552, 95, 121521, 320377, 294687, 436174, 153560, 395150, 237789, 375029, 481366, 355213, 220632, 495238, 78654, 303511, 377000, 449349, 463074, 467309, 473398, 419074, 323799, 473087, 374193, 381413, 345196, 164193, 91661, 300361, 422582, 362238, 489921, 461074, 173759, 227522, 321094, 298416, 184400, 471049, 134968, 49178, 299166, 246584, 269596, 403654, 24601, 111512, 161517, 90245, 96383, 496508, 268628, 49298, 168688, 263605, 349329, 393062, 357603, 381461, 497817, 21377, 354853, 38983, 450980, 313547, 87905, 65247, 67385, 305802, 412637, 42421, 498233, 140044, 310584, 211838, 170593, 240240, 213127, 444339, 93810, 144740, 89189, 148247, 62735, 302041, 401264, 419354, 117532, 298162, 196826, 274783, 438920, 113231, 439402, 261518, 220320, 20496, 443582, 68928, 336065, 175686, 230983, 474177, 69353, 471180, 498476, 266401, 274236, 137206, 287220, 224403, 348339, 445524, 69592, 174007, 359012, 36916, 410303, 76809, 212229, 197873, 114721, 401260, 281557, 271056, 133093, 168330, 422995, 452267, 235661, 219572, 119520, 126447, 483373, 156041, 200003, 248172, 313701, 43708, 31999, 419374, 245625, 374211, 382926, 427089, 69159, 321276, 425506, 361101, 318014, 281289, 46522, 128438, 461178, 135733, 360288, 82772, 205821, 186706, 372976, 456890, 278939, 343262, 196285, 437336, 314805, 180033, 278340, 363349, 281980, 135026, 330117, 39131, 462980, 199729, 314089, 265796, 333772, 180942, 492271, 261253, 48234, 77673, 314751, 254123, 467571, 492387, 59349, 167033, 119017, 120974, 387674, 56753, 406282, 358870, 418503, 243017, 83163, 437625, 465792, 493443, 401041, 304854, 49563, 232573, 165607, 349970, 17900, 8726, 138543, 408689, 93277, 490388, 314054, 412979, 428474, 279021, 297307, 191067, 83993, 285212, 212743, 230800, 316846, 162217, 55803, 262876, 95528, 57743, 69219, 378390, 5117, 196146, 158437, 166290, 181089, 306075, 51022, 473829, 407664, 332945, 68127, 215099, 255290, 140047, 438695, 34205, 195855, 289940, 491099, 108820, 387602, 17513, 343395, 415922, 109095, 165912, 411931, 36660, 437768, 345978, 428657, 446613, 259312, 211349, 283021, 414599, 243608, 478702, 182352, 19870, 437125, 489766, 110688, 345145, 391766, 185743, 146717, 184479, 16462, 212784, 356072, 330634, 292273, 493984, 468105, 268873, 484623, 223548, 91316, 451702, 343662, 481046, 152946, 116756, 308630, 231383, 99192, 474776, 390410, 250927, 92670, 483078, 64845, 116665, 414794, 284453, 344396, 462032, 437178, 117696, 202560, 229577, 224079, 255097, 21665, 329030, 23481, 362129, 420288, 227353, 390980, 255930, 238643, 314411, 268902, 11759, 427330, 50872, 207961, 389216, 409233, 432503, 201922, 20405, 466365, 364766, 36812, 21841, 453834, 409902, 34737, 219562, 394293, 221583, 10491, 495938, 247728, 376282, 130232, 2907, 355427, 246356, 218021, 184292, 461775, 47324, 439144, 449208, 84082, 495105, 92698, 263367, 164793, 466935, 48392, 303968, 484735, 61728, 431794, 360686, 254889, 120973, 426216, 135829, 348399, 176890, 454354, 122966, 211904, 282953, 430343, 375769, 7940, 43254, 273265, 306973, 4148, 311731, 210709, 293080, 468992, 483439, 451681, 247985, 240374, 491887, 200258, 252839, 36266, 157369, 356756, 444884, 139228, 388400, 425983, 400220, 252461, 367026, 227610, 27108, 488374, 283868, 379585, 84963, 411669, 20553, 448916, 41573, 91992, 414679, 14981, 24360, 209863, 7365, 276671, 293850, 55745, 249714, 150014, 121322, 426187, 408328, 79762, 176452, 307337, 15931, 64282, 499668, 366443, 3132, 290823, 359478, 411913, 267444, 108574, 195596, 162693, 168427, 268618, 450107, 55133, 432699, 100720, 331359, 363929, 219131, 301632, 78429, 285686, 58873, 58629, 398541, 133722, 294087, 365976, 97046, 31678, 150625, 217548, 427884, 276728, 186297, 322047, 26884, 67305, 482289, 19158, 117584, 305929, 229546, 299546, 399232, 117201, 360644, 210955, 352908, 396644, 114990, 354255, 386405, 469867, 499892, 244024, 39844, 328902, 64718, 164415, 201943, 232858, 415676, 303692, 476918, 211394, 465592, 457696, 223116, 164284, 148561, 197586, 53474, 400347, 414887, 5114, 274040, 16637, 368809, 146999, 234617, 473297, 194371, 352341, 4741, 370967, 39704, 36340, 44619, 306854, 391143, 202984, 253969, 390432, 138513, 467696, 417227, 413648, 355161, 52244, 99830, 264284, 495584, 54177, 124013, 397237, 296804, 82935, 307426, 430823, 103368, 174536, 333330, 156923, 284811, 93986, 29924, 270538, 480931, 321281, 120466, 97766, 263588, 198386, 197756, 262708, 41580, 360470, 460647, 262781, 297543, 320123, 175631, 205452, 217982, 494206, 28181, 487993, 423315, 149711, 412027, 467904, 231208, 257365, 77836, 469913, 310870, 34979, 190946, 433997, 117230, 190208, 482285, 196081, 230249, 112294, 452548, 330451, 341746, 93913, 493914, 81071, 368153, 37605, 33986, 296856, 364708, 257786, 113475, 193036, 272593, 67453, 266129, 455345, 254293, 488486, 145718, 275669, 54033, 41644, 148468, 151512, 324962, 78980, 119034, 179182, 365248, 284395, 323029, 166220, 467620, 329644, 246267, 385572, 136340, 219920, 329681, 264016, 488282, 349873, 493924, 334636, 9661, 369039, 225069, 85518, 474898, 384171, 50733, 192915, 268161, 273915, 397968, 236693, 487951, 203484, 64424, 328005, 456557, 489862, 394138, 376819, 391493, 464692, 269950, 106805, 492078, 166731, 73632, 139442, 361050, 153187, 233938, 390846, 332873, 353207, 99290, 156072, 255791, 334022, 438565, 293086, 17487, 425764, 459491, 309456, 45494, 385355, 226480, 260070, 483948, 195334, 148559, 303095, 416399, 226122, 104652, 330534, 58951, 81359, 15904, 428432, 458407, 497078, 306556, 451022, 72064, 52947, 112739, 328097, 257194, 341890, 79057, 35344, 132549, 141733, 201741, 323247, 298088, 443978, 421051, 50601, 401078, 18553, 269099, 489241, 279345, 10703, 206998, 337669, 222426, 42153, 319499, 152845, 322468, 326171, 100782, 309889, 295237, 308537, 327420, 481140, 35106, 489897, 96858, 132338, 417792, 310427, 151065, 81845, 103603, 211459, 243074, 164118, 57662, 125916, 234321, 169895, 429980, 60607, 357995, 100401, 284910, 229636, 451715, 36315, 325849, 385210, 473856, 101743, 3946, 155269, 428941, 35218, 132093, 337029, 87508, 459865, 424626, 320790, 33484, 470957, 362988, 34220, 144993, 62022, 332564, 266531, 220073, 132297, 165296, 280593, 100601, 105952, 63683, 374360, 80416, 321487, 246936, 428443, 77230, 117522, 89239, 52149, 427279, 112710, 22530, 129032, 93509, 127288, 252566, 162197, 430358, 178957, 418855, 54843, 190410, 413966, 250081, 365285, 385120, 94665, 4322, 304806, 493733, 398658, 63041, 47021, 256837, 255666, 312916, 468787, 347258, 410784, 478068, 286830, 451812, 341590, 154201, 332954, 29093, 120211, 261967, 105443, 73364, 325777, 277994, 129358, 188513, 366288, 290961, 115231, 100551, 306535, 190262, 322757, 173899, 313146, 50069, 98135, 326305, 288707, 125432, 404969, 395034, 63621, 277118, 330561, 297926, 420909, 243500, 459403, 91779, 428493, 350039, 400488, 173264, 197889, 235520, 233570, 320326, 106228, 219289, 318086, 195580, 142795, 380368, 307285, 494443, 272034, 256224, 153901, 347117, 443020, 180572, 228344, 65196, 224169, 93085, 290535, 420807, 5648, 452490, 11807, 77253, 70750, 15095, 199114, 160731, 25697, 472577, 330925, 425133, 218192, 439731, 209776, 362418, 9749, 414310, 271968, 127467, 260317, 229345, 20579, 54191, 354327, 155361, 27139, 449532, 373300, 304476, 163910, 190139, 114341, 215273, 440067, 80443, 403353, 235885, 293331, 421534, 191757, 106103, 31599, 317053, 480091, 318312, 358459, 271131, 208605, 301790, 272427, 364482, 211516, 166911, 478719, 196627, 71987, 283302, 187644, 331901, 400544, 291958, 308542, 84848, 326950, 399972, 347265, 325856, 324737, 309897, 95434, 113165, 69676, 213052, 259191, 305477, 81361, 204071, 114837, 351363, 380152, 272057, 159172, 336430, 473032, 440212, 146004, 277859, 212707, 46342, 241269, 457908, 340536, 419486, 370076, 384230, 301354, 3899, 273355, 368483, 286390, 438424, 198061, 53010, 449638, 483116, 83478, 223716, 181533, 45594, 396368, 451086, 492814, 392952, 389417, 269731, 170272, 71663, 108465, 334105, 74094, 392807, 489350, 195729, 69597, 129023, 94461, 110418, 354141, 465026, 291205, 187437, 172405, 283068, 272361, 392112, 6175, 288497, 294050, 276920, 119865, 123581, 444435, 282932, 102564, 106930, 6726, 95962, 67348, 438112, 182072, 260498, 323242, 315881, 484688, 285878, 397506, 339413, 169716, 387741, 121799, 436602, 444967, 190251, 454221, 145812, 295719, 19979, 400075, 53655, 224481, 415424, 255330, 83976, 6682, 244090, 216465, 281394, 300805, 440374, 428391, 261814, 259428, 37807, 224874, 287315, 25679, 152100, 77127, 428510, 260090, 238990, 409314, 471447, 68562, 378331, 292290, 306450, 328064, 26245, 69113, 332505, 79167, 182295, 316826, 369300, 24825, 128202, 161301, 285690, 432662, 228698, 443189, 259783, 466891, 154001, 89371, 102220, 363079, 437067, 168924, 488984, 35975, 219973, 409148, 47777, 119337, 322748, 442773, 166008, 342182, 387817, 206406, 189996, 298152, 142902, 29065, 379917, 311939, 210465, 23120, 301544, 259162, 324663, 9999, 423839, 188820, 392429, 345657, 357315, 40207, 19251, 65450, 259105, 58713, 139203, 143950, 235781, 258316, 486623, 56108, 469861, 29594, 222565, 127098, 70808, 221939, 408699, 247064, 370468, 145093, 315793, 238386, 448453, 122647, 136012, 5687, 184368, 460632, 183498, 332845, 281547, 352497, 230366, 320014, 127664, 192953, 445957, 141506, 280928, 410647, 393499, 493996, 386803, 177833, 273259, 21608, 32439, 497827, 151926, 19151, 75156, 348180, 296335, 56957, 187317, 369597, 272621, 333830, 261409, 249820, 341411, 306774, 360704, 242671, 411921, 329408, 241936, 143397, 490201, 200194, 354607, 168559, 295694, 378149, 5230, 41899, 323190, 427767, 315945, 407336, 48914, 406489, 45205, 362091, 466576, 113905, 473222, 84324, 280354, 141186, 380134, 72890, 370958, 30985, 151109, 30483, 78387, 340494, 309710, 394672, 136021, 6061, 22709, 494638, 206390, 271050, 136436, 18848, 345287, 321768, 2932, 436515, 24576, 208894, 102417, 370598, 246235, 69942, 145285, 437154, 183936, 384594, 436597, 131524, 355658, 314872, 214036, 168672, 381066, 480279, 309859, 212132, 109823, 209224, 68258, 310937, 116936, 37439, 390003, 264462, 77833, 418619, 171850, 447635, 207305, 444103, 466881, 462584, 402018, 438382, 12517, 80926, 345892, 389015, 385381, 263549, 127890, 211826, 267388, 119434, 372534, 379196, 34232, 175079, 173783, 11939, 482678, 494120, 380277, 117828, 221014, 224787, 424598, 161940, 40093, 111704, 425710, 38804, 397324, 465501, 249762, 385562, 352787, 363731, 12922, 65855, 129197, 460134, 263231, 449293, 114985, 116548, 300271, 494260, 339819, 8154, 93696, 2292, 203063, 1492, 136397, 191697, 330525, 9435, 68276, 349609, 419807, 195524, 71140, 201828, 268192, 1476, 111847, 277639, 83735, 266144, 16165, 53790, 241392, 351958, 405572, 118387, 302928, 299853, 189854, 459621, 28059, 227581, 322245, 297639, 219314, 384917, 289216, 287488, 43600, 212596, 147544, 131865, 490598, 350849, 331355, 385753, 343037, 357162, 218798, 430935, 32371, 175118, 423063, 402200, 325419, 181558, 448561, 478566, 210523, 491147, 40157, 143728, 50459, 438312, 127503, 483832, 494952, 122375, 105347, 95358, 358587, 8490, 184405, 437292, 317749, 479048, 498905, 21135, 71589, 139519, 448991, 69420, 371150, 236819, 364754, 382415, 121003, 261124, 385978, 246575, 301410, 146334, 430246, 436795, 273336, 450545, 217479, 100884, 373239, 242525, 329910, 469874, 155819, 75558, 219038, 414600, 267752, 192040, 153611, 245551, 217152, 292013, 190937, 357122, 349317, 31939, 191988, 202909, 229120, 17642, 18793, 58111, 429487, 204165, 487452, 132958, 47322, 475999, 364224, 316649, 256737, 163668, 9455, 492162, 167181, 28002, 154066, 232175, 314728, 97496, 469235, 16310, 447651, 270531, 354952, 460503, 28493, 61724, 172575, 2654, 191886, 272800, 101999, 157550, 27075, 464100, 182195, 307370, 422161, 282879, 19273, 154936, 124017, 168137, 335696, 423135, 69416, 403773, 74306, 317146, 17788, 40405, 464142, 144869, 242842, 492827, 321730, 419959, 86528, 483677, 16874, 322507, 125694, 474444, 351281, 290200, 370220, 21051, 87995, 120756, 440108, 8745, 316219, 88992, 466667, 270086, 217097, 399228, 346888, 138842, 224142, 359607, 332259, 318753, 133101, 389527, 407262, 40230, 127983, 201846, 163785, 489374, 379221, 193366, 181902, 212312, 482403, 409149, 152377, 470306, 137837, 263699, 312624, 207305, 394524, 408606, 313506, 233413, 267621, 442220, 176749, 484433, 474330, 104887, 241668, 156489, 233023, 77491, 227851, 467637, 276145, 334772, 154914, 279284, 125914, 143823, 272729, 394360, 6177, 100417, 337569, 375312, 346134, 34796, 412653, 25507, 356795, 277638, 444541, 339135, 169224, 433872, 190864, 36675, 67279, 413869, 99251, 258055, 376538, 66646, 329445, 344450, 433555, 366058, 203274, 2992, 473857, 186731, 411395, 96427, 292513, 434169, 37029, 306385, 171849, 76472, 392755, 411544, 72603, 483889, 40637, 251561, 114225, 326827, 430840, 488983, 427970, 377451, 165744, 442989, 491855, 490764, 431868, 407915, 229092, 322606, 76916, 157570, 433030, 157850, 183800, 266251, 288784, 40822, 139207, 308567, 449984, 278044, 31525, 407111, 411737, 72969, 134342, 150919, 229471, 119824, 116461, 253378, 367221, 394615, 282788, 84417, 144169, 352812, 392732, 209380, 421389, 395221, 249022, 181863, 50840, 32794, 332505, 423154, 315650, 286542, 401223, 244834, 226393, 3592, 326465, 138777, 353925, 302342, 151808, 50778, 4708, 259748, 221239, 15893, 58847, 211987, 295227, 418481, 54995, 468492, 147215, 130797, 223795, 218458, 257018, 472158, 3724, 263503, 82831, 461389, 348373, 104100, 496405, 403606, 49515, 172718, 225180, 135018, 61084, 17951, 154950, 407598, 171836, 58168, 448549, 437589, 388276, 305656, 372726, 75328, 371214, 320087, 92326, 77516, 104100, 203389, 350584, 177442, 128385, 359257, 155666, 246760, 276863, 478883, 487726, 309606, 485892, 178439, 482799, 381785, 478492, 111338, 405207, 369790, 321914, 394854, 173958, 224534, 300805, 453265, 228803, 106800, 290188, 194461, 89992, 323414, 253044, 354447, 497351, 249572, 60654, 43777, 450723, 203030, 326579, 88179, 235029, 350377, 445280, 273436, 394120, 299236, 410735, 109294, 7801, 1683, 217046, 447361, 493765, 295344, 113673, 82076, 13026, 469275, 142228, 322142, 180052, 363274, 362222, 337303, 366758, 26029, 457532, 161000, 171821, 452283, 108718, 376258, 320699, 392212, 486982, 234786, 119439, 420971, 26290, 159196, 377132, 43076, 309474, 315598, 989, 240973, 305179, 65744, 50496, 251500, 159190, 209962, 125883, 398785, 281854, 76905, 302906, 207586, 341712, 212411, 255351, 349959, 73620, 107108, 314330, 279094, 363065, 313904, 362232, 63605, 270994, 330696, 256086, 410216, 225069, 252562, 224042, 109591, 169732, 351257, 440897, 189414, 382493, 433617, 26297, 180442, 180839, 101769, 239509, 111942, 213964, 315126, 263346, 494548, 376877, 326072, 319171, 460885, 264137, 81278, 178342, 375929, 338965, 148096, 327563, 452696, 480083, 355945, 120907, 52437, 164252, 422260, 277355, 272075, 457568, 368608, 338915, 26069, 166384, 307916, 310256, 399114, 167412, 212884, 273666, 269685, 412133, 393984, 268071, 336746, 305162, 149290, 436250, 275702, 376560, 122310, 17130, 460952, 181310, 220059, 451748, 248813, 133134, 247283, 429525, 97231, 25776, 191932, 244259, 97582, 321967, 190629, 388349, 105732, 451364, 256367, 447986, 7091, 449131, 395917, 216431, 217344, 395328, 171145, 24478, 89293, 376875, 193693, 147781, 377731, 64854, 205345, 124288, 82252, 304882, 112465, 249407, 13244, 112230, 365601, 173973, 265713, 34548, 442937, 387068, 68697, 295101, 101413, 91302, 17614, 95776, 133344, 311350, 277762, 191183, 242786, 372429, 477787, 16163, 306463, 336619, 385155, 464285, 38722, 302274, 115459, 249547, 267533, 440258, 220168, 468559, 283560, 435598, 199525, 74553, 130633, 54185, 28872, 327742, 290036, 420280, 109125, 301911, 370834, 490010, 5172, 423146, 140202, 492400, 41906, 164844, 313063, 47588, 148810, 347250, 43817, 120085, 30119, 341575, 62074, 425572, 298121, 374984, 39063, 258312, 119145, 8344, 252088, 489299, 424507, 60255, 242959, 300937, 392220, 457362, 360486, 338234, 282433, 215985, 312210, 369038, 126433, 392443, 123699, 198573, 391761, 133246, 360699, 43126, 10441, 145019, 196297, 311268, 120925, 183479, 139570, 264644, 48977, 342564, 214529, 38138, 171493, 353261, 202804, 68261, 139904, 349868, 137589, 466225, 151202, 222096, 156569, 434178, 223490, 443149, 87365, 269542, 467419, 203196, 47294, 107881, 412654, 441241, 304314, 486189, 48435, 385209, 129702, 44437, 488601, 54179, 192771, 491396, 432598, 162414, 36734, 440187, 402076, 421106, 162976, 447528, 217803, 332107, 395948, 62536, 24919, 205699, 396019, 156615, 252282, 100856, 390882, 406607, 366356, 305168, 480383, 450508, 212359, 288052, 125107, 218205, 227881, 120481, 363238, 120334, 266620, 131156, 409211, 131087, 103744, 398229, 201671, 190798, 420229, 69405, 473729, 69813, 129978, 324149, 82037, 117099, 46012, 493816, 57701, 183279, 43713, 364235, 180290, 377756, 449638, 405133, 490338, 352354, 316193, 468871, 453436, 210175, 434715, 497303, 135021, 228488, 229063, 314684, 33993, 468078, 5249, 477434, 439251, 276634, 399060, 329710, 287461, 401513, 118133, 361151, 467677, 189218, 287633, 111175, 456646, 363239, 289761, 323549, 379676, 315964, 317013, 445410, 316440, 286475, 157958, 20693, 154043, 103596, 397761, 9291, 204266, 499682, 331658, 481550, 332486, 263584, 482948, 199987, 243075, 2071, 410603, 205561, 23763, 48589, 271183, 276373, 472492, 108493, 240846, 278707, 208053, 303986, 57718, 417235, 301807, 41202, 186795, 102037, 479005, 14667, 190977, 62262, 223272, 234803, 441790, 499457, 268024, 321023, 447930, 428153, 79450, 6236, 433696, 412908, 75708, 251965, 277144, 200854, 303129, 330433, 64481, 108611, 494101, 242698, 257908, 57197, 269070, 124840, 120419, 162010, 408994, 177887, 29139, 191485, 418468, 355032, 353342, 222622, 193778, 93850, 478051, 264962, 136551, 135978, 36735, 477201, 123092, 462470, 160370, 45290, 267397, 14888, 344188, 291559, 52330, 167844, 211857, 289384, 108433, 17591, 122017, 234393, 491298, 426798, 215157, 391820, 182679, 71603, 16031, 116411, 201675, 321446, 268661, 421129, 125751, 7872, 260088, 47098, 254792, 330001, 60311, 491519, 32282, 250170, 321467, 313462, 435868, 440764, 140321, 193882, 146233, 35988, 111588, 275286, 237023, 457363, 158505, 308971, 483144, 226868, 127830, 163384, 143052, 266294, 450789, 333380, 349355, 38641, 128494, 291213, 109234, 32936, 60955, 365659, 147855, 359352, 242749, 196870, 190272, 128014, 87621, 405763, 115257, 441690, 250041, 382221, 289371, 10497, 189242, 198794, 133428, 292819, 149045, 302146, 403215, 407480, 474690, 474014, 187419, 31080, 256651, 355845, 85373, 27372, 401274, 186609, 160018, 229363, 401383, 468085, 422617, 129049, 294933, 184855, 166256, 312082, 18257, 364670, 77271, 69431, 301326, 349928, 135359, 395450, 495479, 336416, 122601, 128153, 448165, 485449, 102474, 375319, 102993, 84645, 396572, 233381, 453042, 139446, 130976, 251078, 292166, 254078, 16573, 361667, 158413, 11993, 463635, 222756, 284613, 387230, 296249, 19387, 440130, 331588, 396533, 293850, 390197, 388686, 176757, 272347, 135000, 170194, 244332, 349485, 364532, 442172, 391755, 144108, 246799, 280288, 367758, 449818, 99546, 443270, 278713, 92084, 466802, 375363, 99186, 303207, 39428, 66945, 115888, 436506, 161274, 20027, 68028, 114290, 134241, 95496, 106349, 499297, 95451, 284136, 452560, 305751, 341228, 404023, 250635, 54484, 141085, 429516, 82073, 167898, 309831, 446674, 176762, 433435, 333628, 90116, 379185, 298521, 289814, 47369, 397396, 38760, 266445, 265449, 420524, 420135, 480391, 296953, 494589, 487282, 333188, 18655, 318662, 46671, 188291, 203938, 408521, 165390, 454566, 254508, 176792, 248396, 26560, 348493, 323301, 100147, 225253, 244311, 198426, 235939, 167719, 4174, 284657, 483323, 71653, 376750, 434435, 147339, 221963, 36278, 26439, 9182, 136338, 139503, 426323, 50839, 112284, 481676, 305487, 317823, 300359, 51009, 69676, 35552, 321106, 76706, 136580, 293444, 46430, 112513, 260368, 333244, 28533, 494381, 107952, 428741, 190368, 406716, 434231, 333772, 113894, 242626, 238758, 498273, 262271, 252764, 3448, 153198, 245755, 35624, 373694, 22299, 174168, 124266, 35894, 309660, 82803, 208132, 285781, 19465, 57534, 57681, 102217, 451950, 70870, 88683, 382306, 336960, 161573, 209081, 255024, 106067, 238890, 347409, 336398, 113373, 316393, 246605, 161641, 168072, 96349, 1232, 362636, 159608, 331585, 357665, 23294, 369068, 380896, 81195, 401146, 318524, 284701, 263794, 272064, 5213, 303952, 360443, 111197, 26262, 88497, 141967, 94852, 335453, 266379, 94362, 121940, 156989, 330784, 88893, 434523, 211247, 320931, 226910, 2933, 398390, 355049, 114332, 358282, 325974, 86571, 427909, 82758, 461518, 169908, 95158, 73812, 249846, 39220, 331253, 168443, 127331, 446027, 456730, 148227, 274774, 387346, 26342, 165241, 63199, 385893, 432535, 356675, 2164, 72999, 96261, 243389, 456835, 171222, 495970, 409907, 359280, 417091, 474239, 78583, 98114, 14822, 297796, 294053, 345492, 12123, 136968, 219202, 2857, 433279, 123093, 462077, 458378, 38295, 269415, 249823, 80524, 224735, 8109, 92985, 351408, 404644, 476215, 485531, 182981, 241549, 76963, 162062, 93467, 397971, 120507, 153827, 480960, 228768, 314059, 243102, 137930, 374188, 119522, 215060, 74338, 484327, 36392, 32292, 187171, 136749, 464338, 81042, 146253, 391415, 329380, 254084, 414153, 140431, 21541, 284685, 499329, 53987, 223825, 433897, 211159, 63795, 137958, 288081, 39829, 499472, 299582, 316444, 363988, 8493, 341930, 3972, 362177, 155323, 341386, 211187, 380569, 494030, 38201, 258787, 482081, 388001, 129676, 305911, 253575, 1851, 295474, 466510, 313245, 93742, 280925, 107027, 108634, 343425, 307093, 421291, 79305, 299979, 312391, 431725, 155509, 11965, 296804, 290828, 74727, 208195, 349273, 92738, 193376, 22407, 242190, 22250, 377821, 206088, 47459, 393987, 429667, 291950, 331022, 268507, 53082, 346377, 156756, 44149, 3260, 256213, 20776, 113779, 101080, 91421, 40816, 433956, 264087, 410444, 375923, 184656, 251130, 63138, 67258, 480433, 498835, 274900, 74828, 137045, 145730, 288406, 410187, 119873, 252889, 174943, 367608, 273836, 438398, 243275, 347947, 80045, 327057, 287828, 338378, 256197, 225536, 423161, 381870, 330157, 130613, 190347, 55193, 386950, 423816, 446656, 14669, 170702, 163959, 161885, 422622, 136957, 176651, 161780, 249987, 271674, 477493, 284591, 443463, 359841, 425958, 289490, 252290, 428877, 429626, 374156, 25558, 203223, 260675, 190859, 380552, 194660, 461644, 456428, 68294, 127537, 92737, 106051, 245115, 309329, 300353, 35444, 162945, 494232, 299313, 223182, 251646, 153910, 33225, 226905, 313477, 310535, 26100, 85050, 126933, 322929, 440876, 13577, 143732, 116916, 36223, 51904, 399753, 239082, 268259, 471025, 226161, 206192, 366344, 305753, 186316, 81221, 249466, 204261, 261734, 199464, 382582, 107851, 128521, 8244, 448355, 247326, 4713, 104674, 370846, 230274, 279085, 467562, 87369, 219933, 242059, 64540, 397522, 287707, 205468, 24457, 5175, 177758, 145045, 7442, 190701, 400650, 276592, 99779, 58268, 158284, 240026, 441730, 251059, 444224, 460098, 157835, 286631, 263336, 76545, 428540, 347344, 438353, 145388, 273037, 357603, 217162, 464023, 106661, 306962, 215084, 362017, 466392, 317801, 36357, 162165, 419627, 446073, 477764, 395860, 216973, 123975, 200360, 400872, 445429, 461151, 51371, 337730, 109831, 367338, 95983, 488491, 489447, 117397, 225402, 364930, 316960, 89106, 48592, 392738, 80712, 352201, 121081, 265503, 37940, 57191, 488453, 308542, 271384, 310934, 267582, 57079, 280603, 152601, 499052, 90378, 241982, 427763, 109245, 155478, 300139, 170108, 207428, 486162, 20383, 77710, 140378, 65087, 443342, 345538, 421672, 259606, 52826, 302838, 218028, 450138, 95455, 491789, 36011, 380540, 28008, 72126, 414519, 457982, 284252, 270569, 40002, 222862, 228241, 258221, 78228, 421960, 300542, 380581, 75765, 268138, 152967, 17084, 326807, 75911, 202360, 488465, 226983, 102104, 486956, 422666, 453628, 357425, 468557, 433143, 164399, 242492, 241648, 120021, 178088, 343087, 324461, 142072, 99649, 392681, 256878, 23950, 465793, 368772, 317881, 482976, 449203, 86806, 69956, 492803, 208365, 456660, 130585, 373225, 46322, 175291, 217484, 471333, 93965, 194193, 443000, 61821, 98824, 486891, 328094, 165791, 473042, 276573, 68545, 248581, 379362, 374130, 189629, 191158, 64641, 348644, 104784, 483322, 52882, 76645, 194941, 326210, 364809, 101891, 97802, 418721, 161180, 326293, 376985, 56098, 391958, 130614, 461637, 167488, 193011, 151262, 192547, 54045, 261918, 335611, 170836, 375654, 144506, 361003, 211699, 181696, 381789, 166130, 134214, 116223, 312132, 366409, 7558, 437087, 345260, 62787, 301290, 180814, 326833, 76660, 265211, 316149, 473577, 36661, 30116, 145932, 358966, 432376, 477526, 218248, 282065, 423176, 154120, 602, 307990, 51208, 224618, 447628, 122724, 302349, 236835, 270328, 186463, 220936, 112876, 95125, 215884, 402720, 141038, 483331, 200956, 313001, 240998, 43379, 164843, 53584, 65184, 217615, 46699, 73629, 489845, 158234, 430061, 319826, 67468, 116512, 210650, 198599, 355637, 471460, 308340, 65128, 397108, 13707, 284340, 358492, 389216, 466412, 241173, 120029, 64480, 275866, 215765, 183879, 91814, 294137, 189686, 471011, 188792, 23059, 442185, 244210, 35912, 184653, 135744, 47227, 328442, 467153, 459294, 389106, 403888, 16951, 242117, 462783, 438378, 160676, 199953, 16378, 125714, 166912, 190577, 201002, 336571, 63034, 326387, 170524, 407048, 185388, 213022, 440297, 78374, 409584, 338117, 217555, 250194, 478879, 468222, 112431, 64730, 252900, 141550, 65104, 239569, 487071, 337163, 159615, 38645, 69925, 235261, 46101, 157799, 209978, 62917, 39438, 343654, 258136, 493475, 328414, 376140, 322044, 27895, 495362, 17538, 463447, 458600, 232671, 411815, 349709, 426783, 323580, 148630, 306498, 446293, 20164, 416057, 331254, 493679, 102223, 3784, 463256, 40028, 195783, 493201, 277030, 288219, 347433, 283325, 486073, 302803, 392044, 149377, 381096, 388376, 465253, 474636, 470763, 143228, 256693, 312605, 154933, 336990, 71885, 257988, 300698, 47032, 123840, 422350, 360981, 385231, 77706, 259697, 458494, 475787, 36311, 263724, 360104, 259871, 346744, 217565, 393400, 439756, 438012, 268580, 328686, 157486, 299815, 47377, 388463, 318276, 240279, 377414, 435134, 458403, 216871, 395796, 123726, 195439, 363295, 161682, 72445, 367726, 60247, 262674, 461197, 43774, 303396, 399605, 328319, 15745, 374140, 126744, 382193, 351148, 55304, 371749, 309908, 466615, 281627, 406819, 417415, 401734, 225512, 107025, 499145, 424850, 72659, 437780, 78161, 391982, 52588, 84347, 138444, 178318, 394058, 143289, 121548, 249888, 372825, 175307, 475211, 205722, 467252, 475379, 32907, 381270, 137371, 386189, 149658, 366253, 14249, 337719, 275428, 122399, 58053, 87392, 186843, 179690, 171333, 304832, 336429, 332040, 261055, 34402, 67234, 299787, 432733, 258559, 365114, 132516, 74875, 240235, 202159, 234322, 446152, 397574, 389103, 267225, 217297, 45925, 246299, 110269, 33196, 136640, 407590, 357548, 221327, 187891, 408380, 12978, 362278, 327588, 236498, 210025, 259605, 14370, 238164, 260027, 254449, 224666, 144528, 62377, 439029, 379918, 52722, 256642, 430489, 388052, 55693, 232031, 198556, 43071, 381475, 324407, 137725, 214507, 226187, 460415, 385457, 193633, 58329, 168499, 60909, 480362, 56899, 378572, 126243, 184067, 125764, 437937, 7665, 361088, 303941, 485991, 283675, 379296, 411552, 3138, 414929, 358600, 181110, 467243, 145270, 142383, 120204, 17332, 175358, 4704, 293028, 471436, 323727, 18954, 87601, 366880, 397777, 288176, 199283, 259296, 76808, 394416, 74191, 47700, 125941, 244106, 357399, 457916, 134523, 44112, 338392, 328517, 262110, 281365, 115496, 304471, 100073, 57779, 261946, 399378, 340428, 342283, 202913, 142232, 15040, 42817, 17184, 394070, 329898, 486174, 481726, 466293, 407364, 288994, 265883, 205894, 270581, 495651, 345435, 408806, 18482, 175073, 247702, 71107, 298662, 377894, 463165, 340565, 487270, 220148, 218541, 284776, 375102, 466511, 305326, 461989, 441466, 124951, 161510, 76478, 99173, 465090, 214606, 76786, 253442, 365476, 61604, 477981, 16565, 358566, 410317, 366626, 313983, 402334, 492123, 64850, 394235, 299239, 340643, 485573, 107501, 50702, 94153, 444084, 400852, 135417, 247405, 177732, 498003, 302240, 447894, 14410, 372728, 286413, 488875, 200581, 96844, 18958, 389643, 244379, 279804, 303952, 478610, 480342, 268105, 163800, 88769, 134660, 105543, 368376, 27760, 356962, 354395, 497254, 67087, 44775, 160186, 365492, 142260, 371311, 185484, 499516, 340698, 164257, 265325, 337, 423698, 222274, 279814, 459910, 218215, 400035, 44697, 308999, 395522, 273911, 98605, 52524, 282523, 433036, 72976, 469554, 180220, 260869, 110679, 494253, 289260, 54898, 326409, 220309, 256201, 368683, 368399, 496240, 208006, 232258, 341841, 391899, 68316, 157049, 20670, 277447, 246523, 224439, 98018, 479425, 224045, 366936, 17013, 135147, 465782, 418916, 446198, 80599, 437461, 194539, 381473, 325653, 267295, 287003, 267346, 155226, 189380, 117831, 51883, 215289, 320993, 399539, 2149, 401120, 445354, 354440, 447919, 224242, 159335, 467780, 61577, 83289, 66349, 249413, 43052, 175876, 498556, 427645, 457073, 418086, 352756, 459424, 271195, 73791, 338541, 313437, 476256, 257834, 292352, 78548, 219231, 79077, 324255, 23714, 2823, 456040, 30796, 359924, 490666, 391683, 283300, 476709, 370057, 375875, 20270, 186518, 381953, 136, 491883, 494642, 140253, 251581, 241143, 51296, 338865, 198316, 448768, 486878, 34388, 476048, 234172, 171293, 44165, 372546, 257144, 99193, 473586, 452795, 64183, 195071, 296693, 72580, 246195, 336696, 140595, 89062, 173085, 2116, 475983, 482164, 122074, 328797, 428627, 486416, 351602, 76408, 369493, 417676, 265037, 118308, 84369, 202954, 310844, 228282, 437146, 343822, 383940, 77713, 152583, 283753, 98331, 220417, 113285, 240935, 39275, 111053, 422808, 101955, 441363, 363108, 255030, 88424, 64785, 120069, 64015, 489164, 366535, 89620, 284543, 11092, 429046, 104786, 164934, 46630, 168331, 369597, 48208, 115945, 97611, 9834, 428276, 145523, 245063, 62552, 470250, 475456, 376448, 450734, 81570, 448536, 450360, 183263, 139854, 495819, 354114, 36541, 173071, 147454, 301230, 240657, 431828, 363036, 242590, 472562, 332116, 397000, 123214, 281301, 293765, 253545, 427687, 374054, 195798, 484810, 257492, 294984, 331245, 271357, 35608, 331680, 461046, 64718, 378613, 447941, 143639, 475134, 463514, 293877, 249878, 426934, 380690, 472463, 360884, 489248, 388962, 193129, 82466, 482858, 85826, 229790, 22582, 400563, 188230, 172362, 468204, 238346, 413535, 174413, 137308, 367561, 407609, 311045, 296531, 314163, 346133, 189269, 259664, 137542, 377495, 419432, 156283, 439080, 333312, 389359, 19243, 375030, 138372, 74190, 497426, 327010, 365880, 438961, 106348, 358691, 311470, 65769, 125802, 498147, 1776, 118027, 497806, 140812, 202614, 233356, 439996, 68700, 45367, 185051, 423030, 200553, 181467, 166756, 389379, 399360, 39842, 310642, 115903, 290802, 12395, 304385, 90624, 254274, 349361, 95963, 397644, 378562, 335498, 236523, 10159, 190305, 289429, 400986, 301445, 109970, 88280, 494815, 342132, 240791, 110685, 258743, 89367, 109789, 456394, 61178, 61351, 245951, 53273, 25436, 259016, 141409, 69441, 276003, 95970, 274033, 498077, 443475, 394431, 377767, 38197, 378579, 367604, 410528, 252261, 398622, 395621, 419140, 104035, 197780, 19989, 104130, 336981, 48956, 84157, 87423, 80519, 131662, 492410, 479332, 435695, 75130, 334522, 494036, 326474, 223790, 142759, 328777, 151657, 31760, 376879, 379082, 304593, 350283, 430332, 81444, 341547, 98760, 205185, 210727, 257658, 153627, 405733, 218347, 120442, 118114, 134677, 188431, 206880, 251225, 373179, 295467, 176130, 342005, 397012, 450515, 442031, 194954, 134035, 53733, 246544, 359445, 327618, 310836, 322027, 445712, 82678, 78193, 440960, 220726, 179082, 217358, 64482, 390695, 284611, 202488, 44580, 398754, 220464, 271346, 135154, 461408, 299049, 300229, 144174, 250085, 434000, 46307, 78792, 375723, 182140, 153324, 267629, 56194, 192966, 392036, 88542, 238099, 286786, 389957, 118091, 13716, 106616, 134735, 92168, 2238, 208861, 54301, 464467, 77347, 266877, 353566, 291361, 486848, 370128, 212792, 152256, 389147, 228175, 477118, 80116, 374812, 182166, 139461, 150382, 337876, 88034, 23364, 110963, 490731, 112540, 486814, 255657, 43140, 228599, 165384, 323542, 121726, 209919, 271166, 442273, 458323, 162389, 377182, 418301, 58034, 491673, 346153, 442068, 345326, 411219, 329809, 144749, 387163, 303356, 192860, 33594, 389290, 44357, 130393, 448028, 343782, 197915, 197916, 36142, 285723, 9218, 421492, 352210, 247773, 395597, 454128, 440665, 259565, 308191, 191037, 265923, 469358, 32305, 131566, 8714, 231580, 50843, 68106, 277743, 380201, 65212, 77444, 487469, 444026, 212057, 492794, 369035, 10467, 260933, 304920, 245646, 279514, 363458, 73494, 451346, 454045, 132995, 419768, 58548, 137520, 340219, 72210, 181014, 242321, 272369, 16415, 353211, 16301, 161987, 233593, 302580, 479434, 116990, 455514, 450818, 213887, 25337, 408445, 152885, 82498, 362793, 285650, 116912, 148401, 316677, 37151, 119441, 78446, 438050, 415349, 412342, 436088, 310509, 429645, 142038, 262045, 30538, 54978, 187724, 366505, 449175, 360389, 342404, 191626, 281196, 365685, 487866, 59501, 167325, 202991, 136817, 243105, 22734, 361798, 81263, 7371, 115074, 466093, 425239, 454861, 423146, 417320, 407264, 162863, 230947, 144201, 269581, 344544, 192946, 188627, 262864, 449012, 414732, 173873, 156846, 133273, 44862, 117161, 22331, 267122, 244389, 342373, 213046, 133547, 35647, 386285, 372346, 297022, 167552, 484375, 171986, 72833, 291468, 289058, 130831, 160828, 455064, 435496, 374180, 135956, 213633, 161247, 484689, 303195, 441960, 366883, 206157, 480098, 148216, 311284, 13910, 315385, 239253, 378203, 225124, 333716, 85424, 232700, 215509, 150330, 121138, 384597, 145192, 168522, 399221, 290299, 402454, 217973, 354950, 258223, 365695, 328083, 41973, 247485, 442364, 283281, 191806, 128771, 313691, 12064, 151452, 213813, 47800, 420276, 314219, 411181, 124002, 13075, 345908, 293274, 257133, 164786, 227754, 162473, 86503, 416684, 462631, 254665, 386222, 226694, 41285, 478809, 199393, 241784, 286167, 268607, 156699, 111912, 250653, 472930, 350326, 494460, 150056, 248079, 407668, 203341, 342575, 4215, 107525, 55594, 225991, 67924, 44067, 54837, 327047, 329069, 71411, 31100, 322674, 358549, 389362, 55830, 64883, 319444, 81440, 51082, 272355, 204970, 160453, 463902, 5246, 209334, 312083, 59508, 157188, 125909, 39890, 402542, 302715, 198021, 41005, 149082, 384490, 496711, 278260, 240586, 35308, 465598, 2236, 215412, 262716, 392424, 204405, 42125, 129080, 414876, 129064, 406464, 136467, 47437, 445718, 439397, 248268, 13030, 237268, 193229, 88230, 460682, 137751, 481727, 484032, 227118, 379469, 136814, 91801, 408143, 202752, 449095, 343008, 183780, 206614, 390251, 424800, 343354, 103920, 70643, 383456, 141422, 356423, 140601, 451636, 357577, 145238, 493301, 195701, 121450, 439861, 143177, 5737, 146130, 205446, 268971, 395960, 436727, 424316, 283382, 331621, 303850, 461287, 409347, 133463, 424012, 236598, 317835, 243064, 64188, 89816, 64316, 363465, 156660, 207255, 451431, 192156, 161320, 152285, 401539, 219906, 175714, 160889, 383410, 151678, 311601, 341600, 390221, 374678, 426431, 138127, 420086, 24752, 416412, 437964, 285721, 486132, 134227, 98934, 251672, 90583, 349715, 4921, 12690, 272049, 497031, 383682, 140833, 52841, 219515, 212047, 370209, 283088, 373425, 257899, 225710, 413708, 457431, 343006, 245898, 386634, 325580, 307325, 216551, 318298, 14938, 137254, 118973, 127199, 47790, 189397, 745, 27494, 327156, 492234, 309729, 36110, 358382, 362908, 299226, 73747, 257417, 148301, 404271, 397828, 377100, 237897, 267373, 446982, 43648, 441672, 390294, 333201, 118856, 27772, 373603, 132062, 311874, 427364, 105541, 136155, 373722, 175850, 433319, 141866, 347005, 394902, 419318, 91463, 76655, 199077, 91714, 86132, 164319, 59507, 68850, 259781, 146639, 20185, 427962, 97416, 287206, 166104, 178026, 300808, 82035, 32824, 364298, 233113, 241043, 421919, 444586, 281805, 247948, 132771, 9759, 275292, 54438, 418256, 179320, 81683, 128944, 359488, 437828, 428910, 324221, 476272, 244425, 212644, 278487, 209663, 486511, 345389, 182488, 150715, 353258, 64057, 112122, 60516, 458093, 479919, 290032, 211281, 469730, 281360, 440825, 48788, 316128, 233825, 132737, 428882, 351130, 155733, 480314, 134434, 244550, 471695, 303625, 444435, 134801, 5984, 474693, 420605, 119574, 426970, 304976, 125307, 83711, 45460, 50634, 385800, 32555, 139972, 165267, 17576, 106019, 58833, 360399, 385773, 246332, 380726, 403170, 437179, 169746, 247171, 470778, 207637, 206262, 262394, 103842, 66669, 366253, 363023, 20586, 249732, 475054, 19401, 194225, 460924, 291766, 127783, 108669, 219209, 163608, 236713, 107582, 227163, 81211, 140978, 149661, 207546, 494289, 175637, 189890, 157771, 214810, 176596, 80599, 408705, 468977, 269237, 108837, 117825, 344678, 209297, 94474, 160518, 225662, 27399, 196900, 255927, 271915, 78349, 337073, 59552, 293992, 111930, 203470, 323862, 35045, 89419, 289348, 241066, 209920, 286496, 134236, 267061, 154988, 135805, 87756, 411318, 262049, 227982, 331464, 164731, 182757, 334354, 352170, 498703, 462410, 331849, 106218, 444758, 224064, 27522, 76695, 226368, 152908, 303701, 64422, 409187, 360391, 94149, 450554, 413207, 180438, 145737, 446999, 333717, 79198, 365664, 5018, 168393, 271399, 259876, 407045, 136818, 65201, 64263, 382136, 271178, 102794, 155917, 499856, 57240, 459079, 403730, 141642, 61416, 489627, 255865, 8449, 403363, 255991, 230987, 284794, 365468, 484544, 100983, 155034, 34446, 177150, 356812, 470160, 387646, 15207, 432562, 375976, 103750, 125285, 142059, 94681, 262745, 215839, 305963, 314421, 283576, 481080, 331946, 23687, 449079, 71949, 289994, 186769, 171863, 474134, 32157, 482895, 172239, 229719, 109068, 250546, 45766, 398253, 128667, 151269, 90332, 409844, 99460, 262790, 127951, 149594, 113317, 495174, 201530, 379511, 176120, 81369, 121404, 120508, 342328, 459131, 83968, 211428, 447517, 12908, 70571, 35398, 57404, 2379, 489849, 360486, 318081, 155554, 454139, 414691, 313087, 209225, 337398, 380695, 442297, 445153, 388252, 194514, 476485, 116525, 80487, 38357, 252274, 384707, 300468, 34167, 231391, 452190, 144963, 412285, 144879, 42447, 366753, 248435, 3938, 201712, 189101, 355819, 97387, 261809, 11158, 70942, 178848, 265622, 358392, 163275, 352747, 185921, 486421, 155653, 232336, 445127, 310759, 99673, 223428, 202654, 280194, 43304, 313, 358537, 340291, 259081, 92229, 35091, 392341, 207961, 11311, 10625, 63364, 260059, 95485, 234347, 1320, 314043, 214452, 347126, 57334, 23108, 226301, 305085, 427605, 356157, 485403, 210518, 45748, 392095, 105597, 340017, 174025, 247851, 147546, 76955, 261377, 96188, 309197, 266846, 204373, 8451, 52751, 279741, 355660, 378815, 210202, 79814, 286931, 420284, 389203, 337712, 207773, 390976, 280685, 90941, 183231, 279563, 485027, 279814, 243646, 331451, 439311, 379452, 343226, 467439, 242863, 103180, 435333, 313883, 135188, 167131, 213118, 485054, 458836, 202834, 63828, 496878, 310293, 434765, 466458, 449019, 80888, 162731, 370731, 251839, 303588, 38064, 56089, 498719, 432241, 79262, 21699, 409785, 177728, 230695, 400012, 352598, 421549, 316936, 374869, 368601, 394015, 10077, 449432, 222521, 94065, 73667, 432924, 101094, 94369, 233373, 342789, 12109, 97637, 271015, 310671, 387498, 18689, 4228, 356859, 345848, 250637, 257537, 374841, 102244, 212604, 97428, 132258, 85888, 434644, 167792, 383817, 86674, 60635, 30062, 248687, 78283, 332640, 303468, 251467, 38994, 244399, 448578, 318306, 444218, 387348, 31088, 92813, 442648, 463133, 3273, 139976, 118575, 310820, 438251, 363100, 192655, 435287, 145823, 309969, 491111, 461878, 375168, 341345, 414284, 351235, 370674, 342284, 376884, 434470, 174428, 387216, 62404, 463749, 122956, 34338, 353999, 172074, 115805, 142495, 276868, 81357, 271860, 236950, 227551, 445536, 462112, 485659, 48147, 87145, 484521, 319956, 460446, 471918, 148076, 177659, 125525, 353655, 346438, 27344, 266364, 125788, 419618, 93131, 367216, 218813, 262346, 257588, 253736, 290028, 62418, 388726, 136165, 76096, 414600, 381727, 482666, 45874, 249322, 467822, 154470, 164619, 230442, 491179, 107689, 19030, 163431, 254822, 88256, 345313, 345802, 50031, 454297, 151574, 206910, 40531, 62264, 280452, 228025, 13353, 211827, 342020, 240896, 368356, 265133, 54878, 108524, 490918, 179594, 41117, 495623, 405132, 225978, 134815, 302279, 339050, 278175, 174330, 447806, 140184, 143732, 322978, 217206, 72806, 69896, 126798, 83961, 84135, 283437, 414340, 31352, 453771, 63878, 71914, 162543, 62229, 287988, 45891, 293543, 68111, 10577, 200237, 195658, 119049, 189127, 264656, 114323, 280510, 121272, 433643, 373398, 471621, 422371, 235579, 230993, 448224, 72804, 59064, 117070, 70923, 72684, 365690, 41169, 295327, 310575, 342105, 273972, 321931, 381896, 5875, 342543, 14064, 420232, 198215, 396062, 15609, 161972, 261349, 196535, 349639, 3032, 319947, 486851, 436147, 462934, 446946, 296271, 232249, 272986, 352533, 308950, 495634, 332573, 285930, 284569, 71680, 306342, 110761, 233621, 351330, 184335, 35270, 125311, 239084, 330390, 257543, 496101, 232553, 339100, 466780, 187892, 275035, 37584, 482583, 48081, 344684, 402635, 226231, 297182, 109529, 73043, 288923, 222560, 314744, 361149, 1755, 375219, 95896, 304061, 94487, 383233, 322132, 476390, 290163, 236600, 59506, 75102, 221279, 93986, 11808, 421507, 90480, 21299, 3482, 101496, 16440, 110659, 228988, 485420, 330332, 431168, 252135, 391988, 244155, 137181, 95739, 282825, 451772, 344144, 134241, 180027, 257073, 449021, 358387, 61357, 247597, 122001, 376779, 262963, 356611, 305134, 182273, 441388, 57812, 72398, 331174, 112638, 410448, 441662, 386436, 455399, 249133, 76080, 309279, 76208, 474072, 270949, 135671, 10617, 226697, 217890, 22276, 473183, 183657, 336520, 315416, 401919, 285529, 461104, 51749, 210518, 216043, 188918, 241676, 130105, 394003, 383971, 315717, 14435, 430868, 407404, 318362, 268266, 230662, 481599, 478058, 452533, 21034, 44509, 481793, 174842, 461761, 402907, 341920, 368291, 474699, 213775, 193814, 213935, 374848, 495262, 399102, 436137, 5292, 387923, 173945, 245553, 3911, 287685, 180409, 196914, 314174, 199136, 195830, 118427, 103503, 57646, 305780, 1624, 294299, 274419, 29763, 130838, 218186, 303327, 196076, 316357, 42593, 252801, 130083, 298208, 262888, 281915, 38482, 223515, 8839, 138886, 145164, 422976, 227929, 240723, 152532, 316969, 231229, 19096, 337622, 479131, 229477, 333686, 269450, 176031, 61401, 78099, 266872, 432554, 141720, 492855, 239418, 389507, 368383, 223891, 329060, 413022, 415210, 361119, 136641, 192871, 31427, 124816, 354686, 226754, 305281, 154924, 154186, 101971, 181537, 93761, 142237, 137776, 919, 74795, 69045, 230916, 84307, 19623, 262400, 356707, 54260, 477019, 394830, 401981, 420568, 305394, 343098, 208868, 343863, 185160, 131673, 258790, 200183, 286481, 102026, 305591, 148112, 21725, 480450, 398654, 269249, 350619, 357689, 438758, 280743, 342091, 341906, 429058, 469371, 484254, 391504, 69103, 211052, 143057, 319084, 426522, 127956, 7811, 330290, 499131, 267122, 249410, 288645, 421040, 245684, 371480, 366360, 182911, 325260, 154796, 450517, 435611, 119269, 172306, 172285, 178252, 336689, 57929, 142950, 262100, 257722, 426036, 452333, 294766, 103166, 491320, 83780, 464671, 184759, 179466, 42077, 463940, 229965, 78173, 382195, 216608, 460865, 156369, 248521, 190698, 449952, 378895, 288021, 121967, 398645, 482113, 217228, 204647, 256547, 360557, 6452, 94125, 490538, 402462, 229219, 273321, 474447, 327820, 57296, 433170, 381582, 194036, 464832, 9856, 451397, 139016, 105063, 342252, 332816, 183149, 392764, 465476, 202470, 68715, 141325, 285779, 41892, 168632, 251939, 298734, 171648, 95638, 3988, 175215, 428051, 262404, 26292, 105120, 244169, 409051, 497025, 75966, 156626, 399974, 464778, 306125, 321173, 203030, 119283, 373196, 349591, 348116, 276524, 494544, 174867, 65547, 477085, 198152, 166801, 437755, 295488, 448856, 245619, 386239, 477031, 392112, 442139, 406348, 232354, 399081, 477484, 391920, 234412, 35059, 80820, 52711, 50254, 319247, 385486, 171342, 162834, 46972, 481129, 182592, 421880, 182877, 111817, 128320, 216106, 13952, 403957, 4380, 479666, 42816, 467756, 127827, 207726, 6074, 30688, 322638, 486067, 225148, 391727, 120545, 50593, 341145, 497202, 478379, 108460, 422353, 22691, 62196, 108387, 424518, 169112, 330699, 378073, 156513, 338463, 348341, 173252, 452458, 257993, 333961, 472338, 480226, 325916, 375543, 152667, 467832, 331511, 33873, 467120, 36309, 453840, 482036, 265163, 499929, 378327, 150773, 446768, 130577, 405476, 368199, 359255, 456035, 247939, 126444, 138147, 60324, 419191, 214833, 359089, 92096, 347049, 412426, 235570, 387618, 382953, 178613, 443841, 36661, 318040, 180673, 320148, 241299, 487216, 304158, 190920, 35111, 145165, 435362, 208842, 83757, 444476, 189962, 440771, 393219, 284900, 424963, 269045, 315213, 94929, 118659, 289732, 114146, 59560, 36501, 432888, 132035, 321903, 263284, 388320, 284707, 44989, 355919, 412591, 378995, 153528, 486354, 227459, 228491, 288139, 180754, 319816, 472542, 293694, 487333, 105271, 11651, 253360, 952, 12271, 26369, 194684, 306620, 441877, 65281, 389767, 133705, 225335, 378522, 105490, 186221, 242678, 60629, 269378, 68709, 360428, 64936, 403467, 257219, 436218, 448433, 179796, 271330, 349758, 446677, 356266, 234470, 441024, 394203, 427173, 100435, 499938, 74457, 89448, 417279, 13408, 447451, 103140, 103923, 164721, 425606, 387257, 394745, 294653, 453337, 279257, 355768, 422145, 42644, 352832, 262248, 371416, 470112, 250270, 132523, 341202, 457439, 472573, 493007, 376442, 209804, 210230, 480689, 456551, 125816, 28766, 280534, 124227, 20934, 102542, 336570, 9627, 243295, 60325, 141046, 169145, 358905, 311727, 432586, 144627, 300456, 460678, 338229, 141735, 112519, 221620, 496064, 43340, 197927, 398127, 435699, 486413, 448693, 457448, 247076, 295192, 303144, 315648, 164620, 310425, 315912, 188997, 281601, 10183, 271829, 181998, 40842, 342211, 475547, 71782, 273976, 485543, 331114, 99966, 391634, 213495, 399124, 290519, 222637, 164429, 295755, 451028, 248426, 359504, 307473, 481696, 278403, 222994, 464240, 468202, 26638, 400599, 233669, 183910, 366941, 321624, 469227, 73983, 416398, 325747, 258703, 382560, 207500, 88888, 377840, 116545, 110619, 413298, 69727, 464823, 481624, 271789, 341615, 476835, 1596, 214933, 158344, 442269, 477749, 243451, 136186, 411469, 351329, 423906, 371345, 253120, 161256, 80367, 84845, 194499, 285774, 194413, 81522, 434406, 481908, 470891, 295132, 206168, 265231, 145630, 308220, 220302, 103403, 470730, 287518, 392302, 384190, 33069, 238374, 365909, 269268, 290755, 232710, 398562, 68546, 230979, 371449, 404852, 219329, 325286, 215546, 458312, 436073, 43032, 834, 68264, 30895, 373437, 283883, 80347, 199904, 336283, 130235, 356425, 63510, 315073, 289291, 140801, 221582, 379004, 226569, 208673, 115038, 425411, 442633, 351150, 37095, 390520, 254052, 415628, 312084, 148662, 492318, 53795, 10615, 250515, 157904, 218987, 245026, 178086, 290124, 421428, 67033, 117841, 494194, 2108, 328890, 320345, 269674, 191473, 221067, 207922, 38545, 376825, 263853, 411456, 426991, 221116, 238573, 1195, 471918, 314838, 494745, 383765, 198501, 317737, 85386, 177132, 18900, 320383, 407507, 435996, 405778, 192312, 149715, 485476, 335237, 297929, 488087, 339188, 377827, 151551, 154874, 410606, 85326, 329374, 455434, 295726, 378495, 199576, 291138, 350187, 341107, 345242, 184751, 9930, 118060, 309164, 177511, 260489, 277888, 398184, 331796, 75284, 436833, 106314, 48018, 411857, 333506, 496275, 453745, 118387, 19467, 236434, 390926, 423667, 103063, 303749, 163184, 159406, 427463, 415607, 145069, 477227, 302218, 324354, 88545, 396367, 327956, 31595, 460230, 96046, 138861, 357236, 322025, 379590, 335481, 478466, 240190, 268189, 466727, 334354, 484945, 89960, 164828, 437654, 250904, 6642, 399071, 283923, 384948, 38213, 235201, 326440, 351300, 40068, 480833, 147785, 54825, 374976, 336717, 19349, 366593, 71217, 286929, 472108, 79737, 607, 176087, 27114, 14374, 403421, 144659, 47524, 354864, 452776, 229844, 368360, 279418, 295258, 14216, 270560, 134038, 439874, 236722, 373684, 161661, 354321, 318780, 368881, 139694, 330890, 63270, 383611, 154497, 259168, 382768, 151728, 457869, 230459, 91942, 365099, 151739, 215438, 332310, 293391, 338683, 154104, 226164, 309374, 16339, 246752, 56020, 357100, 438204, 62678, 334158, 361487, 383024, 330310, 434519, 175414, 182811, 404882, 15061, 286128, 456463, 399776, 146317, 329384, 92318, 44742, 333203, 408681, 52039, 171868, 475748, 421313, 205161, 296843, 229986, 60938, 215498, 227286, 325698, 41623, 262557, 397862, 354940, 121436, 238243, 285221, 225245, 466896, 291781, 229220, 409527, 372761, 353845, 329250, 326235, 67083, 121293, 483849, 343012, 97735, 327464, 279481, 1976, 348517, 231318, 255754, 298232, 148308, 84509, 200380, 48244, 456714, 457110, 449651, 484399, 276499, 441200, 405631, 444040, 77265, 413806, 339424, 393944, 351756, 162572, 153626, 206803, 239119, 232719, 344643, 98931, 413906, 301277, 365638, 36338, 71615, 193173, 190129, 58952, 345686, 130404, 63074, 123109, 373015, 305163, 270308, 109398, 414701, 256210, 281134, 193844, 364801, 36704, 117082, 183266, 418644, 355343, 214070, 91312, 453151, 78363, 62726, 97440, 423020, 395480, 446717, 381248, 251165, 406877, 139674, 321337, 487864, 246458, 234459, 424226, 42492, 216992, 372229, 269513, 291491, 279068, 407043, 242560, 304860, 82142, 232069, 167872, 113992, 32311, 271429, 429361, 188070, 57940, 188353, 136812, 135511, 497021, 351434, 421640, 100605, 337485, 427336, 400331, 108138, 102233, 342691, 362329, 170007, 181114, 234888, 152026, 251367, 364343, 385143, 101417, 439004, 85949, 356214, 305444, 274834, 149242, 145590, 288591, 490389, 73088, 348162, 70727, 180767, 195626, 465229, 212063, 1672, 273673, 324933, 77555, 83356, 302939, 110326, 355889, 495253, 192629, 315584, 223278, 454889, 462308, 480996, 372356, 32051, 93065, 383974, 321919, 304854, 478878, 41256, 306940, 9288, 188423, 38494, 420255, 6342, 489094, 371133, 261954, 463009, 65388, 437732, 339199, 483861, 141259, 402200, 313691, 55041, 169035, 456923, 36654, 14146, 317039, 397697, 181369, 123200, 134783, 330606, 476045, 438194, 389120, 390930, 185460, 434912, 55088, 292805, 421349, 135204, 167877, 392060, 83662, 369699, 438612, 414598, 262517, 166817, 421893, 84010, 59160, 429946, 65583, 218018, 422907, 382665, 232486, 335784, 266706, 422273, 110309, 115853, 191721, 197866, 365369, 250764, 206292, 226725, 354687, 323821, 29536, 121945, 425402, 61065, 407943, 480204, 445098, 372028, 415554, 199067, 138768, 356166, 56446, 185553, 338009, 455107, 14449, 425441, 56790, 466882, 194160, 301686, 246426, 20851, 173306, 360990, 275291, 268993, 364296, 306131, 19682, 362914, 431007, 39446, 389754, 138188, 449348, 476288, 61299, 343744, 71595, 349104, 225583, 82619, 241370, 45187, 37724, 439219, 130429, 492129, 376454, 417612, 253296, 48581, 457413, 445464, 334941, 496849, 254535, 187765, 163741, 181239, 194389, 91551, 346312, 230189, 446340, 125345, 430100, 487436, 239329, 477588, 495910, 332865, 240505, 436234, 193302, 215886, 206511, 54930, 298568, 22870, 282111, 307447, 148178, 333563, 497095, 496882, 387187, 469088, 419439, 71512, 312536, 207556, 403951, 121699, 308760, 462034, 47685, 427777, 228681, 467095, 98543, 316704, 174850, 339089, 266632, 15962, 257422, 180191, 77438, 28299, 46948, 415267, 499297, 276691, 494666, 77474, 354312, 76697, 183203, 141409, 140652, 251665, 261417, 154187, 332912, 396514, 39394, 444296, 296060, 145043, 285558, 349113, 119834, 420060, 170992, 278336, 270767, 145508, 496246, 451091, 68960, 420376, 20505, 234338, 103809, 327851, 395603, 308442, 399422, 145754, 113302, 451915, 257889, 206999, 90812, 175886, 286479, 238465, 315268, 145369, 283559, 140947, 448501, 172576, 236829, 188662, 331349, 403501, 119493, 249940, 202555, 436930, 495849, 283885, 231880, 149327, 105430, 437768, 149564, 374733, 200966, 280552, 123492, 133528, 476601, 323824, 326295, 198676, 33515, 153595, 155349, 449920, 40760, 219679, 521, 188764, 433926, 452077, 4905, 277402, 142651, 397477, 92397, 209895, 55851, 370765, 459464, 128063, 6858, 355279, 414646, 392052, 472894, 68044, 180033, 292282, 187050, 213189, 66718, 132282, 296690, 364882, 176657, 451180, 123326, 166240, 416251, 473242, 270770, 488391, 14764, 256888, 414226, 331105, 441947, 390746, 384287, 65961, 170270, 378941, 280030, 66785, 429198, 174279, 318222, 125086, 188575, 264983, 465583, 324542, 174639, 136340, 347832, 467431, 163348, 169177, 42751, 210254, 480607, 70977, 459716, 77694, 297203, 144303, 298261, 155566, 15681, 425766, 123803, 258617, 306925, 134918, 407363, 328774, 387380, 103061, 331769, 244764, 137328, 240401, 102876, 357425, 132549, 481263, 458639, 49046, 32808, 77109, 184715, 144003, 114848, 127132, 416104, 183116, 392400, 274766, 456793, 175249, 257849, 351134, 160501, 143502, 457568, 89203, 327472, 250119, 154366, 372907, 392236, 369204, 320567, 334125, 229326, 488475, 341562, 365715, 418475, 161632, 491686, 203810, 370990, 266427, 118581, 242814, 343288, 19699, 77764, 224857, 472700, 305237, 253344, 137621, 257315, 295095, 48420, 405127, 319326, 134368, 101833, 140645, 263685, 299217, 64876, 218885, 247614, 174549, 373368, 66540, 477200, 12144, 216202, 386015, 167442, 176364, 17498, 372824, 451124, 14219, 183654, 6080, 227722, 331987, 76344, 479447, 7530, 200194, 332366, 397286, 100503, 333800, 379324, 410866, 133856, 110130, 387035, 313236, 405547, 278386, 255496, 248451, 20177, 332067, 106177, 238370, 312690, 187917, 300686, 344012, 349818, 83060, 218019, 476434, 126813, 84218, 132518, 270369, 125312, 245697, 366503, 208043, 181016, 310193, 355384, 229239, 326850, 346279, 378665, 141142, 479994, 312115, 128687, 187432, 432658, 355035, 229825, 430738, 37747, 397762, 76706, 241083, 22993, 260286, 375084, 402632, 182717, 367396, 166692, 239531, 293427, 102630, 65154, 260873, 475559, 2551, 175767, 82240, 425650, 436731, 393331, 235944, 367281, 371004, 112695, 225549, 48790, 238098, 450705, 460892, 206121, 18545, 23209, 165270, 175886, 218149, 143625, 291617, 199890, 338270, 199653, 419565, 168068, 483148, 243880, 211511, 58223, 293588, 214477, 132604, 387306, 181551, 441019, 432985, 341298, 463406, 454672, 497207, 249557, 230388, 304918, 27525, 178886, 83031, 166984, 447143, 298104, 48705, 369211, 345950, 139089, 379566, 393355, 73414, 429830, 162260, 395294, 496369, 55477, 415571, 348605, 375270, 476975, 380764, 494565, 10344, 415809, 61031, 329893, 369773, 344680, 284320, 445479, 10672, 80376, 325067, 376280, 372609, 116428, 220966, 264737, 496051, 307945, 258974, 163956, 392101, 137736, 435572, 455480, 403693, 301328, 29088, 98926, 255104, 307902, 493231, 62510, 436131, 324981, 32444, 413336, 354077, 203965, 437058, 332639, 143922, 364005, 127975, 479996, 110972, 422677, 402483, 288003, 15745, 273140, 373563, 112501, 12770, 465564, 235986, 112779, 38984, 379063, 445102, 115084, 435238, 484279, 346238, 336343, 165021, 424306, 181720, 71491, 475465, 180109, 130968, 288353, 202721, 257911, 497169, 417442, 242636, 97672, 138554, 495062, 183115, 128104, 294653, 201714, 399395, 443186, 297641, 283198, 352244, 276203, 292124, 34121, 79638, 22776, 52361, 193698, 160334, 472058, 268654, 309951, 447176, 199441, 226792, 22599, 437808, 461888, 213731, 250393, 420551, 394417, 288446, 42377, 376107, 270569, 56499, 56157, 427351, 346535, 285556, 138926, 444721, 162406, 219489, 87619, 181660, 8957, 131814, 199165, 180895, 363676, 454618, 340817, 167174, 112906, 121645, 294390, 119637, 422190, 148291, 181834, 47155, 105599, 78471, 415593, 339368, 345309, 93732, 304102, 349613, 198347, 218981, 224732, 7963, 219524, 339404, 491030, 241581, 199719, 32952, 121219, 467828, 31877, 384157, 146608, 424315, 430591, 45615, 404152, 474073, 197016, 23903, 441073, 462655, 413900, 484550, 401377, 441528, 92202, 348802, 35699, 196412, 472867, 343965, 264839, 305385, 318715, 453586, 460324, 115917, 218552, 278719, 483122, 81319, 312975, 224342, 243421, 190258, 314528, 110468, 495808, 165513, 249541, 264835, 35317, 364398, 219075, 343172, 107475, 230454, 385784, 498857, 319611, 32544, 488311, 228686, 434983, 307390, 54177, 302199, 92285, 329063, 156294, 408347, 347125, 476921, 90367, 426300, 402536, 342888, 480836, 110382, 1946, 282395, 446593, 351572, 312031, 304904, 201942, 149933, 435436, 231942, 315455, 62907, 408518, 12678, 86102, 191848, 272975, 408530, 333471, 370470, 42542, 2427, 359241, 415035, 320869, 373644, 498685, 324350, 141947, 70450, 353887, 75267, 367790, 426898, 58613, 135305, 204288, 177591, 247051, 237328, 223862, 276215, 176842, 454970, 413447, 212891, 177010, 318441, 71585, 25213, 123549, 320392, 388239, 195927, 159169, 337908, 174696, 191211, 265722, 42026, 87513, 291236, 445183, 30594, 123842, 128918, 428209, 492971, 225245, 235263, 328294, 86126, 477432, 114441, 377844, 336245, 316889, 411866, 470327, 102813, 485138, 143395, 12070, 20377, 91562, 337634, 433731, 65258, 24316, 115488, 470080, 354152, 460230, 79640, 355409, 494998, 312913, 1289, 181169, 401721, 199960, 496375, 87058, 13011, 462963, 371856, 454385, 78314, 227959, 499856, 188718, 137856, 145457, 276786, 350812, 48227, 138805, 250823, 432794, 352265, 148865, 373069, 398276, 190702, 383728, 161, 55887, 62263, 480842, 143749, 254383, 237989, 370607, 243514, 74610, 479636, 32548, 114918, 278230, 133570, 158233, 91516, 58396, 341067, 329030, 439013, 333569, 15778, 76977, 295821, 164850, 426316, 114447, 109443, 387491, 227856, 367426, 371493, 53739, 474741, 217401, 132083, 92223, 464771, 424397, 399865, 117779, 95332, 384132, 276764, 462411, 156680, 375923, 374923, 113332, 65155, 72668, 55872, 374240, 421338, 262864, 381220, 499524, 301121, 34832, 144109, 374007, 433943, 220864, 307328, 36028, 383056, 82086, 186393, 26247, 119358, 428231, 170445, 449123, 108004, 307245, 179144, 161564, 220967, 220057, 454624, 6468, 20660, 418966, 354701, 494045, 34408, 452222, 16583, 412618, 65181, 193951, 81554, 222212, 293169, 136454, 253436, 200103, 211119, 9124, 346392, 228630, 259109, 227664, 435490, 357654, 440490, 6093, 134209, 373221, 283510, 31979, 317692, 362568, 377808, 230583, 479292, 249192, 118811, 439373, 438521, 360598, 199720, 56952, 247324, 433810, 499592, 57913, 156289, 328098, 438245, 433511, 301066, 135828, 189026, 433987, 384427, 280164, 294921, 97172, 343980, 337467, 238084, 439908, 285788, 155137, 274794, 430286, 67084, 291816, 47938, 239064, 474339, 266181, 132583, 238500, 120332, 193480, 406925, 166204, 198681, 120840, 35987, 480118, 153017, 467120, 425101, 136090, 419680, 115792, 307114, 457750, 252815, 373308, 108807, 372190, 263768, 42702, 352641, 207863, 342337, 451213, 128588, 213993, 455082, 112767, 111265, 250491, 314273, 300475, 171078, 161913, 320545, 468364, 482599, 19387, 453193, 406837, 56412, 469345, 476082, 187220, 433432, 380913, 251216, 252588, 262711, 137472, 661, 210706, 420064, 251141, 343330, 486152, 443101, 80184, 175266, 130496, 384965, 184634, 482259, 305494, 131718, 161989, 439263, 148716, 466366, 155218, 139258, 69695, 382924, 332408, 74172, 150195, 402209, 113259, 297598, 469470, 331381, 298390, 420227, 383215, 86384, 22239, 303563, 187724, 16173, 201705, 373167, 120638, 253799, 339718, 245608, 451911, 452879, 188580, 51311, 225484, 226404, 457901, 292048, 205727, 462420, 209603, 431762, 345552, 168589, 95355, 373750, 42618, 23937, 315216, 433767, 207285, 82022, 205554, 380720, 428513, 339830, 441785, 222044, 287288, 202776, 332111, 139896, 152187, 260139, 169492, 356539, 434183, 499365, 323976, 166912, 53120, 50745, 255556, 158544, 202093, 241062, 130921, 354260, 170998, 171169, 365480, 446279, 428074, 235531, 300607, 32703, 377055, 190029, 64637, 458799, 5169, 18418, 229014, 351122, 394646, 386672, 314471, 104199, 156546, 50435, 14826, 388016, 15931, 31413, 337256, 480372, 289607, 254782, 216075, 294909, 354734, 30069, 187285, 141504, 228336, 141352, 323686, 236043, 453503, 262833, 359981, 143846, 497606, 77799, 282149, 140390, 123189, 258484, 106515, 128466, 450934, 494871, 387945, 262323, 464709, 251650, 36043, 308135, 245330, 464774, 459794, 462360, 9056, 283024, 312911, 420644, 334826, 75180, 385230, 494583, 100308, 447256, 14048, 16220, 405320, 251302, 496232, 284037, 447237, 498741, 48725, 273957, 244169, 416464, 314905, 330180, 157477, 305246, 100425, 422197, 59658, 5062, 463815, 20558, 278300, 213203, 41813, 474876, 402335, 55498, 161741, 306150, 335416, 159839, 343162, 3121, 379051, 50238, 176933, 109919, 273107, 6468, 449731, 263573, 344960, 158546, 472889, 425491, 464744, 254928, 314662, 409276, 41359, 104216, 240225, 348625, 334179, 485114, 438828, 104998, 490222, 171020, 359308, 141857, 36620, 80258, 491437, 146915, 395843, 372588, 397116, 362159, 444509, 19293, 172332, 112694, 270026, 465924, 123610, 97368, 197528, 474210, 476471, 190406, 201386, 294427, 209808, 146298, 301571, 74096, 63439, 250597, 464931, 407212, 327983, 188427, 243211, 418913, 12483, 346742, 437524, 175942, 175548, 496927, 25639, 321605, 30638, 110363, 488514, 460199, 398007, 449008, 100413, 146722, 218743, 131990, 408190, 205504, 494790, 330281, 348845, 129115, 272329, 292564, 403214, 292376, 430913, 38748, 35819, 80060, 495763, 223577, 367044, 242107, 295620, 48705, 468916, 430055, 380040, 120327, 179637, 477222, 152568, 194384, 54258, 169620, 403268, 323386, 470288, 425289, 47427, 99922, 264954, 404360, 253564, 48438, 447979, 490629, 270987, 428858, 431387, 201568, 363776, 207499, 51880, 148198, 385808, 153385, 36946, 397263, 310437, 81409, 239863, 431562, 467297, 123898, 353676, 63396, 59016, 115356, 101073, 493618, 161234, 440544, 227941, 118649, 143141, 468346, 167601, 498069, 77598, 162258, 282983, 202860, 163654, 281744, 453520, 269473, 487851, 244674, 103967, 62374, 195276, 394227, 436362, 173400, 144237, 231417, 376379, 205337, 139766, 386415, 250207, 440978, 93153, 62252, 47391, 258814, 492200, 93902, 199666, 138070, 377120, 179015, 471323, 404911, 323697, 286576, 472408, 272123, 266866, 473569, 297044, 457029, 164222, 230236, 340893, 193209, 114745, 266809, 416861, 120136, 351239, 1350, 183269, 496661, 165242, 418103, 130185, 152259, 121783, 329714, 53010, 85781, 493349, 9477, 262945, 186404, 428576, 322816, 365333, 372171, 60066, 339311, 195745, 428470, 79386, 120670, 91668, 168403, 420894, 479738, 383553, 130654, 289677, 279739, 408114, 374364, 468874, 317916, 238820, 459940, 45333, 406338, 406199, 309648, 31963, 357062, 210353, 365040, 456091, 124975, 192874, 212212, 97124, 136928, 458424, 166971, 161644, 458026, 359976, 24289, 191752, 496428, 179245, 385109, 244353, 164560, 484901, 378949, 337219, 431376, 348647, 382163, 70718, 379108, 148389, 349011, 484782, 176433, 494088, 461262, 344309, 394902, 62709, 492796, 306001, 199458, 146394, 123384, 36786, 257302, 400670, 388007, 68968, 447103, 27766, 369543, 374645, 164310, 491496, 368468, 395903, 114933, 67593, 371266, 160039, 78043, 483151, 105743, 97163, 354301, 125172, 401805, 132971, 4021, 93313, 325056, 87409, 390681, 190295, 279049, 275281, 160264, 440987, 13534, 88525, 94946, 12184, 296817, 181142, 348450, 348062, 380226, 204748, 397086, 498814, 181314, 158410, 222171, 366361, 35326, 262817, 25290, 193838, 265479, 161166, 148073, 15422, 458129, 132339, 415054, 6312, 143146, 307064, 280413, 147342, 403487, 406871, 389319, 66312, 220085, 72106, 337055, 338674, 63333, 88325, 267789, 401322, 142353, 172017, 247973, 346785, 446027, 225923, 172387, 397516, 468389, 379037, 262615, 19476, 178504, 325353, 15497, 157882, 230532, 231028, 310677, 140139, 391799, 448403, 484079, 89424, 409222, 314379, 359032, 412768, 51721, 254053, 388518, 140342, 442316, 438404, 233756, 314667, 324974, 313770, 255258, 267195, 295923, 161122, 435312, 51305, 229587, 37869, 3855, 475448, 436533, 72049, 31154, 303652, 324386, 35052, 153512, 96975, 329749, 82774, 347982, 372743, 117973, 395294, 388088, 202233, 332493, 50750, 491357, 129243, 312359, 132748, 222222, 32900, 130364, 326960, 386397, 474405, 363765, 426394, 63012, 419480, 446754, 92164, 285625, 334045, 130003, 63163, 393784, 165898, 257881, 58567, 465689, 67704, 162075, 468346, 150364, 392396, 288948, 71731, 122884, 360405, 429119, 139689, 112782, 369588, 188735, 392076, 412170, 377319, 169434, 322401, 39411, 351550, 419494, 57643, 318497, 372048, 87567, 137338, 393570, 173041, 452164, 407418, 37613, 491650, 124533, 494903, 352509, 403835, 106784, 258686, 262147, 180193, 263860, 284368, 328979, 18469, 206937, 226739, 158415, 219086, 362897, 315387, 94243, 283916, 30726, 71569, 252867, 440970, 280532, 85409, 57687, 34521, 43751, 175386, 447612, 21635, 396777, 166237, 208505, 283944, 92700, 400052, 223532, 436311, 443182, 319813, 360071, 31097, 169570, 112700, 307771, 324864, 304198, 22011, 346786, 303892, 246815, 5, 423618, 139153, 311921, 302413, 149163, 336823, 215569, 267538, 388013, 265934, 39925, 113934, 33784, 304706, 89257, 477832, 125593, 336989, 187422, 124619, 300170, 499608, 154669, 94221, 99074, 426509, 490097, 207247, 57262, 479395, 217915, 364646, 183142, 171574, 135736, 275131, 78198, 94367, 412164, 272707, 312831, 243089, 385720, 57509, 134449, 323800, 476838, 317880, 314083, 395179, 296499, 157257, 345560, 184427, 294115, 288136, 312256, 35040, 314481, 47992, 230680, 120857, 266696, 407577, 453127, 152535, 317365, 437396, 256892, 417483, 448318, 490960, 372066, 147369, 324802, 62262, 380195, 128310, 55236, 183260, 265915, 239890, 243684, 409173, 82432, 196764, 61574, 88487, 107927, 288553, 130621, 324214, 379139, 198737, 177200, 92651, 87840, 422821, 497652, 421605, 483791, 18477, 111973, 237436, 324371, 36044, 342659, 491781, 410092, 321, 77083, 102830, 273127, 453051, 333478, 483086, 85958, 451652, 401011, 113900, 382198, 233405, 352138, 339310, 325720, 460024, 138512, 240985, 160486, 402301, 386262, 285357, 157580, 457770, 264849, 21613, 65958, 280104, 32587, 197752, 61201, 196489, 308741, 320878, 347241, 126043, 87875, 425124, 21117, 93902, 55526, 255643, 161171, 340603, 86386, 425350, 294342, 225554, 409942, 281061, 120266, 49285, 297073, 84944, 228531, 296545, 330067, 203277, 125221, 154481, 295308, 496162, 75471, 311418, 335212, 299942, 57792, 209840, 131735, 249080, 204424, 345288, 185616, 247956, 424607, 190553, 173883, 327467, 129367, 294862, 122007, 46522, 31116, 97748, 338650, 409974, 18041, 77244, 250072, 159232, 165523, 8711, 446946, 64335, 256666, 478097, 404029, 432385, 359863, 11796, 131462, 354904, 129899, 302183, 153299, 94702, 412174, 445846, 257176, 202198, 365585, 480974, 429184, 403929, 320521, 69018, 365819, 161163, 420208, 249758, 451583, 196185, 254411, 452451, 380790, 281974, 326851, 128764, 285367, 119628, 49722, 17499, 160993, 453012, 467471, 97516, 58491, 362063, 266257, 263540, 421725, 211257, 109691, 322435, 41767, 230422, 223001, 145012, 110485, 168208, 471718, 248929, 277060, 133735, 265325, 329580, 246218, 290003, 186897, 97421, 479448, 355921, 451175, 258807, 472229, 133101, 63808, 457695, 79464, 91351, 6511, 91405, 284837, 330426, 18125, 283547, 61644, 106286, 92390, 362997, 114766, 248892, 174245, 311119, 271553, 365722, 371128, 149500, 49425, 344391, 450143, 328335, 458740, 146449, 385838, 67118, 386564, 197367, 280666, 68471, 228211, 485467, 404660, 471433, 161993, 373593, 220684, 194058, 388970, 414058, 374406, 495813, 248633, 123589, 322962, 110866, 196137, 395007, 143139, 395525, 425425, 155490, 265380, 77783, 290985, 267036, 8020, 489672, 33324, 382059, 448550, 282981, 412461, 219726, 32122, 131502, 137616, 247515, 219057, 315265, 301529, 188743, 351222, 360621, 31057, 227979, 232190, 410089, 218220, 239984, 428361, 71359, 245564, 335827, 128501, 67379, 448080, 474923, 420853, 106092, 164733, 988, 457393, 441412, 286568, 263270, 343420, 180913, 100689, 183389, 43143, 437537, 379743, 493273, 42251, 397044, 49246, 34606, 481732, 463097, 149690, 431168, 197714, 363299, 244858, 222254, 351973, 344726, 146472, 213016, 386468, 110304, 491024, 413535, 327650, 441771, 35584, 407539, 238221, 180554, 356777, 143317, 296462, 83430, 34992, 192590, 348904, 30753, 210339, 292915, 193739, 189992, 138658, 260108, 323214, 298200, 210841, 51053, 353283, 192742, 119839, 458641, 286528, 373398, 96208, 477641, 254226, 286357, 140128, 497487, 281466, 34048, 161723, 83488, 354163, 476489, 48505, 422948, 116900, 472507, 358874, 461894, 111557, 427066, 303244, 44820, 27227, 466374, 322302, 484640, 133731, 343129, 138781, 23806, 138876, 451678, 89691, 462089, 340522, 333290, 351609, 483375, 312299, 103895, 58425, 474175, 304028, 275171, 496143, 491583, 104004, 274674, 380138, 231747, 474594, 263819, 233774, 449297, 394276, 487544, 197521, 461893, 264396, 100704, 469130, 331648, 316606, 176953, 9092, 86648, 230751, 208526, 35215, 481900, 291681, 287424, 495378, 225844, 269811, 266991, 173370, 471601, 241229, 271484, 17824, 306427, 391629, 337291, 125951, 429599, 75930, 444591, 343411, 277405, 147400, 73877, 274256, 140643, 473494, 370784, 169000, 25757, 118497, 418037, 261567, 26506, 262680, 82138, 485930, 75168, 197740, 120180, 62879, 28162, 61710, 250135, 317692, 300540, 381636, 442532, 195085, 172163, 357465, 88559, 232962, 348995, 381301, 169710, 67886, 492796, 179582, 161791, 495254, 404314, 179756, 71452, 310404, 20984, 411584, 269475, 176224, 478688, 451737, 428949, 332904, 84295, 80231, 55467, 495643, 228950, 200972, 23006, 357970, 84491, 65010, 137135, 291228, 386181, 42627, 489162, 311804, 411474, 272272, 471682, 444929, 449887, 195189, 63716, 467287, 1814, 32867, 308807, 105799, 370347, 463987, 161240, 396773, 411797, 304479, 274741, 129239, 227164, 224439, 198461, 192267, 369042, 409461, 262075, 211240, 416361, 495504, 305138, 380074, 400255, 474333, 363438, 380619, 334870, 392241, 72267, 355871, 195512, 453303, 71250, 265127, 128672, 438491, 204116, 462788, 362347, 5451, 254692, 13611, 230600, 101566, 497446, 245651, 133522, 396263, 262582, 267080, 308757, 371206, 132279, 55094, 420452, 422882, 50880, 289660, 300092, 47850, 338859, 378886, 233760, 224776, 209587, 464666, 162640, 4283, 130182, 477690, 313214, 127512, 148767, 747, 158468, 466633, 25349, 302643, 333524, 347608, 113546, 313417, 24813, 372071, 94331, 299599, 16117, 398905, 265862, 93292, 13234, 239539, 370278, 353027, 16430, 494338, 436367, 493830, 397839, 124017, 180534, 258034, 164220, 290278, 367866, 285317, 237193, 86991, 445421, 246083, 217839, 308848, 346899, 101779, 27661, 60554, 39008, 80184, 420707, 209343, 471279, 97579, 437835, 127810, 401844, 89902, 212818, 452691, 69370, 310210, 194329, 432192, 310320, 18628, 469668, 38942, 406478, 46053, 71142, 163527, 286105, 119352, 113268, 276534, 294612, 317199, 404138, 472752, 384647, 358629, 291795, 76532, 475512, 453782, 498382, 476094, 155085, 188520, 244521, 266651, 366113, 401038, 490353, 432770, 428183, 35058, 80844, 304803, 144544, 90494, 472342, 23688, 110962, 474930, 328005, 238145, 380170, 45718, 202280, 187292, 363597, 323320, 82271, 96124, 448759, 314128, 25911, 490485, 468915, 491151, 130795, 177315, 447296, 320184, 85473, 293778, 61999, 99556, 56809, 224293, 175254, 340071, 195981, 488674, 357098, 470679, 288066, 325294, 180906, 421673, 300303, 108827, 291595, 97091, 279328, 204195, 467307, 106770, 235638, 364394, 73169, 287952, 188612, 395299, 114711, 402648, 134737, 96317, 148401, 481539, 448658, 435103, 375931, 56431, 366885, 348439, 81645, 20271, 371881, 362196, 356709, 72037, 211510, 19352, 128109, 402888, 252426, 445405, 42288, 149691, 13431, 60706, 156458, 190829, 274312, 88992, 153504, 48911, 124413, 156045, 264068, 496490, 165868, 232089, 304022, 300292, 115728, 436462, 239799, 27257, 314169, 107436, 126825, 145705, 94702, 111921, 101032, 84961, 325615, 75996, 371359, 252095, 437736, 461029, 151631, 191487, 251128, 33101, 177294, 370548, 149523, 389124, 81253, 210711, 20393, 40901, 427175, 274328, 15915, 253144, 94606, 351599, 290412, 35484, 78569, 129644, 184241, 432938, 421881, 99377, 206174, 460406, 461699, 124070, 273610, 365237, 179251, 54556, 357229, 130370, 427267, 303798, 150292, 31628, 381411, 5383, 235172, 456970, 466860, 216815, 490488, 49033, 362625, 61893, 361037, 330322, 23459, 297615, 339416, 331222, 18284, 84151, 384512, 350931, 251257, 67158, 253309, 431256, 11989, 211535, 375575, 289556, 387802, 376844, 374760, 265760, 31133, 461419, 196317, 473183, 483959, 138873, 51063, 481003, 74273, 118797, 53217, 382613, 174708, 454439, 65052, 339016, 269837, 86514, 167310, 469519, 347603, 15359, 18471, 439480, 481438, 243112, 285960, 243919, 251373, 308116, 212558, 457338, 199679, 60007, 334621, 492443, 296602, 378937, 277823, 250730, 105336, 427812, 494044, 374837, 152271, 19961, 94278, 187403, 77507, 326384, 308699, 274593, 278881, 45717, 222607, 437341, 363702, 279535, 119205, 194170, 404923, 107500, 127994, 249166, 66213, 21812, 140344, 492625, 377386, 498964, 242281, 3908, 418801, 102372, 314913, 400750, 391798, 159295, 400611, 449014, 301094, 468141, 372294, 331435, 305568, 19263, 475086, 213649, 425351, 183809, 345855, 202792, 166580, 186479, 324508, 74445, 454440, 15480, 367622, 391009, 126531, 133020, 149961, 119002, 141554, 279329, 183610, 148722, 448425, 286989, 218424, 283049, 110297, 433314, 409682, 222625, 448890, 224347, 195650, 466272, 190071, 368225, 402624, 14295, 99795, 172522, 22864, 448942, 472017, 488153, 488529, 142533, 360436, 83845, 28207, 174633, 144809, 289183, 422641, 116481, 35288, 435931, 92951, 434064, 439395, 304587, 447594, 45942, 221287, 256122, 281027, 446449, 315672, 3448, 327588, 386616, 181557, 371874, 196866, 90111, 106093, 447040, 215842, 269373, 375194, 329914, 441492, 184858, 444675, 327475, 86420, 208779, 469564, 244360, 136313, 166908, 276563, 85584, 337923, 28741, 458312, 349821, 482566, 443986, 245339, 7390, 325892, 122675, 104047, 486059, 114931, 292945, 92502, 150572, 292038, 416954, 480936, 217860, 292496, 237345, 443416, 41057, 327561, 199058, 202134, 233289, 28722, 427106, 490486, 286706, 333172, 312346, 354459, 218696, 56535, 22963, 327552, 390160, 406264, 90421, 459127, 250538, 454700, 146788, 454414, 323291, 87639, 251134, 40402, 52806, 106765, 15993, 499489, 266917, 10641, 488652, 347431, 381189, 133337, 107687, 255861, 254933, 262167, 18086, 212064, 25670, 290631, 354660, 2572, 495316, 471047, 160393, 78760, 474848, 164911, 30351, 429686, 416527, 44668, 389410, 70794, 342342, 470265, 468415, 327940, 274872, 226931, 89719, 98236, 48848, 78610, 158891, 49623, 389885, 491140, 499527, 112813, 244431, 46274, 437744, 277277, 237105, 308842, 374570, 181059, 54661, 425389, 405889, 307553, 65788, 142987, 220997, 385382, 428905, 158594, 471455, 254037, 145123, 216745, 316874, 226751, 58563, 348677, 474199, 453868, 134758, 369740, 143245, 31193, 381296, 351055, 245998, 467518, 203891, 120116, 183167, 481673, 230186, 249457, 56587, 487222, 449414, 265059, 471065, 3278, 126313, 370780, 153885, 347682, 278185, 12620, 50891, 269606, 430180, 18503, 286657, 194380, 170764, 332329, 170958, 247560, 393522, 312175, 439968, 147503, 250555, 480397, 139709, 8880, 268865, 447279, 290664, 284601, 1186, 132598, 424367, 370838, 8963, 197399, 80185, 27238, 228811, 117684, 290236, 79596, 35505, 208996, 431752, 310248, 134722, 356373, 71759, 245778, 96417, 284001, 353624, 384683, 49490, 197986, 15425, 418320, 421899, 240128, 221505, 165801, 493930, 224090, 347142, 57587, 384252, 402620, 45263, 448208, 264202, 491356, 292546, 471613, 404859, 364050, 462756, 464070, 260814, 408839, 138163, 403136, 66003, 241961, 3702, 81437, 46272, 465623, 56985, 420248, 88846, 136968, 108997, 386701, 254379, 147745, 449002, 133384, 280890, 485053, 327409, 396323, 380347, 286491, 465017, 3387, 18159, 438821, 367056, 429283, 138659, 176546, 267454, 196638, 383714, 241221, 379471, 329517, 395564, 248172, 299545, 189495, 135044, 400184, 271484, 267833, 245942, 420755, 378293, 415252, 225107, 263206, 469445, 272957, 315098, 215534, 390072, 123004, 61551, 437014, 414334, 334814, 401987, 476391, 33749, 59774, 479484, 228755, 60384, 28189, 312315, 346868, 72580, 169619, 313074, 125164, 274806, 366639, 19779, 292893, 170168, 262574, 323948, 218849, 379305, 118794, 234443, 24935, 200869, 479644, 155684, 104029, 394379, 328356, 78947, 251764, 492739, 463415, 388904, 38356, 454830, 476616, 96493, 98294, 391956, 331739, 158416, 397271, 466453, 407050, 368509, 384727, 26514, 356127, 216119, 341371, 385624, 137342, 170487, 494558, 451587, 350461, 471256, 193610, 340537, 91704, 150414, 479006, 286807, 73521, 394219, 223207, 321728, 248111, 24365, 116215, 189184, 243613, 473604, 428574, 305687, 316360, 481812, 51152, 469133, 88163, 71908, 378704, 235060, 452045, 478685, 167208, 31637, 489864, 128968, 113154, 452936, 137969, 20766, 342210, 451750, 205501, 103204, 490747, 195326, 417416, 379993, 398949, 416912, 33420, 176342, 79035, 235486, 64793, 29715, 76507, 117494, 314127, 348048, 77193, 57362, 294568, 5371, 257910, 265237, 419434, 70289, 371732, 99311, 437627, 296399, 40147, 456584, 162859, 138778, 346519, 329573, 375164, 446355, 53727, 89306, 214487, 297803, 53283, 79896, 26509, 163606, 227741, 118480, 494794, 305957, 175354, 331697, 70437, 170765, 429145, 444154, 392682, 75839, 97349, 45396, 253319, 473929, 242876, 364118, 406230, 91955, 34826, 33220, 390249, 224658, 214602, 440928, 319419, 159125, 79186, 118112, 86985, 498732, 36395, 43650, 466082, 373151, 40335, 29586, 72170, 88559, 471213, 456630, 342822, 429127, 477223, 189237, 120849, 122606, 164158, 159907, 43174, 180872, 284345, 306880, 481782, 371792, 404370, 43855, 186003, 281739, 219117, 450770, 37314, 218503, 243613, 64748, 485017, 208374, 331286, 74974, 320876, 150685, 89560, 476406, 270497, 443909, 198479, 341648, 492064, 382574, 146459, 268786, 1699, 106058, 378090, 58093, 336095, 395918, 149044, 152203, 284061, 231924, 33679, 386154, 198908, 55816, 497003, 389507, 74287, 435709, 439623, 493755, 303313, 69803, 181638, 314096, 404209, 403983, 498121, 193811, 327120, 353646, 25910, 340488, 412683, 13755, 61651, 60112, 18837, 482518, 356307, 471410, 1310, 202913, 290294, 276638, 134436, 44991, 277532, 469472, 388005, 493987, 481392, 54065, 220084, 132027, 86645, 262119, 117260, 242454, 470101, 86166, 313538, 141670, 16570, 91976, 140339, 212760, 3952, 152526, 95827, 489909, 242278, 309353, 102419, 93766, 78509, 323858, 256433, 63472, 39219, 437468, 48884, 224758, 181299, 396645, 427017, 273015, 164646, 203982, 27271, 35871, 68043, 462355, 418468, 75913, 205790, 339587, 428153, 109748, 29275, 430499, 211236, 270116, 322135, 309855, 106319, 412730, 183179, 432755, 382571, 267355, 8926, 372359, 346644, 282211, 300731, 233711, 156955, 278274, 155459, 496773, 39311, 141832, 404710, 450731, 174782, 387848, 259990, 388684, 162016, 84886, 321013, 475454, 295652, 191634, 88141, 286404, 453995, 183998, 391673, 172974, 30832, 482402, 386692, 223507, 239020, 157496, 281586, 117005, 445585, 770, 290366, 400494, 285839, 210996, 379, 22186, 56115, 497956, 319716, 195036, 116814, 327152, 184236, 403289, 247814, 338648, 449052, 33726, 273860, 157223, 274996, 442783, 133904, 185946, 137950, 165310, 410503, 289315, 45797, 169138, 315529, 155784, 419577, 62502, 193292, 283456, 184082, 28552, 463184, 181528, 437724, 74756, 127159, 321948, 44630, 263792, 220653, 144632, 306293, 225952, 155494, 163589, 247586, 102601, 122022, 45593, 117938, 67377, 274703, 297229, 764, 205336, 175863, 61279, 284462, 270156, 132739, 266508, 117641, 285446, 158141, 172556, 481585, 283021, 425237, 255332, 411610, 15717, 57865, 340920, 445477, 100608, 459134, 459607, 211886, 341249, 244732, 379962, 215867, 184956, 471792, 22902, 366569, 198658, 16916, 323416, 436116, 363877, 22607, 460244, 439439, 452503, 272042, 465555, 376043, 291232, 266053, 129706, 389515, 428698, 403706, 378363, 358487, 423782, 240227, 489183, 259825, 316967, 112327, 460542, 145390, 83342, 427227, 467935, 416114, 97849, 252174, 285806, 19104, 308247, 249122, 113957, 401699, 375935, 327654, 445681, 333325, 375657, 160827, 118200, 167623, 318553, 472925, 150726, 148308, 290156, 348758, 381848, 353275, 162673, 94207, 164000, 498020, 301738, 179439, 152834, 87347, 159686, 310238, 288048, 226938, 364235, 383559, 331814, 412933, 207486, 190084, 139202, 263229, 389439, 216314, 130061, 88153, 78121, 473937, 204977, 109249, 279379, 64185, 214675, 109010, 369808, 289070, 24239, 291032, 414677, 320068, 54226, 305690, 77426, 339494, 264628, 351472, 142487, 80618, 357465, 330487, 482453, 104236, 349675, 94563, 373294, 63513, 482874, 98586, 226977, 394113, 301117, 456113, 146066, 219494, 405344, 139134, 116931, 454043, 410942, 306960, 311365, 382211, 375021, 191749, 393590, 423861, 275846, 5976, 120513, 469473, 61375, 326735, 148609, 288536, 176071, 387000, 455455, 257068, 206907, 194991, 101523, 73288, 25368, 473891, 67808, 390367, 168632, 205669, 325003, 323039, 208160, 395664, 120821, 227490, 140613, 490692, 241053, 244911, 274905, 216575, 118840, 414580, 416665, 349673, 42605, 83329, 285198, 428422, 200193, 276302, 478266, 362187, 448365, 4805, 412950, 343445, 116923, 461706, 402837, 288558, 85725, 50479, 122697, 181820, 246654, 316411, 54908, 385860, 217803, 294576, 447643, 316558, 122426, 488904, 243799, 357749, 301076, 303500, 260078, 278078, 83913, 467151, 295241, 288405, 420820, 480156, 95269, 267383, 97995, 421952, 225557, 100417, 426948, 366476, 299807, 84523, 122602, 109514, 84694, 427381, 101656, 470269, 315703, 423863, 183138, 303541, 308107, 485018, 65028, 436953, 468135, 213447, 24808, 199678, 118373, 6460, 122267, 238385, 417452, 358084, 407029, 303979, 379327, 247201, 410624, 32071, 428948, 146447, 114129, 90671, 184918, 81658, 1454, 482954, 428426, 82070, 271883, 465974, 152848, 12427, 137741, 160593, 35916, 451015, 280978, 47964, 433928, 253197, 27370, 394824, 119250, 5342, 161499, 302358, 122264, 470158, 343885, 44663, 69626, 32392, 341562, 85094, 23927, 294132, 314914, 414308, 334660, 147901, 383555, 23900, 123598, 488135, 391444, 335184, 439441, 95466, 332325, 35902, 298858, 62914, 422023, 50405, 195092, 326760, 226114, 203995, 185288, 233098, 229202, 271263, 79901, 204193, 489921, 264796, 243647, 420259, 243762, 39080, 198926, 336646, 128190, 449285, 498692, 303985, 18496, 50024, 241211, 164727, 340785, 349098, 84355, 7813, 227697, 98824, 386317, 66827, 133727, 196315, 375034, 137575, 227536, 99886, 78515, 341442, 499589, 479954, 482381, 385555, 142679, 241091, 109722, 378517, 348585, 456556, 28453, 15564, 189251, 31603, 402497, 220238, 357357, 30958, 24612, 152168, 215322, 7819, 217766, 265452, 438865, 485864, 425219, 237426, 15954, 378905, 266045, 132260, 412040, 385120, 72562, 328018, 111945, 203240, 147524, 467660, 461933, 341820, 80036, 143479, 326053, 90852, 37567, 125882, 194546, 494970, 354469, 432804, 245018, 386634, 308925, 371411, 418749, 394644, 303919, 392970, 235010, 376698, 26544, 103827, 205403, 283247, 44421, 68961, 4216, 14364, 32047, 431232, 368530, 387493, 132578, 63256, 267293, 305532, 357136, 195574, 482348, 127458, 290886, 18516, 499059, 416308, 111694, 64180, 267336, 495301, 148182, 117638, 462645, 69395, 60000, 282412, 322061, 288427, 137240, 134175, 237163, 390900, 375762, 352168, 38963, 44981, 223527, 288343, 108111, 347870, 127176, 276568, 94932, 62200, 131946, 69724, 360387, 28788, 346662, 317139, 315147, 87166, 317692, 412821, 144592, 476508, 246252, 68799, 260154, 308137, 96687, 41333, 442655, 34894, 231796, 156603, 132372, 379640, 204361, 14551, 415204, 18320, 21650, 455053, 77996, 79429, 344488, 463003, 312011, 183996, 20306, 291938, 124067, 422614, 399755, 100100, 449062, 458114, 457398, 476344, 491147, 467653, 207639, 352034, 294052, 81571, 201049, 335988, 366630, 145322, 245182, 71284, 170714, 86879, 16390, 173647, 396081, 201105, 71407, 437062, 165443, 69236, 400538, 489565, 458564, 111774, 277942, 3641, 407193, 241408, 164326, 459793, 451259, 290020, 272434, 67269, 271436, 186879, 13267, 100579, 102349, 54914, 339300, 26012, 132770, 245747, 388099, 208982, 423905, 296949, 408538, 352274, 415886, 117790, 26981, 408099, 366454, 378896, 389977, 346876, 312342, 30386, 85893, 200509, 435952, 423177, 29629, 413907, 92551, 29339, 376650, 7686, 276100, 250689, 254734, 205526, 235574, 349149, 130199, 360530, 133264, 197453, 231793, 436299, 104589, 93818, 429582, 358289, 113517, 147131, 314738, 351166, 354169, 178572, 383909, 50733, 122189, 479381, 348410, 317242, 451492, 99279, 496782, 406907, 277876, 396183, 341407, 247823, 151281, 96352, 102870, 318367, 59923, 338540, 253455, 324695, 399215, 127469, 436269, 69289, 311028, 208702, 318068, 52120, 59907, 144183, 482525, 82367, 85065, 348905, 212175, 218947, 400323, 24188, 270251, 439963, 204500, 368561, 298326, 293584, 150327, 94092, 85935, 381004, 63320, 226030, 239855, 440438, 135749, 247956, 446146, 172906, 331475, 117375, 13333, 7924, 76778, 193336, 324613, 819, 445212, 404332, 395282, 61578, 174717, 221689, 438314, 414213, 232370, 316385, 56404, 406828, 127893, 22314, 108544, 272136, 35323, 401549, 100226, 151743, 242705, 249913, 205950, 326174, 82981, 359907, 187593, 307122, 180910, 1256, 113248, 435754, 6519, 23367, 442156, 404793, 282540, 378134, 133485, 201055, 112494, 136465, 5851, 405520, 261753, 317883, 58949, 230423, 397265, 339813, 289914, 342207, 26138, 115070, 324924, 120644, 177557, 312231, 403452, 26105, 29752, 51576, 75720, 480675, 195669, 407881, 277670, 233076, 313017, 186728, 165782, 68595, 461640, 481063, 472111, 468237, 371243, 121994, 258548, 26653, 81152, 376973, 37859, 120526, 199669, 493205, 267515, 309060, 311386, 200120, 91989, 49904, 377708, 498596, 83988, 17172, 455890, 119595, 349634, 431618, 90033, 428745, 256410, 385068, 486691, 310339, 458600, 367855, 22001, 334563, 115148, 498980, 409382, 312486, 72488, 383818, 483225, 482604, 179537, 167865, 125406, 99544, 258913, 365115, 70802, 340487, 206042, 209125, 71050, 281936, 85354, 190445, 420720, 459974, 108755, 83015, 273806, 326200, 123039, 76480, 287848, 442632, 313710, 55351, 253015, 79283, 39247, 334527, 276838, 461140, 180523, 239410, 291087, 62025, 383607, 421085, 230184, 74782, 167830, 271781, 148118, 282077, 416289, 209440, 302032, 468311, 9759, 397428, 324028, 88428, 53041, 493355, 385172, 470518, 477555, 394812, 85418, 180934, 40122, 379033, 423120, 16731, 348782, 343494, 498912, 119352, 280598, 173657, 91787, 417300, 335748, 305887, 187992, 389217, 127987, 269766, 304798, 60650, 231025, 494849, 362117, 165536, 147811, 376282, 40102, 315159, 415860, 197772, 260768, 206788, 53989, 478067, 106654, 139511, 129377, 429462, 220799, 258918, 156277, 494969, 386729, 74245, 443989, 243078, 89518, 404689, 85309, 140150, 167212, 179841, 348572, 91752, 22933, 145928, 345762, 322263, 256291, 173879, 288207, 379244, 135734, 399042, 237877, 364626, 230421, 356292, 421932, 38644, 461453, 2100, 170017, 206558, 307556, 406163, 213086, 227742, 236767, 30935, 153692, 286752, 461555, 258761, 57655, 386789, 383189, 316289, 276148, 332187, 96193, 364048, 116844, 123494, 239211, 29747, 198120, 454792, 162416, 100272, 37366, 162318, 128769, 218556, 466900, 30936, 439933, 98994, 220360, 205275, 498664, 297946, 20420, 447412, 30690, 47960, 259095, 409719, 158776, 118872, 46671, 30603, 455812, 359245, 473044, 250049, 269404, 96640, 85076, 121994, 96374, 173295, 231530, 284298, 390622, 359416, 404123, 54865, 139442, 7099, 165854, 185568, 417685, 174718, 250942, 230541, 366840, 166189, 483318, 127044, 126799, 318805, 79032, 21492, 489259, 458629, 188965, 464164, 282144, 230180, 54304, 124365, 137071, 78411, 319487, 155002, 138920, 300679, 306429, 428180, 328776, 153984, 172766, 454696, 94523, 466362, 237179, 25368, 332736, 176562, 469988, 150555, 499940, 74164, 280121, 150816, 108737, 53348, 162633, 449723, 330016, 401505, 134386, 102290, 402581, 457597, 148490, 373359, 310050, 288304, 114307, 427752, 226295, 231333, 419309, 201040, 185884, 272471, 146552, 349383, 1193, 140213, 64821, 83885, 441195, 198824, 403365, 300411, 376907, 366506, 460734, 383459, 460628, 258255, 77982, 259505, 419416, 423483, 275237, 127829, 64355, 244310, 314531, 332969, 159156, 383462, 373216, 184841, 125514, 428543, 347514, 188571, 468565, 136725, 140225, 236815, 122989, 436378, 266736, 156117, 333096, 186355, 272049, 395308, 165814, 213483, 184865, 345309, 399647, 197181, 156755, 301599, 372479, 166027, 36183, 359811, 152582, 352321, 109510, 332141, 353425, 57204, 237704, 91413, 321293, 232300, 198235, 380030, 158938, 432536, 411963, 287477, 129241, 356434, 386988, 274653, 75289, 40692, 46328, 498141, 162473, 410025, 230127, 302806, 86511, 266366, 265229, 65305, 199720, 333195, 159656, 296597, 338775, 216534, 131639, 50041, 360215, 61665, 409360, 241851, 51721, 408998, 310849, 385315, 147506, 158853, 350370, 318713, 123669, 60216, 133272, 461269, 84143, 324531, 235740, 98677, 162120, 139574, 411732, 114565, 457043, 339251, 385748, 11749, 355777, 128155, 239942, 378826, 373892, 79949, 115400, 332185, 455418, 102593, 391419, 5553, 189987, 291688, 242901, 220369, 314262, 53196, 315867, 427035, 465596, 465031, 317961, 280330, 245936, 52025, 237950, 5155, 389253, 77414, 463163, 359098, 265167, 5271, 469903, 170257, 358361, 20122, 498629, 435565, 233721, 340034, 59902, 474946, 144827, 69909, 27218, 324136, 125606, 493446, 178154, 410251, 176171, 199223, 211673, 131072, 206681, 291647, 187335, 10148, 353369, 301015, 222145, 126733, 177711, 201020, 337115, 252872, 117465, 270329, 13607, 377423, 24277, 35526, 323982, 194679, 142709, 488060, 460524, 292648, 116055, 105326, 265302, 457103, 69949, 160735, 95622, 256055, 293840, 222711, 442669, 103437, 462349, 163697, 408974, 462400, 455962, 116972, 245139, 461989, 154578, 188593, 371619, 488289, 274555, 57573, 235816, 282034, 379143, 278235, 392098, 19407, 302221, 384404, 496906, 495519, 301999, 203555, 68710, 410193, 174271, 11089, 10722, 337696, 392789, 345515, 398445, 448670, 149329, 371175, 102796, 225590, 190249, 98359, 485813, 61226, 45437, 12562, 9543, 33741, 100426, 195263, 338508, 223633, 274178, 396243, 128216, 373152, 62747, 163780, 240596, 397067, 228642, 290957, 7554, 383072, 229358, 416477, 420615, 120696, 325401, 142298, 231360, 465736, 178719, 406782, 361409, 375797, 93374, 265521, 430343, 164487, 48388, 57827, 187861, 373727, 342815, 430003, 166115, 498759, 90810, 21318, 354101, 243327, 64409, 198234, 472218, 284343, 155001, 54609, 487677, 234410, 482807, 429150, 420247, 102578, 258122, 419963, 438985, 2873, 237499, 468628, 495294, 329340, 212395, 378197, 285410, 194208, 323253, 34894, 168039, 80010, 430510, 420803, 267142, 285139, 80046, 266945, 95531, 221380, 34121, 232855, 14077, 108974, 475616, 242559, 166252, 18146, 417740, 412809, 205423, 41028, 268858, 349409, 265109, 378219, 377365, 477951, 279252, 478810, 288984, 191772, 257740, 136596, 146044, 320707, 106709, 476289, 131263, 223235, 427682, 370994, 443279, 315410, 67611, 396060, 165765, 440195, 224278, 359537, 87926, 282044, 435679, 171078, 263555, 77507, 434377, 76971, 161840, 153479, 309326, 237470, 372093, 421910, 150315, 460734, 221235, 445544, 123135, 90074, 283523, 360664, 82102, 118038, 474452, 312270, 326941, 87803, 187829, 297512, 58815, 258363, 27272, 310990, 91789, 389980, 460985, 28293, 410902, 250783, 339103, 424307, 141180, 394527, 305500, 274096, 2849, 305237, 216626, 189633, 312674, 368496, 199565, 371774, 95433, 1798, 44432, 52218, 120613, 12220, 173115, 429223, 450528, 164310, 178942, 419284, 485115, 481600, 230589, 145614, 72757, 171596, 388103, 268480, 489077, 283860, 170042, 282000, 267010, 425105, 39591, 63587, 320364, 138185, 187484, 341336, 328531, 457272, 465350, 372812, 24322, 47430, 99732, 479159, 427734, 367918, 288358, 351601, 303222, 348928, 286542, 142439, 156642, 34075, 183793, 497888, 297324, 14594, 348409, 329963, 12408, 56383, 212762, 490870, 143776, 281664, 333435, 139827, 121697, 494763, 39171, 94378, 407192, 432251, 255458, 301581, 393004, 375137, 7747, 431903, 299569, 16174, 178593, 434599, 179882, 316829, 248784, 428899, 3001, 184235, 401124, 357558, 233687, 116694, 215463, 226092, 91851, 48207, 271845, 8184, 142184, 95872, 276225, 430371, 292377, 79835, 441066, 259963, 5090, 120163, 270543, 422584, 414262, 166169, 125895, 277155, 343670, 329961, 482564, 77114, 180025, 519, 360590, 155052, 469801, 361155, 36508, 392521, 155993, 17896, 434948, 79612, 86009, 217909, 51289, 28258, 21167, 390618, 9187, 477500, 233024, 454634, 377670, 365248, 453815, 67363, 492351, 323670, 183331, 98135, 233056, 406009, 364953, 476295, 157458, 281210, 33949, 182247, 453774, 70728, 164547, 124812, 101676, 304228, 408706, 272508, 140609, 166043, 158670, 424819, 260482, 180251, 478908, 281193, 217767, 402102, 146199, 330100, 287686, 98162, 207747, 78572, 333522, 161022, 392642, 168663, 128776, 350309, 20249, 702, 234335, 391794, 485672, 208664, 348295, 162246, 111247, 24773, 229792, 252134, 238088, 42559, 130361, 26322, 427087, 257357, 175196, 189196, 49110, 264219, 436931, 268131, 229017, 386416, 311856, 429483, 471292, 324296, 175811, 118605, 20204, 352189, 321003, 179505, 124429, 326999, 192464, 222388, 49208, 260779, 372830, 82011, 412921, 154909, 352940, 409428, 136161, 371567, 259356, 243178, 724, 246995, 295971, 492311, 354493, 424341, 80789, 217341, 23769, 398574, 42556, 172888, 171556, 250883, 175792, 417674, 403556, 21281, 71111, 370654, 16671, 169032, 194106, 57532, 10048, 21219, 95620, 273206, 320005, 17970, 145796, 37102, 258052, 358757, 221095, 484642, 34889, 219423, 362310, 245027, 151178, 18969, 431949, 241304, 285586, 15988, 210899, 456062, 3949, 381900, 470964, 389596, 227820, 197669, 15633, 399703, 330668, 393940, 398434, 177289, 457748, 441702, 170461, 246151, 470495, 112792, 309468, 406184, 342659, 302897, 234521, 341672, 263932, 219356, 144602, 341384, 19295, 231646, 91779, 281199, 128964, 480719, 413710, 385770, 47743, 256293, 422023, 7033, 302631, 276014, 369200, 115383, 100571, 128546, 482971, 381736, 438344, 378525, 172233, 221302, 190286, 90092, 165164, 51531, 170568, 78317, 319554, 184960, 173665, 295419, 323359, 254141, 71766, 429485, 453655, 207545, 196560, 445947, 112025, 488151, 173305, 263488, 106395, 159758, 354321, 60665, 347999, 69969, 25964, 219883, 213446, 48494, 261381, 147367, 369001, 165442, 157201, 175774, 412851, 373291, 267796, 73097, 170190, 292799, 421725, 90388, 165578, 84659, 101764, 400147, 26050, 358684, 110366, 484685, 28646, 357433, 431479, 322689, 476772, 301422, 183238, 255255, 463618, 148153, 360794, 159961, 85663, 252784, 426080, 355957, 29218, 292142, 22532, 296773, 91234, 428973, 356032, 293978, 94819, 152778, 399602, 402010, 77224, 175081, 432658, 278757, 104699, 280831, 389397, 271141, 93561, 390406, 230293, 1005, 121481, 280125, 8770, 397959, 333763, 470562, 256872, 168438, 483952, 158883, 299505, 18100, 245102, 349801, 405699, 449610, 237927, 337637, 203938, 27211, 272041, 36155, 326730, 133936, 106033, 241518, 103265, 316448, 16696, 280187, 312551, 56463, 450297, 391204, 387245, 347734, 282691, 421233, 102946, 143823, 480624, 326884, 77113, 151713, 292537, 137861, 451322, 44414, 397978, 339950, 375702, 484054, 388082, 111398, 441207, 362116, 274455, 328162, 189544, 273967, 382104, 384909, 402947, 420624, 484331, 303873, 416555, 176485, 478250, 167791, 489711, 415480, 59761, 406563, 51540, 263555, 423563, 398622, 459765, 434412, 385801, 330984, 244547, 219041, 453212, 193201, 447262, 200331, 355463, 428580, 459131, 351307, 126695, 301861, 132389, 185115, 195207, 223127, 336160, 479521, 404596, 283757, 480972, 335308, 317522, 478896, 284589, 382918, 474238, 101044, 343306, 480876, 457111, 403850, 22472, 432414, 154055, 15295, 28315, 111925, 453596, 63620, 253084, 26068, 258790, 181923, 372817, 185730, 283755, 188730, 476134, 169181, 465319, 4312, 150435, 227586, 53598, 316626, 46641, 411574, 380872, 281379, 163399, 73573, 35363, 404418, 203933, 79561, 91722, 21190, 296149, 499375, 491493, 292043, 395185, 476070, 229189, 90937, 61196, 445994, 2138, 464029, 374658, 185351, 341301, 313449, 492842, 125564, 53927, 378195, 271273, 384207, 40918, 233842, 466057, 80174, 169981, 123173, 428968, 124774, 94426, 101631, 119329, 239041, 267535, 139735, 437663, 147232, 428450, 474995, 220331, 374272, 445, 8802, 73427, 302222, 35273, 223307, 473237, 438869, 251187, 69332, 41445, 476721, 163951, 325996, 360374, 116810, 425350, 305462, 368926, 40903, 326532, 30289, 354240, 37701, 170986, 15175, 190741, 121557, 466584, 218028, 248743, 206364, 449975, 478738, 340318, 290777, 123749, 199002, 367769, 196971, 155475, 79144, 351446, 74429, 65334, 217160, 313341, 411228, 366142, 173759, 451184, 489699, 332386, 387163, 485760, 227640, 392306, 334043, 97198, 406299, 379583, 19487, 381744, 351057, 145779, 374162, 64826, 331093, 224751, 236264, 238191, 398833, 41337, 14450, 489098, 111212, 479754, 437570, 299889, 428800, 356989, 424527, 394919, 290467, 185026, 324230, 18851, 452870, 9313, 439352, 423352, 320350, 169033, 268311, 25690, 474733, 181823, 106617, 204624, 317488, 340702, 182859, 190327, 90239, 305197, 359113, 191762, 234023, 162057, 198291, 418439, 124844, 227953, 344391, 377203, 146211, 374574, 293228, 243861, 442371, 387872, 271092, 281323, 499506, 134724, 464553, 492023, 18315, 151607, 59327, 61777, 209799, 48893, 95790, 58974, 435110, 347712, 401797, 334188, 232524, 449978, 482306, 227699, 287421, 447268, 291706, 35478, 404676, 216886, 88944, 384664, 233086, 427423, 195089, 23388, 10448, 179691, 474313, 318313, 152376, 457072, 46644, 143927, 385060, 419211, 93581, 134475, 352177, 169767, 264754, 195227, 207789, 478288, 377939, 430765, 215074, 69876, 148876, 97453, 46476, 480178, 352753, 112351, 97395, 79072, 152209, 495335, 152888, 201303, 346174, 380779, 51460, 409171, 398164, 480435, 330002, 232078, 397710, 250346, 327842, 488809, 24702, 464014, 492803, 183474, 111806, 1987, 301328, 115499, 187539, 88577, 414826, 236599, 479621, 362121, 433173, 26143, 144801, 499393, 282319, 261591, 496241, 157440, 34451, 61677, 293054, 345213, 97214, 362176, 191257, 282608, 147272, 390319, 271363, 355424, 140996, 440937, 342570, 259272, 485109, 18422, 430513, 272534, 87458, 93161, 185099, 29577, 10650, 496382, 123053, 289223, 405116, 123881, 281821, 413943, 293212, 60020, 140825, 442979, 458894, 215027, 210462, 445532, 381073, 194608, 95781, 186144, 300938, 478216, 240760, 353230, 211622, 116621, 65410, 148922, 355300, 332937, 415052, 10219, 242363, 228249, 250884, 483189, 51635, 303566, 278125, 168808, 361704, 387117, 172573, 238169, 398119, 105002, 361471, 373541, 321118, 290146, 351794, 274390, 374051, 449453, 254183, 283918, 331430, 456538, 270037, 252924, 478785, 463482, 352973, 82763, 217698, 351476, 116446, 427556, 57999, 167790, 461892, 97243, 124080, 235108, 73476, 298487, 267651, 180897, 222438, 464780, 113725, 412118, 375030, 414569, 440163, 385827, 181214, 248825, 412215, 51782, 249920, 446488, 83228, 349127, 373726, 90754, 81294, 22483, 140798, 75604, 447247, 205735, 173162, 278105, 463490, 134419, 116313, 79163, 395849, 423588, 250629, 209446, 78983, 193627, 443675, 483848, 218307, 71903, 269742, 185598, 366246, 205966, 271632, 447202, 70187, 359111, 306043, 328364, 260168, 409341, 201686, 174953, 413631, 459401, 164182, 144213, 267473, 254512, 333454, 111096, 12053, 497871, 416193, 407531, 329343, 387885, 495276, 348814, 447256, 372920, 496837, 344254, 310667, 91942, 98548, 70364, 139633, 200704, 144339, 439660, 72611, 41053, 308049, 377704, 330816, 485533, 14498, 98996, 431819, 18546, 297984, 93920, 220713, 314867, 478953, 456588, 443557, 467854, 37093, 225155, 378006, 154750, 202982, 65283, 331960, 237648, 413125, 234467, 455712, 173941, 130745, 258636, 316820, 310464, 365286, 121485, 496007, 466669, 393821, 456134, 207813, 253834, 453567, 396948, 193335, 332223, 239649, 40932, 405079, 255211, 235149, 451130, 193393, 258946, 173581, 173240, 382944, 19904, 205242, 48901, 107229, 319188, 399477, 304260, 186646, 336259, 462331, 477732, 85181, 274219, 69464, 485457, 324423, 451216, 147819, 488507, 260407, 64346, 242398, 353072, 385044, 71418, 487277, 474978, 319765, 277932, 76530, 222740, 208082, 465731, 169354, 234408, 218028, 86910, 92305, 11818, 226693, 188513, 485861, 365000, 358427, 140735, 61473, 184903, 85029, 195232, 103477, 213964, 276165, 53873, 177212, 119085, 44926, 399395, 404114, 325609, 33440, 122295, 166800, 311970, 431343, 362678, 288731, 191221, 366901, 82877, 109689, 289343, 160757, 461551, 118191, 199607, 27122, 375544, 91739, 422190, 283793, 61169, 13793, 290561, 76548, 44931, 174583, 304117, 189816, 367502, 28697, 198686, 269330, 365073, 78476, 259419, 120931, 234626, 6344, 225908, 220459, 330120, 469707, 285011, 233270, 237941, 478201, 30555, 3697, 247126, 439491, 299765, 345314, 309339, 224269, 235425, 133545, 22018, 264695, 99950, 326969, 103759, 410600, 158997, 394777, 144638, 179621, 188874, 65672, 5346, 140327, 33779, 288584, 100389, 57210, 457777, 141964, 374977, 321025, 473179, 462529, 343770, 275470, 64956, 69250, 74591, 226191, 178155, 239028, 378475, 304090, 41359, 150266, 387795, 143642, 127533, 422085, 443217, 70018, 400138, 42041, 350163, 200276, 245826, 156690, 272203, 20625, 176156, 238759, 338331, 201371, 409266, 173196, 327720, 395089, 454481, 337504, 128065, 440393, 250257, 224857, 320950, 319912, 396669, 395597, 246861, 322452, 3947, 212744, 303135, 189335, 309742, 335513, 90382, 462888, 247734, 25442, 153404, 278798, 102937, 73213, 71094, 308380, 414659, 171001, 216646, 255554, 234923, 393833, 237796, 54109, 4390, 355496, 30438, 249397, 95528, 121658, 214705, 201275, 392095, 54583, 180768, 305299, 469466, 426380, 248765, 174137, 136135, 333076, 176444, 78703, 400670, 419746, 354308, 176440, 484653, 221512, 410485, 353656, 60188, 51014, 242746, 150736, 399033, 230873, 285809, 299265, 113533, 295179, 395953, 284985, 35099, 430651, 292297, 314947, 262725, 152226, 479887, 87093, 230948, 398803, 469614, 74373, 290953, 256703, 133233, 252114, 364661, 481990, 60866, 327383, 400563, 307735, 363763, 46942, 91457, 160361, 249607, 373123, 88614, 183438, 369108, 307560, 234464, 48953, 21196, 60138, 472735, 14047, 429695, 222494, 306645, 180573, 243481, 8072, 347173, 487831, 282998, 388049, 297907, 317229, 61350, 376479, 165738, 437819, 163555, 105483, 278712, 425577, 70057, 335048, 186031, 26304, 164591, 152309, 11277, 368587, 248559, 360496, 323290, 13020, 441829, 294891, 282283, 92386, 226498, 379693, 81367, 338963, 432084, 439445, 42825, 362907, 182211, 78676, 246157, 406721, 3475, 459922, 217378, 315509, 118408, 362850, 349972, 134957, 328962, 435580, 93552, 302568, 256843, 209042, 75516, 115203, 190001, 21480, 398164, 345212, 289695, 271882, 160495, 103695, 360713, 252344, 5392, 66202, 385330, 457921, 33718, 179758, 90708, 362491, 54688, 184774, 258668, 129825, 440367, 410921, 6343, 265863, 348450, 363586, 248957, 252351, 594, 368428, 9708, 405782, 17457, 101374, 131204, 93039, 139274, 359074, 9032, 219333, 419971, 159996, 208093, 235827, 401089, 474567, 396717, 487312, 138913, 349242, 208833, 351062, 159844, 286178, 280903, 426248, 270312, 137569, 369710, 215402, 378663, 55472, 50073, 63822, 289988, 84211, 143079, 35872, 243896, 331164, 76675, 55488, 455220, 495792, 217812, 222939, 470129, 142532, 369043, 2588, 367544, 463990, 144759, 336922, 338991, 251533, 269026, 346718, 13867, 224459, 369471, 147800, 300414, 294699, 258547, 499458, 388894, 210787, 102080, 228547, 458852, 497087, 109852, 100935, 185770, 452014, 257812, 22270, 241972, 148826, 192072, 263426, 392001, 418543, 115627, 248310, 4624, 156752, 138770, 491743, 285161, 62620, 99433, 244573, 21065, 498048, 194010, 305743, 176775, 240474, 280629, 440302, 181599, 88366, 186523, 324189, 235943, 61091, 27850, 69685, 373416, 317191, 230850, 151018, 52849, 281594, 127401, 81480, 189384, 110434, 33069, 395550, 312205, 320300, 458383, 334514, 125238, 158409, 148381, 171188, 302382, 367174, 446815, 249319, 154169, 482778, 192323, 208758, 299111, 286069, 204354, 13396, 260181, 38165, 124581, 56268, 220165, 174354, 108761, 475102, 173803, 277784, 72718, 439361, 79993, 134067, 284786, 106382, 130594, 235402, 157431, 393997, 340607, 92555, 147740, 446023, 361005, 434520, 213799, 130781, 194060, 452073, 435692, 125800, 73971, 439817, 343402, 151583, 147125, 110635, 153289, 244891, 82823, 357038, 380712, 95493, 416396, 196047, 293550, 214176, 364536, 176402, 396259, 436417, 271725, 83729, 319919, 144840, 54876, 35151, 18517, 120476, 490704, 492177, 276733, 307434, 368357, 176846, 346330, 474899, 355781, 130808, 424896, 3013, 275368, 474149, 425845, 142397, 496506, 363423, 449660, 425052, 129801, 323234, 392646, 467747, 93402, 179842, 362183, 211347, 339457, 204015, 202272, 135842, 416619, 265036, 298261, 174916, 153097, 104431, 175483, 409102, 68527, 44127, 321897, 330122, 203634, 368912, 317781, 6097, 339563, 359937, 409304, 353428, 332009, 464169, 414319, 191371, 303839, 223583, 65755, 378839, 418274, 63290, 92072, 95685, 341647, 499499, 308911, 369101, 394043, 189051, 141551, 314627, 95984, 218426, 48275, 441382, 297815, 83943, 472914, 70007, 279638, 291905, 71989, 396676, 61291, 110631, 10358, 408625, 382801, 277978, 74359, 275342, 62247, 321550, 208739, 217981, 268564, 163436, 466055, 55296, 232130, 437118, 234587, 473697, 232124, 453918, 61238, 117616, 246802, 217352, 365037, 312613, 2449, 190804, 410034, 430804, 265762, 23827, 438507, 170658, 165474, 18845, 354819, 29966, 53783, 16396, 68864, 380511, 75855, 331067, 194854, 460684, 447420, 54268, 110882, 478341, 219389, 62152, 290440, 415119, 272501, 366151, 150291, 449742, 483783, 372465, 293142, 140755, 85035, 217163, 106857, 243022, 248687, 83094, 433946, 60445, 103232, 356940, 286148, 35491, 268493, 30861, 276333, 121183, 185420, 153231, 127256, 372175, 426677, 447183, 414869, 134522, 258296, 441906, 12881, 426370, 24272, 499322, 422744, 482266, 413836, 176245, 150965, 379096, 428727, 394355, 153798, 53258, 108795, 396039, 108077, 224278, 177154, 240466, 275728, 230827, 408837, 453675, 219018, 96759, 42485, 19493, 263549, 423006, 326553, 179041, 7106, 218448, 118202, 161492, 395082, 119707, 194828, 281778, 256348, 135988, 423188, 113910, 459862, 456957, 10412, 253279, 102747, 63518, 82488, 256660, 204654, 102967, 136903, 278279, 194884, 168606, 369225, 472183, 414348, 70531, 335990, 332157, 200596, 470047, 208095, 438598, 296924, 169840, 247925, 192907, 196510, 368345, 353389, 310195, 138576, 331996, 324518, 29003, 14655, 465277, 162649, 206513, 127734, 4177, 124590, 420420, 20256, 121433, 193770, 375050, 225716, 429659, 41307, 308774, 354012, 287389, 207589, 198586, 241185, 373217, 76621, 293602, 312498, 98925, 78129, 102702, 85022, 496737, 9728, 180401, 448395, 294941, 428126, 131711, 128271, 301991, 4419, 143294, 498250, 236709, 91208, 285405, 286401, 477835, 461090, 458690, 190603, 492196, 325694, 137550, 1375, 451194, 235455, 45660, 133663, 275669, 104111, 41634, 179845, 458037, 290120, 479355, 481400, 3376, 150312, 117820, 277132, 334429, 21338, 402345, 458816, 99208, 417197, 82621, 496714, 497911, 162185, 393869, 12895, 426071, 33733, 81947, 37901, 367399, 387108, 432427, 140176, 239275, 258739, 199314, 60428, 451565, 234131, 265202, 56799, 136625, 187929, 295837, 357606, 494848, 234805, 385348, 156909, 8300, 86288, 76205, 281375, 240490, 282771, 439870, 412983, 102341, 257128, 183507, 244653, 160882, 477446, 81060, 499982, 338611, 406729, 472469, 429887, 106111, 280242, 95677, 88368, 187761, 494538, 94019, 446727, 424052, 48135, 427017, 206853, 385512, 485701, 354390, 493236, 9722, 360897, 94600, 422985, 145356, 5008, 321026, 417229, 319211, 183318, 270732, 6447, 276205, 480761, 81004, 147252, 477372, 245606, 243563, 165959, 332062, 101877, 70741, 400375, 106222, 451831, 414230, 442229, 204107, 229620, 184506, 115810, 70128, 207637, 210948, 345824, 216841, 226898, 134164, 55696, 219147, 338831, 241323, 27345, 362465, 173270, 4985, 309055, 14751, 147731, 344185, 127782, 423725, 35082, 75750, 188905, 291966, 481910, 183586, 77365, 337449, 137168, 209049, 477128, 467629, 413220, 380172, 93303, 365670, 12979, 491221, 4097, 176341, 142213, 478679, 100009, 61668, 236012, 283573, 75562, 161788, 52510, 418680, 71806, 156893, 284284, 170506, 288188, 228632, 222726, 362492, 301919, 299926, 9457, 36386, 180988, 105351, 179160, 436320, 419567, 95773, 82094, 245431, 76058, 265668, 5744, 435106, 262532, 331820, 352873, 311455, 218023, 271689, 253566, 387380, 401170, 473916, 390631, 116577, 320003, 3391, 249046, 121069, 66047, 359919, 40609, 55011, 113300, 459463, 23757, 20135, 172833, 200664, 30077, 316830, 252820, 149852, 437779, 33128, 357100, 90600, 416692, 460983, 402899, 85819, 259640, 237061, 244380, 83473, 463165, 369852, 124000, 205904, 75571, 304490, 309098, 297759, 248717, 338406, 214384, 217859, 90020, 30318, 134382, 255266, 440329, 121470, 376048, 362448, 51977, 91243, 402922, 292206, 260818, 458822, 25204, 475971, 337692, 37623, 304260, 41581, 394282, 217954, 98459, 37026, 209271, 388636, 21185, 294607, 232816, 98910, 226086, 337977, 324370, 233283, 355036, 412367, 164290, 363094, 375477, 64052, 456291, 480842, 488435, 468383, 491820, 440287, 434627, 200374, 195304, 351978, 202086, 267702, 265493, 113627, 419405, 469262, 286872, 482729, 426783, 470866, 114618, 355797, 280274, 461736, 97241, 34496, 214036, 137939, 82982, 82504, 133818, 54724, 20259, 28000, 194774, 472003, 15580, 441376, 121694, 347442, 127683, 152845, 138740, 30594, 289616, 28723, 389818, 67140, 326349, 472468, 265458, 467442, 396898, 404632, 391796, 315432, 87977, 316253, 203591, 246840, 219271, 491469, 382964, 285306, 144612, 126394, 450043, 266286, 39194, 467073, 343548, 489318, 496459, 391623, 458495, 125800, 155002, 34789, 443876, 19144, 324643, 450015, 416155, 429600, 471688, 311752, 390165, 466681, 107950, 326317, 271446, 272281, 293605, 163058, 4398, 318387, 394315, 203228, 66547, 59405, 326639, 176742, 461512, 101048, 147846, 476493, 64365, 486682, 283505, 128180, 139978, 34790, 273476, 117625, 123135, 348322, 177304, 111411, 423933, 145248, 46039, 458532, 171842, 58298, 265470, 468251, 286309, 401589, 493517, 294857, 112125, 24087, 240735, 183113, 132414, 497111, 473774, 18877, 227904, 464346, 344525, 264330, 327681, 102651, 176879, 284102, 334060, 170451, 493270, 92330, 476112, 286173, 469131, 320600, 227577, 69527, 88007, 137962, 103660, 73700, 376014, 31725, 433197, 236622, 397483, 336997, 9114, 242071, 44992, 391140, 254840, 237108, 458382, 16541, 73580, 326190, 235119, 275462, 470101, 228621, 215472, 122628, 381128, 135768, 232285, 123239, 92863, 293865, 350030, 138521, 58449, 13571, 487873, 131446, 369088, 97832, 374106, 11805, 353965, 31569, 240029, 497887, 17181, 112283, 310581, 378811, 67886, 11516, 340587, 64543, 284091, 460668, 397282, 110379, 461172, 6505, 158021, 468842, 336750, 483000, 7363, 102425, 157716, 439913, 118360, 176490, 309187, 161172, 255367, 7223, 360771, 485188, 49105, 200654, 52078, 177435, 241489, 372642, 371687, 294425, 189206, 81423, 379640, 1797, 61075, 227915, 450805, 177818, 202794, 420968, 176188, 175846, 348952, 406433, 369081, 316541, 486077, 246549, 251861, 137950, 362837, 80018, 383767, 443568, 348375, 21398, 464862, 46445, 25413, 383830, 14791, 471585, 205337, 276704, 495506, 345584, 103272, 307528, 470947, 476053, 208546, 120401, 136006, 189821, 31042, 163644, 363413, 142447, 289978, 317471, 140873, 484824, 480335, 197868, 431093, 107381, 67107, 215310, 125726, 273497, 315815, 69020, 409655, 27831, 216482, 48406, 281760, 348076, 489089, 206253, 316074, 312444, 375645, 3530, 137391, 198812, 443606, 278526, 403451, 128091, 144104, 471503, 336869, 339226, 480488, 402549, 151880, 76830, 328383, 133307, 109605, 389781, 57043, 434405, 111968, 441853, 235094, 462753, 195186, 8160, 431730, 27536, 10002, 459443, 390486, 366015, 198845, 426204, 230851, 184370, 220730, 436345, 368824, 192807, 165634, 100961, 245939, 406862, 466768, 351189, 440353, 309197, 48323, 251111, 6564, 73002, 451121, 493586, 479853, 269378, 25439, 62817, 26748, 233011, 272837, 371501, 112924, 164800, 230356, 101091, 177572, 317607, 204533, 109079, 35186, 365653, 179313, 75573, 277797, 172870, 256020, 492950, 262487, 29341, 373496, 465632, 312386, 460752, 441327, 209385, 121353, 120788, 979, 297822, 43179, 459593, 250245, 216134, 107812, 459175, 246130, 3502, 479630, 172371, 41977, 336663, 339717, 493446, 229955, 250150, 499164, 39242, 373039, 352470, 480395, 119039, 356230, 394046, 192363, 373122, 494210, 60220, 476385, 193734, 118278, 423991, 384649, 212480, 303734, 198760, 130886, 166060, 338718, 447720, 175981, 116479, 244853, 162542, 80523, 416266, 88151, 400762, 410276, 188950, 201862, 480007, 333262, 229592, 196594, 134813, 366687, 430678, 285666, 134696, 496313, 283088, 30975, 403660, 499307, 144516, 208951, 356788, 24577, 342203, 58488, 404286, 149681, 409264, 440813, 282003, 489990, 27951, 248221, 271290, 104282, 438149, 330072, 436019, 129857, 423492, 348944, 203488, 41924, 255013, 395071, 377354, 243924, 327665, 425095, 347781, 220325, 231290, 139080, 440251, 385349, 452547, 134819, 208668, 96710, 173626, 483905, 208953, 351191, 383410, 232674, 387372, 182671, 56814, 391233, 314488, 231801, 67780, 431004, 31655, 283092, 464635, 403166, 109019, 222228, 473447, 282738, 40101, 116820, 365844, 10011, 12943, 130851, 210288, 133537, 282128, 447797, 425662, 39020, 71614, 494110, 494511, 430262, 386124, 88440, 260313, 423402, 369356, 28625, 189381, 251028, 180398, 79516, 146537, 182235, 259734, 43596, 55431, 234807, 120333, 252094, 267167, 245303, 31005, 332494, 478491, 195641, 368333, 321661, 294085, 93747, 352095, 39784, 431270, 287687, 204812, 48602, 74136, 242791, 243164, 216069, 477347, 206027, 384384, 425835, 197375, 135653, 71196, 6085, 197373, 444505, 129080, 229124, 244888, 359964, 267065, 386946, 286279, 162254, 333562, 111209, 109558, 177947, 460387, 23740, 74064, 381943, 317119, 44962, 236830, 374988, 471434, 439313, 469242, 496737, 219504, 67393, 452360, 302159, 186729, 391828, 467915, 123402, 318572, 119548, 232770, 89512, 335104, 4081, 377033, 91688, 154640, 74268, 201327, 33402, 484365, 329043, 183822, 165360, 436864, 48139, 202543, 19476, 279896, 327382, 255620, 203057, 442589, 478177, 318216, 57517, 237082, 87404, 437788, 425296, 348446, 41988, 418640, 495653, 15611, 56348, 37092, 180432, 52483, 476130, 106898, 151337, 202855, 56508, 441253, 137002, 378832, 389977, 11768, 108916, 482804, 66765, 346569, 118513, 244036, 282806, 127492, 210583, 150619, 120931, 371528, 297217, 423550, 103365, 407181, 471645, 213696, 355181, 282629, 109136, 80752, 78554, 421562, 297342, 287061, 424975, 246550, 450820, 271231, 432731, 191230, 350041, 76348, 86284, 414675, 320874, 281547, 278811, 314509, 485996, 97345, 221594, 497622, 357336, 59650, 208777, 95341, 387046, 152359, 820, 195883, 155371, 16183, 454059, 256510, 177641, 156771, 447301, 154613, 327291, 390414, 238141, 365546, 468644, 293060, 58226, 171311, 482955, 94609, 225846, 289765, 161001, 442123, 158675, 170647, 119584, 172098, 402949, 277324, 128671, 209407, 45035, 187904, 457998, 375548, 330783, 135609, 348096, 166334, 138632, 261888, 145838, 102272, 4933, 124976, 402037, 450289, 437731, 201363, 417117, 89888, 69592, 423597, 244789, 496057, 243851, 23640, 2385, 115783, 166193, 112814, 157365, 389757, 85899, 385373, 259381, 184135, 339546, 354084, 284374, 180546, 373378, 377348, 291270, 405095, 450815, 151042, 200628, 427120, 300495, 174201, 366309, 286998, 183165, 36712, 22754, 31903, 229771, 66725, 374353, 420385, 272321, 484576, 268557, 498358, 102274, 309955, 246126, 179727, 298568, 172770, 432980, 360958, 230404, 350231, 140326, 47077, 309183, 466209, 191758, 299216, 283141, 140985, 271969, 139970, 331090, 206783, 435130, 415424, 21053, 345537, 157903, 414990, 370913, 223251, 332137, 273073, 64097, 348569, 340452, 440096, 442366, 51152, 74147, 456792, 157979, 31683, 130487, 225458, 324439, 245232, 141790, 105086, 380255, 142171, 245705, 356925, 316453, 81931, 150525, 270141, 7913, 177066, 381535, 83166, 440737, 151903, 372647, 320814, 4957, 75615, 297913, 319583, 375835, 73705, 309680, 14430, 449555, 193660, 118176, 257846, 135285, 326493, 128820, 305669, 141296, 287784, 146544, 432678, 182394, 322373, 457851, 445620, 375456, 423098, 75544, 213395, 243787, 454020, 106280, 402270, 452842, 92746, 136503, 275249, 55222, 124725, 282076, 284723, 369904, 116981, 101000, 357532, 449849, 231839, 406827, 486987, 354483, 481031, 342917, 124861, 221920, 187921, 441721, 255897, 21693, 95274, 176916, 307631, 230446, 418000, 445643, 487847, 156058, 77358, 136877, 472089, 372757, 447948, 431468, 28481, 314994, 487485, 27519, 244556, 44894, 474631, 42611, 170626, 153507, 348483, 258635, 463528, 75384, 346321, 42579, 274877, 210468, 347634, 488887, 298634, 70458, 143728, 427469, 306083, 66638, 280582, 456562, 395768, 52922, 368728, 256352, 207193, 484079, 392447, 16185, 332373, 330353, 369235, 388318, 200770, 415313, 315865, 165854, 225997, 225460, 97746, 306134, 395004, 106244, 54403, 303982, 151702, 271899, 438846, 391777, 86577, 443599, 442461, 187750, 489876, 112050, 110731, 472853, 79003, 98844, 465734, 415311, 447669, 264992, 414445, 176247, 94098, 402958, 464571, 438052, 414374, 51923, 164481, 112161, 425328, 32917, 364394, 236626, 9875, 261533, 98953, 220807, 26866, 471855, 463427, 20147, 94072, 495924, 23222, 55698, 318492, 158067, 318804, 414831, 253998, 444204, 109875, 30184, 428588, 20569, 51382, 378000, 112559, 21830, 284206, 200970, 278120, 436689, 6947, 66310, 363280, 370119, 300569, 152022, 204012, 59227, 280235, 321310, 325768, 76588, 436534, 450453, 161372, 131475, 352173, 180817, 77461, 141306, 468476, 17351, 476846, 105488, 294443, 25293, 105895, 353128, 449289, 499256, 489888, 309862, 431406, 319540, 154456, 301636, 301245, 70270, 46486, 327331, 311070, 352195, 159916, 480284, 273554, 313813, 195218, 465529, 303174, 468868, 70223, 122688, 49803, 45800, 293146, 269531, 121284, 367299, 210637, 469256, 485690, 361653, 330564, 303477, 149166, 220593, 53646, 422351, 284380, 448148, 296328, 490311, 273937, 59409, 160586, 351806, 44038, 381505, 165677, 301848, 29422, 230330, 313692, 252410, 151469, 426371, 242806, 278030, 472064, 460182, 301, 104734, 112206, 172784, 459816, 454764, 429937, 73847, 208950, 477549, 45078, 479408, 458541, 495097, 92636, 133062, 368582, 416263, 408096, 302166, 274463, 185165, 270786, 225922, 91539, 48190, 430728, 490905, 72764, 341391, 390398, 223423, 103026, 393530, 375695, 19932, 135677, 196618, 745, 186759, 402215, 199505, 284149, 218679, 211168, 283584, 119589, 294262, 34790, 20356, 255507, 154313, 378456, 363129, 33568, 144428, 328397, 135314, 116688, 349692, 468961, 256970, 406700, 420528, 328957, 114453, 13589, 347999, 315384, 37809, 451685, 133484, 399355, 385585, 295200, 488944, 293166, 181755, 139587, 45707, 69883, 276801, 297581, 475964, 299679, 243121, 228544, 336341, 97049, 55162, 190716, 105335, 233158, 321058, 307510, 118940, 153294, 222237, 83095, 2007, 319593, 352152, 362135, 194315, 152474, 170219, 441010, 405841, 288869, 459911, 235132, 472649, 397500, 17097, 484292, 266169, 110253, 152907, 354523, 12686, 417456, 177286, 314135, 465210, 356449, 33412, 331829, 109720, 424140, 224415, 280897, 493173, 168141, 193172, 52739, 263713, 302438, 44121, 209969, 100489, 83313, 498485, 178539, 422668, 367694, 114364, 237863, 8728, 89134, 269530, 61142, 62401, 34220, 291130, 430664, 70010, 245720, 233324, 492992, 6825, 215176, 279121, 9537, 82414, 256186, 35117, 203517, 116462, 291602, 465076, 708, 163113, 219292, 352893, 419334, 128312, 451297, 244222, 342221, 379723, 210367, 441903, 497429, 436488, 6983, 109527, 9488, 377085, 63157, 484814, 176572, 490510, 389857, 62091, 174311, 19815, 69801, 241254, 82399, 331240, 303205, 285423, 473661, 451856, 254804, 480450, 337676, 449475, 419509, 266485, 423543, 325313, 107708, 96628, 323189, 173431, 468255, 67678, 10237, 326685, 159139, 338059, 5960, 388229, 332104, 183251, 334136, 494912, 32659, 122784, 92310, 427970, 9985, 192270, 378385, 416161, 66058, 69107, 66389, 354098, 276026, 101704, 282557, 315138, 207973, 141411, 373808, 104990, 207950, 372555, 340923, 3315, 412636, 288571, 220938, 285743, 415399, 127643, 318780, 318582, 327324, 75004, 295311, 43243, 299030, 328386, 212212, 298154, 351049, 429166, 13447, 449524, 298391, 12375, 71568, 66153, 38462, 131261, 347446, 426278, 190263, 174851, 404162, 399816, 286997, 251447, 133994, 424816, 450312, 405305, 337611, 73963, 282761, 236443, 9258, 76717, 323298, 192851, 293885, 264900, 135722, 498208, 474885, 455592, 85964, 179916, 35503, 47966, 309486, 465669, 439389, 20856, 85370, 292468, 454887, 79693, 453940, 48015, 20347, 115470, 493569, 74165, 333260, 20185, 372021, 261760, 321980, 187249, 50908, 214968, 410825, 342687, 304598, 248327, 451821, 253321, 381437, 497647, 344634, 185971, 495876, 345774, 440316, 59734, 212624, 109761, 12945, 143517, 334961, 50099, 495070, 325947, 89784, 295112, 134717, 324744, 23236, 432016, 5295, 418901, 301248, 307748, 189881, 68016, 407866, 63610, 494421, 185864, 331779, 454322, 408546, 485794, 1153, 259070, 109233, 378763, 368356, 267914, 147472, 360166, 357351, 268043, 31464, 136775, 78792, 363167, 495105, 89396, 483588, 459400, 451977, 111083, 322459, 452839, 68636, 392182, 131384, 144090, 303036, 152200, 342947, 217000, 233286, 393216, 21423, 417588, 266877, 174697, 2935, 213268, 433033, 361665, 283372, 120770, 258368, 230525, 415694, 25945, 406806, 162864, 479360, 399199, 48394, 297058, 246996, 204878, 347476, 330973, 131978, 23680, 412152, 158530, 119961, 86601, 79846, 335574, 374754, 108646, 204950, 31988, 178548, 62212, 421970, 139125, 330934, 250161, 52875, 320932, 444795, 181433, 446955, 315335, 465618, 418011, 29701, 147558, 411886, 32932, 455379, 473219, 15922, 271984, 476778, 355689, 60354, 118142, 367088, 388067, 378013, 343639, 82572, 120782, 12964, 394059, 39236, 249181, 280368, 130708, 340679, 497250, 395321, 357454, 80623, 61344, 324505, 128292, 48568, 129893, 156286, 250437, 162865, 226996, 361739, 105878, 139246, 88280, 472779, 339971, 10134, 270926, 179555, 79470, 58914, 130878, 88123, 388169, 450777, 149498, 317145, 358518, 141193, 355662, 399007, 100507, 311279, 88356, 272918, 39871, 470811, 29970, 216829, 360495, 163485, 67358, 157952, 262461, 268919, 62619, 73591, 269129, 400936, 389120, 383551, 310557, 391262, 213193, 301126, 320457, 26768, 484217, 349247, 360302, 49663, 124253, 409482, 133397, 317309, 65406, 434316, 267685, 410822, 452768, 387100, 218934, 143301, 155039, 186773, 125303, 439575, 73469, 357649, 42208, 429086, 222827, 74322, 415259, 60099, 389242, 386193, 148058, 82551, 396090, 446255, 274732, 306325, 459972, 263348, 386893, 174787, 324863, 299306, 414221, 28030, 255169, 212981, 388017, 88379, 21592, 192813, 150492, 6089, 173924, 37432, 342239, 223479, 192138, 414331, 33337, 112441, 347954, 12870, 421069, 378805, 236676, 472069, 197154, 87955, 484310, 153040, 479679, 305, 251521, 277080, 244121, 134759, 52225, 131518, 333500, 182877, 267989, 299398, 76240, 140105, 14414, 436988, 17735, 202251, 145653, 194902, 19074, 145426, 417241, 447579, 426624, 178895, 32337, 205781, 421729, 136854, 84238, 179035, 266951, 225339, 309037, 440081, 150131, 202350, 367671, 14991, 372672, 436568, 495163, 265974, 26142, 331636, 180446, 392577, 366741, 416498, 491005, 106979, 395950, 359588, 55894, 257483, 68137, 168585, 183953, 159583, 194506, 173393, 469591, 62375, 471253, 272824, 226032, 231997, 188756, 176821, 174463, 245885, 99278, 42274, 338740, 435676, 88568, 415726, 355702, 133283, 182483, 38404, 319991, 19496, 61963, 130812, 307159, 306108, 177401, 217776, 309643, 371805, 59936, 159138, 429373, 456348, 157683, 429577, 237934, 245690, 321441, 282606, 177770, 227635, 478757, 379414, 10434, 390415, 172778, 18290, 254665, 262151, 219461, 463448, 414797, 76903, 490802, 65811, 347146, 143582, 373142, 90656, 272714, 157047, 131654, 205089, 182627, 102966, 101674, 111207, 111482, 156627, 23533, 218257, 206663, 446641, 27694, 168808, 333859, 312026, 237124, 360994, 101684, 459168, 228671, 384335, 62799, 233825, 386557, 348478, 4048, 465247, 47318, 270477, 319050, 123359, 370817, 62314, 439084, 146068, 290310, 470420, 47343, 304808, 25441, 383932, 394109, 487870, 361669, 147385, 287045, 263481, 229758, 435011, 158699, 279653, 282770, 425282, 174033, 45049, 407405, 258480, 130739, 255790, 278783, 92252, 467444, 137744, 133880, 347638, 350381, 11837, 315241, 183139, 444380, 400929, 25830, 425279, 310280, 174102, 158325, 36360, 68052, 340727, 127139, 73139, 231408, 412919, 150028, 435094, 69242, 733, 76009, 442024, 460412, 175349, 163184, 436742, 434986, 256696, 129378, 92408, 477992, 391762, 429534, 9311, 104531, 265757, 146525, 121181, 320997, 188855, 491516, 465429, 292920, 41307, 102069, 78286, 133826, 456733, 96684, 164777, 229309, 247115, 127790, 202123, 363304, 376437, 204891, 187668, 422163, 16018, 6573, 307293, 242291, 41344, 352780, 42786, 179451, 63842, 29032, 324486, 425311, 472379, 420350, 233523, 325994, 354806, 273055, 256978, 474335, 334234, 79694, 226192, 284354, 344207, 405867, 216270, 401529, 329055, 285862, 324594, 145623, 432704, 495648, 22183, 196899, 370691, 398289, 206399, 429593, 232339, 128003, 107176, 144955, 190515, 370867, 171766, 207136, 464437, 89369, 168124, 27423, 436269, 136553, 30130, 399408, 163980, 447534, 95064, 339305, 46370, 233996, 319097, 131353, 381917, 106604, 116995, 360722, 239132, 143314, 319599, 167752, 439166, 35844, 124061, 72860, 365652, 121107, 390054, 184112, 216584, 258834, 294602, 425290, 279446, 46103, 320302, 160446, 53038, 159986, 327479, 377815, 369729, 437888, 138493, 440745, 244726, 193146, 232397, 485915, 244651, 341299, 253569, 489124, 243116, 6984, 333370, 1417, 310015, 195608, 11098, 126929, 301423, 306169, 220359, 126736, 120383, 81589, 227096, 275631, 440373, 50934, 23821, 485629, 394330, 140813, 323450, 360229, 489426, 346257, 390589, 364740, 422462, 482266, 145519, 391952, 165166, 116890, 38455, 62877, 161265, 161763, 423636, 197110, 492470, 5550, 57147, 410943, 368321, 292440, 41779, 292300, 21745, 11572, 92474, 269940, 440074, 327328, 233988, 489195, 378975, 180233, 466166, 281903, 178645, 400711, 14839, 372445, 50904, 146492, 374168, 72713, 488497, 346157, 256329, 120813, 182211, 398521, 294772, 269966, 168133, 236507, 226312, 198202, 470647, 330144, 357059, 475927, 311755, 61290, 405718, 15804, 79500, 279494, 391509, 418326, 478743, 478246, 387008, 405044, 468297, 415097, 370340, 138778, 412276, 495391, 303137, 101941, 410987, 144988, 294908, 77584, 168390, 238210, 338489, 159933, 43758, 443656, 469276, 414142, 245225, 469888, 25075, 367776, 66957, 321106, 359524, 369826, 163737, 66259, 487804, 129982, 414982, 27455, 405871, 447236, 452278, 407383, 357797, 334495, 161583, 99342, 54496, 74152, 113843, 479243, 430400, 80993, 60819, 249869, 40579, 270365, 148566, 249401, 235804, 27822, 223256, 231775, 16372, 380089, 157013, 285655, 146614, 289484, 132865, 294094, 239795, 248608, 240265, 381628, 176831, 143307, 288120, 478121, 128721, 78571, 473911, 341388, 84134, 80259, 423311, 296355, 65396, 180029, 49612, 128739, 361325, 154706, 4260, 353678, 217226, 59884, 429710, 493336, 126051, 414652, 266967, 484575, 66269, 309661, 4372, 451605, 67109, 316813, 176001, 491721, 402132, 271416, 397303, 131657, 14597, 407293, 381855, 445571, 244261, 444191, 473380, 204259, 335086, 366454, 348784, 113045, 474013, 80091, 382618, 277689, 424024, 68803, 454453, 368386, 309059, 257199, 127554, 321604, 276229, 323312, 120810, 496637, 89199, 62612, 85968, 489415, 368511, 465547, 446461, 94224, 370574, 103454, 278233, 213636, 254249, 186935, 17026, 421487, 132361, 192404, 151373, 373102, 155706, 478155, 449719, 317060, 237110, 488562, 359942, 191780, 188768, 369851, 145393, 183083, 415241, 118108, 31134, 64624, 391101, 290912, 262367, 153553, 193791, 248949, 433334, 227855, 96595, 382753, 348413, 80322, 37740, 83368, 7638, 382914, 138523, 125216, 199378, 312176, 372841, 76278, 458255, 415146, 167441, 44323, 357344, 95761, 366413, 83637, 182831, 293878, 290867, 238129, 327161, 193783, 52246, 367436, 82252, 236161, 468797, 466861, 42628, 115881, 352349, 118741, 203500, 488502, 33431, 172169, 160766, 390025, 388809, 150307, 416683, 349241, 490136, 29065, 311990, 194826, 94156, 482240, 316243, 216080, 326168, 408080, 170783, 172473, 454963, 98870, 441569, 337305, 263120, 234805, 259437, 351009, 474714, 407238, 205540, 306809, 376055, 167875, 382563, 390393, 224305, 117698, 17453, 310862, 304830, 281245, 461882, 324424, 383911, 290492, 420988, 399018, 186958, 117949, 225435, 233403, 194746, 304181, 47822, 366751, 431770, 435138, 72120, 140113, 77870, 255775, 395778, 134154, 255398, 391411, 474491, 374706, 47430, 467424, 206324, 398455, 423725, 369886, 197787, 360940, 238056, 280917, 440209, 93603, 86662, 119542, 66804, 491000, 20, 200550, 55004, 57710, 475254, 415850, 316124, 171582, 288911, 124305, 113315, 313264, 373197, 117110, 211076, 240023, 211854, 227119, 309073, 318641, 258482, 170561, 227305, 254850, 205845, 177758, 313272, 421833, 253507, 87870, 4357, 376216, 162893, 276884, 278573, 180762, 294068, 10136, 474815, 11363, 365268, 184248, 125629, 316554, 276101, 203223, 347747, 14369, 138979, 185994, 441331, 101863, 341697, 113409, 87986, 282178, 195587, 4551, 90862, 209136, 234070, 124660, 175280, 401216, 253075, 77445, 127729, 356194, 177110, 188663, 447850, 22216, 405714, 75974, 39761, 447875, 463677, 299558, 43317, 336209, 302075, 468399, 22677, 261221, 321669, 145021, 453533, 292509, 29882, 7655, 268666, 337375, 424457, 443066, 312056, 265892, 355149, 401853, 284278, 146711, 153499, 376831, 102565, 77116, 489086, 487959, 147814, 131850, 60427, 335858, 346300, 92245, 475053, 167778, 50764, 394873, 474381, 254771, 65060, 375667, 280195, 245051, 383437, 168942, 261142, 486895, 329718, 385330, 100154, 221570, 2175, 323409, 170857, 44698, 10103, 486224, 284505, 16142, 310995, 269385, 44031, 330972, 53090, 463162, 132743, 398579, 381768, 154157, 296538, 52708, 171875, 434867, 274006, 21852, 272998, 120646, 339768, 11201, 273223, 185214, 258965, 439950, 427531, 428132, 421071, 334937, 366365, 214191, 42918, 311727, 246575, 361588, 301803, 32852, 70941, 403378, 80456, 11291, 198712, 381866, 383257, 276936, 189833, 442040, 340466, 402996, 397427, 446855, 157375, 409051, 136183, 31015, 57684, 101250, 364822, 16427, 36213, 458467, 433211, 270848, 245138, 422746, 40750, 92689, 31617, 303238, 212190, 311195, 106838, 490579, 71281, 236909, 175601, 209793, 30298, 62175, 455556, 132637, 67115, 398442, 360470, 326160, 64819, 433942, 359019, 250660, 352246, 69286, 321890, 181564, 367445, 324160, 56956, 345489, 117979, 40429, 64433, 327820, 46705, 381597, 450988, 284714, 134922, 244153, 383018, 432058, 370242, 468416, 257710, 154968, 91282, 455903, 483943, 27415, 390626, 245136, 65221, 28915, 192441, 55810, 228728, 68008, 258203, 494247, 179495, 165680, 65810, 369893, 404745, 415226, 215341, 477725, 357115, 308925, 7322, 56614, 75438, 153803, 27256, 237770, 164621, 277459, 424014, 470029, 175829, 406744, 368443, 427589, 365264, 109459, 110494, 106820, 29281, 254414, 257689, 450364, 372919, 409293, 446689, 151626, 281842, 318230, 75099, 121936, 439494, 25755, 360883, 455930, 119059, 298263, 162645, 379119, 158281, 355882, 328673, 461204, 397535, 127963, 497026, 1429, 316226, 273459, 72871, 439451, 276281, 393278, 274431, 319055, 285794, 481542, 433230, 398087, 456457, 6821, 191604, 217351, 304080, 172899, 38824, 117059, 329775, 227242, 322048, 67507, 316380, 236237, 296185, 65324, 166595, 460967, 340336, 191176, 490028, 48156, 49512, 169650, 247728, 427044, 265432, 142442, 358127, 274988, 403787, 439419, 130921, 65888, 91381, 423531, 26874, 32154, 491795, 76510, 346216, 307456, 285268, 164800, 93938, 361211, 401395, 62529, 158204, 42530, 436516, 196915, 474535, 227408, 359493, 274251, 179150, 222317, 370229, 115139, 304326, 56433, 422200, 257745, 88398, 498182, 199492, 14620, 474095, 30941, 283300, 4487, 158922, 173199, 419248, 256167, 204348, 25311, 251581, 267727, 331541, 268942, 471425, 6699, 117617, 31177, 266601, 422460, 430903, 60654, 179667, 461499, 322867, 128210, 390417, 403653, 491863, 439572, 212345, 349179, 226429, 376532, 58883, 145584, 82701, 419868, 180440, 388183, 229616, 257423, 154684, 494402, 334884, 80883, 355285, 242888, 466263, 152234, 499441, 366210, 57603, 95550, 233990, 395677, 487564, 362101, 57848, 212059, 129214, 247966, 316309, 475743, 339633, 83495, 340158, 78302, 87311, 326159, 282866, 416074, 496891, 14655, 390434, 253937, 355406, 376834, 73127, 484651, 297027, 149172, 113771, 106566, 269784, 181515, 343569, 134688, 185333, 478942, 32776, 260663, 219192, 287112, 466998, 387723, 82502, 270848, 298533, 419161, 362377, 320709, 247448, 347570, 358310, 329040, 292087, 382483, 273168, 297233, 46953, 193711, 156205, 64233, 388726, 110, 147419, 31806, 92210, 478643, 242680, 150424, 90091, 286820, 178297, 394562, 163538, 361752, 47941, 401964, 154948, 408394, 140804, 97340, 193024, 78778, 404583, 361978, 184727, 162943, 148483, 388189, 25314, 122003, 492457, 444776, 139157, 85269, 308635, 265056, 189048, 289557, 5147, 250614, 198777, 424274, 102374, 115073, 368900, 284744, 41298, 289023, 64184, 358888, 316230, 195394, 324042, 99483, 453172, 492901, 151981, 92345, 380239, 51482, 199080, 499881, 217, 294914, 80506, 340737, 497139, 152224, 16901, 142141, 151946, 335311, 369687, 12446, 498441, 181045, 393061, 250933, 182429, 41530, 318807, 211366, 130569, 116561, 391331, 76812, 29131, 153031, 309615, 172735, 344670, 123659, 146612, 413495, 88551, 357984, 468649, 454677, 358395, 400205, 98077, 403787, 128227, 27604, 248208, 33608, 98019, 180102, 72680, 125914, 214570, 281747, 428589, 468883, 229755, 267128, 373203, 259710, 23626, 373553, 241635, 75546, 483490, 223674, 408863, 128551, 278244, 483481, 49709, 276418, 161207, 307179, 491288, 327460, 184108, 71305, 293916, 377296, 183744, 193878, 90112, 302857, 390724, 78297, 49043, 251147, 134554, 103270, 224508, 471627, 217832, 245855, 263171, 374660, 451242, 103432, 455094, 416731, 381142, 345039, 299251, 418362, 116960, 32913, 103487, 139320, 104668, 36716, 158957, 286444, 424776, 80740, 311209, 21271, 251274, 163738, 101333, 479319, 412022, 106144, 489073, 299290, 467659, 45046, 418903, 16030, 219993, 155147, 439059, 14758, 365892, 207995, 36654, 171333, 60897, 171994, 469876, 265806, 1186, 189871, 453197, 299070, 171067, 67125, 38308, 445216, 289630, 479902, 321346, 376684, 318710, 168332, 156593, 317470, 363310, 172836, 404806, 245780, 482428, 282308, 293481, 162088, 298931, 30987, 375178, 352133, 322655, 439673, 236954, 307223, 235643, 342827, 371086, 419213, 492986, 167983, 5760, 416690, 78964, 287335, 357413, 378432, 28005, 134676, 103637, 183777, 326399, 398198, 86621, 43250, 410203, 264091, 241348, 324007, 154421, 49306, 94360, 475721, 414402, 375932, 442017, 250156, 259507, 138321, 58146, 149596, 106093, 315673, 63965, 29946, 373035, 402418, 342400, 97691, 412004, 315724, 440460, 158692, 177770, 274355, 256813, 128844, 310585, 363353, 363451, 441978, 229949, 468015, 351847, 263719, 277949, 449840, 172720, 8375, 81699, 370440, 370144, 231872, 72165, 116731, 351060, 300670, 63023, 423646, 173570, 117322, 356866, 404024, 330250, 444802, 494667, 294491, 248922, 475593, 310372, 450685, 242170, 93129, 303650, 374890, 489360, 261637, 117455, 484995, 441426, 470149, 157808, 245737, 44302, 351975, 267839, 473030, 426011, 66776, 439321, 338507, 285889, 265965, 5067, 77204, 372736, 462497, 186855, 217505, 365859, 311913, 466852, 425841, 208700, 419225, 276374, 193289, 285763, 98908, 120169, 10960, 419757, 157797, 433579, 203057, 290963, 276318, 176571, 407783, 296526, 289374, 110047, 39563, 317908, 495264, 187501, 29070, 28178, 340544, 222253, 73484, 277351, 152702, 51122, 430589, 258839, 485605, 68155, 63581, 496117, 292324, 78209, 250990, 270518, 436072, 196427, 10481, 131621, 305802, 358533, 384608, 259082, 165504, 175975, 418296, 416831, 204260, 295874, 422784, 163341, 342880, 15763, 282169, 61519, 138, 366167, 86521, 19945, 67236, 407919, 333625, 379285, 383312, 226469, 105058, 9167, 301858, 218916, 292159, 411733, 401294, 310102, 55409, 103528, 299622, 176903, 56549, 120016, 71561, 235834, 102010, 222861, 340356, 231108, 127210, 469212, 405908, 136995, 39029, 449799, 429484, 82725, 430707, 476584, 238726, 384066, 306011, 318390, 5083, 302428, 305275, 387396, 422731, 283678, 233912, 185472, 375599, 112210, 47491, 412763, 364297, 258010, 471673, 390998, 394324, 432180, 206765, 350445, 42961, 187918, 250460, 336072, 228385, 11036, 15474, 465778, 162970, 402427, 161262, 400302, 360502, 332025, 431611, 403612, 427036, 220726, 172751, 98575, 112708, 379330, 331051, 163973, 428528, 2997, 165142, 488575, 133063, 127221, 460750, 152146, 482931, 76943, 447409, 467903, 435454, 492506, 332256, 253015, 340776, 189239, 464225, 253031, 362887, 441931, 303292, 469632, 131622, 181791, 212090, 18878, 356734, 401248, 306625, 334233, 336616, 343568, 228713, 337830, 87820, 100158, 388806, 35571, 433851, 241285, 204139, 292980, 240150, 469845, 9486, 440881, 343431, 445385, 429271, 194801, 8424, 187023, 233147, 271882, 198784, 135525, 198573, 22689, 309284, 4279, 46857, 469793, 158945, 216504, 117487, 152169, 232022, 32785, 173049, 449894, 172451, 160111, 55596, 167776, 252867, 36691, 216023, 419583, 339582, 423987, 288094, 144245, 224840, 265257, 234765, 236137, 86524, 423946, 421538, 389409, 267190, 413087, 418931, 318507, 218965, 96449, 209006, 439974, 68836, 155637, 217015, 476297, 458935, 311766, 75549, 287974, 154192, 456227, 488891, 314320, 69484, 483321, 186047, 356558, 351701, 304500, 383803, 250921, 418155, 197864, 233502, 67801, 231582, 193874, 334215, 20600, 214135, 361509, 61927, 271511, 250353, 311048, 57416, 469003, 239549, 474155, 98979, 157789, 263069, 22697, 445142, 182940, 274277, 452851, 362989, 384701, 249693, 499198, 258599, 470701, 397987, 495637, 316838, 35026, 257878, 317890, 231297, 56077, 434766, 21988, 240050, 479028, 9385, 128112, 277620, 326626, 191647, 319287, 157469, 149480, 68249, 461022, 360718, 108168, 155937, 335049, 80392, 75519, 111969, 482245, 241732, 169657, 107763, 455844, 434885, 464230, 202458, 458758, 257832, 346753, 112249, 291335, 48302, 130527, 240977, 414811, 385905, 68103, 40362, 122761, 404027, 442945, 172524, 297287, 249418, 111985, 167599, 210785, 180864, 393088, 457797, 20497, 350825, 295056, 371277, 377478, 290473, 135441, 7072, 6270, 226864, 247299, 290161, 270198, 411576, 433684, 110129, 6551, 148498, 376079, 1975, 418962, 399760, 362908, 47909, 434040, 363080, 44851, 306816, 202732, 105031, 141155, 161888, 108349, 479423, 324615, 111412, 335346, 459757, 294942, 246979, 158078, 498214, 387650, 379669, 70165, 380599, 466775, 186136, 330611, 297079, 30237, 280548, 86257, 177691, 131071, 76410, 114245, 132892, 356546, 476790, 358513, 32137, 271338, 121172, 267027, 257935, 198867, 123943, 480764, 355420, 338033, 24206, 448122, 393257, 75909, 225480, 394430, 47652, 133955, 326102, 146589, 383957, 118590, 373258, 117495, 316982, 492460, 404736, 224922, 257968, 332153, 105498, 299408, 417963, 163393, 378302, 353730, 401007, 267395, 334251, 458243, 226362, 215906, 128429, 26450, 35716, 200265, 313365, 495734, 261917, 471178, 338857, 338108, 381032, 267681, 434767, 400603, 357463, 409611, 42046, 233256, 36779, 353154, 389318, 302648, 348191, 385886, 24532, 449322, 137318, 459506, 375671, 20156, 51162, 330807, 188778, 367806, 294221, 263989, 265128, 361491, 101245, 142033, 45835, 269823, 139829, 495134, 425634, 410481, 466304, 180477, 42799, 114032, 338768, 179513, 455007, 206500, 227463, 464541, 325781, 398872, 317799, 37477, 305912, 28741, 421400, 320563, 108036, 152414, 223423, 164597, 372330, 295649, 360128, 362671, 124945, 253262, 465793, 321450, 329996, 378478, 434267, 213152, 3335, 62129, 302243, 453833, 400173, 163648, 283154, 61499, 418988, 492041, 60159, 300726, 33808, 363058, 350039, 178682, 96904, 356089, 439134, 177615, 266987, 171727, 459063, 348151, 104839, 37764, 252685, 182572, 410682, 286024, 282529, 296888, 115735, 483663, 130476, 402258, 483139, 310593, 467458, 246444, 226711, 26282, 237524, 39893, 399059, 223190, 482990, 313675, 110796, 182463, 28673, 296994, 83323, 425433, 465504, 358285, 271377, 221956, 204986, 100533, 169497, 10010, 476037, 290237, 376398, 128744, 371703, 347791, 275829, 489290, 88451, 179379, 484899, 76281, 21222, 430358, 256013, 417655, 20633, 473198, 102867, 357302, 12888, 123166, 197828, 434746, 33100, 14077, 491732, 492588, 180699, 191885, 21198, 345457, 89444, 21457, 311514, 405224, 261594, 486975, 498058, 412563, 385896, 429423, 55406, 149285, 126219, 62492, 128116, 129857, 283779, 401595, 230212, 258568, 82925, 374898, 436700, 2946, 399347, 190022, 199550, 223719, 77991, 352582, 175423, 102515, 382101, 109804, 475984, 417396, 282241, 265230, 165289, 302192, 450409, 376847, 51454, 70, 181764, 36601, 252953, 221938, 333013, 166802, 441480, 303689, 236102, 402999, 280394, 283218, 155033, 64198, 197421, 188508, 236069, 202765, 220388, 174234, 90908, 326895, 232534, 208850, 239790, 372431, 75780, 205132, 295007, 325125, 481300, 346151, 303793, 181165, 273679, 84362, 324207, 128382, 490340, 465583, 406498, 385059, 106743, 257593, 367422, 286356, 319986, 205183, 138440, 326180, 461291, 254240, 130241, 325222, 8304, 268308, 380061, 61180, 402215, 103358, 184419, 283835, 390359, 195595, 485212, 495350, 424423, 68910, 423910, 55538, 201215, 434937, 260392, 382541, 401254, 265547, 479936, 129215, 326012, 343775, 40587, 412471, 360734, 156414, 218000, 120011, 256520, 258135, 13295, 322200, 290100, 188371, 430013, 73966, 327437, 363178, 69971, 240455, 248007, 439607, 367222, 193580, 116220, 499956, 422317, 385972, 479840, 257604, 321922, 269000, 472209, 123335, 428995, 494303, 116851, 391201, 382919, 346465, 107247, 108547, 67830, 404305, 278226, 352112, 289497, 426977, 237113, 259939, 176857, 24847, 195495, 319936, 169598, 61659, 348048, 138420, 462517, 341122, 192877, 147241, 231125, 24903, 452204, 334493, 42575, 446819, 10954, 373250, 29161, 151104, 323235, 269267, 235516, 149018, 464198, 241760, 59513, 411409, 40922, 266784, 269632, 302284, 411514, 347300, 136457, 185812, 308910, 467496, 205140, 178162, 414757, 30096, 129224, 136408, 348027, 424131, 227309, 192074, 319937, 383300, 496969, 448725, 184856, 35449, 348767, 75231, 148948, 470807, 325336, 254117, 456593, 94021, 215241, 80512, 222810, 389416, 54420, 450386, 55933, 245982, 105300, 112757, 413196, 194680, 459215, 492098, 214243, 446061, 47547, 400672, 186187, 94094, 91865, 307542, 111912, 117453, 370419, 495898, 149729, 495323, 298481, 15248, 197290, 161087, 181995, 146055, 193206, 449113, 333142, 448931, 337647, 331103, 455078, 54621, 232760, 367025, 123809, 406247, 77942, 118738, 119293, 413168, 14915, 196525, 226537, 499911, 139403, 378682, 183957, 378975, 154502, 183751, 158115, 369506, 82185, 243786, 337711, 300176, 265860, 118194, 241896, 255297, 89367, 376409, 224503, 235020, 310535, 85637, 250356, 351568, 216451, 424611, 413440, 429642, 325264, 483808, 129549, 446232, 177593, 160089, 299505, 429265, 126814, 481687, 407038, 21666, 217858, 48591, 404251, 261338, 372378, 267150, 140067, 324963, 352974, 377354, 92117, 200150, 423663, 198259, 415114, 74739, 25449, 325890, 326939, 493918, 360595, 355609, 257608, 291576, 270263, 496713, 184425, 314605, 286207, 474475, 230923, 210826, 23704, 196514, 16440, 8449, 34534, 417542, 399652, 178370, 71889, 430265, 448262, 491067, 200517, 6373, 487463, 389981, 28073, 249679, 367110, 427789, 174911, 54308, 216752, 318367, 294774, 177626, 101935, 459846, 142356, 299908, 323049, 21116, 392746, 145769, 438123, 288634, 448541, 451298, 486237, 224598, 474342, 170290, 232976, 442185, 196178, 100812, 257320, 354860, 430859, 326507, 384744, 411483, 206182, 54023, 191451, 91868, 103396, 18670, 353885, 131675, 164095, 293010, 178256, 16469, 333552, 231345, 210264, 12287, 164173, 226761, 185310, 302647, 370284, 198951, 432468, 367666, 181504, 320602, 358753, 94798, 85736, 36275, 216793, 288556, 365917, 497541, 141441, 445998, 29844, 427552, 175431, 445947, 69372, 473146, 376290, 11129, 30412, 56965, 163253, 64765, 418798, 13081, 332776, 455772, 469238, 304891, 491480, 147307, 453714, 207003, 349252, 147847, 194233, 151814, 314436, 89232, 358978, 30214, 294787, 272896, 89800, 119107, 273560, 33567, 438383, 460885, 178015, 481476, 415047, 13382, 55085, 58442, 110728, 206912, 360730, 385347, 448576, 156001, 381450, 231202, 277157, 39540, 231565, 223386, 492931, 74665, 436343, 149300, 72824, 217895, 184150, 121576, 159361, 198872, 420173, 396245, 40659, 773, 201279, 214127, 173090, 491173, 92584, 73472, 83877, 200102, 212604, 129892, 278929, 498489, 216591, 276784, 380351, 69167, 145961, 358794, 219464, 139151, 304497, 25768, 39410, 94218, 238977, 200205, 162456, 495791, 291080, 220739, 418916, 148046, 28527, 387624, 344, 241240, 135350, 193272, 4002, 104730, 93500, 303067, 178914, 366982, 415921, 186043, 355631, 61641, 202659, 99562, 83555, 407933, 215881, 428405, 205758, 42705, 311748, 15030, 169535, 344571, 275773, 72794, 410666, 162527, 183374, 129882, 395705, 469383, 324106, 467565, 184563, 123563, 200113, 234443, 345540, 419471, 373122, 212796, 203679, 327504, 213677, 118059, 484965, 257657, 322523, 157815, 426012, 461790, 121028, 285236, 40727, 498520, 58513, 52165, 137666, 374382, 93874, 412963, 253976, 82697, 137258, 60986, 170010, 427094, 43556, 252858, 446961, 194322, 34610, 429917, 158361, 423235, 48599, 78675, 439312, 227835, 429875, 181399, 480603, 221558, 326049, 307849, 103312, 312972, 422330, 217208, 217033, 286175, 294704, 10522, 107565, 405678, 238172, 97208, 410969, 237763, 420934, 222697, 111310, 387409, 80108, 372941, 250478, 438768, 262901, 115554, 403624, 326521, 41741, 450916, 127226, 60192, 73184, 368862, 479969, 122422, 254155, 87356, 408957, 184654, 434198, 487482, 185667, 21781, 259912, 140668, 192597, 352679, 226596, 198793, 248812, 210834, 213113, 398765, 437468, 37045, 461956, 465257, 134996, 210197, 157515, 226487, 475267, 121766, 281738, 406602, 161335, 488979, 328117, 157389, 498253, 482429, 209912, 265732, 152787, 81455, 365306, 422827, 455897, 15815, 219524, 138423, 372755, 69527, 438596, 128506, 10424, 370128, 121438, 167102, 35232, 17086, 43193, 331551, 261225, 390115, 237822, 253495, 345335, 447739, 405780, 227575, 416279, 31267, 57309, 165921, 478250, 163949, 285614, 191169, 309452, 477329, 44290, 481048, 126990, 278015, 175270, 481223, 2268, 2220, 298603, 231872, 495093, 145204, 407109, 43838, 387357, 163411, 247462, 356642, 475794, 185995, 289974, 30175, 448944, 494493, 163227, 44160, 403177, 163033, 38092, 51986, 463963, 202093, 61490, 7507, 33482, 496330, 37941, 350976, 130455, 94215, 415551, 324462, 159104, 494156, 55693, 234837, 208604, 412410, 429073, 231021, 17954, 237939, 18244, 304858, 264918, 164623, 291124, 303059, 27319, 374850, 45757, 479326, 38009, 172607, 4762, 164307, 126621, 430111, 311638, 1171, 265268, 385907, 28496, 191997, 240614, 167122, 435232, 180444, 284191, 86117, 209665, 254946, 425861, 6093, 85370, 91420, 492562, 171325, 379833, 245921, 23037, 428290, 323829, 295622, 110187, 497553, 378883, 429556, 115226, 245509, 125711, 32346, 483643, 257919, 306729, 265115, 159523, 462754, 378494, 492032, 246598, 268646, 151140, 173122, 70995, 320321, 274888, 483107, 247840, 140517, 308492, 78658, 420068, 409143, 174855, 232846, 13384, 165310, 297398, 340711, 83279, 436107, 117422, 382765, 744, 279620, 27408, 270337, 150526, 358729, 453175, 79276, 429344, 348942, 179900, 117495, 164341, 51207, 140387, 328342, 192319, 134484, 94335, 371500, 156484, 27073, 489970, 130941, 309454, 388096, 153690, 299232, 371492, 201689, 325100, 31392, 479296, 211424, 469947, 160824, 83766, 133731, 156205, 341408, 249820, 361683, 349659, 375391, 385603, 340726, 302482, 473828, 465263, 400085, 345039, 40546, 278535, 50396, 449015, 38583, 410405, 441004, 394192, 67635, 109923, 159416, 317917, 46219, 382613, 193232, 274743, 495097, 236554, 457118, 477909, 364233, 274847, 388676, 288869, 248257, 170527, 291562, 9903, 287445, 89774, 182459, 280337, 314946, 318471, 472266, 73723, 257044, 295680, 185245, 293217, 254488, 18340, 383865, 169465, 9295, 111625, 156305, 443846, 51114, 234498, 151556, 468595, 480202, 426385, 358656, 120072, 451105, 341717, 86323, 26669, 189076, 56363, 14644, 433008, 475584, 130080, 308077, 318602, 233946, 321344, 73914, 134471, 162903, 465786, 296062, 271406, 135071, 198608, 19014, 60295, 357077, 433093, 15016, 455049, 406707, 438808, 56689, 395113, 249559, 262739, 4262, 245722, 229982, 348031, 385998, 139434, 56785, 121765, 216686, 228020, 158162, 78344, 104706, 351117, 373924, 33981, 264472, 127499, 440995, 108113, 208416, 121772, 378293, 199891, 222940, 387283, 258013, 341879, 247066, 335145, 96590, 340206, 292463, 334014, 6620, 638, 211637, 481944, 310040, 13750, 246174, 207904, 86801, 142237, 157551, 308531, 278199, 482, 426527, 253320, 433467, 25973, 377411, 309768, 5630, 36292, 382007, 89324, 403252, 48696, 420705, 145053, 491685, 193081, 29336, 70796, 54583, 96240, 341962, 68632, 263669, 408205, 409121, 120591, 76208, 63268, 5365, 159793, 302243, 286214, 400103, 444595, 377578, 25533, 496330, 296913, 350702, 58963, 57198, 59471, 331379, 269670, 24173, 16795, 92430, 127702, 202512, 429121, 269760, 43519, 122236, 295009, 218920, 428736, 148466, 258807, 39470, 191700, 290519, 453164, 448452, 139846, 124002, 149874, 459289, 269380, 383776, 494176, 124579, 388931, 179810, 346975, 79140, 422193, 330508, 401901, 364697, 199363, 336662, 476781, 197433, 438108, 147735, 123470, 497505, 247806, 179984, 240222, 236500, 38373, 411358, 131724, 356413, 317618, 106368, 43790, 293045, 61514, 208493, 152023, 424241, 124003, 199093, 223041, 238065, 485199, 434927, 117203, 268106, 71960, 397680, 230950, 31278, 40898, 300513, 233793, 438653, 68467, 43129, 183506, 293401, 192030, 118187, 431695, 117968, 34657, 54578, 74736, 352435, 475388, 454360, 428611, 204726, 363146, 315880, 278662, 192945, 14278, 442944, 31358, 307225, 152002, 344171, 266119, 403253, 96447, 396932, 427761, 88351, 459408, 221655, 489623, 24909, 68109, 318802, 211373, 356150, 442589, 210967, 80368, 112736, 458258, 454551, 280779, 112642, 44720, 87658, 358466, 298410, 344031, 322809, 343028, 415335, 125835, 208486, 101938, 224358, 374957, 213006, 53129, 150472, 254509, 35038, 88023, 201592, 383720, 216576, 463454, 57025, 109474, 301198, 413248, 407918, 364181, 344257, 233955, 116296, 373598, 236100, 487774, 252969, 25980, 42804, 73390, 51227, 88383, 383623, 447114, 387967, 262403, 366837, 255865, 466281, 484041, 199858, 429207, 44040, 72810, 374436, 429710, 250780, 246662, 233664, 182946, 164317, 45630, 357449, 87885, 320559, 334911, 214840, 194151, 324022, 432766, 125389, 330344, 297882, 344652, 68051, 208825, 185848, 157701, 476820, 301530, 392224, 469744, 21635, 304682, 355832, 164675, 268421, 54143, 86603, 236487, 476182, 73077, 479919, 452827, 333159, 325453, 461679, 94783, 56602, 421883, 362711, 149618, 243210, 486425, 30929, 448003, 226410, 399612, 30663, 369502, 57280, 239327, 157691, 81233, 278512, 9282, 438526, 481046, 464720, 101931, 304202, 337051, 146090, 21865, 95103, 289340, 346418, 335381, 197310, 19413, 287447, 391540, 218492, 67749, 377103, 202820, 478095, 175211, 41669, 280272, 381697, 350182, 383754, 47687, 164804, 402625, 410721, 345013, 427783, 323831, 146217, 453425, 385687, 451979, 257658, 421295, 215406, 101703, 493437, 231848, 429096, 453368, 276044, 445697, 197726, 486998, 109383, 429976, 426385, 310333, 393111, 483628, 186219, 285364, 466674, 264117, 100422, 65470, 303702, 213255, 419062, 318793, 105649, 350177, 362547, 321213, 495806, 261990, 230907, 100680, 402591, 367166, 361185, 444106, 339293, 397817, 469880, 349759, 63031, 425133, 132018, 442500, 171506, 409730, 372049, 113911, 178775, 37130, 372478, 413770, 471887, 339416, 497337, 483875, 376243, 356409, 183907, 223073, 480502, 249657, 339783, 411229, 348480, 360645, 55541, 8994, 200210, 85271, 281819, 304256, 288923, 237706, 379451, 171287, 3119, 203665, 362818, 489610, 380989, 100026, 475600, 376529, 52538, 124291, 346296, 228797, 44220, 348299, 239982, 387447, 139711, 245891, 131614, 58375, 386753, 39799, 31470, 107737, 396778, 134772, 346134, 141694, 140268, 446238, 30107, 301893, 210030, 150929, 443110, 28895, 441799, 86786, 484785, 31057, 17809, 87034, 183695, 482621, 269673, 252927, 185520, 462213, 409445, 426876, 382985, 426807, 29006, 303696, 394731, 271834, 471465, 294989, 139374, 322759, 138323, 486351, 22858, 292227, 223271, 261832, 413377, 82391, 112153, 444647, 83442, 246835, 233019, 92928, 256388, 472168, 207525, 459000, 361184, 163641, 350797, 366475, 359322, 360584, 77431, 181986, 451687, 356418, 160491, 326785, 11523, 98188, 327441, 350872, 471842, 161711, 401691, 1659, 155589, 82012, 301153, 305948, 324699, 132115, 459700, 127561, 52733, 170471, 100499, 285802, 63608, 356494, 457448, 168776, 47131, 150602, 364359, 223055, 71408, 318455, 99090, 48614, 285053, 205841, 130471, 326586, 231368, 238482, 245128, 139864, 63564, 4949, 36813, 165266, 225798, 298964, 301142, 441986, 497211, 95275, 172478, 156688, 463781, 351880, 371889, 367115, 439542, 73868, 77476, 7292, 364251, 359492, 283417, 444599, 130445, 401562, 134006, 308832, 191779, 262010, 95503, 58098, 327542, 30054, 49760, 219565, 18164, 338127, 424537, 257052, 216126, 91705, 210732, 101747, 465815, 496440, 360044, 266820, 110564, 494050, 160848, 479335, 71534, 121818, 143463, 21422, 147507, 319562, 69697, 92977, 453109, 496322, 64465, 98413, 189013, 143137, 104049, 296236, 307593, 308152, 306073, 228123, 124381, 408925, 102174, 485455, 163653, 40584, 452286, 454206, 94747, 309436, 45453, 412566, 11672, 188589, 484559, 470450, 410985, 111203, 460257, 403858, 228373, 46473, 373010, 309161, 463343, 148354, 28696, 489708, 119385, 13160, 486223, 265745, 102274, 141792, 273819, 187716, 88223, 242533, 410945, 269354, 392332, 119627, 90163, 336222, 4225, 266476, 69088, 134010, 296220, 31307, 364166, 8712, 166885, 368039, 19513, 361359, 14093, 94007, 266119, 310332, 18571, 282153, 122413, 401972, 342010, 497034, 123939, 132426, 358006, 106254, 370398, 10694, 386355, 464771, 243932, 106172, 484756, 314524, 376497, 157162, 75325, 392682, 392181, 38242, 298726, 186967, 13100, 41760, 448612, 11846, 8514, 410695, 217333, 356364, 144404, 342020, 455199, 174518, 218699, 152278, 9119, 32788, 49772, 110791, 209687, 141115, 94470, 29041, 50677, 145986, 31938, 71726, 204469, 61047, 176853, 385150, 92077, 478520, 188379, 407059, 464459, 226089, 135051, 13628, 77030, 308701, 40605, 267976, 45700, 354952, 81387, 422332, 379609, 195583, 177007, 261435, 73067, 350123, 447748, 66508, 228020, 64438, 388043, 191938, 366455, 170340, 463086, 148074, 251012, 164828, 140856, 221114, 387980, 463158, 65265, 498917, 373888, 7795, 239660, 372047, 96335, 407478, 399458, 397326, 260619, 414715, 294986, 222752, 478628, 448766, 92563, 26911, 111057, 210835, 247677, 75747, 39445, 37059, 334991, 445526, 260298, 332449, 57708, 260660, 262631, 24303, 486224, 484777, 282665, 409589, 12011, 94605, 79677, 414576, 257526, 341143, 19779, 382337, 342252, 441685, 371863, 33297, 456309, 124879, 70449, 89820, 488098, 35915, 129798, 429211, 114504, 103558, 207315, 57326, 200136, 100979, 486058, 283492, 450663, 356333, 196018, 211125, 419214, 151200, 262692, 191690, 345467, 69420, 19831, 350639, 297903, 478912, 11692, 479958, 150482, 67949, 472350, 276289, 381493, 427229, 47593, 401592, 334525, 331386, 488696, 13425, 197767, 428222, 141545, 280411, 332819, 324787, 390331, 151528, 154561, 154668, 467791, 335516, 345788, 351024, 283899, 135301, 199691, 315025, 215747, 132950, 330734, 8924, 121392, 189960, 330351, 159044, 106571, 446113, 496102, 84922, 128465, 196599, 482244, 82596, 253528, 400267, 61289, 297918, 213165, 232988, 474928, 487268, 368900, 477193, 342489, 2610, 8210, 427580, 70584, 14051, 318393, 121334, 77423, 272479, 44148, 403523, 345998, 417291, 483997, 61269, 497807, 453612, 135792, 483805, 271445, 393626, 281893, 54110, 493005, 112608, 441020, 184872, 18239, 468869, 82918, 6105, 75639, 116084, 197960, 312287, 89710, 432226, 351980, 474447, 155068, 495484, 31058, 147532, 27080, 93985, 303987, 43837, 137030, 171442, 251510, 112053, 234658, 323269, 384478, 302179, 46051, 138361, 221076, 364149, 29512, 295872, 301510, 454495, 60350, 429059, 267127, 308845, 479556, 495476, 128250, 334498, 44522, 60560, 396339, 32909, 190483, 305536, 300296, 241321, 5969, 9233, 386030, 329302, 293210, 248829, 107636, 154887, 249944, 350455, 497300, 443599, 290497, 476542, 49963, 242780, 424730, 444529, 349331, 138315, 485054, 262128, 231064, 339889, 296455, 158470, 345100, 361012, 191008, 282015, 394860, 20469, 437614, 353643, 249313, 388289, 121480, 177734, 127304, 173099, 354094, 151729, 170050, 161945, 200635, 12333, 457248, 178357, 202092, 217822, 359101, 53348, 67438, 217516, 223765, 494259, 468246, 432024, 323541, 439323, 394980, 445652, 222988, 337957, 353497, 159548, 65169, 97602, 401619, 442549, 338112, 44095, 437098, 384259, 249311, 238432, 206205, 205969, 329337, 40174, 113076, 399369, 315407, 96866, 117151, 35748, 151532, 153613, 109568, 415780, 480896, 496862, 158676, 266386, 3460, 65620, 321493, 469750, 95868, 249501, 59198, 86244, 159345, 56062, 458385, 342677, 84917, 1770, 124416, 48288, 226293, 378746, 106606, 187878, 32376, 274243, 89395, 8162, 79768, 487579, 323238, 437733, 342690, 31047, 470354, 24624, 34906, 281577, 385072, 200196, 81739, 367042, 115260, 371461, 481472, 135527, 53727, 175460, 128782, 347299, 334701, 386599, 139234, 240557, 85017, 369946, 432228, 146494, 420551, 478519, 137263, 339431, 158716, 208001, 298345, 433432, 109145, 438826, 469509, 435055, 164854, 157883, 194349, 47398, 55317, 493392, 36066, 451499, 124987, 256400, 232447, 359542, 60507, 377695, 279001, 227989, 328329, 263822, 3719, 345464, 206818, 445167, 469739, 77354, 147623, 596, 413054, 367258, 344689, 409744, 121707, 115878, 147537, 178810, 306419, 176894, 382759, 391462, 391677, 213584, 78518, 404588, 419232, 414530, 321164, 425272, 485068, 407052, 496878, 45409, 66484, 112761, 154013, 424301, 7489, 431938, 490391, 328824, 223942, 33698, 458073, 129049, 11046, 141569, 185255, 499904, 177954, 493881, 53472, 436178, 4063, 407584, 234380, 168554, 397883, 498962, 399396, 419781, 494817, 262990, 462952, 48135, 315335, 292929, 342483, 112648, 144745, 473640, 98149, 378163, 130330, 95053, 364547, 363462, 4526, 229221, 164146, 442098, 329657, 62425, 401065, 422636, 474139, 338603, 480956, 357258, 313163, 248500, 220010, 457529, 134703, 32830, 404048, 41217, 230629, 375653, 246233, 162156, 36331, 462332, 199015, 451603, 137553, 234046, 418198, 416778, 222732, 283597, 251234, 415599, 141595, 271948, 351870, 326749, 254422, 195059, 109671, 147953, 187168, 46601, 260156, 339452, 266012, 316355, 141000, 146418, 234005, 48606, 471843, 173146, 179187, 141396, 263217, 111790, 452530, 277157, 484400, 384346, 329729, 481292, 317060, 187877, 104022, 37545, 86263, 303407, 437878, 186079, 433786, 322098, 354275, 20258, 359860, 150793, 441047, 97460, 30557, 23062, 429187, 298934, 490975, 34265, 464994, 167599, 233234, 32587, 12364, 15560, 128756, 488576, 120306, 460787, 36376, 10533, 262457, 414564, 441299, 335042, 52938, 478662, 101741, 464612, 378904, 253010, 372048, 268542, 312166, 64355, 409781, 128358, 291315, 384262, 444839, 250743, 195398, 447287, 393493, 342522, 356837, 176845, 20213, 294983, 320251, 173495, 265700, 37107, 14656, 371189, 445480, 361694, 117998, 126612, 40085, 170148, 367253, 75996, 116837, 462504, 434502, 168235, 127065, 440218, 460139, 171990, 49309, 493402, 381363, 364882, 366945, 433542, 476334, 295159, 269033, 478382, 102455, 22297, 371509, 487358, 78889, 41235, 407682, 4227, 394195, 349508, 244570, 218981, 206329, 468534, 386297, 437269, 476932, 57776, 212423, 28653, 140997, 32937, 363577, 77101, 364012, 90027, 188510, 458953, 152149, 348306, 310806, 451451, 420429, 205208, 191968, 322075, 222976, 487992, 340300, 354069, 291858, 58268, 385474, 198795, 486879, 276283, 341204, 345248, 387787, 88128, 414204, 170947, 346540, 560, 229017, 468784, 476999, 265286, 315911, 444137, 135188, 497327, 473067, 46790, 208952, 429804, 358008, 152204, 264350, 377811, 451519, 304845, 416209, 269442, 440659, 492009, 12167, 357011, 2318, 458202, 96482, 120820, 106586, 436938, 101330, 52430, 120830, 63648, 245317, 297262, 418218, 312230, 379889, 31832, 288113, 451236, 82339, 394432, 195805, 310586, 433653, 152231, 226286, 463313, 77638, 355032, 187084, 402348, 332019, 175135, 86141, 207024, 432862, 381906, 86060, 153362, 37167, 392324, 71536, 15363, 237867, 50187, 326330, 192858, 277340, 284158, 132174, 482960, 174521, 65221, 28892, 376674, 444962, 131731, 38549, 360951, 74641, 33969, 68226, 38084, 374511, 341318, 214962, 291258, 428872, 381572, 253638, 140837, 147911, 446879, 199330, 270783, 247624, 392828, 325275, 40168, 381866, 179829, 80146, 2759, 110656, 313064, 161573, 437676, 456684, 384366, 91501, 352155, 190077, 481829, 404701, 439819, 312762, 388950, 261514, 379274, 477974, 123615, 49984, 150197, 313608, 26704, 306665, 311086, 167043, 470059, 22220, 153960, 278366, 454898, 133495, 327686, 240099, 294114, 465918, 47158, 14456, 32797, 460404, 360914, 276006, 153000, 415839, 430613, 127588, 321448, 290226, 461199, 485983, 429394, 111600, 243485, 268164, 209851, 425983, 159663, 452253, 241040, 431922, 120587, 420188, 419209, 91914, 270584, 388137, 170572, 269240, 458986, 135960, 334424, 195772, 153016, 206525, 1563, 172356, 472758, 120985, 282526, 95831, 273136, 153847, 284767, 216765, 187429, 407210, 409321, 469308, 488526, 297269, 175931, 478462, 21413, 74351, 239489, 463401, 193869, 166343, 269751, 99075, 214157, 22730, 456697, 408704, 42063, 237930, 51195, 390309, 412681, 392273, 320131, 438421, 96847, 308548, 428102, 202027, 67398, 68289, 300811, 214104, 260990, 414598, 392294, 159021, 50730, 50529, 259785, 188844, 49173, 72108, 122674, 50337, 143590, 419647, 489868, 89408, 479780, 43876, 272758, 135435, 288953, 298029, 414407, 403066, 279405, 455340, 349089, 153385, 429475, 33287, 406471, 338224, 148235, 91607, 22846, 102537, 327150, 78909, 96921, 165977, 110385, 343956, 464716, 116194, 408322, 450278, 311184, 235649, 418161, 472134, 92982, 469889, 395774, 413529, 318875, 488806, 453991, 137557, 485665, 294970, 334727, 46861, 65764, 269856, 33119, 98162, 386985, 154273, 44776, 357256, 28264, 437773, 439893, 211828, 221149, 444328, 5131, 18409, 365279, 199095, 272564, 116952, 251284, 222692, 134611, 336345, 288756, 260676, 277570, 173732, 103351, 124377, 425574, 28132, 141682, 418731, 296967, 302981, 28004, 85691, 168452, 429150, 67645, 228977, 5348, 333309, 338791, 71912, 81306, 406434, 208950, 420447, 22316, 485194, 270505, 315117, 219103, 41120, 215079, 445617, 315504, 124748, 294730, 271192, 139899, 54548, 181303, 454688, 401629, 353124, 27990, 326850, 445336, 31909, 49960, 178666, 230825, 456881, 404397, 352109, 78690, 412178, 347181, 260377, 21883, 272095, 198017, 389379, 11158, 372017, 404762, 202430, 2701, 351731, 226078, 251183, 191469, 315321, 84551, 75328, 356893, 217581, 258502, 412621, 95427, 39585, 387658, 407799, 282264, 444028, 222731, 182700, 118363, 254627, 462947, 441154, 2731, 68149, 75729, 422805, 429111, 327448, 4482, 478898, 467263, 246788, 314814, 87334, 21617, 356003, 286344, 213654, 386913, 171128, 374464, 466046, 42579, 264909, 448371, 259129, 411788, 425403, 70741, 184973, 375548, 310270, 199368, 399878, 464086, 202864, 42688, 385547, 180601, 482429, 311336, 58687, 446875, 61214, 272334, 88273, 51419, 34589, 102186, 152668, 459064, 201013, 284614, 101190, 491145, 120957, 154869, 320726, 324523, 32692, 489911, 343306, 420500, 224031, 205222, 337544, 214423, 48159, 26676, 311427, 475225, 256447, 357889, 468635, 408443, 473306, 403201, 35535, 99964, 227038, 282373, 205203, 4381, 29955, 302567, 187597, 30272, 113978, 443216, 401226, 433520, 438054, 113653, 312899, 140033, 393942, 475901, 98387, 456616, 257571, 286960, 439013, 223185, 466056, 262564, 365024, 380217, 127315, 495349, 497061, 68859, 354915, 277507, 401612, 337182, 324867, 456145, 391896, 87068, 123001, 152516, 89905, 146424, 315926, 22932, 228996, 77773, 126809, 4468, 289510, 205313, 260844, 291239, 489079, 366456, 1812, 226544, 479296, 306461, 402837, 400568, 428537, 487303, 235878, 281984, 368643, 327316, 236759, 241938, 327577, 171732, 499554, 454233, 407789, 352947, 111018, 265852, 17694, 334346, 70777, 94339, 3793, 171424, 17159, 134637, 389452, 427416, 72232, 100226, 333253, 237297, 207831, 60073, 235599, 10616, 250709, 13225, 62241, 477546, 103147, 268462, 493109, 200044, 47802, 5510, 412038, 379979, 50474, 434385, 320053, 316839, 389947, 448603, 79126, 440850, 362613, 172986, 345281, 422245, 412082, 467435, 494053, 100525, 313184, 157389, 87810, 29241, 114327, 319720, 494620, 217333, 471303, 263568, 281570, 257241, 212160, 31094, 30333, 463842, 440538, 255196, 331966, 199363, 108963, 39954, 116574, 297896, 115114, 29764, 215558, 117729, 335627, 480318, 10888, 284664, 443491, 367552, 237997, 357404, 427350, 164505, 220608, 264002, 154837, 124126, 413321, 406113, 490545, 334893, 329353, 335109, 106872, 192317, 452029, 448389, 251864, 42259, 423282, 377183, 160792, 253989, 319876, 492493, 430710, 186753, 139932, 304214, 93576, 13546, 342958, 77506, 488688, 121697, 182297, 5308, 466136, 270894, 159267, 273489, 274655, 174167, 58030, 486476, 217407, 488044, 91835, 244486, 165719, 272537, 112760, 210052, 15446, 105398, 340644, 365579, 406923, 25333, 20599, 384614, 40604, 270974, 339930, 204732, 77717, 435245, 66750, 53879, 348273, 324006, 288639, 207647, 87157, 239778, 178217, 368090, 410832, 336563, 190893, 385525, 326800, 19635, 238260, 446821, 394017, 72735, 102261, 37085, 492558, 132814, 259584, 343745, 493573, 348572, 460412, 447493, 448429, 46491, 326363, 200128, 311793, 32664, 53154, 286542, 229044, 255029, 469498, 465807, 208116, 152762, 214430, 368702, 221040, 213449, 107523, 339219, 11012, 2799, 441517, 427545, 127327, 168069, 85707, 130532, 280661, 322225, 10000, 479098, 227711, 235805, 445171, 193205, 45312, 161257, 84062, 212571, 82655, 285014, 109519, 399340, 340372, 352225, 332871, 484486, 451009, 311086, 12435, 228135, 203636, 464996, 100178, 149819, 137179, 198048, 357761, 340565, 191050, 310872, 351741, 495575, 267505, 215025, 241607, 412124, 31953, 485298, 73352, 308970, 156985, 489279, 364823, 414400, 375410, 483616, 404914, 113637, 119254, 435944, 86052, 499412, 36706, 214401, 292549, 65787, 243820, 244482, 66483, 29178, 198211, 268090, 179831, 38567, 262286, 54617, 250622, 426843, 272978, 360137, 77494, 328568, 299382, 68649, 1836, 139129, 401970, 424782, 205240, 226782, 405614, 181134, 482, 16337, 361048, 158163, 348957, 474601, 142549, 204330, 325532, 221504, 416993, 41346, 13918, 99169, 109680, 264510, 195101, 90951, 485468, 39808, 367513, 339338, 39860, 157490, 181906, 98752, 176983, 263262, 224192, 233464, 165423, 173532, 330135, 3096, 335465, 310470, 108926, 109179, 60326, 325936, 460433, 246897, 328035, 381575, 193265, 286279, 182891, 55350, 243253, 451375, 434589, 423899, 268408, 461421, 208336, 283928, 476698, 438893, 181747, 70289, 453557, 138342, 267615, 29945, 51463, 132041, 224250, 166222, 181779, 73556, 351795, 330285, 460667, 66504, 112364, 51812, 28324, 208262, 346360, 282905, 128906, 240968, 419401, 268187, 300830, 348117, 175713, 451136, 492491, 221166, 32312, 401618, 183147, 377594, 214343, 23337, 2459, 193212, 282180, 103714, 296328, 451291, 476275, 259593, 148625, 156672, 485692, 395858, 189325, 218899, 350433, 7580, 486566, 94948, 475744, 471010, 142520, 338670, 470420, 245173, 119078, 294982, 13594, 62557, 207642, 38065, 303281, 309151, 71873, 492420, 69068, 493295, 384787, 4500, 249065, 152986, 421729, 288653, 4487, 437013, 236724, 278193, 49161, 260873, 179127, 488932, 374759, 284507, 113988, 224258, 376210, 444331, 12198, 309388, 189011, 83537, 208392, 325415, 26719, 8036, 163336, 108625, 138610, 119343, 125428, 223275, 108721, 148335, 121191, 45736, 330856, 423040, 108240, 244384, 86469, 111291, 183247, 80156, 422665, 342936, 101892, 26210, 177655, 350813, 375129, 246335, 482523, 411884, 313613, 377113, 312643, 91578, 313570, 316661, 7238, 218334, 201826, 379508, 41183, 162457, 167773, 197024, 411249, 119516, 248437, 190986, 394009, 146790, 320997, 225616, 337641, 25978, 167557, 111119, 169, 142707, 285325, 37877, 32016, 129288, 51461, 55322, 147237, 114215, 211834, 312191, 230138, 65054, 75336, 358449, 468502, 230271, 415970, 339862, 92089, 127287, 22942, 25132, 306831, 68729, 203421, 275467, 317655, 497325, 371019, 119669, 344271, 138522, 446890, 482408, 332731, 245144, 329192, 176748, 422024, 31220, 132354, 110786, 391476, 133964, 291155, 66477, 5465, 424465, 241633, 387684, 69420, 170969, 455450, 343418, 192726, 361675, 181167, 479400, 53956, 310486, 331159, 488103, 498649, 191606, 472109, 415993, 350572, 259274, 153670, 355464, 223750, 411555, 221278, 423609, 75058, 429625, 120607, 95824, 392711, 171424, 114340, 208511, 480443, 352146, 88073, 210543, 31651, 285813, 163820, 358674, 442677, 100581, 429396, 175317, 95528, 300288, 315238, 469420, 226142, 373583, 339322, 69368, 36217, 484083, 360734, 323004, 67458, 116380, 249693, 40987, 385948, 324399, 172934, 18453, 411912, 287668, 477551, 367363, 391735, 74848, 397663, 241821, 218176, 394179, 260251, 178819, 212209, 459493, 378439, 35955, 417787, 122920, 324777, 233587, 301956, 413157, 342212, 197171, 174468, 452958, 232823, 344151, 459032, 280804, 402201, 123137, 443440, 497074, 31613, 147269, 26503, 353095, 486093, 446347, 62816, 112258, 200979, 477029, 233200, 12057, 376836, 165831, 230012, 203153, 342956, 114298, 393756, 496723, 115755, 345265, 283040, 481178, 383041, 375375, 329515, 335170, 468907, 354457, 277959, 448287, 207976, 204570, 183490, 119432, 124185, 50563, 120018, 197114, 419342, 155808, 173935, 250024, 188590, 407541, 49377, 210839, 124395, 338488, 107681, 340239, 178884, 140102, 205498, 437890, 9230, 291166, 439381, 425157, 47437, 386663, 169223, 384941, 22967, 254430, 240726, 171256, 4483, 121623, 373856, 279311, 193668, 184736, 77723, 419163, 127740, 471066, 132595, 140815, 376748, 290408, 281690, 97316, 22947, 289455, 253060, 206426, 72759, 357562, 24344, 466916, 277337, 478532, 476880, 256239, 264003, 229717, 79611, 332057, 426020, 30583, 190454, 16685, 114777, 248531, 319399, 355503, 298358, 28087, 311343, 433313, 308362, 17254, 114015, 88628, 10922, 7091, 414286, 344897, 461360, 331462, 158868, 2148, 318143, 79787, 481326, 174441, 132475, 360487, 278776, 437489, 14532, 169341, 67977, 351017, 305106, 28716, 457809, 271785, 439486, 110110, 483963, 408559, 475535, 35358, 278334, 422210, 44833, 391685, 386464, 356359, 271064, 148638, 344164, 312223, 94766, 186834, 267905, 499579, 286054, 94019, 30731, 119510, 79893, 60242, 368149, 164654, 22219, 153515, 368149, 104502, 159940, 2046, 308973, 258031, 356558, 454531, 87353, 195810, 123587, 479829, 97447, 444794, 16877, 428266, 168355, 9864, 362058, 98806, 46828, 408328, 35381, 417535, 170195, 371232, 112149, 391238, 278178, 172822, 30120, 218301, 44736, 137889, 124098, 50234, 385539, 153080, 405353, 246683, 378475, 103591, 458894, 380113, 158218, 345701, 434046, 436183, 313913, 168384, 468586, 274247, 347245, 213030, 240455, 163508, 237327, 434428, 18558, 402111, 273893, 9060, 74323, 306388, 461167, 497641, 74014, 426132, 423184, 232729, 212601, 120079, 298256, 203093, 295764, 223832, 466963, 71970, 102147, 403962, 219666, 204127, 1277, 359997, 399700, 162831, 119457, 357561, 425095, 264085, 412723, 315337, 463985, 118967, 311004, 413165, 298783, 18933, 287412, 294139, 456904, 89006, 285124, 11945, 32713, 179138, 136251, 128765, 25864, 174181, 168018, 389087, 302344, 152201, 24298, 411847, 208635, 380797, 279349, 239575, 265308, 172915, 88899, 22333, 493397, 372613, 229127, 155451, 145182, 89038, 158021, 202190, 73820, 129339, 306804, 120518, 205091, 20101, 122942, 255647, 439224, 436751, 159204, 405371, 144388, 391303, 340923, 108959, 466084, 300255, 64637, 3238, 306555, 8756, 282992, 4439, 414241, 317712, 431942, 252506, 981, 373399, 303455, 247923, 246832, 190537, 176239, 142333, 110586, 247888, 237612, 341859, 53386, 443948, 404978, 126699, 459134, 40843, 284774, 146256, 192521, 77043, 94330, 219834, 238423, 365426, 338686, 277530, 447570, 117649, 477120, 121932, 329299, 115861, 206807, 413565, 52799, 249226, 332653, 391168, 176533, 131186, 460020, 17715, 283405, 83914, 442201, 16634, 321409, 398433, 337573, 190913, 451234, 435074, 286172, 129459, 177089, 278141, 307266, 397350, 412147, 197290, 75517, 97638, 274665, 347311, 254940, 348947, 417241, 296393, 349466, 353401, 145375, 151047, 38871, 33218, 306460, 341017, 304749, 52168, 300888, 327574, 202836, 16995, 487132, 434929, 367931, 10584, 178099, 285118, 169151, 479762, 482808, 227045, 353552, 201064, 487313, 305279, 12918, 44813, 482900, 287871, 434804, 251916, 293386, 346409, 208470, 33715, 391774, 389980, 270232, 401394, 155520, 225979, 360409, 317304, 303591, 237275, 160472, 186948, 289374, 13093, 93926, 455417, 387640, 336477, 21235, 460976, 489193, 214336, 198171, 357042, 126798, 247088, 112882, 146278, 226973, 312432, 171838, 494310, 279564, 136508, 64797, 74960, 475900, 385974, 216526, 460069, 448764, 144067, 72839, 273411, 308190, 227278, 493253, 85314, 15050, 63317, 207301, 207630, 12776, 151634, 97152, 178853, 196631, 214549, 285439, 449076, 95333, 357431, 315525, 190554, 76843, 201950, 290992, 419915, 411891, 424723, 414869, 381653, 147070, 274743, 372336, 345006, 275181, 491270, 105761, 187336, 352872, 178851, 327372, 252465, 373038, 26136, 181206, 153177, 330080, 32427, 349360, 45402, 263107, 128553, 435693, 61101, 175609, 343020, 353484, 206700, 163169, 157528, 423355, 60673, 35676, 432318, 164527, 342786, 153342, 431163, 153364, 384109, 291546, 268752, 408726, 141896, 140441, 227144, 119381, 134315, 488413, 483703, 60476, 296966, 245374, 258167, 369594, 337878, 344766, 4954, 467912, 285226, 342029, 332164, 266901, 474448, 61356, 217413, 51732, 123771, 194106, 34830, 270511, 67781, 196808, 328298, 286577, 410185, 194879, 414283, 261807, 499576, 354408, 41902, 254072, 141191, 212780, 340502, 418012, 46452, 156692, 391187, 455019, 351255, 261669, 333045, 321540, 33294, 431019, 286987, 124767, 17218, 21783, 419307, 44179, 304381, 256658, 88278, 320680, 295902, 494122, 151919, 55550, 158184, 299630, 307024, 4185, 35447, 348617, 317848, 451717, 83348, 350544, 422788, 304706, 86277, 425319, 17498, 303423, 444967, 44175, 258424, 493820, 256420, 180131, 59450, 183126, 66743, 161632, 141165, 491726, 445214, 250429, 29712, 211695, 478450, 372265, 377651, 442614, 394254, 433930, 410558, 380946, 81241, 392218, 192001, 229515, 476072, 150831, 135417, 184964, 185977, 127304, 220181, 209358, 172484, 17212, 377213, 333333, 358690, 471790, 178251, 415504, 250961, 400715, 329809, 32413, 144356, 190234, 426743, 474061, 122862, 252944, 238711, 193933, 452281, 42952, 177696, 182689, 279062, 375593, 152585, 244904, 181137, 410695, 116007, 50066, 154928, 312572, 277937, 340972, 444868, 253532, 274946, 387502, 114616, 487446, 169969, 255325, 195133, 408120, 490410, 234307, 216431, 389402, 134812, 93885, 178375, 93969, 7218, 88729, 61780, 375555, 485432, 476649, 437170, 490574, 343546, 352613, 288828, 285114, 38263, 118762, 204571, 313803, 50952, 54823, 406420, 47945, 168689, 241545, 155608, 59097, 256203, 191688, 314123, 311108, 297849, 395105, 404361, 254151, 379842, 112511, 84552, 52977, 216808, 40645, 419348, 16292, 270101, 401131, 247919, 300885, 403760, 271126, 199442, 174008, 94687, 364720, 69487, 346743, 457634, 203755, 135529, 157796, 144883, 340777, 401180, 30620, 118344, 241050, 361900, 305882, 47536, 214581, 221504, 418045, 53659, 39207, 490329, 19516, 445646, 311680, 94223, 51166, 118926, 482398, 417232, 29373, 65996, 430174, 189820, 459266, 249016, 393609, 284077, 466017, 330357, 453176, 485847, 493800, 498988, 263905, 447017, 134051, 499018, 86609, 197984, 64908, 115117, 347798, 273745, 91418, 328780, 265025, 168635, 79955, 428567, 196892, 379823, 238783, 468913, 226797, 292188, 418742, 15087, 326643, 179338, 255973, 410227, 368275, 272274, 71477, 177272, 353587, 72761, 430869, 101762, 296339, 448116, 372250, 425160, 381672, 326170, 353296, 222789, 99816, 259600, 477984, 364168, 41294, 468901, 174357, 122654, 130642, 318263, 219595, 362626, 256248, 225093, 423287, 59535, 245513, 201558, 474880, 76379, 169011, 382393, 497395, 440400, 11139, 216875, 319940, 104393, 255035, 87169, 323579, 458731, 162833, 379358, 420059, 351496, 403250, 467725, 34989, 278564, 477309, 311818, 223056, 307871, 376409, 194944, 195099, 204630, 266734, 265007, 126986, 471892, 241500, 315359, 460537, 243647, 446444, 368349, 340189, 389960, 6188, 358636, 278505, 391771, 261091, 143828, 287926, 160087, 472631, 468620, 195536, 178892, 480533, 224799, 141061, 215919, 387424, 190187, 150708, 249987, 262910, 111713, 245498, 165628, 499878, 300488, 233592, 418013, 475698, 452639, 414324, 404717, 268065, 350477, 77158, 371537, 52604, 222412, 122480, 288397, 415227, 368179, 343061, 208452, 308244, 1683, 220667, 276287, 91340, 358993, 111161, 151627, 53863, 4913, 375138, 123001, 446811, 420833, 154073, 377057, 187374, 292129, 370784, 127543, 325551, 37345, 422433, 51689, 197536, 406326, 305880, 315772, 36766, 408945, 277787, 194669, 427892, 47338, 39462, 289089, 23030, 233417, 220845, 331556, 165081, 403548, 331835, 315938, 337699, 278903, 232438, 239304, 341956, 431249, 130444, 88055, 224300, 411515, 35930, 12973, 231895, 488368, 369734, 482711, 98773, 366970, 357062, 365674, 204163, 195466, 444047, 345544, 12447, 288999, 306431, 199921, 379028, 181081, 119044, 361544, 213595, 31347, 16433, 175091, 303680, 482832, 99802, 94207, 464347, 329037, 173269, 104655, 417425, 341255, 256315, 427395, 196354, 195288, 392145, 192444, 360937, 45822, 247882, 353257, 251674, 249398, 4575, 327767, 162247, 64552, 405083, 374307, 29647, 493405, 60895, 287051, 423021, 453961, 255609, 130909, 116222, 235456, 346385, 150275, 153028, 264623, 96045, 16491, 364424, 26543, 131657, 402014, 90659, 251060, 28887, 128581, 462977, 136243, 155313, 70174, 67796, 401279, 494584, 135937, 170171, 154814, 236311, 498225, 183309, 209280, 451238, 402807, 338802, 346527, 164287, 349733, 438315, 482137, 104427, 7719, 354646, 379898, 188895, 66128, 130332, 288167, 437937, 31407, 83391, 223749, 461395, 12882, 185745, 183866, 477839, 194763, 420100, 219838, 411962, 53641, 193871, 29414, 74977, 243425, 42600, 82250, 307015, 210763, 400362, 90792, 314481, 14174, 131112, 338468, 234372, 183200, 427764, 210189, 401584, 112536, 263449, 265659, 262141, 33900, 486045, 328800, 269253, 194490, 19170, 136867, 52562, 326592, 241257, 60237, 239925, 121566, 445286, 26258, 298498, 331513, 195546, 156562, 303171, 221774, 16592, 190593, 210360, 405407, 457846, 8293, 427902, 152125, 38110, 417291, 202521, 39108, 40109, 185626, 425875, 410866, 76774, 19973, 199555, 182936, 36584, 317789, 450414, 18163, 166408, 60773, 234015, 429685, 480582, 182218, 430218, 207218, 30673, 27724, 432161, 490176, 365863, 159426, 469128, 256923, 251366, 228695, 407395, 237552, 93549, 127719, 74332, 155602, 317238, 365353, 58063, 187294, 201940, 166552, 66161, 384805, 257228, 156797, 152882, 295991, 158903, 235395, 28077, 316761, 47745, 316394, 476990, 71576, 196391, 346836, 19456, 252333, 40257, 247944, 73092, 30458, 465047, 136819, 219912, 62282, 338557, 106217, 67163, 83858, 136111, 201651, 213477, 290106, 335729, 354034, 328723, 111962, 11000, 401783, 114971, 90038, 283428, 125765, 30028, 340165, 383709, 344574, 124521, 171242, 494835, 145920, 131275, 349889, 426010, 398572, 26661, 39189, 149849, 379073, 443929, 403385, 442349, 282377, 194347, 150280, 230541, 287923, 462675, 392157, 116492, 351153, 111732, 222660, 119471, 213636, 391171, 112453, 170527, 221595, 230149, 428838, 236681, 379, 419044, 406825, 223703, 457199, 456556, 152721, 261053, 394530, 144070, 375794, 330874, 200897, 296728, 242764, 104043, 185302, 36406, 379864, 152599, 196811, 328264, 472958, 91321, 438231, 196071, 276668, 235256, 63315, 131769, 61650, 159742, 100052, 458443, 300628, 243298, 493642, 391442, 231316, 432572, 279580, 371941, 414266, 46799, 186300, 301902, 213544, 431766, 240786, 27698, 380606, 313000, 278512, 138776, 300778, 61451, 375166, 345883, 221530, 202422, 104977, 489826, 386062, 352086, 393488, 270292, 314038, 185116, 226536, 118577, 435023, 222949, 66330, 181154, 76108, 281535, 380295, 98234, 171816, 101284, 65324, 102129, 485501, 415132, 357108, 170921, 49001, 375168, 224707, 457854, 217623, 334255, 170688, 459177, 391111, 6621, 294482, 107808, 332624, 160215, 96021, 240174, 211781, 283310, 369955, 344295, 488495, 216951, 414235, 163435, 487296, 487083, 262581, 272882, 443692, 496271, 134279, 361247, 121374, 117407, 324278, 142737, 221848, 56016, 457100, 197453, 320521, 62068, 366905, 322860, 13709, 178879, 260968, 69268, 431587, 409628, 71625, 220085, 246564, 367049, 80437, 446562, 12886, 28114, 173384, 344542, 146487, 255809, 304687, 194855, 290698, 461457, 481935, 462096, 226337, 496922, 343518, 100075, 405966, 312479, 482093, 228506, 379493, 441440, 10063, 420701, 22199, 436428, 275412, 238754, 318036, 454494, 52763, 308849, 201314, 497372, 107207, 38810, 305334, 74874, 439444, 481926, 214795, 237990, 336770, 210652, 305529, 13914, 129223, 304593, 415100, 235180, 27055, 377162, 195696, 418890, 111593, 326771, 61404, 644, 111347, 53385, 408090, 468929, 127135, 172647, 188580, 495917, 30607, 421399, 191832, 95133, 167856, 477619, 354020, 373457, 241457, 1191, 354622, 145541, 341299, 256896, 387950, 94322, 119732, 344549, 276709, 27574, 174371, 218388, 262182, 130539, 351595, 240713, 207926, 215010, 19830, 460024, 436663, 350571, 243375, 430129, 201529, 396626, 291747, 106579, 357739, 432693, 378863, 269374, 101960, 439618, 207153, 327758, 482970, 410735, 27907, 276670, 345379, 248056, 376581, 30993, 370381, 433132, 155065, 163671, 280783, 424425, 6093, 66560, 496654, 493551, 36944, 192121, 133605, 162844, 361414, 194273, 468292, 147404, 420939, 146141, 466945, 166491, 302031, 44579, 279199, 400053, 100063, 235742, 121682, 259669, 170818, 24805, 408132, 2125, 165945, 354040, 112192, 72771, 164064, 398630, 155474, 239653, 280483, 454126, 128776, 481010, 258916, 176931, 177190, 172608, 254454, 298829, 12421, 222647, 443288, 83819, 207861, 178960, 167691, 397753, 229020, 339068, 105663, 393027, 163519, 199838, 494082, 15315, 412966, 460574, 195142, 135590, 306534, 448270, 280582, 72450, 76725, 241920, 214777, 329920, 490505, 32529, 220215, 499632, 69983, 135075, 114626, 241437, 271337, 249739, 252827, 90121, 222221, 138316, 392190, 231306, 204643, 249634, 428293, 422898, 351493, 206603, 255138, 69204, 100701, 171720, 492392, 114901, 337791, 200201, 338085, 420597, 53356, 338252, 271529, 84083, 469983, 31458, 455903, 220305, 315390, 407393, 349921, 274701, 76418, 278274, 47280, 383483, 135629, 411733, 41492, 301897, 499365, 369134, 132206, 8654, 284689, 129499, 444160, 416718, 457054, 187423, 156722, 313071, 374162, 12041, 24931, 179343, 141533, 372902, 341023, 33678, 318221, 192716, 174857, 168583, 253160, 478561, 287122, 248776, 339281, 322560, 336786, 108780, 248608, 374755, 12086, 379414, 37756, 363012, 21848, 257847, 257289, 450642, 298648, 466509, 269900, 322348, 280252, 386948, 463955, 91082, 249000, 174033, 402881, 110063, 11640, 112721, 82622, 325877, 196231, 52271, 54713, 393484, 362526, 168542, 405259, 435248, 490313, 402595, 277364, 202411, 127907, 393096, 495385, 181637, 207347, 430942, 138050, 234799, 369511, 283045, 379988, 328623, 309412, 136994, 107730, 162076, 380725, 402481, 206729, 27484, 446361, 222751, 101952, 173090, 170208, 333948, 306819, 363768, 158449, 240144, 230692, 314934, 391291, 81859, 119989, 44996, 327064, 494176, 126023, 247579, 329298, 220915, 199729, 216661, 264762, 421813, 282854, 151483, 203069, 177806, 152201, 80641, 452727, 209442, 195154, 463540, 37658, 163800, 74826, 259488, 253553, 447370, 420253, 367421, 388457, 464849, 136446, 65436, 190960, 197507, 185331, 276139, 318680, 101261, 176582, 269432, 437977, 61468, 9186, 25593, 175008, 170399, 333543, 90796, 391140, 440932, 346020, 304763, 454719, 142103, 247013, 35637, 203247, 224742, 265661, 6640, 413018, 50801, 374855, 35391, 430153, 50735, 326515, 140693, 481836, 187804, 406585, 158540, 452678, 64627, 248719, 457484, 3638, 9485, 341801, 289344, 102378, 361687, 185600, 35509, 315407, 298092, 119854, 107701, 489427, 477211, 86404, 142384, 65134, 456626, 267676, 402864, 372371, 240153, 311695, 370200, 185663, 397392, 218577, 178332, 111924, 139340, 72967, 90551, 435857, 218336, 376521, 371628, 5455, 25094, 226819, 44491, 441426, 27132, 61835, 274005, 477786, 271291, 269492, 323581, 105719, 491650, 311302, 183821, 143570, 74717, 383163, 199454, 348686, 395360, 340894, 480006, 142460, 309525, 283785, 75108, 55365, 226996, 133348, 73443, 111845, 366219, 99739, 57873, 286112, 492171, 433596, 466242, 464191, 62574, 361849, 499185, 276357, 73453, 73884, 437493, 148943, 272499, 443070, 333058, 477958, 128726, 417960, 74065, 7092, 8439, 345175, 45996, 390540, 387659, 485710, 161126, 27021, 110709, 439965, 196479, 220671, 450155, 409472, 115143, 45329, 5839, 475590, 73380, 163365, 229291, 457902, 182199, 200514, 380253, 328791, 145472, 373314, 381903, 465050, 191848, 36760, 481759, 4720, 195878, 145500, 319744, 238693, 19740, 347241, 3838, 421569, 286162, 296731, 465082, 460940, 258808, 318728, 490684, 34802, 309103, 466734, 397576, 274012, 122952, 225140, 261590, 432009, 90222, 73758, 46104, 254943, 115545, 255475, 434299, 423984, 55431, 324419, 472910, 20864, 183566, 342024, 481604, 495562, 233734, 373815, 84717, 49652, 499328, 110994, 215769, 126252, 102709, 109509, 41626, 224052, 391701, 43920, 333953, 234764, 368817, 407060, 216547, 20178, 189891, 52088, 405949, 117413, 53513, 373277, 494023, 22523, 283688, 144994, 298101, 182965, 273493, 362927, 375221, 471690, 335657, 475430, 393166, 332621, 250428, 233021, 140846, 197942, 355986, 36674, 67672, 281827, 305859, 5811, 393406, 238998, 391268, 34665, 149775, 330610, 260278, 214275, 291658, 431227, 172849, 49412, 235289, 425358, 115383, 239717, 143322, 325200, 82056, 375297, 34920, 362352, 269982, 421277, 477555, 145322, 314812, 293538, 90827, 124832, 172101, 213939, 93445, 331642, 317604, 362631, 201548, 470514, 219751, 452377, 270950, 142895, 393970, 310208, 388261, 380375, 257049, 214754, 26322, 179984, 444221, 65555, 357430, 132619, 395143, 129936, 126578, 84395, 499180, 83606, 87236, 329801, 97828, 347825, 41388, 176110, 73108, 17946, 261184, 476949, 232000, 107590, 96839, 468214, 97283, 229194, 399747, 197168, 387209, 124971, 48708, 92203, 319802, 427700, 106029, 283534, 137771, 89566, 167161, 480309, 319883, 445770, 57882, 232430, 423736, 322319, 165762, 107520, 284902, 140346, 321, 301969, 161278, 227823, 437213, 457937, 171395, 243674, 402895, 198863, 462720, 331585, 184660, 266505, 207705, 41767, 353920, 41595, 45235, 228135, 107864, 51756, 171306, 495552, 134822, 304089, 136005, 253229, 458097, 341360, 165728, 232511, 42151, 194069, 234745, 354929, 468414, 495031, 285802, 237205, 144819, 204427, 380647, 35619, 377030, 460468, 295091, 169790, 144758, 374813, 365369, 44389, 274680, 167524, 231995, 25830, 278670, 271045, 478841, 8604, 358344, 119708, 58960, 306111, 444649, 364477, 48298, 138502, 191516, 357912, 173972, 241903, 90403, 455517, 418861, 64212, 173603, 202899, 98401, 426463, 406774, 232252, 257874, 475646, 83299, 213907, 374301, 303395, 193451, 146895, 319901, 427653, 144983, 11484, 30389, 75743, 490148, 434448, 412376, 282581, 266143, 431162, 137719, 369947, 59870, 207752, 56749, 356759, 320920, 109586, 350049, 436047, 259165, 129986, 360091, 119682, 300918, 476816, 126538, 363778, 328463, 64427, 330696, 200298, 34691, 225792, 484544, 238642, 445356, 109200, 142495, 417655, 232821, 386950, 238236, 129657, 111095, 118581, 78474, 366000, 411922, 326569, 57594, 374138, 426294, 140530, 129594, 373236, 43682, 484910, 27979, 482140, 405482, 368713, 245973, 400399, 488605, 492283, 334732, 14014, 362721, 178124, 288565, 378393, 335687, 364429, 138064, 208829, 105459, 478461, 342646, 240306, 379833, 185459, 304125, 343730, 151616, 81334, 155550, 151911, 155374, 237645, 152024, 136796, 57480, 420884, 452659, 199033, 170773, 174804, 41125, 259192, 142046, 461747, 314448, 167350, 72187, 131472, 25422, 30726, 347843, 170967, 458190, 183558, 61498, 155713, 173685, 113673, 282220, 195420, 182101, 447981, 219907, 146435, 115258, 349349, 273862, 62868, 469975, 127266, 97319, 67086, 160051, 363668, 271756, 479396, 370577, 386893, 57722, 155119, 169252, 133496, 498948, 352115, 381965, 489308, 425757, 150249, 121099, 305264, 367676, 419643, 336612, 240571, 470329, 146082, 387609, 322548, 72252, 130786, 283789, 315733, 186274, 295569, 244243, 118082, 328512, 388896, 127541, 391523, 247273, 264238, 467175, 290296, 222577, 151281, 377172, 94072, 358696, 135628, 130236, 267838, 376917, 326882, 300470, 213708, 15583, 92822, 121249, 29981, 391563, 108302, 15257, 485002, 212956, 85973, 489907, 191838, 197904, 74970, 20184, 259781, 304775, 492149, 50175, 462921, 85065, 217652, 362269, 87961, 48655, 344083, 151474, 116259, 314362, 174658, 81895, 54853, 328570, 483493, 130788, 115380, 304857, 437329, 273243, 153473, 184498, 215999, 72198, 455513, 360265, 410365, 437081, 235019, 93875, 327193, 359699, 375293, 244282, 366953, 125560, 371736, 113540, 350674, 269989, 239531, 139318, 372523, 259861, 219397, 92005, 486839, 165186, 56356, 285725, 389288, 230169, 363178, 192462, 335047, 363466, 431492, 108789, 435098, 273156, 65184, 252068, 49161, 470255, 259361, 139651, 398947, 434800, 294177, 368707, 24247, 242172, 190146, 230994, 79164, 278828, 321077, 472705, 485645, 95744, 349249, 469570, 213972, 145852, 225832, 283026, 77007, 430592, 153725, 321376, 195756, 267524, 340318, 313756, 313463, 27282, 193034, 275566, 313657, 23351, 140547, 364866, 270826, 138752, 66015, 54674, 250673, 109717, 335440, 52912, 446532, 496548, 44721, 210654, 41918, 99983, 144019, 122531, 286952, 209872, 419214, 257841, 301232, 356643, 27874, 246331, 336704, 329390, 142156, 88379, 35961, 375768, 38409, 463019, 323512, 245662, 287087, 179598, 187959, 261953, 50263, 364153, 319136, 317882, 487658, 171609, 30314, 309863, 342451, 92285, 167597, 404633, 197765, 257244, 122819, 59983, 478979, 38376, 223253, 29026, 337714, 324828, 412661, 419428, 486955, 387724, 167223, 56848, 378406, 40980, 491855, 475908, 119944, 479733, 14021, 19963, 97850, 28993, 97178, 320611, 77509, 274175, 213080, 55200, 49347, 488168, 2249, 384491, 83269, 339768, 199894, 487421, 15871, 349576, 65064, 447320, 94404, 497610, 362675, 11748, 367398, 55762, 35251, 474121, 124957, 251858, 131276, 175521, 103507, 393335, 145437, 486754, 161325, 323617, 277155, 367975, 295214, 492056, 169114, 289073, 191857, 190602, 217179, 59637, 184125, 445637, 236420, 5051, 33245, 195268, 213654, 339921, 273579, 338296, 421974, 336119, 378777, 330216, 344692, 257536, 425230, 358446, 376743, 175609, 451084, 388743, 261448, 142400, 428479, 495925, 49737, 160380, 254544, 381149, 378584, 209825, 265868, 441530, 301976, 103286, 474465, 475899, 260819, 236357, 93667, 119363, 143128, 258546, 168343, 331048, 385514, 73364, 10935, 2051, 100998, 21647, 277603, 480361, 40143, 189786, 132315, 126643, 455359, 439114, 137762, 49933, 357088, 280453, 84889, 441101, 446681, 130717, 317879, 378133, 167115, 318505, 85953, 467710, 213837, 293713, 11838, 120285, 395861, 157792, 432032, 129879, 65054, 314087, 47709, 142573, 231398, 283543, 86088, 20347, 409649, 18829, 263570, 77348, 236107, 361848, 150878, 90734, 198250, 4731, 54958, 455782, 138240, 243234, 69281, 341451, 337259, 490450, 107862, 283352, 111624, 322950, 274405, 475290, 444595, 4167, 445607, 30687, 307100, 357316, 384658, 335019, 178230, 472332, 217186, 251684, 87957, 453625, 245200, 355285, 44034, 462220, 419245, 483219, 414199, 284339, 155362, 202099, 36422, 454179, 394317, 112399, 217856, 425427, 347616, 223260, 359039, 182538, 358389, 107183, 161359, 449228, 462925, 491368, 439018, 110902, 153661, 350071, 83011, 346919, 184012, 319195, 387105, 133916, 50158, 277354, 250969, 132575, 167888, 410915, 177258, 239869, 28033, 334234, 340304, 54626, 461144, 276620, 334869, 148241, 149754, 435611, 447428, 95182, 434049, 84666, 136653, 406014, 156605, 34322, 367085, 363145, 194855, 222818, 476956, 271877, 164742, 360126, 96691, 191296, 82952, 392754, 477939, 289985, 306848, 22136, 194693, 24923, 345450, 298298, 477014, 400600, 290938, 388823, 269222, 38861, 207470, 64351, 352412, 199546, 388922, 5779, 268477, 67124, 484876, 282801, 373437, 305809, 212133, 187506, 413566, 239395, 31810, 320453, 218579, 454391, 408805, 272513, 359036, 275728, 250412, 296051, 411549, 367464, 162771, 381158, 237205, 443227, 156386, 33994, 258230, 98793, 39865, 209202, 351115, 331115, 160774, 485239, 497749, 171991, 484487, 294416, 241611, 374290, 157377, 456136, 267918, 234083, 499497, 294953, 6124, 185268, 470408, 233368, 270594, 414134, 367988, 176929, 365959, 65502, 437350, 225880, 235202, 435529, 26684, 384937, 262798, 278669, 70473, 415034, 114384, 15273, 200992, 374399, 3103, 130500, 15208, 426881, 74935, 492326, 264938, 263147, 498654, 34480, 127097, 301162, 10203, 173930, 239145, 440576, 151019, 342277, 17728, 73252, 20340, 46315, 170453, 4892, 415585, 301683, 499529, 437063, 197036, 22319, 142650, 254048, 145090, 412486, 462751, 225561, 40682, 102610, 438748, 363035, 153765, 31653, 283609, 484017, 379969, 275891, 85137, 192034, 170025, 211266, 174185, 224812, 100174, 270932, 89771, 149241, 171773, 360376, 16498, 164049, 141972, 273315, 110924, 149809, 484198, 461236, 317761, 232501, 183141, 78604, 272006, 3531, 320492, 269829, 380175, 436479, 191482, 255702, 121800, 306341, 223147, 19019, 161620, 196306, 100605, 388061, 230340, 448026, 341408, 341624, 27502, 212499, 278259, 377628, 115708, 376676, 22905, 94440, 496473, 182635, 279682, 47505, 375119, 219491, 487574, 497270, 371451, 200475, 41353, 48494, 398162, 226743, 439762, 273339, 406869, 10974, 489941, 315894, 321527, 423776, 154096, 29742, 175052, 146731, 367647, 64861, 355669, 261475, 365610, 408009, 466978, 244361, 416688, 276885, 37733, 321194, 260796, 381944, 385308, 417977, 24130, 223652, 58003, 469829, 291893, 72711, 361496, 252540, 222718, 26391, 479826, 322852, 5850, 239522, 7361, 358694, 90933, 330297, 122972, 281129, 63418, 175675, 40741, 385190, 496580, 464017, 455366, 489058, 350252, 288917, 290522, 475909, 307504, 352562, 159150, 132995, 163752, 284582, 99393, 497187, 496284, 418201, 409292, 265563, 275094, 443873, 176982, 96477, 301277, 189705, 197576, 341821, 70183, 185947, 76720, 262215, 136343, 75869, 147593, 481486, 440032, 205732, 280469, 385201, 240823, 101350, 337688, 322246, 249323, 335544, 38058, 228112, 257266, 275643, 193771, 73227, 330356, 410672, 437693, 249027, 343423, 284366, 117161, 454078, 267984, 477285, 56907, 106771, 311880, 361965, 271986, 125925, 270824, 281165, 239758, 404072, 342536, 293121, 257757, 357096, 194864, 270611, 33550, 287822, 11102, 395958, 115280, 228319, 46716, 70005, 101092, 319262, 340690, 332309, 290619, 176371, 63072, 450370, 111102, 361323, 59160, 135452, 459552, 25400, 3357, 47462, 186641, 352436, 488887, 171191, 3027, 192544, 77602, 180494, 36326, 407278, 445235, 213236, 11793, 328197, 322118, 196398, 376337, 355990, 352314, 39715, 252778, 359157, 167236, 295984, 180696, 336885, 352054, 187262, 131150, 42607, 301417, 372365, 363521, 138977, 180492, 32997, 369390, 128317, 81937, 395570, 254923, 63251, 275896, 161623, 407155, 352102, 132526, 88460, 262582, 316096, 237167, 19181, 309658, 29849, 135179, 391014, 143326, 304667, 69250, 139899, 128230, 90487, 486804, 334205, 348859, 7540, 50752, 395022, 310564, 78681, 219257, 160976, 339203, 200665, 78469, 434476, 36144, 384960, 461344, 119355, 496589, 101937, 38841, 263532, 254292, 405281, 105032, 365798, 280128, 323390, 184328, 420654, 81807, 67637, 130428, 24302, 401079, 408229, 471612, 145047, 234181, 17088, 315363, 257836, 164362, 384031, 322919, 10066, 495867, 306214, 117759, 271540, 433969, 392354, 376797, 176712, 356092, 73432, 302139, 148586, 322541, 134142, 13333, 398755, 352892, 184929, 351288, 341209, 228923, 150182, 227530, 304147, 321350, 230913, 196452, 410390, 218066, 156071, 28122, 27311, 155785, 331068, 470693, 62512, 459378, 198180, 124775, 30523, 201195, 233107, 474029, 311132, 117218, 76851, 385805, 399888, 334214, 453149, 240140, 152796, 265337, 321474, 380410, 50783, 211119, 330933, 339919, 226543, 229147, 256167, 422699, 95218, 50447, 300743, 244320, 11040, 361112, 226444, 344012, 115134, 86201, 63424, 185312, 163852, 358240, 489660, 88666, 148411, 285812, 294378, 187230, 83591, 169273, 281480, 260141, 338859, 225582, 53870, 179848, 99430, 437639, 232090, 342175, 59544, 378694, 68120, 115100, 298095, 182067, 74635, 120680, 213622, 249939, 426597, 8041, 87595, 334738, 447612, 170766, 186218, 433221, 364856, 366833, 47678, 234747, 431966, 257983, 497667, 414478, 130320, 66966, 336551, 8096, 234634, 287092, 119763, 477835, 162130, 13489, 161063, 454373, 362180, 142323, 49788, 120318, 359358, 399930, 214800, 113273, 300915, 14495, 428981, 418131, 116734, 424841, 424734, 7264, 300348, 15267, 100455, 494319, 484877, 47054, 381209, 158000, 425115, 112560, 110868, 344701, 480749, 453470, 1657, 223498, 210549, 245625, 96597, 41473, 96832, 89899, 452709, 467698, 470058, 6768, 435115, 123988, 425870, 337651, 164921, 93232, 450831, 136182, 499995, 214655, 65914, 375191, 136391, 184812, 264251, 466204, 463598, 74122, 14612, 80093, 487457, 315763, 136306, 300780, 494849, 355652, 128618, 211367, 379334, 58051, 278413, 29554, 416510, 168584, 498071, 362246, 498414, 160766, 494582, 213901, 254688, 198482, 366439, 257166, 228391, 407379, 441695, 239696, 272831, 90125, 354875, 54081, 64155, 401029, 290650, 275754, 397852, 50010, 59876, 483555, 85876, 386259, 448118, 185277, 190193, 331583, 393692, 220351, 482259, 182892, 113957, 349889, 56302, 406887, 125552, 282151, 27130, 328887, 275137, 454143, 75392, 419044, 38150, 104093, 373679, 44728, 3775, 248963, 230301, 23199, 327701, 444103, 253675, 105102, 179429, 312020, 264311, 292089, 368604, 137748, 459919, 43323, 297834, 1668, 31350, 212229, 305354, 162085, 59458, 282214, 361475, 90271, 397519, 428510, 49995, 462998, 277412, 70338, 373958, 37193, 436247, 130033, 479126, 252322, 315977, 329432, 296596, 464424, 238644, 79080, 292895, 313887, 149151, 334543, 93691, 404054, 291283, 280436, 264403, 242463, 234597, 414456, 220102, 294478, 437364, 382840, 245574, 131926, 23314, 468651, 134923, 255828, 124113, 28440, 22632, 332695, 408842, 18048, 137688, 357161, 47473, 436569, 237140, 63447, 92162, 351320, 241868, 94384, 450166, 382606, 238013, 182043, 328974, 237281, 353033, 259736, 96157, 329559, 56554, 236192, 68460, 333780, 251478, 129489, 147154, 151107, 50684, 75065, 60352, 35731, 464121, 55994, 308570, 307529, 140196, 112155, 195444, 169592, 491377, 480681, 406548, 406712, 488751, 297721, 324929, 50547, 172589, 368148, 458044, 108570, 473350, 414013, 333843, 193940, 114118, 193876, 457971, 138690, 321296, 404651, 486586, 32699, 376284, 395584, 462538, 406386, 430948, 400172, 448258, 70617, 61350, 61844, 261103, 19482, 361414, 215450, 133300, 304450, 128583, 332376, 276586, 156544, 311436, 102950, 440795, 231495, 131589, 439130, 186579, 410236, 178746, 459795, 111734, 271559, 27150, 170920, 234712, 274787, 266123, 184831, 357950, 193575, 13706, 441150, 439771, 57198, 337803, 203574, 367070, 133485, 423793, 473072, 425675, 315030, 332058, 113007, 332701, 346245, 378001, 92149, 225496, 36018, 438048, 174644, 466875, 157194, 487395, 481238, 381962, 182356, 193367, 61693, 480145, 123508, 244917, 271883, 61839, 208159, 465712, 412544, 166892, 14422, 425085, 455911, 327210, 467937, 196733, 24760, 406128, 38309, 289105, 474206, 286540, 367299, 195909, 446077, 103357, 415390, 484767, 17961, 293811, 214664, 187946, 449264, 47783, 120948, 482879, 422382, 375446, 187817, 87004, 287649, 493179, 363617, 53952, 288216, 189303, 7227, 118798, 481124, 359123, 120156, 459185, 386918, 172057, 380472, 268406, 491268, 109862, 394725, 285669, 170789, 295705, 315715, 127812, 44443, 179972, 76297, 149625, 169761, 256672, 229456, 285599, 149662, 319426, 203719, 428586, 196529, 50922, 204658, 100910, 243685, 114886, 373608, 131898, 316924, 14972, 222082, 465156, 17382, 50424, 325335, 214957, 484332, 441302, 322739, 30162, 33430, 231945, 239510, 205904, 324633, 291843, 404722, 69232, 6695, 306727, 478595, 136982, 45975, 419809, 473852, 22812, 153254, 462946, 86145, 136871, 48780, 50875, 163965, 444524, 117671, 176066, 434105, 430835, 327540, 466571, 10075, 66412, 306965, 158647, 204928, 92448, 365204, 396769, 20429, 290931, 325134, 249990, 218445, 469304, 479436, 19511, 290959, 66529, 318630, 194942, 85765, 289232, 44183, 489738, 98152, 362673, 17985, 305946, 278681, 192725, 386725, 318916, 103321, 186491, 450325, 456562, 317590, 465053, 191588, 173999, 534, 106679, 233879, 327066, 125928, 432174, 91516, 256951, 446491, 354312, 338235, 480501, 412466, 374451, 19782, 25396, 365680, 245254, 130550, 33341, 445876, 351423, 337518, 40575, 71211, 442019, 63267, 419971, 444513, 418157, 183288, 170172, 295533, 226637, 443660, 363769, 382557, 145855, 125792, 232420, 324408, 394132, 448597, 78123, 287583, 215055, 253946, 792, 438165, 378687, 366452, 379007, 405475, 317847, 38423, 21792, 459507, 262771, 132598, 95711, 33949, 117493, 189493, 421400, 424893, 316674, 44614, 302822, 48033, 250194, 233046, 331521, 90455, 212791, 495874, 491201, 442889, 90495, 152290, 299540, 483497, 25519, 106781, 198731, 492313, 17743, 378855, 374804, 304066, 404946, 431698, 481116, 131400, 381811, 219695, 221200, 250869, 190884, 458269, 148195, 374394, 85123, 273246, 41013, 435040, 314362, 115127, 335859, 338391, 454235, 321209, 55984, 494741, 252795, 12487, 123763, 34658, 347869, 374115, 146792, 127393, 188140, 64174, 250593, 138078, 465063, 292637, 14177, 170094, 164899, 136644, 34313, 471309, 470421, 191789, 365973, 10782, 361924, 324709, 32639, 195469, 200844, 198933, 74278, 157854, 139655, 81482, 387000, 265530, 1889, 237564, 82771, 293247, 153095, 107294, 432456, 318249, 349114, 337921, 74651, 401488, 224060, 74247, 241459, 147875, 69869, 373836, 125705, 411581, 36716, 462716, 485484, 423338, 240957, 430336, 332119, 253067, 319955, 206099, 19158, 393260, 982, 436999, 53521, 94943, 354945, 131183, 181824, 357595, 274667, 83857, 75884, 27427, 89741, 60418, 351015, 319961, 202618, 288466, 318308, 11679, 55574, 158789, 360593, 75890, 101299, 148105, 50326, 319650, 98156, 31365, 445074, 455577, 94386, 365751, 94283, 425619, 212593, 317584, 222744, 241159, 429818, 185781, 55517, 341002, 89071, 156713, 136161, 286196, 224934, 332491, 435172, 319475, 448727, 344701, 92046, 16929, 135268, 465043, 186920, 412544, 424775, 136255, 128505, 335129, 416881, 14371, 111799, 406755, 324908, 271683, 345578, 65704, 418493, 416726, 86906, 474388, 184037, 216930, 236502, 362208, 152027, 223814, 98528, 299910, 274249, 130715, 427961, 299547, 303791, 473742, 219690, 311704, 93502, 68921, 306841, 213247, 314445, 115555, 479774, 151805, 43393, 264661, 166571, 368600, 202277, 197373, 40487, 416060, 209627, 105066, 337469, 170397, 399519, 385133, 435682, 346289, 138847, 140247, 291670, 189393, 220607, 12677, 13079, 223854, 11366, 451454, 112257, 36904, 63691, 378341, 346996, 10979, 233612, 415097, 156527, 70364, 179098, 234540, 308859, 229351, 330714, 52692, 98641, 477982, 295147, 139165, 9472, 64575, 218562, 423138, 3645, 350967, 195606, 189190, 130873, 135453, 354959, 417917, 364908, 295850, 437225, 427588, 6224, 377908, 390234, 39501, 181444, 118740, 494369, 201203, 459840, 302644, 446687, 139061, 336002, 173522, 72169, 404607, 292489, 381360, 447011, 334879, 176467, 34417, 164664, 359515, 422171, 451514, 70705, 400052, 368167, 218515, 104349, 358529, 78458, 124937, 52799, 114287, 373292, 98813, 109764, 464839, 135441, 106869, 269423, 126541, 77921, 358300, 227498, 58048, 401557, 92389, 341552, 416718, 105067, 402046, 15610, 342606, 376369, 79162, 478738, 428053, 235126, 113586, 147129, 218476, 351931, 231958, 177513, 233185, 482543, 183568, 151149, 108934, 397964, 478581, 185405, 48197, 355851, 317017, 175041, 1417, 420264, 292723, 134251, 251910, 243949, 138366, 81759, 397387, 493823, 320598, 4653, 492277, 251031, 427622, 489971, 220500, 308822, 312936, 88939, 256650, 165778, 481859, 53997, 50472, 490161, 118206, 417164, 344468, 356636, 66721, 149666, 133220, 291164, 473678, 96514, 41035, 333071, 280188, 92912, 356450, 86094, 411338, 396188, 89428, 319771, 233355, 7825, 31142, 67851, 75951, 494527, 94999, 169662, 482299, 452004, 326941, 110342, 192627, 163784, 435420, 5580, 229064, 485348, 273883, 435608, 203562, 403427, 370606, 478624, 482032, 86798, 350534, 342033, 291896, 206947, 34473, 487461, 310843, 81445, 98415, 229474, 44859, 131323, 272138, 220705, 414226, 340031, 474319, 277994, 357004, 73722, 3518, 227295, 327524, 252714, 60012, 1625, 76481, 78574, 130278, 365426, 436090, 432903, 222881, 91651, 301348, 55361, 246408, 374474, 432566, 338343, 145313, 486417, 392978, 47056, 130918, 313248, 375661, 478852, 367215, 18756, 261061, 187827, 458022, 30089, 77590, 175290, 145483, 20280, 380833, 401894, 227083, 58352, 400260, 480681, 34886, 420477, 413085, 171413, 35023, 286053, 320774, 235941, 27325, 219313, 13295, 279781, 74476, 424303, 2815, 11641, 234121, 262470, 268492, 187721, 448457, 255644, 223432, 426479, 315025, 370583, 60956, 491511, 331674, 170235, 25431, 455478, 418424, 257031, 56354, 440620, 3328, 20998, 192672, 448982, 77243, 103709, 184544, 442082, 23071, 470579, 336964, 275975, 54759, 7933, 370, 32015, 175413, 482662, 27082, 246567, 143522, 55671, 258363, 391704, 465026, 47164, 181005, 215745, 338708, 275111, 213466, 439268, 496675, 482405, 349509, 226077, 150184, 127860, 80386, 76730, 207944, 292988, 47452, 186101, 168092, 326445, 413209, 463110, 218046, 234037, 365909, 121196, 290215, 96784, 425609, 403319, 375750, 128648, 45961, 50113, 401048, 490390, 164574, 115176, 417050, 347059, 305070, 216611, 375280, 460241, 24617, 407481, 422912, 285302, 163376, 262856, 46958, 447616, 461851, 363985, 498821, 283746, 46396, 179591, 259920, 478611, 59112, 117257, 435626, 330590, 4427, 487826, 269032, 50117, 165522, 138269, 478479, 4163, 429933, 248007, 221067, 113778, 70455, 257267, 121697, 177035, 162200, 30830, 43454, 56705, 38063, 4348, 437402, 275859, 141186, 299655, 403459, 157554, 485961, 6411, 14766, 410650, 145421, 175771, 451052, 144393, 328692, 201537, 195810, 427655, 425662, 148979, 51468, 485069, 110620, 32036, 50847, 123177, 315861, 343924, 215428, 409154, 3366, 119100, 48583, 260605, 445673, 290164, 231066, 314559, 91061, 73187, 81778, 147653, 255253, 149428, 93081, 129721, 143909, 398976, 38523, 132356, 83657, 325687, 123420, 63104, 358149, 35282, 175136, 351958, 86300, 108064, 495206, 323858, 20517, 97954, 486596, 361200, 469280, 376370, 292467, 188784, 446732, 279216, 351792, 384948, 248761, 193834, 411434, 284722, 15588, 218813, 355866, 407511, 142953, 244293, 406620, 408856, 373754, 442106, 258667, 477854, 384333, 257810, 21232, 452814, 288747, 185777, 485934, 67771, 31731, 390952, 289465, 78140, 486551, 174621, 763, 10734, 292873, 426010, 251461, 9516, 375587, 349660, 450862, 125298, 130904, 386007, 359977, 401338, 437699, 370230, 61259, 379688, 58989, 38084, 351969, 104530, 58646, 22503, 54819, 493010, 60989, 79982, 468142, 30584, 10605, 237178, 235065, 492362, 444267, 11908, 373360, 41696, 468142, 426700, 329800, 430372, 296496, 401349, 469922, 406630, 274965, 441576, 85608, 164571, 90067, 45763, 358176, 244825, 259653, 341957, 260832, 150629, 30638, 289497, 125457, 291002, 265985, 244411, 469384, 410420, 100533, 157561, 95237, 163219, 458834, 364065, 345858, 11135, 232056, 53689, 344839, 204760, 419874, 370240, 398428, 415946, 450987, 339596, 461107, 299555, 250167, 213697, 467053, 99175, 483803, 362596, 223743, 239040, 456480, 421937, 50773, 23547, 286396, 256442, 78308, 281465, 42251, 446361, 337680, 188253, 378621, 156387, 448243, 50602, 292236, 240067, 257957, 452015, 50222, 56811, 86661, 455124, 208014, 121954, 268229, 357552, 363601, 217615, 468831, 66792, 142096, 309574, 331746, 363737, 11409, 446660, 495560, 301461, 223325, 414990, 357564, 407438, 150688, 200514, 201302, 27719, 262502, 364468, 10925, 162390, 126094, 81731, 198907, 277313, 246610, 219665, 205227, 272846, 144483, 383241, 161381, 287743, 152696, 146161, 17104, 382809, 28295, 54575, 326802, 407886, 209609, 101170, 137293, 178695, 421895, 121912, 62120, 498992, 353487, 403075, 369503, 491915, 415053, 344912, 473219, 423821, 202863, 345738, 255806, 221040, 333776, 407548, 424054, 41534, 110978, 497182, 191736, 487020, 401014, 429611, 479738, 236560, 95768, 299145, 83443, 58551, 369620, 131391, 452625, 45283, 482486, 78515, 142964, 163579, 337883, 391361, 235155, 409681, 410002, 378468, 65905, 472935, 406392, 186933, 401472, 154037, 408300, 132816, 438573, 311752, 448944, 252845, 455419, 245466, 448278, 205898, 331783, 323181, 458802, 330977, 262938, 203075, 14059, 21845, 456549, 337899, 205523, 54704, 287087, 365563, 461045, 383007, 239476, 361796, 132680, 499434, 345971, 162616, 152690, 42710, 217568, 221953, 179959, 398492, 318291, 302494, 441866, 498242, 134318, 320940, 197572, 77821, 446335, 473337, 74195, 157485, 262874, 494089, 406522, 448073, 174982, 209380, 245126, 380966, 232218, 38442, 487967, 339477, 418341, 176924, 138816, 308797, 496543, 20075, 263837, 116363, 110374, 371073, 430007, 193650, 435051, 118074, 281231, 100373, 183882, 448206, 200055, 343155, 139924, 62331, 165257, 140663, 255270, 122874, 481097, 474126, 432411, 332495, 3112, 137760, 119086, 492444, 442296, 428420, 348982, 415912, 455329, 194535, 164261, 421425, 366485, 251964, 125257, 272768, 387775, 104161, 142504, 492411, 15643, 498509, 331586, 55149, 406167, 273953, 165629, 348331, 281800, 330370, 152813, 153717, 297465, 6043, 63730, 184969, 54379, 498392, 312688, 285797, 300508, 5693, 79371, 472789, 185236, 115842, 58155, 257030, 214355, 247746, 476847, 205620, 474439, 191836, 155514, 324468, 325476, 127941, 357499, 315471, 115069, 186247, 83618, 420590, 14875, 491829, 268121, 56504, 396323, 105488, 2570, 18208, 490326, 408778, 199519, 159036, 338498, 462572, 182453, 182459, 133604, 473472, 60456, 44967, 323078, 113907, 188841, 276201, 78413, 360125, 19299, 169874, 289, 436447, 219510, 498476, 386021, 199010, 115619, 470665, 111933, 18939, 297047, 461606, 219906, 210094, 303971, 40308, 125871, 461928, 264390, 60585, 255342, 168922, 499126, 173566, 219941, 192104, 298271, 279207, 487583, 230447, 395022, 212358, 458724, 237903, 179402, 193973, 417299, 375629, 65849, 363916, 289894, 194659, 233586, 185954, 150686, 293424, 270771, 297677, 308399, 268789, 302758, 248944, 363808, 364358, 247143, 3277, 51074, 177738, 482087, 268575, 443321, 440796, 267754, 467586, 442290, 361286, 151602, 177556, 476696, 345152, 247100, 333400, 167909, 338244, 77588, 180398, 372283, 358022, 59759, 168962, 241925, 291877, 84902, 133815, 9623, 200626, 421292, 231056, 183998, 179717, 193742, 369394, 327611, 77008, 28517, 391385, 17061, 41129, 433194, 422759, 409682, 205881, 90770, 30636, 417185, 223480, 314149, 161801, 87047, 496311, 259380, 54522, 455230, 109980, 255859, 393826, 464365, 291983, 287777, 353351, 444202, 73128, 235884, 375032, 55785, 190878, 234643, 49321, 297633, 367335, 225399, 397286, 470409, 89738, 246576, 62762, 345124, 84530, 378731, 468282, 17084, 132006, 333507, 57412, 391191, 74150, 171167, 391980, 230023, 107899, 249970, 491489, 343055, 315125, 11095, 274063, 248813, 363630, 72615, 328115, 364067, 249428, 360818, 417346, 276027, 252751, 112837, 146548, 450567, 432905, 131881, 41098, 392294, 187450, 358990, 24225, 84637, 156372, 383508, 419913, 42716, 321911, 462016, 450470, 271619, 33021, 451132, 220703, 133583, 313320, 122929, 116233, 442336, 207134, 298163, 145427, 473040, 169176, 417523, 5027, 87350, 28296, 390418, 395316, 234835, 119813, 227146, 127109, 326447, 336024, 422726, 93802, 264709, 430691, 335558, 405549, 257627, 410813, 236811, 209895, 34984, 367281, 21828, 93000, 260019, 182816, 69209, 59800, 352714, 82886, 428979, 251978, 387125, 119377, 83054, 43884, 456343, 2339, 305749, 57095, 149955, 384496, 186541, 213239, 234370, 257189, 29946, 318597, 299921, 325700, 321202, 125821, 483844, 268572, 399816, 14631, 13478, 215391, 272768, 412610, 124499, 378759, 230404, 165857, 164375, 428949, 155131, 383044, 461464, 269900, 423025, 215810, 101424, 264996, 93190, 358411, 471838, 471294, 111023, 38291, 394221, 45532, 187609, 176372, 480538, 398321, 159812, 91478, 383263, 134872, 219186, 73075, 55616, 447387, 386900, 152998, 411515, 397489, 356796, 23546, 190670, 291552, 254721, 149281, 195457, 38548, 38737, 270153, 99412, 399924, 407440, 150083, 443837, 20897, 434418, 178356, 58345, 60899, 137158, 392767, 232727, 331705, 216143, 121919, 352026, 451459, 319027, 416023, 400965, 463837, 271671, 316452, 188004, 430217, 260183, 29675, 189306, 81994, 320919, 266104, 438070, 2209, 175555, 46703, 245843, 421880, 480825, 434721, 484803, 280492, 17870, 15893, 475352, 172721, 421870, 18588, 58245, 124437, 162620, 478982, 162241, 419739, 237515, 13441, 252109, 256513, 182597, 185863, 229724, 13416, 456619, 400547, 99520, 193170, 65898, 460375, 149465, 302452, 496499, 195954, 130854, 347210, 258628, 160895, 177060, 379967, 419040, 254749, 169778, 442926, 18959, 458400, 380841, 370663, 420487, 93944, 344891, 167151, 81167, 292031, 106591, 201239, 372866, 366990, 266070, 272582, 187030, 196111, 302754, 278447, 137734, 13862, 274347, 280352, 53933, 72810, 174317, 214034, 459208, 28122, 413050, 43604, 168600, 122469, 469248, 276423, 222487, 342505, 131571, 78400, 210119, 407542, 350141, 360384, 2344, 354232, 262616, 28563, 136322, 3394, 369658, 221548, 115375, 332912, 154972, 227892, 313269, 223716, 121483, 203716, 125484, 178104, 403309, 133344, 494216, 498364, 4900, 65098, 352354, 331460, 247735, 366530, 63498, 25376, 395784, 446080, 414097, 74019, 150332, 92054, 302514, 288434, 51503, 207859, 45215, 36677, 311170, 470692, 267419, 201095, 220866, 195748, 378175, 472459, 91506, 338990, 406985, 456965, 153923, 120652, 481674, 169821, 136073, 235907, 183836, 258491, 189261, 468332, 52148, 279523, 143349, 362171, 332224, 132215, 382638, 158729, 57991, 442800, 179963, 388496, 126793, 409737, 22739, 435553, 92988, 343493, 127009, 99708, 282549, 420450, 132496, 218097, 29755, 458633, 387647, 1106, 103583, 3189, 60274, 148049, 11377, 20822, 354403, 400578, 281380, 102151, 85030, 471814, 266018, 175935, 243633, 496056, 492380, 154978, 334256, 79477, 404320, 468731, 23298, 349842, 71444, 461954, 298017, 351295, 384128, 174709, 66229, 279281, 402771, 457123, 498849, 81698, 293450, 417309, 85099, 484637, 187425, 167177, 5888, 82559, 242563, 403595, 451629, 233141, 65979, 279158, 203172, 249414, 354670, 202582, 300370, 461049, 155140, 186960, 24723, 9407, 434284, 207493, 50614, 412459, 353107, 229698, 108191, 485838, 317687, 132417, 220047, 88474, 490984, 76753, 254264, 386528, 222351, 29818, 201083, 389750, 1275, 52391, 443232, 334496, 4142, 294138, 384280, 394481, 313254, 24888, 212887, 493804, 384076, 267686, 226570, 385074, 158362, 21186, 457882, 18921, 344893, 257236, 431682, 47938, 457087, 479114, 276585, 96001, 261688, 93307, 409751, 19945, 489786, 105600, 186361, 426986, 234132, 99870, 195406, 486694, 268804, 22093, 224802, 184190, 26925, 359184, 38338, 184823, 181959, 307953, 174165, 222532, 400394, 397557, 163510, 106851, 355850, 376642, 256963, 221016, 278075, 403936, 421106, 393339, 55951, 9263, 423455, 190822, 488610, 101234, 8904, 129204, 289968, 257746, 463997, 359902, 42634, 207889, 191929, 232814, 173728, 414402, 230997, 203980, 448028, 189932, 397964, 346871, 380257, 437585, 273204, 149439, 161562, 158611, 283081, 307199, 66156, 186970, 225191, 250572, 498635, 410502, 135780, 261591, 392181, 223628, 211981, 306160, 88678, 59876, 11693, 110584, 485259, 340120, 81940, 75374, 182165, 13821, 479886, 307418, 255382, 13406, 344334, 87745, 494217, 82777, 116072, 279563, 140477, 328024, 314584, 249931, 42514, 199457, 207684, 157154, 131831, 278336, 231719, 240765, 464053, 297097, 200753, 420224, 30482, 472116, 72591, 2183, 94443, 471960, 282334, 470815, 432658, 217904, 475124, 355683, 208161, 356924, 304129, 288006, 127526, 353582, 319286, 212177, 56790, 191868, 477096, 103666, 475006, 237946, 303373, 68938, 263700, 284676, 451819, 54281, 447520, 218495, 19298, 411670, 296840, 315617, 115446, 242802, 3689, 384936, 418799, 181714, 352811, 154405, 277629, 257877, 399422, 440504, 197806, 255940, 92035, 435764, 225091, 81242, 286982, 145656, 102191, 150177, 366634, 230470, 251922, 102203, 420137, 85728, 246763, 114988, 150797, 73537, 39700, 356677, 107432, 261824, 472479, 219790, 204083, 398051, 130912, 294988, 495737, 232908, 453122, 393326, 105416, 285420, 176980, 437493, 166200, 360153, 88083, 214925, 34853, 193737, 229055, 363592, 135612, 403997, 481435, 118984, 94020, 417764, 435700, 20603, 150996, 181601, 80754, 463212, 239629, 134670, 61658, 432432, 137453, 493984, 59382, 453598, 454422, 208745, 412317, 351667, 309110, 270389, 439550, 136197, 172361, 85599, 378221, 88532, 37490, 153560, 271623, 170198, 434103, 216288, 79403, 378664, 182386, 179061, 109190, 88171, 369919, 386470, 245998, 149164, 140161, 444206, 347885, 479677, 150318, 444045, 340318, 356100, 165770, 247079, 394723, 457928, 340813, 491989, 341412, 221508, 61466, 163217, 23360, 263530, 145295, 14614, 498257, 495266, 464184, 113648, 454827, 455699, 258129, 499668, 378248, 203193, 299019, 337965, 142672, 347014, 245293, 442575, 18457, 309537, 202562, 338529, 451968, 226843, 15377, 309476, 244901, 317188, 101891, 435323, 311762, 397388, 64214, 68862, 92596, 313168, 1776, 80551, 1985, 112251, 355963, 148899, 131573, 357803, 189958, 92256, 206566, 182550, 361841, 339804, 137323, 11371, 236608, 287893, 132299, 467844, 411851, 21901, 456825, 92646, 441731, 272925, 472887, 64424, 465702, 370725, 79679, 470624, 358163, 321518, 450124, 203044, 301655, 348554, 433055, 446541, 193547, 26683, 91777, 85745, 60596, 9110, 451312, 369423, 151948, 126752, 420062, 303831, 348680, 52667, 28579, 353321, 160966, 460717, 284676, 35856, 66009, 273117, 124589, 444699, 28949, 374719, 308240, 413274, 230034, 457119, 306217, 424400, 401114, 281618, 7259, 396588, 365324, 180410, 432572, 88883, 482561, 186769, 361994, 210219, 356178, 477191, 323615, 238782, 378777, 130979, 38473, 477188, 203351, 452714, 125982, 499892, 89809, 239832, 261117, 161695, 166382, 371440, 461724, 488525, 107624, 380595, 199380, 491434, 487343, 255060, 201248, 498059, 478059, 93649, 391059, 53139, 463796, 113638, 412227, 344887, 357953, 327538, 429811, 201705, 462480, 473200, 404457, 12983, 207353, 168673, 40214, 267627, 142853, 425301, 108949, 331658, 185210, 371460, 217924, 214869, 295805, 273758, 304828, 70501, 217027, 215161, 285201, 406708, 471061, 369883, 430539, 8091, 397916, 158223, 73972, 93308, 154359, 182674, 311815, 242636, 131108, 246411, 72564, 105441, 71572, 180160, 178173, 43110, 9488, 484406, 483862, 286525, 173123, 297793, 335146, 73114, 392527, 56891, 51412, 254907, 43173, 236301, 292803, 32893, 192645, 272302, 400929, 229285, 114271, 366291, 474088, 186266, 481461, 487065, 40857, 349095, 344768, 373501, 474628, 185423, 205619, 136863, 134312, 276878, 448479, 187819, 5543, 58724, 435937, 445890, 97590, 399932, 132858, 474885, 230724, 114180, 353004, 489367, 397385, 77105, 393941, 330968, 300147, 147134, 49225, 311313, 494865, 404799, 280849, 388052, 383243, 347363, 2666, 214975, 381917, 477315, 321383, 205070, 276517, 495182, 331686, 341075, 290343, 485820, 199713, 181906, 149707, 219667, 360175, 190629, 251190, 217495, 354288, 185193, 322405, 345027, 332755, 21660, 297647, 275010, 45411, 282607, 171411, 420709, 73007, 163596, 10421, 73869, 325652, 283825, 365731, 28851, 273644, 646, 71027, 170117, 15332, 484889, 386949, 410414, 354272, 455810, 311638, 266872, 73646, 231463, 287698, 388578, 14625, 236275, 447090, 497202, 247893, 406759, 332627, 463215, 201730, 196988, 267414, 261037, 264132, 423242, 38131, 410424, 242765, 408768, 204487, 332725, 283812, 119558, 265965, 479934, 186950, 299891, 280875, 141656, 486742, 412960, 457628, 231374, 271992, 477173, 116041, 130535, 284502, 96864, 266995, 110650, 488079, 296001, 413856, 366277, 397807, 397280, 372767, 461295, 344310, 238852, 241204, 162183, 118989, 308416, 358397, 177508, 123312, 446110, 233147, 218388, 467694, 447613, 15536, 279990, 387752, 111355, 488191, 497637, 142853, 29962, 132867, 347173, 291825, 156797, 352182, 9606, 264192, 491237, 449654, 163730, 476863, 247543, 485961, 56207, 196197, 483960, 14504, 343100, 360295, 167864, 42561, 28086, 198626, 25073, 398637, 277118, 135378, 324698, 355926, 322978, 375874, 203088, 134341, 84111, 100802, 80212, 339334, 360824, 355910, 140827, 323570, 258342, 331600, 446280, 152274, 482442, 145752, 95191, 89599, 225075, 15827, 291598, 238171, 386861, 267615, 112966, 151887, 50360, 46557, 290070, 385678, 478627, 359662, 250127, 243704, 31228, 489778, 426765, 299284, 344056, 478261, 293006, 372459, 433252, 159582, 181760, 174817, 220719, 130221, 421036, 110687, 253341, 345756, 368360, 374505, 93976, 127782, 82877, 430385, 476968, 434981, 435440, 399769, 256869, 350886, 449679, 230689, 116299, 321866, 485655, 131931, 55997, 62454, 54339, 24879, 224779, 372547, 414222, 235705, 200740, 382619, 268013, 446463, 342089, 498957, 474274, 381924, 295010, 419868, 115225, 211388, 214327, 259165, 30768, 1075, 26334, 95607, 70279, 5402, 299559, 27948, 165300, 136417, 152020, 172450, 119535, 99113, 398104, 153611, 376516, 51827, 258695, 254594, 396306, 255942, 432953, 327237, 54678, 327748, 333376, 240367, 461468, 441645, 227743, 298719, 342121, 181734, 152561, 280523, 260788, 490332, 442895, 372699, 271258, 183702, 65510, 488749, 157562, 491191, 307556, 450584, 233584, 112097, 190897, 483299, 400979, 56580, 52306, 97164, 235099, 477127, 426953, 36174, 296550, 261628, 127657, 394782, 454157, 276395, 42990, 271407, 44501, 222626, 329613, 235198, 176879, 385918, 283507, 428377, 129888, 73825, 492727, 479806, 52025, 142759, 55404, 408885, 126378, 81010, 488924, 493061, 132897, 273276, 440227, 190852, 437132, 2886, 79398, 15610, 218681, 485377, 91232, 24693, 124772, 458767, 151517, 156759, 140699, 261190, 205510, 211397, 56811, 413575, 25963, 301691, 471577, 343794, 368160, 444264, 113839, 26519, 426330, 391731, 326737, 197631, 159942, 213009, 489167, 445074, 21339, 321182, 172290, 81025, 369672, 189672, 84516, 412494, 434709, 43795, 209609, 377155, 398430, 401048, 379075, 414432, 394828, 8566, 471025, 54016, 143979, 312755, 29495, 290731, 29506, 344763, 180644, 480330, 225306, 19969, 342715, 81137, 477890, 454335, 361317, 493699, 19869, 177287, 255674, 482145, 315448, 290917, 271247, 210371, 224306, 232005, 298916, 86601, 223575, 77155, 52208, 466331, 203608, 454575, 168293, 209840, 389234, 348351, 338177, 144617, 479407, 274667, 150248, 381321, 295365, 439189, 378980, 32910, 406354, 290871, 369456, 124106, 499114, 375487, 402194, 384829, 631, 102507, 420332, 158483, 143460, 240133, 239881, 435775, 401595, 337828, 445044, 13672, 137918, 298001, 190726, 82335, 444315, 484312, 142407, 157740, 476676, 190351, 457758, 307660, 2264, 119392, 24508, 284700, 159323, 193452, 348609, 485600, 432606, 477040, 116291, 96994, 292847, 406552, 371293, 64341, 18224, 19673, 383330, 204717, 485995, 495757, 485689, 326877, 204075, 494967, 128301, 167224, 70735, 168620, 178703, 275792, 324365, 140114, 323219, 112461, 117627, 192667, 159200, 436039, 370361, 132299, 349484, 150446, 150066, 115559, 398854, 258042, 231829, 446159, 152550, 48401, 329918, 147907, 8113, 376171, 421914, 41535, 272901, 417206, 337755, 267457, 487532, 428474, 189226, 378113, 10101, 42050, 484328, 22923, 434064, 470993, 292561, 468822, 336317, 197966, 243749, 269645, 113048, 214156, 471867, 278440, 239870, 378748, 196782, 193509, 335380, 4632, 397690, 415153, 3243, 438546, 257021, 81693, 492694, 156081, 402773, 222956, 344523, 65823, 50423, 366300, 112810, 397073, 352739, 115062, 430622, 334275, 52826, 1688, 398173, 302590, 344604, 446014, 453775, 103804, 90192, 135368, 229076, 226467, 269853, 145916, 448449, 78824, 379385, 395815, 205108, 472596, 319419, 117414, 410897, 138783, 289666, 195, 381520, 27475, 474884, 260519, 495168, 55314, 15260, 359471, 375952, 113565, 268142, 368772, 59813, 257178, 283293, 179679, 357642, 404204, 172848, 190170, 185131, 111012, 283633, 155929, 265114, 36868, 204877, 170212, 316081, 216623, 368006, 84490, 72908, 413854, 444884, 238092, 187859, 152592, 495965, 70002, 369459, 323767, 109570, 201798, 193040, 167743, 40918, 288886, 262379, 309168, 434695, 169042, 330737, 420414, 142057, 495356, 141693, 7312, 233851, 46763, 292556, 389999, 326946, 247662, 334057, 34531, 112102, 465518, 164479, 186454, 351704, 472516, 9447, 442198, 241831, 446285, 419380, 51323, 237299, 392437, 100693, 323605, 435582, 459733, 77176, 273530, 367233, 13381, 343430, 93099, 230965, 314996, 107647, 235796, 203933, 231051, 37862, 433110, 235562, 477325, 55803, 344904, 135772, 226546, 134980, 82338, 435930, 406698, 327633, 419003, 86955, 58500, 438978, 213370, 33706, 77403, 445781, 474694, 467977, 344384, 191587, 214312, 56267, 11586, 67891, 120580, 371246, 495497, 307140, 336644, 286806, 191447, 290709, 39664, 494422, 251373, 22100, 154631, 142050, 353308, 152215, 478824, 347061, 221776, 92240, 273013, 358582, 449618, 481580, 457296, 167970, 71785, 337092, 170672, 156729, 146066, 93725, 449429, 232970, 374434, 156182, 34236, 101175, 498913, 207682, 309144, 125468, 476829, 311267, 466749, 375593, 445890, 194513, 463137, 378794, 449368, 162495, 350322, 97739, 135581, 230656, 70732, 49877, 332698, 56498, 281383, 225051, 225998, 250397, 380518, 414106, 486216, 413687, 427178, 3601, 123022, 41614, 184870, 146433, 247445, 40418, 247409, 127722, 3500, 295793, 209017, 284458, 159949, 319110, 275348, 207026, 171114, 337239, 85605, 328731, 366639, 223525, 404148, 15848, 184159, 403169, 326128, 112692, 54797, 479289, 364267, 412581, 226702, 140981, 499229, 162514, 143282, 353397, 308315, 169272, 478537, 234470, 288856, 133423, 474524, 4194, 50191, 50498, 434497, 6932, 103611, 420915, 311081, 24230, 9744, 105096, 447436, 356028, 128400, 308505, 241191, 474411, 480497, 48903, 446706, 41482, 295021, 305342, 78685, 43469, 188412, 251664, 189622, 126351, 49799, 276946, 279453, 84572, 331607, 29100, 257498, 445412, 460196, 311460, 55620, 17563, 221161, 219821, 135008, 377715, 160151, 290616, 321656, 422775, 379203, 272621, 386703, 347001, 50917, 467104, 197911, 80646, 324069, 366419, 301035, 247713, 50750, 447118, 325363, 280854, 127412, 490374, 402981, 219153, 496689, 308946, 306594, 413451, 121193, 217659, 509, 129268, 161723, 372685, 373098, 177157, 270875, 83823, 446458, 364448, 27260, 378857, 25586, 380948, 63801, 79034, 190723, 281918, 456446, 150221, 469187, 85166, 189542, 81166, 472483, 245699, 308634, 276638, 47996, 245231, 124279, 377993, 249426, 267223, 361153, 53875, 193275, 377343, 301022, 301141, 366751, 139449, 256782, 195593, 274934, 309004, 269026, 316609, 473313, 105027, 206626, 222075, 104314, 118906, 240426, 479654, 33177, 30805, 358082, 135192, 426525, 481539, 231319, 180973, 492550, 223147, 152046, 99225, 386747, 390290, 61851, 135548, 448731, 77680, 94027, 323789, 320001, 199636, 332635, 233753, 259233, 238629, 64007, 435200, 270430, 106, 154696, 276237, 158643, 288040, 358820, 103871, 202286, 375505, 343730, 281620, 77270, 198276, 414079, 158122, 320654, 464721, 454188, 460237, 387146, 212022, 10456, 116882, 418438, 433978, 77758, 235114, 282697, 383128, 470178, 395557, 236126, 380447, 478727, 76440, 360643, 478580, 120913, 174702, 202454, 224964, 242067, 62531, 463406, 19687, 129666, 158377, 377980, 46854, 339073, 270152, 445558, 220523, 64199, 145806, 485506, 19937, 272580, 308438, 449732, 202786, 100859, 464684, 339743, 144373, 242849, 176722, 496315, 214931, 37417, 121892, 27791, 352107, 112143, 387114, 497301, 203884, 304561, 1222, 371125, 483761, 84055, 424224, 36307, 220252, 37264, 345594, 498388, 273384, 480145, 340583, 183386, 254489, 471817, 111356, 179164, 184292, 323976, 294197, 330628, 382653, 75554, 289920, 396846, 141745, 418295, 184218, 471129, 159484, 294684, 434866, 279991, 364989, 155377, 496350, 461310, 450002, 426824, 72083, 251297, 79981, 184017, 313685, 450889, 149217, 109395, 110969, 27251, 85559, 15033, 385541, 266073, 456533, 367860, 140842, 483549, 124182, 374140, 7688, 249409, 372880, 198413, 352944, 24474, 389464, 165827, 390103, 13316, 386783, 59608, 126184, 476686, 73237, 344838, 49512, 21839, 265772, 461683, 191655, 230677, 199606, 106378, 339844, 242929, 147348, 155636, 127336, 420915, 291786, 443157, 60889, 418557, 319045, 419563, 166531, 137584, 101505, 218830, 489727, 335630, 245037, 444157, 436861, 98261, 442944, 427970, 385357, 145677, 260629, 315629, 4577, 144176, 318256, 72859, 35121, 410382, 392856, 18548, 168980, 257217, 105261, 131341, 382926, 37783, 372732, 365716, 185571, 475262, 226473, 384999, 320091, 274980, 149632, 1868, 17395, 203283, 248676, 301204, 253817, 158191, 350506, 241142, 257722, 219295, 419954, 334715, 375614, 334450, 180796, 71561, 402418, 242292, 293532, 246458, 264147, 96954, 104323, 363286, 341591, 471020, 488278, 191071, 258979, 6259, 225538, 298116, 156192, 421416, 346836, 158248, 443166, 308463, 310031, 128521, 406422, 381721, 161935, 495852, 180181, 375106, 462200, 208391, 456540, 54604, 445710, 151559, 485178, 401903, 179280, 2437, 231296, 79463, 82551, 140685, 294507, 119601, 107401, 446110, 50849, 432128, 440086, 302331, 427497, 398482, 321743, 122204, 273915, 146538, 221872, 276420, 303797, 301988, 95791, 486427, 123370, 316714, 364917, 123498, 86090, 73678, 3051, 108766, 355353, 190804, 453897, 100860, 389945, 349606, 378925, 409182, 315510, 124012, 319547, 86511, 485965, 303257, 168964, 98531, 145361, 255383, 203836, 182142, 227598, 22941, 116362, 437718, 146279, 179607, 259878, 242808, 409473, 357267, 479488, 103525, 272154, 131202, 95676, 290219, 481061, 484274, 382624, 63650, 40756, 267631, 164973, 161931, 261147, 85450, 56783, 169060, 425760, 17229, 76669, 178475, 213237, 172479, 188910, 240027, 468166, 261158, 488963, 356581, 477409, 118422, 97770, 97795, 460001, 85579, 178068, 187163, 215845, 484916, 56391, 354411, 323029, 60041, 95795, 454063, 162045, 216293, 60152, 2221, 207571, 126099, 14311, 127360, 153382, 434643, 352216, 319031, 407170, 460106, 368739, 458533, 389677, 130030, 314370, 131564, 349841, 448202, 470191, 446816, 83082, 92592, 392910, 132373, 182283, 400171, 198968, 131594, 353365, 40330, 242912, 62661, 437541, 458495, 153360, 16748, 298942, 413333, 469386, 282899, 160817, 243549, 394556, 245237, 467489, 391450, 351796, 484524, 173540, 130855, 374437, 315192, 337208, 9270, 155621, 346989, 113382, 119716, 107130, 259585, 213040, 363239, 320119, 495326, 179426, 173473, 493758, 419583, 137653, 372594, 6565, 428958, 105524, 428867, 91514, 45292, 16361, 318402, 67153, 31779, 235606, 181255, 225677, 491556, 170987, 496695, 226163, 361958, 463804, 451072, 185263, 286162, 313852, 57943, 126638, 305933, 276356, 475000, 486079, 105489, 94264, 264416, 143979, 132853, 451198, 230566, 383487, 224433, 250528, 18127, 202894, 344483, 444259, 299009, 371616, 181727, 444487, 281334, 391039, 382899, 226010, 89737, 170558, 105986, 225318, 392915, 952, 148199, 205666, 496769, 398157, 480570, 198728, 283516, 326185, 225907, 417812, 117892, 308599, 470677, 297801, 399175, 211390, 164132, 486840, 39053, 439725, 218221, 382821, 103460, 388203, 376270, 386650, 71680, 338084, 453760, 412723, 43356, 147111, 116029, 323100, 340660, 311757, 322603, 428710, 315829, 360419, 30491, 311795, 342626, 17341, 408501, 135338, 319468, 393666, 344426, 234801, 449431, 100999, 168362, 445754, 299834, 112891, 359579, 70455, 471267, 389810, 263889, 136498, 325532, 241236, 229951, 314158, 316876, 458966, 477375, 341111, 287210, 120413, 2595, 359646, 338395, 205070, 86292, 6864, 45290, 174409, 135619, 81738, 143102, 164763, 179374, 91027, 69077, 23780, 169330, 201436, 262771, 306543, 216749, 447556, 84870, 111839, 237716, 219560, 324746, 84434, 254214, 2572, 142828, 365281, 490259, 108229, 436020, 337368, 154738, 247967, 208238, 164685, 247437, 466288, 282234, 312322, 202433, 244524, 488159, 111589, 174888, 445551, 343295, 172416, 43180, 489398, 452626, 62989, 125803, 336127, 379990, 347627, 491291, 494838, 457609, 391176, 164384, 206329, 206390, 100936, 80240, 467174, 19860, 63155, 55107, 383064, 93750, 228156, 253193, 9294, 296756, 467299, 480475, 69258, 469510, 292315, 402033, 87810, 116175, 356397, 409653, 457825, 36388, 489088, 59379, 458348, 335785, 428243, 381282, 189058, 218056, 10855, 485649, 438104, 140907, 132899, 446307, 35150, 243930, 349085, 108277, 419317, 480372, 434288, 345151, 79613, 33824, 469860, 269182, 264709, 151891, 399070, 222508, 44378, 317059, 353451, 375006, 396318, 491263, 8428, 341831, 383365, 305093, 430890, 270509, 19258, 367374, 207986, 332193, 428535, 68897, 61662, 401233, 74631, 428286, 154744, 457148, 20016, 225848, 58988, 237985, 138457, 202027, 111664, 292629, 157935, 187564, 370440, 256813, 465515, 140341, 110356, 99633, 165425, 57392, 11040, 3833, 73317, 426550, 314395, 182578, 2113, 38512, 466267, 12286, 113266, 360856, 427550, 369356, 139205, 49180, 335561, 226717, 415251, 143061, 251028, 282466, 409597, 354632, 385400, 6188, 128428, 227772, 386282, 436874, 400001, 235090, 184757, 380028, 477761, 475298, 112052, 159627, 17395, 362023, 98362, 104053, 234521, 206688, 194898, 334331, 19835, 241895, 253743, 436025, 410194, 313107, 185228, 309401, 430349, 410978, 27576, 364538, 296118, 88778, 15693, 393837, 359916, 20890, 191765, 319273, 150802, 398567, 70932, 119486, 439446, 144734, 4929, 26979, 286788, 384904, 332393, 472457, 150960, 104838, 166652, 370876, 63623, 182504, 431059, 293895, 152548, 162203, 156331, 417343, 280406, 331380, 225478, 27922, 221099, 497977, 417745, 283680, 386447, 149673, 309598, 396754, 71983, 132874, 174400, 295393, 245735, 166121, 36663, 318388, 190189, 383255, 222710, 179015, 297867, 423642, 403052, 368945, 464052, 81522, 317488, 454951, 144437, 112540, 135810, 162971, 447772, 491804, 341688, 121235, 432313, 321953, 82525, 407831, 407935, 346601, 340701, 498916, 229708, 322379, 226745, 238498, 359630, 448081, 102521, 413449, 235514, 37014, 325638, 308761, 94681, 90036, 203465, 264494, 268924, 211491, 436288, 192065, 167789, 262828, 491450, 418295, 371375, 267699, 344200, 1664, 372773, 41815, 219479, 301139, 425634, 82868, 19378, 430767, 139641, 278817, 168557, 206697, 300877, 80899, 310382, 327564, 392786, 267516, 98263, 171249, 18496, 31519, 235965, 146203, 69528, 307181, 190900, 68009, 128944, 349412, 170947, 146658, 202085, 93474, 165757, 422289, 497751, 306146, 411714, 233942, 214730, 385260, 336615, 26801, 48063, 179058, 219744, 373265, 248503, 491958, 13873, 48184, 197144, 56369, 466089, 81954, 442611, 478028, 241050, 205956, 180033, 497003, 343450, 94496, 232809, 1463, 300021, 22911, 285620, 310082, 143861, 334074, 475337, 231046, 382898, 215419, 44957, 471729, 236853, 38238, 78032, 83583, 441888, 369298, 260971, 201070, 228853, 105484, 32590, 228749, 430578, 303197, 165509, 487487, 458604, 211798, 402875, 57082, 453573, 298730, 490194, 389116, 430390, 480996, 264792, 82313, 383425, 77543, 172165, 33321, 124134, 230522, 396413, 239080, 135938, 306579, 258773, 338310, 344755, 15429, 430140, 29777, 419274, 316983, 237606, 65347, 124243, 489219, 141349, 140564, 100317, 383723, 189950, 442360, 156339, 276534, 146868, 201255, 433979, 300, 180363, 368131, 369155, 481197, 217650, 171871, 214410, 210518, 214404, 342408, 117923, 249263, 244383, 163152, 432940, 444889, 393606, 231064, 21474, 203090, 106320, 174102, 420240, 339046, 50291, 492061, 244555, 269309, 322863, 129401, 302058, 52766, 51861, 5691, 389052, 320267, 62236, 353178, 457807, 107333, 457228, 474049, 258456, 392938, 360033, 432219, 9170, 352137, 356673, 260532, 113569, 398830, 349533, 57831, 394223, 110392, 103158, 25319, 420314, 72573, 480906, 290400, 410055, 160724, 350414, 367875, 61075, 298555, 319545, 242988, 243537, 218506, 81020, 374048, 111588, 471704, 112284, 34320, 177052, 244894, 286878, 352334, 63002, 181354, 279131, 374400, 196280, 363900, 467237, 315936, 339778, 430979, 341731, 228341, 139605, 53217, 285786, 486145, 93769, 209615, 494271, 266897, 81251, 107605, 65856, 111005, 256504, 317383, 243251, 88115, 409661, 137205, 183880, 54640, 10284, 217864, 458321, 50670, 475003, 47270, 46604, 253758, 408514, 497638, 23400, 482246, 202957, 118089, 158745, 100071, 84006, 52084, 230872, 275699, 147564, 4223, 44155, 499682, 185788, 54599, 54805, 105651, 487243, 497672, 225745, 293019, 27707, 366116, 127474, 283505, 430961, 104915, 117385, 344825, 190164, 296628, 2493, 365766, 126120, 185722, 394742, 458078, 191715, 90402, 405926, 448781, 294102, 230127, 386399, 479564, 304958, 271165, 291247, 233553, 183132, 204668, 313599, 365058, 308958, 326098, 18348, 344856, 17206, 401152, 9486, 399561, 469540, 114713, 16850, 183574, 429067, 41011, 322388, 256650, 467007, 476544, 399841, 294265, 381310, 56806, 402624, 421139, 62737, 47984, 88802, 317765, 134860, 131709, 372565, 33103, 498117, 495292, 232826, 226605, 16525, 438023, 396447, 105848, 90538, 228275, 432183, 122851, 338425, 149829, 268086, 313836, 257119, 95701, 422426, 387497, 172305, 389739, 305071, 88815, 228978, 455170, 109430, 301029, 489573, 289759, 396111, 152006, 994, 142188, 359810, 25642, 384307, 404818, 353116, 91909, 166860, 459562, 79844, 311566, 178765, 51411, 326190, 347806, 26994, 333583, 474937, 316237, 275981, 312868, 309714, 49180, 23370, 40158, 336467, 229099, 307740, 164409, 145005, 108407, 50237, 421679, 194307, 360700, 493946, 430390, 467676, 52881, 328333, 172784, 277637, 458622, 242842, 261376, 284897, 393544, 249408, 19937, 371201, 67136, 218370, 434855, 459297, 449556, 149307, 261522, 113634, 284819, 166932, 4142, 350495, 151257, 225477, 112990, 252995, 444181, 260544, 282112, 142300, 270722, 439572, 403175, 93951, 193480, 391784, 84962, 35671, 3430, 155628, 399353, 289012, 436606, 224694, 387134, 265330, 415790, 136922, 315417, 168473, 413014, 280700, 110914, 18571, 57395, 147740, 144380, 327829, 333213, 14375, 84747, 474413, 484707, 227425, 138333, 134779, 31054, 315903, 358051, 493158, 49197, 377599, 51998, 442741, 204628, 160056, 409900, 40422, 493368, 343665, 467495, 238653, 16653, 418007, 191735, 434670, 425226, 274362, 401347, 46592, 235576, 474652, 159291, 218710, 288546, 255851, 14940, 364880, 319783, 267417, 124990, 239948, 344109, 68390, 493565, 197101, 231883, 223947, 57260, 177633, 309756, 108225, 160964, 357685, 174940, 285241, 216755, 48922, 302955, 59047, 393854, 178006, 443104, 497857, 113976, 323436, 363831, 45753, 495163, 132919, 392428, 495488, 177615, 188334, 422500, 243273, 31085, 7483, 451325, 452646, 355502, 336570, 346480, 322228, 269258, 144087, 153869, 161732, 260413, 485969, 287966, 238771, 55651, 194130, 28904, 308272, 400379, 427931, 430761, 300924, 289951, 477661, 280152, 495507, 40518, 3227, 86492, 155831, 495209, 412601, 388262, 136774, 131287, 263514, 17458, 417266, 216190, 232518, 109613, 40372, 49719, 170590, 390783, 181548, 163117, 2534, 158843, 54947, 138844, 398653, 344439, 161346, 264286, 194524, 281745, 28876, 259656, 46295, 305679, 441324, 349946, 218941, 30973, 449911, 62806, 201769, 48884, 455530, 177005, 57421, 353084, 66770, 358501, 155860, 403525, 469892, 295743, 416768, 493995, 306144, 162607, 278184, 167057, 21374, 329481, 52498, 104824, 464447, 426416, 292385, 426572, 17482, 144990, 364342, 167852, 261054, 492881, 106368, 135967, 487259, 417066, 43645, 320081, 123090, 366237, 337077, 101063, 431864, 6325, 423783, 50503, 440278, 79920, 302947, 234765, 197077, 485941, 223472, 228168, 376477, 313238, 455032, 42355, 154626, 471212, 76644, 419658, 27158, 206357, 375797, 177479, 23292, 128458, 98659, 266240, 481299, 375418, 434577, 294259, 405443, 145803, 11913, 257643, 306572, 37996, 35056, 229269, 485269, 185240, 173865, 59868, 459201, 347623, 27074, 140479, 348744, 183283, 33268, 41435, 236438, 165578, 412418, 411664, 380588, 478374, 400427, 444582, 299817, 272292, 123364, 365473, 24977, 20510, 9015, 95447, 488024, 422362, 18082, 17826, 418056, 330119, 401642, 307076, 18431, 238224, 423515, 317486, 217022, 78814, 312203, 176541, 140271, 219799, 445841, 3291, 43287, 424897, 324874, 105292, 93200, 275240, 174469, 53659, 161906, 103539, 263953, 125390, 315952, 287567, 272847, 449467, 127943, 240496, 44477, 272395, 158677, 237275, 376195, 477834, 483628, 44154, 423405, 75731, 200521, 91973, 354732, 212329, 20432, 52820, 381240, 353851, 466103, 55069, 90170, 372665, 417709, 69500, 444962, 285800, 95390, 200539, 63284, 383124, 324207, 281691, 479851, 309443, 488081, 146079, 478692, 362995, 478409, 356549, 89596, 498575, 308753, 435224, 386549, 349131, 154817, 104383, 332532, 446443, 412360, 342242, 436576, 415775, 354579, 276027, 294203, 175977, 248502, 357689, 188574, 188919, 210674, 86179, 231610, 461378, 420467, 377744, 422360, 301841, 116017, 429502, 56982, 343839, 334450, 490877, 219051, 188597, 267855, 275183, 224561, 185630, 12652, 98134, 144362, 30259, 107936, 38534, 392652, 371287, 280475, 275002, 135734, 264795, 184267, 92528, 51859, 254844, 463702, 96604, 14541, 498113, 457401, 326693, 303191, 97167, 314607, 77121, 179387, 79501, 443699, 179626, 436614, 320142, 61284, 122978, 227814, 1183, 164999, 174170, 403877, 497150, 330147, 139744, 382444, 272552, 461542, 263041, 211357, 324567, 393468, 423663, 267121, 435310, 141173, 206861, 994, 301951, 55772, 2410, 322089, 43124, 496204, 392819, 336702, 422699, 252253, 272347, 44103, 376664, 21091, 375527, 34530, 69312, 83572, 428393, 148502, 17846, 224027, 260029, 150055, 74530, 277433, 257548, 349046, 134724, 261576, 236101, 363776, 483741, 335189, 455762, 228113, 93472, 31899, 179106, 394597, 441520, 250644, 247932, 331848, 455659, 100138, 112520, 234690, 214368, 422127, 6784, 53796, 217161, 177213, 328326, 468439, 312565, 45733, 197757, 377134, 26470, 365031, 196025, 111609, 224952, 275464, 377817, 352544, 190883, 320861, 68166, 82121, 270429, 278088, 119558, 33772, 348568, 110170, 142332, 345282, 427539, 445770, 254544, 116788, 366512, 207176, 442556, 479187, 80804, 53615, 250159, 137240, 304886, 34727, 110469, 199981, 483321, 208695, 285315, 395234, 215200, 242132, 129701, 48492, 165706, 224994, 185459, 455389, 466950, 39125, 130999, 369678, 21666, 255559, 491162, 118101, 455034, 355707, 374220, 433800, 388285, 343670, 324972, 155806, 289225, 53350, 357945, 245166, 455107, 398096, 181144, 264771, 136214, 200699, 211663, 244418, 480865, 169689, 380453, 354391, 121884, 326072, 132767, 499494, 124204, 407054, 103541, 211926, 41301, 314536, 58188, 72988, 394833, 151127, 463417, 349671, 89101, 281671, 285519, 91477, 409497, 446058, 363831, 462413, 207716, 202267, 5776, 209806, 176543, 341711, 50234, 110083, 486038, 203804, 335201, 474892, 345774, 336338, 360396, 71394, 496177, 164244, 63732, 379796, 394238, 388848, 99385, 228803, 312585, 239684, 76974, 253273, 484362, 109769, 93778, 229176, 305894, 435612, 420552, 388444, 237322, 192533, 382, 111539, 214825, 299267, 108693, 8160, 291280, 339845, 421984, 382442, 439841, 345873, 444569, 145447, 218638, 164212, 342723, 358714, 474327, 84224, 142683, 477094, 3824, 350712, 376971, 478872, 494418, 293619, 488298, 102632, 392015, 490143, 285416, 379770, 474533, 423276, 385971, 21317, 21667, 407457, 209685, 7678, 231983, 360417, 118856, 362535, 142527, 267318, 262065, 83700, 18177, 283461, 353850, 367794, 78614, 159522, 97386, 304548, 400782, 257957, 463599, 212814, 6039, 273395, 83046, 362445, 46694, 443767, 70890, 56591, 441978, 112504, 5184, 191591, 420587, 251267, 567, 149441, 465602, 300227, 363275, 318008, 220665, 486367, 83849, 380368, 262836, 225180, 299558, 467807, 143832, 127608, 151563, 492356, 403094, 36794, 461550, 71150, 365678, 349511, 206071, 350186, 42960, 322700, 111412, 484536, 55191, 230017, 74970, 12310, 461535, 296405, 383600, 397719, 349641, 56470, 107830, 40897, 259732, 262720, 311734, 300515, 428149, 420600, 293788, 138612, 291089, 241676, 186131, 275245, 470438, 90605, 159100, 351525, 249175, 287872, 89503, 431470, 107880, 429503, 150448, 269809, 278438, 81794, 143218, 183052, 188706, 5670, 587, 413276, 279708, 185760, 203794, 208556, 13224, 278014, 209909, 475154, 141438, 9472, 454166, 392592, 491325, 337577, 317549, 39290, 197292, 431988, 458418, 467017, 16271, 489877, 26023, 356387, 259974, 328804, 64785, 251574, 366785, 159087, 71075, 325790, 208157, 473454, 365728, 308140, 5809, 198832, 400630, 80474, 354418, 134515, 232638, 41780, 400966, 247061, 474779, 237857, 392946, 71091, 370608, 55075, 299152, 131027, 377726, 287602, 11578, 155227, 88436, 461914, 251479, 93711, 339227, 337210, 399044, 58618, 54676, 217214, 69061, 301771, 407977, 163844, 158802, 87615, 52039, 276845, 17167, 248505, 41032, 272689, 429439, 438574, 198498, 115619, 74685, 177697, 206046, 456550, 313617, 219342, 328150, 438234, 146502, 492357, 490022, 409122, 268754, 247636, 351120, 257810, 205474, 295088, 244265, 459497, 495789, 184378, 344925, 448611, 359526, 353092, 243335, 351840, 164925, 274305, 175028, 341874, 113793, 48696, 212708, 72031, 460360, 144808, 470908, 17850, 395879, 9689, 99026, 149123, 174910, 474538, 330172, 349245, 27834, 229020, 254117, 493724, 105338, 280017, 83775, 73998, 60138, 348311, 293232, 441535, 444783, 322609, 284783, 58838, 322408, 37680, 498121, 205905, 292125, 172867, 21815, 138542, 43014, 425323, 273484, 138191, 337373, 287175, 354744, 437952, 43355, 7961, 186920, 154341, 119215, 175332, 320934, 168471, 189891, 458778, 315721, 104468, 237394, 317690, 365852, 480711, 424578, 232522, 484257, 24643, 141636, 173021, 321352, 169093, 185876, 265004, 285122, 380472, 250118, 82031, 92626, 110292, 242566, 274123, 9751, 73400, 245987, 448201, 162223, 242684, 350281, 293053, 373897, 375457, 304058, 307676, 129696, 94972, 329945, 425978, 331338, 417882, 365173, 314701, 167419, 214251, 183962, 145791, 66498, 457727, 92988, 390752, 119982, 155834, 352344, 419615, 202154, 399410, 194967, 136807, 350317, 227430, 62169, 431171, 434424, 329792, 236651, 4051, 163641, 415398, 38596, 474652, 50687, 266994, 140678, 301059, 360067, 328145, 356331, 284614, 217254, 102201, 404396, 52520, 280215, 319542, 233148, 477643, 426264, 96473, 423344, 135589, 126693, 213897, 68591, 58125, 374874, 154485, 251374, 144772, 126884, 91110, 404494, 408561, 385583, 120632, 217862, 294525, 389028, 375755, 461537, 353682, 329673, 303303, 257249, 275031, 124247, 458757, 135384, 136820, 158684, 104978, 372882, 475418, 128029, 481270, 372371, 388114, 344564, 125213, 271491, 12666, 303852, 69920, 464495, 171022, 46787, 254182, 210459, 179598, 448187, 382680, 273373, 447677, 67703, 401740, 98758, 425944, 31547, 380587, 292072, 160768, 199810, 208258, 115234, 396744, 233265, 304130, 381171, 349375, 465387, 223952, 423086, 200650, 437575, 327174, 293042, 87912, 60932, 397600, 360786, 265625, 363411, 352226, 234678, 88799, 320352, 229461, 196726, 86742, 5203, 226962, 441493, 421682, 104415, 222886, 186083, 395772, 475903, 269060, 45620, 344815, 496171, 467283, 396549, 214560, 198023, 320973, 380714, 39457, 149247, 7358, 454678, 411974, 360599, 151505, 6753, 421527, 76035, 65254, 84847, 499547, 111370, 306771, 306031, 308583, 132957, 58764, 69821, 67368, 163679, 423017, 145442, 144439, 196319, 145912, 62022, 331712, 32181, 418717, 160894, 76397, 290282, 148605, 78294, 470489, 333633, 245148, 274171, 434187, 57652, 74608, 354198, 228120, 414291, 488847, 277061, 307950, 306667, 354442, 488784, 47743, 329531, 167055, 84401, 54093, 105263, 47954, 84340, 272184, 481489, 198514, 178358, 121548, 286510, 442181, 153998, 270239, 202686, 266916, 278594, 378913, 471348, 208610, 125657, 445295, 113380, 274938, 148960, 210866, 377496, 388489, 74004, 53897, 179335, 179701, 124517, 227935, 179239, 95377, 325576, 267910, 79588, 60436, 371373, 162610, 424616, 384283, 285781, 42170, 114590, 337165, 130324, 108395, 318052, 418239, 103879, 489564, 390933, 84323, 377091, 290875, 289625, 176241, 449428, 446170, 167621, 321916, 470392, 77138, 353487, 411839, 153506, 11496, 51002, 159317, 176696, 175376, 9966, 94285, 242411, 409640, 199679, 111744, 434778, 498163, 181720, 196720, 362097, 494797, 435301, 344418, 388242, 16517, 119107, 328474, 249029, 211504, 375066, 150995, 103886, 373967, 302732, 443582, 175024, 360761, 344380, 72744, 103151, 257925, 170917, 185514, 355380, 278509, 334734, 361581, 215360, 398734, 221202, 367104, 492109, 314592, 161618, 357321, 385477, 228179, 22675, 476253, 490968, 284908, 369336, 60790, 78775, 381153, 89103, 248297, 351088, 107878, 416984, 256999, 228619, 351750, 490866, 368867, 195292, 309240, 336991, 100904, 156886, 24990, 410998, 203817, 17005, 172121, 273713, 189436, 286703, 39351, 387523, 317069, 176778, 350603, 441715, 469729, 19411, 434069, 155751, 393562, 122545, 8887, 181640, 212499, 89672, 157201, 105690, 460411, 152173, 311232, 237571, 207158, 350354, 357213, 221149, 284451, 123932, 184017, 422418, 78819, 363629, 62956, 79069, 102086, 113251, 178574, 412138, 170898, 162881, 250320, 135899, 438722, 485150, 74110, 467051, 328265, 240460, 339990, 267940, 412907, 37091, 281261, 46407, 319460, 78839, 254997, 404235, 167022, 313981, 175157, 120058, 193398, 335725, 139455, 341815, 197055, 341640, 146430, 261360, 139287, 132348, 79751, 21498, 325442, 166180, 298768, 187734, 460389, 322451, 446029, 378912, 194238, 124209, 188255, 165855, 433062, 280696, 360148, 224952, 436000, 107017, 229443, 342318, 203930, 279206, 208777, 124350, 115604, 417793, 118463, 123412, 203186, 47211, 56452, 158199, 186538, 118321, 244528, 132517, 361660, 109149, 62823, 83441, 393421, 448475, 438364, 153568, 455100, 235147, 399024, 298023, 243859, 437089, 180091, 340129, 113731, 439613, 108472, 109572, 119978, 257722, 354033, 304966, 31609, 408639, 205051, 308386, 474936, 64147, 334765, 216461, 281630, 466254, 428565, 489660, 164858, 351535, 319211, 87840, 468729, 366189, 26755, 51989, 485782, 265247, 351585, 126585, 145090, 97863, 139025, 324515, 183061, 232163, 414627, 366576, 320807, 476290, 195597, 326153, 151550, 77179, 333245, 210292, 250568, 378695, 243899, 399967, 445653, 2718, 267053, 443004, 205937, 18572, 163292, 221603, 253289, 35660, 457784, 497102, 170280, 53755, 447359, 410081, 4719, 187072, 460591, 154312, 99119, 393994, 349633, 130986, 143489, 389039, 151593, 107347, 363849, 36168, 452208, 28626, 455638, 349323, 462377, 319122, 423260, 58433, 245101, 124864, 66150, 102701, 230894, 298511, 434904, 449441, 184130, 15238, 74839, 312921, 446290, 466115, 249213, 340512, 402149, 173456, 344801, 69520, 18514, 57007, 119145, 233607, 108523, 374434, 114866, 95097, 401688, 128103, 282780, 474349, 10252, 485913, 227181, 297192, 374286, 413861, 379802, 55341, 472478, 281230, 310442, 273354, 345387, 37875, 197464, 279361, 298814, 171122, 28979, 202012, 260070, 412661, 465644, 316121, 407216, 324834, 97846, 155781, 124891, 98583, 491472, 490840, 213864, 19469, 22230, 78314, 374697, 196459, 328410, 466029, 98553, 146716, 283781, 452121, 245322, 308640, 159483, 60356, 496216, 216009, 496220, 366250, 114889, 119411, 492373, 319050, 259266, 444002, 172501, 425532, 307876, 284864, 220402, 159752, 280136, 39637, 439769, 78126, 346301, 90138, 480281, 382342, 223509, 126855, 402485, 355829, 206268, 444218, 484964, 185843, 348643, 312900, 57886, 97546, 427626, 451239, 210945, 16306, 32030, 229379, 348930, 346795, 324738, 369237, 205805, 324909, 460369, 493580, 204908, 360493, 358428, 2983, 153544, 177443, 73693, 397910, 201636, 309830, 431377, 310777, 127549, 220313, 99382, 440649, 96448, 389104, 424103, 361217, 94149, 121177, 152167, 154943, 460407, 417785, 199052, 456812, 199462, 183040, 165219, 322167, 371923, 488614, 138765, 169305, 164312, 354815, 226564, 285420, 115185, 420771, 37107, 240897, 105353, 369684, 13569, 77579, 264784, 56390, 243604, 361031, 218599, 332467, 310299, 34394, 2317, 299974, 268718, 327203, 459723, 476880, 468095, 476332, 249966, 290748, 290418, 243003, 305980, 437991, 268923, 478936, 389783, 7320, 461958, 350296, 29432, 119267, 39151, 121843, 340095, 84409, 222831, 214629, 215879, 446915, 264107, 197544, 343178, 341988, 462920, 254811, 228130, 80752, 147003, 155627, 331788, 380057, 405301, 381168, 459246, 33053, 311093, 359240, 374680, 145450, 464741, 430395, 150540, 432240, 174170, 282433, 198524, 339765, 27713, 68422, 287050, 161099, 380403, 167361, 262771, 64091, 201661, 202854, 25584, 456372, 102635, 344201, 403574, 189069, 342123, 335680, 419900, 183594, 216735, 313809, 330384, 212233, 220234, 341316, 303697, 339658, 447346, 270860, 451783, 183935, 112934, 408959, 370823, 375878, 90768, 68681, 248077, 434499, 271971, 128014, 194791, 56168, 34535, 214185, 207318, 300310, 84897, 5109, 349606, 107735, 325977, 22350, 41543, 196155, 14318, 314211, 174516, 124134, 250578, 91646, 131122, 387001, 250958, 354651, 48954, 171566, 22522, 8135, 338802, 94083, 294393, 317870, 75958, 202417, 443827, 117854, 150605, 475676, 424329, 4673, 373726, 153296, 493182, 312895, 433547, 289819, 78480, 49758, 269253, 271382, 487500, 204152, 5351, 329140, 154312, 205763, 249196, 137059, 39059, 73228, 147787, 453948, 291131, 8517, 218912, 425306, 357185, 390518, 86846, 367880, 323013, 372628, 290136, 370579, 466035, 484974, 496973, 163648, 181548, 53581, 188076, 304372, 252948, 363044, 16790, 460198, 51768, 291404, 361559, 133959, 383493, 120370, 368592, 99271, 244804, 218748, 175764, 60714, 48058, 207209, 65394, 61860, 248972, 166258, 281355, 387742, 359669, 437672, 144815, 220521, 36508, 340902, 81032, 473636, 277553, 310680, 124147, 97936, 306529, 238875, 18771, 66665, 143342, 9264, 212446, 488546, 114942, 463402, 264178, 213169, 124973, 154611, 8676, 250921, 422587, 450807, 459868, 224694, 488659, 298578, 176377, 470605, 127856, 31206, 303409, 143026, 90536, 493950, 409992, 327662, 167601, 216045, 349549, 155783, 497617, 171374, 124370, 91687, 410833, 220675, 474107, 363826, 6376, 246616, 80056, 45128, 475792, 227995, 344846, 159162, 199440, 74574, 28778, 17111, 228038, 488486, 100980, 278958, 54397, 361018, 350006, 446740, 1632, 476863, 484917, 209628, 400165, 467042, 444748, 277723, 13498, 105539, 396343, 282468, 113379, 25687, 238563, 22449, 48658, 87784, 52591, 339948, 483203, 336972, 397035, 55693, 312564, 16284, 229957, 42818, 425452, 2128, 225548, 195472, 18097, 448052, 234524, 56333, 382329, 64226, 404154, 324124, 461577, 163664, 453225, 239957, 14193, 405446, 196797, 34883, 343587, 432007, 98035, 64212, 497769, 90866, 415783, 43411, 298042, 296648, 20048, 99429, 96668, 193449, 148390, 445400, 49107, 130848, 217496, 105172, 284145, 306794, 295482, 63398, 287174, 373436, 107156, 396089, 479425, 326488, 86476, 382121, 178502, 488345, 129524, 62539, 462038, 52377, 186733, 309429, 335856, 224162, 64030, 244223, 425339, 317589, 420856, 381348, 142527, 468679, 274887, 89575, 164427, 235047, 468542, 140633, 287508, 268774, 292704, 319428, 462689, 468860, 115008, 343467, 141024, 331182, 212816, 90857, 28822, 42802, 235740, 204174, 478926, 490183, 376283, 230969, 403677, 430247, 222267, 497334, 181971, 139931, 264640, 105218, 210238, 304318, 357938, 71458, 498673, 377108, 221830, 301296, 392612, 39119, 101737, 4043, 341601, 257049, 302837, 35373, 108704, 148372, 90818, 17591, 427080, 435621, 320802, 344868, 478565, 57598, 115274, 491079, 431583, 497149, 252562, 74575, 371383, 97756, 57351, 110267, 313998, 75840, 256142, 86714, 230248, 146342, 27531, 5451, 305696, 395270, 374316, 197685, 482743, 227182, 18330, 126002, 349128, 216124, 461130, 243147, 79205, 262754, 105859, 418408, 315307, 56532, 355707, 180618, 142443, 214805, 263908, 330576, 836, 198318, 354352, 489063, 481676, 368712, 456230, 222903, 189544, 129945, 334092, 28867, 301314, 264048, 466447, 291527, 141080, 468839, 355498, 57627, 115915, 150598, 332189, 323125, 31080, 213847, 374867, 411294, 117402, 25525, 77683, 344802, 406953, 469636, 222163, 473036, 300606, 469401, 429096, 458035, 18044, 93117, 179643, 134129, 125506, 387973, 456868, 319890, 432173, 40244, 231268, 420662, 166458, 319072, 356942, 497927, 120973, 260473, 192490, 444520, 384204, 224335, 235394, 345355, 262088, 374508, 209976, 198388, 358031, 80078, 182860, 150153, 204059, 326485, 68720, 451634, 154818, 273831, 477779, 207769, 343084, 253098, 444023, 428615, 99671, 388158, 224227, 65410, 420296, 130904, 164284, 54383, 103178, 394132, 295739, 477662, 422236, 372238, 395697, 289682, 37692, 230390, 377749, 316667, 380500, 47751, 397189, 415040, 268806, 253196, 223982, 135357, 122902, 42139, 173324, 205434, 3332, 215250, 166141, 295419, 166105, 179506, 495537, 351033, 431240, 468365, 471468, 98957, 330188, 1936, 387173, 217473, 88709, 9232, 442652, 120539, 197547, 291800, 219867, 422404, 368078, 73433, 21373, 372187, 466751, 84569, 139908, 22713, 53796, 498172, 407175, 387493, 286851, 283514, 424350, 448701, 47365, 38826, 375874, 14940, 307492, 250203, 279489, 140185, 267396, 15891, 443943, 157594, 243096, 344414, 456022, 169561, 223127, 368829, 64993, 407741, 491547, 165172, 240252, 218241, 141784, 66204, 240037, 185517, 221007, 405522, 143619, 269882, 213321, 441825, 371831, 258861, 243070, 177291, 308398, 352877, 463386, 497695, 470536, 291979, 490588, 169203, 131243, 468851, 497093, 498752, 119372, 171341, 160776, 381794, 416353, 403275, 21367, 402454, 233173, 315884, 236046, 442585, 318832, 410062, 15821, 358897, 289437, 468563, 327867, 244529, 380978, 371919, 125566, 411041, 426971, 134106, 29767, 446875, 100759, 174378, 471181, 407999, 188256, 184299, 202565, 46592, 417590, 192272, 269177, 394517, 386530, 456583, 63605, 77966, 480492, 408316, 282387, 146003, 454159, 465126, 56778, 183845, 300856, 393458, 473462, 142874, 125410, 457343, 102916, 127248, 446252, 193375, 192396, 185869, 357348, 317901, 47656, 223071, 120880, 465644, 39018, 393472, 43240, 47287, 151849, 269943, 82292, 209650, 398294, 203543, 497464, 485513, 446419, 430588, 64921, 18793, 412493, 243256, 406284, 464175, 70978, 316953, 182590, 62188, 145231, 146708, 439822, 144664, 210282, 271634, 308806, 236205, 262514, 437073, 479850, 387751, 308743, 67665, 25627, 427105, 481642, 187722, 471078, 397384, 319620, 311052, 312173, 169255, 67506, 346784, 145183, 117998, 245840, 52226, 480004, 340670, 130086, 159544, 496604, 76684, 414942, 92372, 84517, 222877, 83328, 437539, 342346, 131498, 216775, 12166, 254395, 158293, 219229, 365253, 194746, 431723, 201805, 14734, 339607, 110393, 259666, 178316, 440957, 97005, 342906, 474955, 320281, 147334, 205473, 165360, 381411, 494523, 290174, 492131, 37010, 50242, 463917, 440186, 290499, 318238, 366719, 471117, 226630, 282833, 9188, 387391, 87555, 432905, 45448, 363045, 265791, 241899, 266228, 327072, 410532, 270694, 348815, 139258, 492877, 354338, 84071, 382243, 203614, 25009, 356261, 167510, 86675, 212717, 337098, 293390, 441484, 466987, 393916, 39847, 114961, 142263, 438646, 278239, 322810, 162462, 27263, 449678, 172974, 372913, 154648, 15840, 499143, 286152, 110066, 21836, 484781, 78951, 288084, 193425, 342791, 423332, 150152, 432496, 96356, 405381, 100438, 437714, 203626, 327440, 398698, 321932, 446248, 69977, 244874, 210675, 250261, 152890, 330239, 9355, 175630, 23846, 315844, 440648, 390448, 227214, 443234, 152659, 459240, 319060, 488548, 194399, 291925, 275723, 92869, 320173, 178267, 8666, 138747, 75714, 352887, 362328, 271954, 31498, 277334, 369831, 471572, 476106, 320767, 397195, 22316, 366368, 82346, 113434, 329071, 209575, 216924, 310842, 439444, 124723, 427261, 37267, 63156, 255494, 446296, 57608, 30567, 108733, 493021, 214167, 116160, 71555, 382878, 153560, 426676, 445021, 237643, 429128, 78490, 242515, 365212, 474754, 161247, 394366, 184720, 392563, 253432, 389894, 89996, 71986, 389557, 236894, 348834, 449411, 440013, 285771, 465902, 123570, 478763, 403514, 403158, 403437, 408619, 406387, 157231, 424464, 339831, 415551, 471524, 120771, 33178, 4821, 163237, 234896, 202485, 80773, 155835, 66284, 256574, 13779, 179507, 201196, 170740, 334798, 68877, 354681, 225613, 335480, 174411, 405228, 310079, 228818, 16830, 168710, 232783, 315606, 52470, 423795, 295774, 58806, 430451, 184908, 158373, 19050, 348548, 469039, 118756, 138039, 342687, 167934, 269754, 212506, 1527, 112157, 339698, 241015, 82578, 362078, 121989, 214281, 52119, 286666, 259543, 83303, 291204, 140382, 331635, 181821, 402877, 167460, 254814, 28471, 390775, 68918, 89527, 377994, 232021, 278974, 222449, 494774, 163032, 387755, 362461, 231666, 103224, 195752, 371246, 439833, 492047, 334880, 276947, 431610, 19021, 342087, 175180, 115558, 219173, 450389, 424634, 252696, 354233, 249631, 79264, 29546, 292310, 130926, 113426, 117270, 50955, 265575, 494553, 398297, 111433, 53744, 478232, 369080, 327729, 98376, 101161, 165450, 437337, 158485, 257172, 450088, 328962, 389789, 444887, 339544, 293075, 111225, 155569, 248789, 3550, 148293, 92470, 169077, 460992, 383849, 413664, 61342, 228424, 150766, 486428, 201753, 51186, 84455, 492044, 57438, 354691, 102633, 143495, 348538, 161004, 32985, 369944, 242069, 94762, 284061, 107212, 470263, 136778, 265614, 331285, 121022, 298718, 76849, 478574, 497624, 448678, 478923, 408495, 180517, 212235, 189029, 446377, 106160, 473362, 303722, 255874, 439647, 326180, 285308, 416431, 341239, 33861, 54268, 446784, 74637, 65035, 274720, 36264, 403217, 121077, 59356, 51125, 380481, 300275, 463740, 110360, 452649, 436668, 427213, 62088, 101701, 326293, 18356, 404593, 203855, 153251, 83566, 337942, 12007, 409733, 202876, 346470, 357636, 384203, 408257, 220357, 358467, 193828, 372322, 284128, 312470, 246596, 318274, 231187, 233080, 336591, 433210, 78206, 265556, 127561, 107755, 21490, 183961, 393529, 461485, 48411, 411107, 110805, 340662, 202005, 408355, 204421, 354531, 210658, 260175, 181445, 105267, 450969, 160695, 147759, 402573, 377332, 300373, 263823, 147580, 29175, 41266, 339002, 402906, 212621, 227109, 18016, 52905, 4774, 211404, 391174, 72473, 176789, 404038, 251891, 391855, 119889, 231179, 124636, 238835, 374002, 53246, 1735, 167400, 14131, 314403, 103038, 439463, 316234, 485281, 402926, 379708, 166101, 298422, 272184, 377792, 289823, 383064, 488387, 268939, 111841, 181899, 224583, 438797, 366042, 202352, 70439, 468394, 260145, 331118, 91690, 322699, 37583, 367089, 277483, 433322, 266147, 45756, 430859, 442780, 361693, 385538, 383872, 341920, 492427, 85731, 484098, 293922, 132015, 473235, 234171, 332900, 277135, 309389, 259242, 347997, 398902, 342415, 410890, 440148, 277165, 80142, 146722, 147080, 275156, 148144, 11523, 281556, 177881, 182182, 109605, 53679, 320534, 444571, 464300, 370501, 158288, 100271, 46315, 8971, 471686, 231381, 256527, 443322, 55946, 421645, 324276, 460418, 85863, 315799, 489431, 48604, 292063, 312331, 489845, 405560, 260427, 191818, 267026, 325581, 71388, 46977, 493866, 469099, 216399, 311442, 353482, 102221, 122947, 304747, 465265, 284103, 446522, 489862, 73659, 192559, 43606, 459545, 471998, 87710, 37839, 73150, 462979, 183366, 409721, 398652, 371136, 261863, 168755, 53612, 472566, 131808, 427457, 110512, 3679, 472178, 396626, 83661, 415785, 356168, 431445, 313166, 120330, 176412, 73918, 47439, 227846, 300018, 331602, 148433, 43042, 306933, 369472, 432151, 417695, 454514, 137522, 191612, 246505, 143786, 232058, 44046, 344821, 32314, 465464, 303402, 491409, 63676, 276219, 479796, 111995, 428420, 168963, 20077, 343220, 383056, 124524, 399034, 281505, 21487, 482763, 16786, 333003, 159673, 55116, 318228, 466162, 301567, 241922, 313330, 240981, 188671, 468250, 395512, 428356, 281682, 221882, 479722, 485688, 313260, 369885, 476787, 357944, 66863, 161092, 442330, 262407, 239117, 470120, 458971, 347445, 146679, 188527, 413947, 373306, 471677, 439767, 405123, 244720, 217362, 98832, 250038, 95371, 19221, 403772, 362182, 116027, 64442, 175913, 325086, 364946, 247086, 203033, 89137, 155606, 469135, 138638, 294992, 411070, 47006, 44471, 38895, 382653, 115071, 170636, 381591, 162197, 242263, 278487, 127187, 56925, 292790, 278676, 216425, 8745, 222355, 336397, 139411, 98120, 267536, 417113, 446649, 11041, 122077, 453742, 311255, 360479, 113972, 254450, 147880, 187849, 95712, 128132, 434952, 401484, 193407, 171336, 437020, 43793, 41875, 5604, 485936, 451202, 47231, 316693, 371335, 430937, 24741, 304674, 61800, 411635, 276549, 291692, 339024, 272261, 31952, 253012, 180060, 33647, 426886, 163129, 347840, 161709, 302944, 330826, 408898, 352778, 382381, 100635, 71462, 254741, 270821, 317118, 485399, 272111, 348168, 296103, 249521, 151134, 157308, 258889, 112260, 4573, 360343, 16284, 481884, 81481, 330805, 35410, 129983, 467840, 317784, 42122, 451586, 41905, 462590, 186542, 150874, 83754, 471498, 415788, 79335, 419520, 475624, 56138, 141181, 337403, 269575, 255364, 103661, 381967, 215943, 35899, 365493, 476041, 384173, 474694, 155847, 409332, 384121, 19280, 108962, 40916, 257847, 41332, 81735, 333030, 479784, 496275, 443778, 305213, 151231, 101026, 95780, 359897, 239828, 436040, 347699, 412157, 330196, 466049, 405070, 241287, 374372, 326264, 24723, 288903, 442158, 8460, 34326, 356195, 204413, 477230, 209560, 202016, 373547, 293014, 321907, 445013, 423695, 205431, 136515, 196126, 472014, 402857, 89399, 481636, 98032, 239482, 433485, 201586, 265298, 414660, 112830, 70873, 309951, 212195, 365026, 464073, 489143, 198598, 473549, 323328, 92039, 187726, 267582, 473675, 405232, 161941, 324283, 135652, 495018, 201648, 234781, 213805, 486511, 417437, 468482, 206817, 384629, 456069, 364270, 144465, 411555, 136225, 300637, 358746, 61712, 303676, 208050, 173908, 212349, 93368, 438125, 46127, 283011, 81851, 27782, 370832, 1035, 66687, 43543, 322333, 281885, 68815, 409607, 137449, 137912, 280382, 205555, 364663, 409231, 40096, 424307, 471166, 116665, 71670, 378676, 410646, 21278, 205333, 236624, 180438, 188335, 335293, 493511, 84218, 229617, 141046, 36488, 37605, 93237, 153110, 412149, 431249, 90731, 395815, 25773, 295700, 171867, 104649, 333234, 214076, 41414, 6868, 202781, 74902, 280865, 8935, 249632, 336890, 20141, 61137, 364855, 208104, 496560, 298846, 228508, 362744, 351996, 351345, 101259, 68132, 228453, 21071, 406677, 294660, 273184, 150955, 78206, 406560, 88884, 387487, 314949, 356693, 32633, 268932, 247688, 228476, 467707, 297808, 487128, 106981, 463240, 286001, 130595, 57491, 333943, 405502, 487919, 182483, 272240, 117398, 11380, 325110, 17334, 293440, 23360, 479569, 204180, 488151, 491315, 250374, 288875, 425115, 462972, 268069, 225882, 368523, 420151, 414, 269390, 389103, 331034, 321200, 449797, 89029, 156970, 347350, 240021, 308844, 167489, 33371, 236996, 168073, 28210, 166669, 100303, 267597, 395549, 212117, 214621, 135832, 408847, 201205, 169975, 197467, 435348, 60747, 151919, 179706, 152652, 476971, 333859, 468127, 292983, 229129, 272643, 356667, 476230, 45922, 5627, 345205, 89637, 111960, 247044, 171960, 463066, 152391, 430606, 266804, 34896, 492567, 480208, 415792, 207459, 499933, 352927, 143957, 75200, 244444, 215952, 342524, 253993, 284648, 250634, 341234, 134169, 109602, 101730, 292929, 154886, 209477, 398065, 36578, 101993, 492090, 394895, 40845, 431905, 64859, 457988, 408739, 309265, 377782, 133955, 389928, 46970, 363370, 173768, 433053, 358529, 100649, 198509, 498389, 14328, 214189, 469889, 464628, 319342, 315650, 311248, 13485, 282040, 482886, 406332, 378763, 461510, 62561, 454503, 183582, 375543, 451998, 24176, 247403, 305231, 154713, 219194, 415905, 295013, 196919, 192927, 441712, 480072, 113280, 420166, 116246, 71034, 93748, 164157, 374107, 173664, 307347, 486471, 455200, 39467, 426328, 140486, 81378, 221142, 288114, 235254, 207673, 189956, 71921, 297965, 51193, 318653, 69141, 350587, 166606, 236940, 76113, 68650, 12433, 226241, 284716, 35788, 250697, 238649, 243729, 335483, 459881, 31171, 393273, 322085, 161841, 200556, 432189, 297820, 121863, 11310, 302299, 332204, 260995, 209718, 116406, 40340, 148019, 19902, 484176, 153173, 492881, 48639, 107722, 103666, 494231, 16428, 98045, 148757, 199536, 485710, 316660, 489738, 262509, 360660, 261500, 422062, 388972, 220832, 373700, 51629, 436701, 443436, 466954, 53303, 198687, 101321, 28310, 296558, 437977, 290674, 83143, 294922, 276022, 175058, 255168, 111968, 121332, 194520, 135440, 192501, 74755, 189213, 253876, 19994, 92429, 346449, 177611, 223401, 301953, 189947, 403039, 273780, 335810, 144376, 212470, 31745, 31367, 264787, 239867, 93295, 241163, 262499, 254778, 37087, 367245, 412847, 192673, 447342, 113032, 244474, 42190, 120116, 246535, 123656, 269285, 95649, 300215, 10196, 285715, 145804, 260411, 489561, 49597, 29333, 433165, 253024, 165284, 399116, 466447, 415699, 350513, 363078, 54020, 404067, 376681, 318003, 384415, 165095, 40633, 243133, 155671, 61590, 414740, 45219, 41210, 462997, 27958, 36476, 122738, 165412, 212490, 469494, 43864, 182886, 312061, 467824, 367702, 398215, 135534, 160266, 295176, 315228, 128786, 243642, 434694, 59314, 273686, 148094, 216037, 66838, 160565, 201527, 453156, 300909, 73609, 457884, 132357, 107889, 199065, 162538, 134753, 170234, 438091, 243093, 427351, 368995, 84822, 161016, 413686, 97421, 311745, 313233, 132652, 52150, 352515, 3742, 383744, 177046, 371693, 325188, 261354, 51825, 288794, 297911, 338573, 497988, 349662, 340305, 130324, 466596, 25839, 187248, 285762, 236269, 448224, 259300, 128928, 405091, 84530, 183353, 307530, 472042, 254634, 144088, 311848, 88286, 182225, 320981, 339477, 364899, 312063, 155930, 304185, 127071, 410061, 473285, 275584, 488161, 351177, 102684, 382353, 110245, 431511, 48723, 206451, 411177, 252575, 486338, 90820, 67259, 181834, 111428, 384292, 426690, 71521, 397669, 303337, 489331, 74906, 361289, 186417, 211251, 200515, 232725, 454941, 410231, 43914, 454528, 376467, 67622, 328625, 154617, 391680, 416365, 299591, 496095, 119210, 62099, 36084, 184604, 165055, 338424, 244457, 179371, 199160, 12866, 455914, 407777, 263061, 403748, 119992, 495207, 54594, 32193, 104805, 399979, 339431, 122337, 473150, 78248, 378741, 5088, 81223, 54916, 447071, 430820, 198435, 175026, 206977, 21393, 152185, 278401, 72615, 60837, 11406, 371690, 327352, 369041, 335093, 358834, 323322, 88949, 179703, 254739, 166819, 245335, 402702, 229668, 183542, 413324, 359481, 468963, 419147, 288132, 388025, 240132, 132599, 108284, 135123, 12705, 369447, 426358, 354892, 349629, 311590, 391362, 324990, 498574, 113030, 212325, 181063, 386717, 98654, 412857, 48183, 474162, 96872, 151731, 141852, 249907, 140903, 403120, 391046, 406249, 305364, 235145, 343626, 66180, 372819, 139324, 464233, 498565, 234130, 415481, 311965, 434036, 34330, 401816, 273059, 479887, 378450, 67388, 459713, 199304, 371011, 477968, 424814, 165080, 61785, 286845, 185455, 244248, 110043, 189619, 74401, 82226, 382170, 1448, 496243, 437674, 483034, 253382, 135146, 17362, 17413, 354016, 31740, 332863, 52400, 388208, 338928, 377020, 158915, 23808, 206691, 123552, 90761, 200584, 69285, 460954, 114843, 155664, 452437, 228802, 214267, 178589, 7859, 35893, 135705, 106754, 456664, 169918, 10930, 238377, 269350, 188587, 487406, 332808, 269590, 3880, 397642, 275347, 392829, 437108, 297359, 77081, 291671, 347861, 364675, 31843, 371628, 490622, 265726, 76476, 333682, 203074, 307384, 196681, 493312, 139848, 138056, 390076, 241495, 206209, 77224, 221691, 322569, 260336, 452738, 392685, 302133, 142841, 290615, 55349, 6244, 492839, 376826, 317736, 275301, 460461, 274758, 195610, 191416, 288520, 311114, 155579, 397870, 147399, 122005, 99223, 333061, 233586, 384715, 468179, 100961, 356497, 222908, 424745, 406929, 175679, 331072, 164206, 86572, 64777, 54287, 61585, 110231, 407231, 151109, 61139, 125514, 390477, 431806, 327510, 232127, 287127, 71118, 356701, 355047, 218607, 337845, 95384, 430286, 126715, 497855, 323200, 403581, 155888, 306592, 77772, 316086, 79189, 216921, 329353, 160638, 128352, 152270, 282229, 345721, 136578, 200079, 456103, 188911, 178099, 348873, 272451, 422944, 157975, 221446, 361256, 365453, 55926, 493998, 471424, 427980, 451984, 391587, 447294, 445307, 349632, 328670, 334974, 27499, 263914, 276815, 145773, 28811, 393921, 300500, 43947, 457094, 210982, 283202, 188464, 287303, 350864, 191255, 227412, 121476, 405420, 47335, 444261, 17491, 494541, 427113, 188192, 222834, 351532, 342759, 173540, 199309, 327489, 313709, 246388, 216234, 208824, 389272, 19324, 272179, 182706, 377259, 38552, 109180, 258266, 45812, 289972, 463359, 468541, 57035, 473205, 381960, 215222, 83675, 15242, 156682, 48348, 26638, 45659, 255664, 84900, 2132, 248216, 202579, 144025, 199701, 239559, 7194, 495573, 4461, 68307, 476065, 372405, 183747, 154665, 56176, 351792, 56247, 134022, 127782, 66110, 32369, 326790, 197337, 120245, 274404, 356320, 363656, 472562, 480238, 19763, 356017, 268857, 54787, 422164, 366327, 231458, 329820, 32225, 474882, 362612, 187593, 107670, 143648, 48750, 89972, 203323, 393760, 315305, 200466, 87619, 378022, 10093, 116066, 194707, 294388, 381523, 236000, 13370, 185824, 79741, 455063, 111667, 469777, 363909, 172008, 395361, 85865, 258314, 103783, 124183, 118806, 41341, 276579, 349244, 60435, 72587, 117645, 449320, 405692, 265794, 462597, 421944, 360008, 73739, 228855, 424325, 322059, 321180, 67248, 396127, 376778, 24559, 12597, 270046, 113388, 464179, 471998, 281936, 53648, 419902, 267007, 395356, 179260, 219559, 107963, 495690, 220470, 120147, 412716, 447769, 2340, 441118, 442958, 148634, 234080, 28297, 106911, 406618, 272398, 247448, 58006, 376702, 186599, 430331, 223918, 480351, 411402, 119721, 178527, 10422, 346609, 301140, 248483, 406952, 233041, 251683, 213067, 59874, 385285, 224401, 74277, 269685, 111391, 168447, 352231, 62976, 77604, 56019, 348674, 185093, 182635, 167657, 133845, 320501, 498179, 456261, 27480, 242741, 257964, 1419, 277863, 243916, 489312, 445129, 413484, 298159, 57007, 364545, 402352, 416496, 73254, 403347, 239605, 386483, 381943, 96624, 352533, 69515, 347306, 457341, 297680, 410222, 152821, 380957, 66721, 90201, 469872, 380596, 257393, 293428, 289147, 251701, 492033, 142784, 218968, 230809, 302894, 239345, 427128, 320251, 397747, 363874, 460516, 260110, 288048, 423435, 488784, 308397, 115605, 268687, 366404, 23883, 481306, 250136, 236718, 439604, 55883, 161374, 2086, 447239, 219292, 334223, 72320, 96408, 290995, 28496, 289184, 327202, 172940, 325268, 243933, 52850, 165891, 388883, 310275, 444546, 51364, 64299, 491765, 193162, 67523, 276285, 342666, 64606, 356353, 226862, 227556, 187856, 33064, 367645, 33489, 206060, 399864, 322842, 28928, 77144, 268764, 147963, 324124, 152722, 337996, 355007, 165627, 145556, 82243, 406317, 76845, 430092, 341729, 133918, 475646, 359803, 133016, 254492, 3973, 313272, 343995, 139201, 378664, 154581, 220311, 201394, 328560, 176845, 112822, 178516, 480524, 112378, 222741, 259789, 42844, 424650, 179099, 350495, 283173, 257278, 499167, 265060, 61283, 173700, 29989, 92253, 155172, 470167, 347709, 429812, 381125, 41770, 136763, 380355, 415855, 481185, 60595, 165454, 118529, 408295, 57637, 89017, 394462, 334782, 440358, 479165, 18365, 324197, 56282, 1796, 146907, 236427, 260346, 301262, 263485, 3777, 205086, 203545, 329284, 370862, 278666, 265740, 111848, 425885, 479013, 11056, 409817, 247693, 4777, 319996, 273594, 63162, 200430, 302699, 12834, 138614, 382576, 287801, 121441, 168963, 288771, 229077, 250333, 10049, 44633, 200535, 273337, 407168, 276753, 165858, 51370, 43017, 446112, 154638, 329741, 40008, 266475, 97214, 273825, 188981, 280089, 82867, 63896, 193707, 474071, 328249, 161062, 27860, 460395, 345636, 498146, 308525, 295906, 84045, 357557, 379042, 417853, 405005, 157420, 49417, 196689, 139276, 127817, 100139, 442529, 288542, 33822, 8042, 13812, 389868, 207708, 42130, 21294, 55676, 326926, 398046, 256468, 165170, 164869, 53965, 459288, 48735, 284699, 242043, 243222, 457028, 249948, 271801, 435765, 5376, 213717, 454302, 354934, 408087, 71542, 446895, 442234, 310594, 483362, 187472, 369106, 103371, 146260, 239450, 419209, 182929, 439211, 214142, 98846, 233156, 192108, 19239, 454899, 16101, 417153, 153824, 80377, 441618, 418142, 49421, 211314, 203860, 433589, 176023, 223260, 209439, 229204, 75491, 20884, 218845, 429555, 164279, 110294, 153531, 411495, 116240, 378693, 444376, 29679, 140778, 169152, 192429, 482248, 115956, 428507, 164718, 397593, 277879, 464290, 417522, 26561, 359036, 93319, 275093, 83384, 120814, 217331, 489837, 387356, 436696, 164194, 469683, 29201, 358573, 89526, 29630, 259494, 453661, 12665, 110353, 377424, 159674, 191089, 312214, 34281, 413532, 30392, 409880, 288264, 421747, 5202, 65801, 187453, 28499, 296816, 435514, 158382, 359714, 401772, 326474, 127821, 96070, 146829, 37236, 417099, 357187, 88192, 179606, 353032, 310230, 139962, 401247, 81392, 486011, 419570, 61492, 160742, 331468, 270314, 270748, 131411, 357654, 400199, 305144, 169293, 323321, 134465, 82802, 260870, 62631, 351342, 143768, 38824, 435876, 130039, 315030, 407591, 276682, 197243, 12672, 237157, 380087, 87757, 478168, 217904, 36801, 139896, 257103, 136909, 97717, 355116, 5476, 116954, 237328, 62690, 127750, 272084, 370414, 429484, 418212, 20095, 25263, 189708, 360609, 406961, 227430, 6158, 322027, 393910, 230734, 294690, 257927, 19834, 307065, 314768, 163662, 95443, 315221, 492624, 61817, 433339, 154605, 412552, 232904, 217996, 337702, 291721, 368038, 161929, 395521, 13152, 408653, 195284, 14109, 274915, 277118, 119580, 35606, 27787, 493207, 13926, 27274, 224680, 397060, 424682, 161047, 227199, 442751, 130583, 402317, 413817, 140272, 470434, 230220, 178647, 377963, 361521, 233964, 453063, 494324, 81239, 407305, 283744, 131862, 216913, 466427, 250711, 194401, 445487, 20445, 369701, 472320, 438469, 227674, 171080, 287925, 331601, 135911, 88990, 277104, 19264, 260189, 277902, 208897, 376097, 411692, 485452, 40216, 358640, 310436, 228147, 136866, 266571, 462521, 452303, 158696, 37349, 433650, 84749, 377670, 109054, 202636, 416203, 336839, 50542, 139075, 87803, 311183, 386454, 410790, 170550, 469092, 111715, 328732, 378450, 248944, 80854, 362747, 382944, 286379, 206835, 364879, 330963, 358033, 194152, 497737, 264797, 362437, 298271, 207416, 182224, 65062, 82147, 115612, 17409, 437630, 264998, 394056, 90182, 154147, 463912, 40640, 313150, 159938, 372908, 179135, 54984, 293744, 330677, 64306, 268340, 142926, 207039, 367055, 321442, 121417, 438753, 127755, 44939, 228963, 404843, 348134, 456436, 313704, 279879, 441272, 354798, 217881, 37179, 114442, 458804, 181973, 98611, 231060, 40988, 310978, 228605, 312798, 107755, 275713, 175770, 343912, 410234, 440591, 16223, 78968, 460251, 306682, 454445, 26626, 289681, 342326, 397735, 12862, 212392, 371778, 354076, 252561, 316548, 261334, 294021, 182246, 358153, 21727, 5223, 134781, 9030, 138845, 412112, 69615, 368268, 166443, 221026, 58312, 119484, 214095, 206825, 431752, 227670, 144559, 382437, 246252, 268596, 245005, 60920, 409792, 124792, 165528, 416017, 62267, 345235, 467495, 382859, 453196, 295709, 457100, 143642, 416447, 381615, 253090, 310662, 484708, 293615, 338407, 52477, 472591, 328046, 83503, 234149, 324897, 74543, 409441, 334373, 126098, 91192, 108439, 323037, 92884, 351808, 29205, 152985, 343818, 77505, 177153, 247513, 275559, 11709, 259711, 440838, 7734, 370200, 177692, 217463, 108013, 231935, 90748, 213277, 59226, 239711, 187079, 471611, 253473, 487657, 58140, 434680, 174438, 192470, 42522, 372212, 26675, 221101, 378602, 417433, 149420, 222018, 285267, 17454, 191424, 244158, 421666, 118585, 272958, 207318, 223081, 449892, 466196, 276920, 209846, 231162, 395529, 376972, 399943, 376159, 24959, 440012, 227988, 181592, 311654, 427434, 220862, 449653, 6309, 168889, 169938, 389202, 142403, 191377, 312170, 412690, 462413, 404986, 251031, 195664, 212344, 433013, 350791, 81718, 235660, 465648, 341238, 98209, 352268, 38481, 397316, 427789, 58257, 321639, 461253, 181643, 96654, 391784, 243862, 139076, 373400, 494888, 160531, 289680, 18318, 189166, 381399, 17099, 399971, 59158, 361149, 23568, 227018, 295804, 191406, 185993, 161582, 313708, 149308, 382089, 290382, 168569, 22600, 258624, 342924, 275044, 338354, 133888, 366509, 430118, 44744, 6050, 457937, 188367, 367375, 19319, 95041, 427488, 354869, 358970, 182136, 140487, 424062, 386854, 417325, 354617, 142316, 262549, 327848, 22417, 209788, 254815, 284570, 407106, 137149, 105989, 35841, 196997, 182817, 343564, 428314, 390140, 75183, 320077, 155730, 65916, 486425, 426248, 395867, 179025, 194896, 310361, 329589, 190142, 52613, 400801, 41660, 266020, 362587, 345557, 397442, 35690, 338183, 206704, 68816, 276734, 282380, 272261, 336840, 138237, 345359, 475509, 28173, 233602, 395812, 55019, 164786, 175227, 397161, 202876, 337520, 103847, 118840, 450320, 257222, 203528, 172560, 474402, 435102, 449556, 136476, 354804, 482867, 316562, 46332, 386993, 285152, 298373, 47361, 340540, 484880, 72170, 416087, 238135, 57081, 362587, 156871, 172807, 410169, 128286, 175778, 494561, 318227, 346270, 105298, 427222, 62340, 374839, 51082, 84631, 180529, 42708, 248986, 119569, 42228, 256242, 298720, 31850, 497846, 232586, 73231, 498753, 263604, 226145, 361409, 245222, 446977, 304039, 28180, 143797, 127865, 335302, 493999, 425902, 432743, 80735, 39166, 298605, 455906, 348739, 120068, 330145, 50037, 155871, 50544, 346638, 54257, 173197, 396975, 495024, 214748, 86247, 203437, 301025, 19581, 188391, 427073, 332550, 77726, 402545, 160663, 293922, 139122, 304254, 298157, 152478, 135193, 110515, 477139, 44963, 175980, 158055, 455974, 43784, 453919, 102663, 329839, 31733, 130363, 364846, 176158, 123533, 272573, 424874, 119330, 325262, 5743, 172986, 115861, 479329, 273158, 40064, 302504, 243691, 101352, 28523, 176709, 271997, 32664, 116732, 257972, 192615, 419535, 457587, 413485, 397880, 372816, 333255, 36456, 103663, 441674, 404665, 436580, 110957, 382102, 214971, 344324, 172302, 421564, 261045, 270528, 216132, 485192, 436125, 68165, 434712, 117002, 411021, 236362, 268116, 38442, 310116, 378211, 113604, 120030, 266229, 202058, 204286, 213186, 68103, 317679, 390820, 200633, 455705, 33062, 207673, 268443, 402528, 413779, 497919, 442879, 61476, 190611, 319548, 227982, 26557, 337491, 380135, 110631, 15322, 483191, 440455, 259165, 467376, 24786, 387471, 488463, 306843, 325910, 123992, 236615, 471148, 433304, 371707, 321825, 389334, 13676, 273601, 315220, 40575, 83320, 391661, 243036, 445340, 180765, 113908, 493496, 280251, 176502, 111981, 123299, 256368, 124654, 163666, 7349, 333130, 374376, 321682, 288410, 31124, 97087, 421977, 123527, 123656, 102609, 339587, 124515, 200704, 361710, 236990, 288838, 256146, 480936, 228214, 204606, 150564, 342201, 442649, 221864, 205017, 495835, 283225, 312692, 114118, 53719, 437464, 299472, 291105, 321921, 16706, 459758, 261751, 94679, 131683, 136825, 235969, 251585, 371097, 394283, 373598, 13172, 382238, 489632, 186751, 391091, 409107, 325242, 341664, 172981, 14332, 331078, 77578, 360480, 111586, 94422, 18178, 491696, 353999, 4372, 379334, 8632, 409659, 429714, 215704, 204008, 363174, 275359, 280497, 63569, 315307, 219444, 368488, 448424, 190370, 35286, 440902, 438056, 465356, 307455, 480928, 389535, 130551, 281242, 119552, 271597, 304781, 476491, 137668, 320770, 301516, 44053, 88322, 132036, 206873, 330534, 16664, 120924, 68708, 128738, 35312, 351343, 344538, 13956, 187882, 99727, 27512, 231862, 250519, 188306, 455397, 467756, 259674, 468241, 424433, 228223, 53744, 469155, 95344, 318464, 204774, 65698, 81585, 319818, 143787, 380169, 472414, 9305, 363853, 304624, 12691, 369754, 67854, 226585, 382285, 187820, 81792, 140753, 337624, 149764, 174815, 431229, 133202, 248211, 129526, 458955, 89428, 333007, 289810, 92581, 327387, 469804, 297084, 232217, 71235, 297024, 5392, 108265, 222859, 9091, 2340, 495896, 108485, 461691, 451914, 443763, 227672, 426518, 418168, 472606, 390040, 29866, 482235, 309187, 223572, 269347, 422265, 279870, 302688, 285208, 474032, 172229, 435564, 266423, 250443, 163868, 31766, 171854, 330717, 466681, 177679, 140490, 341832, 456975, 323585, 309678, 33615, 94174, 353233, 289638, 310721, 471692, 414567, 146537, 269483, 446758, 237327, 133365, 42332, 214031, 489838, 53517, 36454, 408578, 397917, 435219, 168618, 410816, 246240, 81439, 21938, 497083, 250598, 233659, 108045, 63179, 111185, 187217, 497014, 316426, 261313, 218379, 312481, 419166, 216911, 405019, 477313, 119323, 393967, 271528, 468338, 420322, 226999, 375021, 198356, 382061, 195463, 331828, 280558, 155002, 104324, 115332, 241496, 58202, 146683, 172945, 168136, 408903, 47235, 326862, 97304, 116810, 187306, 79067, 416297, 403147, 486804, 196855, 348380, 89166, 334962, 385660, 306538, 193375, 91330, 462469, 155513, 452611, 87511, 462492, 240717, 450691, 88914, 446804, 51525, 411781, 127733, 496788, 496325, 483947, 192340, 425885, 160673, 190187, 52100, 392054, 87816, 379135, 12227, 69884, 49754, 323650, 52033, 200396, 107563, 47711, 59184, 280255, 78133, 139825, 143604, 218626, 185141, 182617, 381449, 35672, 456878, 266522, 467269, 46140, 192154, 273282, 457944, 93053, 421819, 318479, 97821, 218889, 11536, 187550, 236155, 147339, 440759, 428554, 29417, 40245, 25499, 228584, 202618, 448566, 28229, 270040, 85472, 59186, 222338, 223303, 217430, 158268, 240054, 443605, 289258, 249122, 441857, 78638, 358604, 77972, 235348, 45807, 176556, 340738, 128350, 131557, 249153, 158515, 362663, 191648, 404594, 324287, 96018, 177707, 438650, 281730, 128037, 433927, 386170, 486893, 114189, 471495, 460098, 324701, 48777, 254734, 343996, 293150, 320819, 303958, 320055, 164331, 453461, 456378, 370623, 241522, 289430, 457984, 64913, 408819, 472704, 151377, 284214, 204807, 288795, 107539, 490553, 460694, 59644, 260527, 282687, 429029, 51828, 987, 28113, 427913, 319707, 341976, 314964, 167264, 112982, 223757, 13489, 155813, 427089, 279234, 235655, 348326, 62687, 353326, 167842, 409537, 436504, 163793, 483076, 258520, 110143, 369674, 310809, 82975, 448681, 84646, 145560, 74641, 29996, 56172, 489029, 37310, 282549, 164553, 56558, 198369, 75836, 471817, 288469, 4753, 28286, 4028, 495354, 28891, 448195, 458706, 247046, 14294, 449786, 477339, 456230, 37545, 230940, 468309, 340832, 70700, 448774, 204381, 44377, 253437, 493539, 218786, 24063, 246995, 196164, 458566, 75636, 178203, 371588, 305332, 147019, 97026, 164245, 67759, 380407, 461685, 220528, 312537, 142193, 428392, 175332, 61736, 359612, 430510, 219819, 49200, 18766, 242034, 392236, 184613, 298479, 69747, 492008, 497441, 482755, 143854, 244974, 122232, 305935, 274602, 248643, 369809, 339217, 388729, 370298, 437129, 220946, 396538, 68920, 270464, 90283, 118731, 432828, 396138, 75945, 33973, 200797, 228692, 462022, 350691, 117304, 86046, 179164, 205813, 366386, 240378, 371445, 133617, 349675, 460286, 303156, 126899, 393824, 482121, 181427, 291753, 276202, 229181, 219095, 219706, 364709, 151245, 287431, 474974, 405092, 126088, 320629, 349125, 74959, 429540, 497500, 208159, 94943, 138590, 353857, 237770, 1410, 357092, 267622, 498302, 360667, 301582, 456696, 77688, 264122, 157363, 24157, 17050, 5875, 161696, 479816, 377501, 149062, 321189, 389850, 194759, 382588, 164757, 419213, 384378, 142252, 101892, 264343, 401841, 496206, 295077, 366909, 341407, 55205, 351856, 467169, 435922, 223296, 262841, 214793, 389853, 85202, 325219, 231718, 400710, 48242, 317732, 185218, 196632, 313883, 148976, 371059, 52412, 112933, 72843, 316895, 467474, 275269, 369660, 230992, 435979, 287814, 347909, 150795, 256801, 361598, 68377, 438038, 484990, 134390, 455138, 97473, 240238, 308233, 430878, 19582, 428121, 143564, 464984, 68414, 211172, 333411, 92860, 106283, 4671, 371632, 13371, 128683, 295868, 439102, 464748, 387828, 318882, 339288, 433471, 357258, 90205, 248650, 399119, 377642, 23795, 116768, 493662, 99278, 116920, 323688, 486588, 97303, 249902, 314215, 369519, 277922, 292931, 423501, 17976, 457732, 29282, 102959, 41282, 66118, 406221, 212013, 423293, 363622, 202928, 458721, 209212, 485205, 237601, 485611, 280006, 496733, 476211, 285292, 264599, 12865, 453686, 268471, 1445, 221133, 415675, 271503, 239384, 123630, 44767, 393253, 45955, 420684, 343456, 107901, 213807, 273278, 384106, 198668, 446230, 67817, 80768, 127825, 394560, 38612, 400039, 487214, 482448, 402712, 184883, 250665, 186713, 209981, 109096, 321990, 248191, 262033, 292752, 155946, 445322, 496130, 205780, 341335, 412174, 151669, 48101, 368659, 129800, 288052, 317450, 68498, 277805, 35879, 300749, 241587, 297247, 230168, 252648, 474913, 394344, 415500, 135863, 60088, 425247, 123954, 485635, 84730, 109853, 329708, 386581, 379497, 61113, 457460, 367158, 119395, 169662, 219676, 7633, 234823, 220167, 316813, 168188, 46998, 101438, 347970, 87137, 307432, 190683, 216221, 128709, 298271, 21927, 370097, 208148, 463048, 267496, 135301, 365599, 367370, 443154, 420146, 367945, 363413, 43569, 50863, 278470, 151943, 328517, 474513, 21373, 432603, 327310, 383879, 254389, 153373, 259994, 124934, 411161, 81160, 182102, 242907, 487612, 284538, 157751, 31508, 432176, 191590, 180175, 370324, 362275, 8357, 447038, 295446, 283856, 244516, 194543, 88160, 315557, 310659, 111984, 361422, 134709, 338748, 101295, 359451, 281201, 481773, 10996, 439332, 469660, 356499, 495834, 21719, 366227, 302759, 4164, 2082, 352685, 170056, 42285, 284323, 461513, 286609, 318962, 177935, 84881, 194824, 134886, 210821, 481624, 217050, 493287, 430350, 414264, 189274, 81304, 271905, 462326, 258036, 477833, 127023, 239144, 356130, 233773, 315811, 194984, 490170, 369346, 359008, 41340, 254398, 286898, 458439, 338280, 110366, 356972, 94744, 292922, 189306, 471597, 63239, 315935, 304868, 97241, 352891, 452721, 10695, 185135, 228989, 345151, 430836, 30720, 242684, 108582, 417175, 257951, 421504, 342690, 315664, 266826, 422667, 207024, 425936, 58469, 95792, 235640, 422414, 283368, 360216, 434343, 163159, 411801, 133222, 136540, 316406, 131628, 39484, 251795, 440013, 380943, 251878, 234453, 17487, 135928, 386474, 248423, 163065, 66679, 363484, 425384, 225143, 251859, 343190, 135241, 292715, 458186, 196117, 367551, 378513, 156552, 130498, 485428, 150275, 426235, 253226, 419007, 93432, 141999, 323974, 480969, 65183, 443685, 426540, 149504, 21311, 30007, 238582, 7774, 83595, 379854, 90028, 480120, 420989, 256695, 277338, 137106, 494894, 413747, 381471, 44457, 345238, 108586, 474379, 403287, 445100, 452231, 205259, 357427, 37134, 264933, 254476, 431553, 115761, 151420, 391853, 74332, 79509, 451357, 472669, 309842, 370597, 278092, 36578, 263779, 146874, 420480, 113485, 85203, 355307, 124863, 24499, 295710, 293148, 368966, 50033, 446454, 342213, 453760, 227777, 334014, 477346, 149703, 157751, 374021, 302904, 256986, 163670, 11469, 152852, 150718, 459224, 107569, 32186, 317669, 363377, 96537, 27327, 384978, 358531, 8281, 429911, 24694, 442338, 306574, 19901, 488109, 139545, 314652, 223727, 70351, 272253, 226839, 264210, 488351, 317183, 62762, 132894, 424716, 360393, 302137, 199456, 268587, 97321, 406940, 72842, 190650, 246877, 210496, 461460, 344426, 106115, 8040, 217868, 108605, 465991, 66017, 383572, 80895, 136956, 116907, 203152, 10866, 374140, 485620, 386858, 162211, 38810, 171463, 167208, 51645, 311937, 307997, 365264, 108456, 92365, 71338, 473597, 214132, 279509, 4531, 94657, 69185, 353006, 186222, 316892, 208598, 496182, 320102, 31629, 461367, 295117, 445863, 297287, 238423, 432243, 171095, 3488, 249271, 199790, 117661, 131722, 408474, 126135, 201456, 246991, 311825, 401604, 178609, 92567, 459601, 388416, 56420, 41371, 129531, 170215, 346031, 109519, 8010, 427026, 55629, 325119, 204281, 23757, 483611, 210294, 488361, 301491, 292946, 4480, 201885, 429761, 19438, 160650, 97492, 133476, 283870, 344822, 225271, 324765, 234363, 227419, 319554, 48742, 46542, 374640, 201216, 7053, 390636, 466303, 123295, 453438, 234398, 402742, 211448, 17998, 396623, 462289, 50506, 416005, 3808, 333698, 388063, 397059, 173101, 77586, 85160, 139805, 473534, 364915, 234305, 107766, 415115, 177105, 364062, 100365, 298142, 62851, 58399, 27306, 466881, 358396, 418490, 416832, 143771, 227919, 252196, 45385, 270726, 350687, 250075, 145808, 296046, 16084, 460853, 355516, 11097, 495941, 194913, 456307, 263931, 120508, 156024, 294653, 178914, 210432, 210835, 345615, 201603, 383558, 164081, 65189, 145735, 404570, 477369, 242487, 409432, 284725, 174151, 218737, 118720, 135380, 305830, 256598, 31429, 289384, 368335, 84616, 136671, 320380, 276235, 427754, 364707, 123826, 131141, 86555, 277606, 256386, 347531, 467518, 444699, 234255, 270985, 53688, 281230, 480477, 352477, 285150, 398835, 87541, 390633, 433677, 5883, 255571, 206748, 301530, 180378, 112795, 249144, 253541, 255765, 375787, 410508, 54110, 373184, 9235, 62466, 24758, 211363, 416849, 181411, 230834, 344644, 285300, 231263, 427393, 321929, 191174, 31913, 258079, 296811, 46384, 320921, 335600, 409338, 263820, 430471, 152342, 111234, 496900, 131684, 333499, 221616, 437348, 303669, 458855, 76113, 198451, 77925, 430940, 426192, 436700, 422371, 305787, 135856, 378183, 279052, 273677, 131069, 223749, 480576, 210268, 142638, 3506, 331024, 196122, 459007, 16988, 123019, 443510, 282568, 389549, 340719, 131353, 456216, 126987, 296539, 89518, 144656, 432988, 274386, 468958, 333137, 469847, 10716, 202025, 392683, 324350, 147370, 268897, 233403, 478824, 124997, 369692, 236206, 174502, 246613, 241114, 468492, 289207, 51980, 442737, 436790, 499219, 239269, 495237, 433084, 190929, 153911, 478725, 203729, 165989, 185051, 440947, 176496, 302732, 427138, 235072, 357812, 153209, 213937, 152732, 150557, 164969, 267556, 402731, 480184, 345790, 217318, 66446, 223072, 30982, 364295, 485344, 465927, 340504, 411069, 118179, 29315, 324307, 325029, 11502, 346012, 333237, 332151, 107421, 255338, 406430, 240192, 333956, 435046, 377852, 454783, 199219, 191901, 305768, 263097, 389773, 56784, 398572, 197529, 98196, 116712, 212528, 498566, 402357, 394142, 401858, 373775, 177413, 473591, 357409, 285289, 244990, 174324, 437574, 199726, 63877, 351275, 214071, 39231, 94929, 17522, 74898, 187479, 321126, 284297, 441285, 253893, 388139, 446766, 474690, 153933, 452992, 280674, 170037, 196505, 102287, 321851, 388537, 467008, 27356, 418432, 36470, 311118, 5945, 205186, 393476, 128092, 498082, 395346, 382426, 389926, 8141, 479703, 276282, 440451, 275402, 49244, 179474, 209200, 105314, 92771, 27167, 237304, 213755, 152828, 492581, 461364, 344536, 343301, 425063, 209716, 369611, 261490, 42696, 208936, 452061, 7033, 61221, 45931, 270784, 36960, 292369, 53931, 388534, 113814, 94527, 120015, 294788, 365580, 128183, 119581, 277683, 160499, 463148, 94151, 493882, 326345, 60036, 115728, 467728, 359577, 349548, 58711, 5809, 247037, 407620, 350229, 461529, 239355, 185977, 102940, 242306, 463614, 109884, 67619, 364083, 23871, 112892, 385596, 453760, 149068, 409811, 184437, 72423, 157682, 305275, 10533, 294994, 74599, 339877, 353954, 104018, 401818, 46106, 468710, 248540, 30432, 341865, 439931, 40995, 50467, 357229, 135459, 72285, 156848, 351363, 115987, 363872, 418561, 382825, 87595, 59728, 469234, 357551, 138089, 363009, 188985, 304558, 182701, 394202, 388828, 163023, 220723, 85356, 327089, 193074, 453430, 68215, 442757, 186653, 15526, 28516, 378185, 482047, 334129, 265530, 240447, 246796, 336566, 484707, 383701, 393985, 226939, 384577, 299154, 321960, 420591, 188311, 458074, 41310, 402599, 297987, 308889, 360452, 177022, 478060, 371617, 398394, 170397, 215990, 298815, 281936, 497805, 356990, 221435, 297101, 256690, 269894, 369925, 155419, 76242, 168271, 260846, 261502, 15692, 75415, 382533, 331601, 211494, 323708, 199145, 118919, 476670, 186325, 174268, 223752, 191009, 443658, 437057, 421294, 272386, 113623, 174745, 158365, 330712, 389528, 89392, 497786, 27905, 226769, 268200, 266114, 353707, 281308, 259913, 57577, 312969, 113905, 286850, 90193, 80291, 220349, 271353, 251336, 195573, 322953, 33694, 142030, 477302, 370310, 21916, 398489, 68695, 493421, 222520, 21192, 36926, 171083, 95693, 302032, 430370, 407016, 487253, 25797, 33521, 141224, 379170, 82548, 440439, 371795, 400220, 671, 303244, 123322, 310390, 123383, 257514, 223402, 173615, 104921, 39077, 371199, 13626, 398564, 298834, 30208, 354977, 109159, 346287, 269010, 97345, 445950, 64621, 279315, 9711, 177543, 268677, 250728, 316097, 71500, 124647, 234965, 54939, 458252, 212710, 36594, 250221, 212735, 44942, 173420, 486558, 417382, 182499, 189515, 396969, 406461, 226900, 257382, 116211, 348469, 397793, 387405, 437661, 436387, 362065, 363936, 237309, 184270, 173378, 138903, 411838, 449217, 473824, 441335, 77411, 114259, 476213, 19318, 477614, 73666, 53498, 333469, 224643, 221847, 254083, 285633, 383838, 83759, 229635, 404780, 403968, 104280, 396561, 64367, 303646, 273555, 314377, 31686, 296930, 431182, 84315, 118378, 413187, 452699, 403644, 145870, 408613, 438612, 488894, 283052, 464147, 80966, 47770, 93718, 401198, 371931, 420758, 214145, 361635, 51510, 111819, 158895, 283309, 278447, 428716, 495992, 221222, 82457, 221933, 37795, 206849, 66494, 163383, 456526, 484201, 423074, 48966, 237015, 371740, 244643, 381006, 459750, 282099, 293703, 400433, 74060, 487443, 261015, 392807, 74473, 51453, 375448, 412471, 492439, 412080, 89962, 461381, 51627, 489084, 376948, 347627, 483180, 321396, 60360, 91021, 281116, 410804, 426568, 105763, 29951, 81805, 308716, 485463, 83168, 255192, 360216, 4675, 492127, 322251, 302418, 440982, 23592, 376121, 380977, 95034, 296626, 477836, 51948, 160911, 350750, 328760, 78087, 144828, 41664, 228148, 343452, 65010, 19936, 415866, 244523, 42430, 284352, 44943, 384664, 248110, 405459, 117499, 373816, 158875, 242152, 242204, 392977, 12789, 295326, 87023, 309176, 13257, 192364, 357151, 20667, 329177, 316978, 21199, 495745, 233918, 386331, 361005, 30900, 478090, 20989, 171245, 108056, 7412, 340783, 11895, 370227, 294262, 147147, 169856, 392626, 122728, 248341, 79987, 477469, 463423, 3368, 202277, 403467, 113189, 471646, 186618, 11652, 166439, 99020, 406510, 258410, 149895, 17892, 26586, 221502, 340206, 263646, 327511, 496128, 224515, 55448, 146982, 323707, 474441, 293154, 253433, 178810, 357898, 304908, 172549, 86704, 450720, 130348, 301384, 277720, 86547, 493447, 319401, 445086, 25112, 444716, 224872, 6988, 432588, 8709, 299388, 432063, 105174, 419613, 340587, 111642, 236073, 483982, 263533, 417157, 253292, 179495, 376937, 436736, 273246, 83994, 416916, 416790, 125677, 25133, 359264, 184086, 285001, 427130, 242512, 459345, 226417, 329602, 231892, 159742, 467091, 316842, 345611, 160734, 121974, 246410, 357573, 70229, 384040, 189061, 275423, 152393, 169542, 184424, 234555, 377270, 102083, 267538, 321071, 5419, 385288, 98869, 227520, 9055, 372625, 122948, 350340, 250285, 382840, 23648, 68046, 381990, 188111, 114095, 460304, 305913, 52651, 303994, 382362, 211933, 312679, 81130, 48963, 251395, 462851, 5899, 257081, 244690, 254566, 315412, 302408, 494729, 290696, 106663, 27417, 298310, 166804, 72484, 155134, 389383, 110640, 386145, 282193, 396239, 117550, 277115, 369246, 250364, 415527, 104591, 127411, 32735, 228945, 94199, 480268, 476002, 225638, 351131, 225965, 330130, 151128, 268704, 120648, 457937, 57696, 491710, 362785, 246178, 271831, 227974, 288659, 182207, 339879, 470402, 455324, 211113, 336112, 266792, 475283, 209979, 163412, 271915, 56829, 439273, 358994, 403750, 181709, 219957, 204868, 358301, 174633, 243275, 356288, 291489, 134530, 288933, 380749, 155598, 348618, 376305, 60643, 95559, 168814, 432899, 9079, 59151, 265490, 225060, 211612, 246783, 483536, 232007, 272335, 338190, 239225, 177828, 99330, 101011, 144428, 111925, 430871, 55650, 30684, 10027, 274473, 355064, 453028, 21309, 426100, 212992, 444217, 141511, 220825, 402580, 451111, 331255, 128653, 123507, 280165, 448525, 7834, 165277, 388266, 496240, 497889, 37199, 217012, 313842, 494811, 127068, 130753, 68618, 305245, 304364, 109259, 113646, 386758, 87069, 490822, 377337, 164337, 113397, 432175, 235508, 206055, 33493, 402364, 309933, 191774, 254304, 49143, 12864, 168192, 177751, 138113, 56870, 108781, 412440, 473641, 227434, 278173, 337382, 318859, 33451, 128006, 408428, 361453, 38608, 461250, 367768, 153571, 428350, 141851, 230992, 197542, 462203, 227261, 26871, 383722, 224898, 37354, 125257, 148298, 79301, 155302, 419058, 290237, 33695, 357467, 280493, 47608, 384464, 196343, 286995, 367189, 223192, 416161, 378689, 176177, 236041, 268643, 458446, 237610, 492027, 80651, 261583, 229442, 355572, 141692, 282627, 453897, 329009, 127679, 348231, 494445, 373163, 302053, 19723, 20486, 305699, 111454, 87795, 321552, 190504, 54673, 317950, 466116, 88850, 380241, 474879, 46380, 465343, 310631, 328281, 241796, 137308, 459757, 328568, 241228, 125084, 117806, 435192, 118926, 175391, 210670, 331364, 44825, 180876, 227169, 126990, 470863, 29520, 462349, 184325, 240267, 429055, 169348, 120311, 266846, 253456, 221791, 375644, 231769, 443606, 17368, 347229, 164135, 420670, 205011, 491880, 211600, 363090, 143468, 170606, 95562, 8145, 392174, 499579, 211254, 226486, 269611, 99451, 133967, 281211, 249717, 51860, 251327, 139834, 383710, 20945, 222167, 426935, 160881, 254145, 438250, 114500, 10122, 424551, 11668, 185825, 423914, 210576, 195574, 383082, 339846, 118823, 51836, 140234, 191988, 297349, 276029, 353949, 104751, 80550, 211842, 244943, 362906, 194609, 268456, 6872, 136444, 12758, 250727, 449552, 368647, 75682, 358196, 409158, 426777, 392967, 176678, 206440, 379991, 80694, 207763, 422790, 282043, 10666, 106550, 446927, 488475, 353916, 210185, 390707, 303389, 381885, 474761, 255327, 229036, 189058, 482964, 435122, 176227, 225046, 433950, 380064, 313312, 160674, 363995, 167276, 24439, 300093, 386322, 388684, 461524, 486316, 55461, 233612, 54034, 233001, 256875, 249807, 370393, 471856, 231137, 409009, 19287, 436678, 37710, 217219, 19273, 480890, 166781, 191490, 17411, 141592, 57459, 182054, 304253, 365318, 484088, 61208, 476509, 264495, 381946, 42436, 434313, 354350, 366704, 286534, 473534, 307009, 319403, 473518, 474991, 241730, 470589, 390300, 117073, 485229, 190135, 470965, 297676, 480729, 211989, 17286, 343866, 24944, 312694, 136160, 452728, 343710, 34248, 240867, 457350, 295851, 47033, 170615, 328557, 88180, 450586, 177524, 404947, 37028, 409275, 6097, 458599, 282700, 212737, 219805, 106183, 432682, 59384, 410936, 115570, 370298, 284707, 134160, 59905, 434132, 72767, 261627, 429380, 201832, 461906, 175513, 7009, 473783, 273051, 140668, 486231, 297864, 399187, 423508, 272633, 251328, 424556, 288371, 254826, 401710, 240162, 95788, 92498, 222758, 471938, 490903, 320948, 266884, 305280, 14208, 418721, 24669, 458171, 165218, 163355, 469051, 160442, 259860, 289499, 209624, 429543, 144104, 269222, 420781, 86885, 125144, 2568, 267385, 208140, 215337, 181260, 212289, 73411, 102321, 152230, 392846, 439419, 287615, 123881, 180484, 12538, 340139, 342769, 119109, 284195, 432980, 60086, 281493, 160807, 147355, 185561, 314709, 470260, 128864, 205549, 184598, 58106, 60012, 403765, 493412, 81761, 176738, 181973, 2665, 263912, 157225, 117082, 351004, 349617, 22073, 354539, 410760, 352319, 302746, 330876, 254828, 182827, 263837, 376781, 495583, 323705, 393886, 9897, 23008, 438298, 153301, 488211, 370160, 248276, 377655, 197017, 224699, 274162, 478667, 260653, 495007, 222014, 438017, 396594, 209532, 393532, 194725, 387964, 249946, 388396, 67818, 212979, 452463, 163537, 455881, 151097, 429931, 300249, 405344, 407596, 387190, 56943, 327396, 409308, 497528, 162142, 110942, 429440, 464564, 20685, 90646, 97842, 371864, 172911, 176549, 71688, 70461, 161328, 150216, 283866, 55453, 393195, 184553, 332854, 330773, 218270, 41496, 205427, 242784, 373245, 221454, 339088, 449696, 27574, 66333, 467409, 60405, 347867, 334227, 89067, 492493, 446769, 334624, 395970, 98337, 374135, 128990, 426510, 116628, 12730, 482298, 334807, 101373, 134126, 384120, 431032, 308858, 427924, 25167, 123627, 325037, 206004, 213945, 227456, 134156, 250850, 341808, 155485, 75274, 476144, 480002, 321034, 449926, 96794, 284205, 342530, 464999, 56041, 443963, 401254, 190629, 376274, 108000, 36920, 302835, 243855, 129106, 89526, 28221, 380466, 278022, 480045, 314129, 430440, 225782, 382421, 171520, 462350, 461543, 497006, 219504, 373855, 3158, 141124, 449065, 334451, 350114, 94617, 42680, 14344, 238089, 134332, 51923, 108188, 122028, 159025, 44205, 138259, 202415, 187668, 361632, 428247, 142390, 102582, 250238, 62752, 49828, 874, 70639, 479876, 176586, 298751, 395130, 425325, 173966, 238269, 100597, 385925, 339498, 409095, 199673, 390554, 245947, 52405, 81498, 101335, 426344, 209457, 474726, 234165, 56272, 132096, 58643, 259908, 388587, 138753, 334237, 127380, 26149, 343240, 208577, 407122, 315862, 90385, 458271, 386243, 478238, 307655, 257671, 411809, 18847, 143967, 23020, 54582, 386563, 284089, 474911, 196943, 423528, 454808, 27067, 86211, 49056, 158289, 460790, 210807, 314839, 218818, 384861, 64121, 252075, 361871, 122172, 159757, 364882, 30095, 396569, 330279, 400714, 343461, 70857, 454162, 485200, 249013, 208880, 239424, 147669, 60371, 46195, 33971, 458288, 174943, 102706, 76890, 365975, 186749, 144363, 435084, 447605, 11431, 1630, 266042, 193369, 352725, 108745, 9391, 120562, 307130, 3536, 378495, 364097, 178212, 491033, 369687, 47921, 141516, 105463, 54874, 50187, 159381, 487442, 176659, 411551, 470211, 242928, 56958, 31693, 455077, 13753, 2288, 470415, 430431, 399644, 376904, 447839, 216322, 153116, 443133, 262230, 415809, 170441, 270500, 23803, 292710, 492077, 236728, 385055, 97124, 2800, 217572, 66693, 47457, 437000, 69287, 95915, 187308, 206130, 208519, 338272, 357679, 110616, 171380, 32792, 490457, 335365, 352395, 261364, 63932, 448560, 57968, 275617, 447522, 426497, 226539, 389759, 129314, 141089, 13647, 13685, 307582, 212196, 242585, 88636, 11089, 385300, 219191, 400107, 285551, 260036, 2434, 89794, 43215, 60923, 142219, 203358, 412654, 320711, 219089, 335429, 234208, 327338, 245074, 314775, 51664, 481684, 461296, 233968, 316643, 264379, 40199, 478927, 411949, 253109, 129090, 31041, 334449, 22429, 144406, 447608, 473624, 467020, 360746, 26275, 341072, 477408, 111411, 72971, 278777, 196128, 494531, 446399, 287095, 44132, 209274, 414911, 116239, 375911, 488193, 393860, 495320, 439472, 148226, 368411, 396462, 369570, 413783, 258153, 207312, 344541, 321068, 179917, 407462, 234843, 97656, 46764, 316021, 204404, 196600, 81731, 105292, 405062, 458798, 301607, 301723, 221222, 201979, 369596, 29598, 263536, 12840, 421573, 74400, 299536, 478120, 365951, 357371, 490615, 75380, 64810, 261298, 455173, 440995, 404516, 219111, 497872, 228871, 372247, 145607, 198783, 478505, 154165, 282068, 45442, 239989, 28437, 20970, 62735, 388816, 89882, 138572, 216609, 365015, 349160, 411420, 325450, 202446, 7590, 396418, 408256, 113819, 484222, 67165, 75060, 243362, 304694, 400214, 63140, 335426, 285623, 5486, 66865, 20457, 151707, 256617, 145319, 268442, 465953, 187395, 352013, 424912, 133636, 10171, 109099, 476752, 458205, 183949, 91178, 440575, 146360, 449737, 14643, 298455, 398526, 56193, 284821, 458729, 319657, 253017, 324378, 462534, 308136, 291163, 20681, 314795, 350698, 121402, 208840, 151609, 265353, 122918, 26118, 405149, 169960, 238646, 27843, 228717, 167368, 159664, 233560, 378713, 42371, 381692, 363918, 109099, 214549, 173259, 24703, 97738, 281685, 268691, 306922, 280606, 374271, 338704, 47426, 353647, 386356, 207394, 383217, 304372, 105875, 485821, 64969, 497109, 20833, 176338, 40157, 392161, 422081, 497033, 147237, 303884, 497000, 243300, 445321, 310413, 291056, 297822, 24194, 292626, 239644, 154105, 185787, 109474, 353045, 2914, 383004, 252110, 375403, 448206, 417696, 214615, 328524, 284852, 273034, 351089, 353676, 94468, 147918, 407139, 288298, 258287, 165013, 22430, 290565, 307045, 276787, 243120, 324035, 250608, 417135, 27511, 175629, 152259, 460657, 185701, 291112, 292580, 121665, 245098, 210979, 301280, 369614, 268654, 410622, 239887, 450530, 282222, 407625, 499661, 492068, 13333, 213981, 160629, 270291, 493137, 281200, 120322, 130951, 467477, 131851, 215069, 358308, 156035, 477602, 5941, 370434, 181953, 253798, 292914, 473763, 90615, 35975, 360923, 467722, 482162, 341039, 147494, 35445, 77864, 278774, 371267, 166223, 452875, 315922, 218327, 64081, 214182, 441950, 281458, 375318, 310636, 231096, 351797, 36081, 186412, 147645, 76247, 77825, 109896, 430765, 470797, 166783, 185094, 292811, 486709, 365014, 37949, 337502, 276311, 194477, 95921, 45699, 314919, 177967, 364098, 405132, 11488, 437259, 76933, 301002, 74039, 411491, 172069, 151989, 491273, 277314, 41968, 524, 34716, 297591, 31959, 82411, 29143, 266629, 257170, 317812, 350969, 288329, 443924, 329034, 335809, 426441, 185473, 67092, 317683, 212398, 377405, 2621, 141279, 320816, 381228, 449777, 222234, 425651, 22425, 10036, 380868, 149481, 113600, 361563, 478628, 37276, 160343, 126445, 170617, 140913, 188197, 389949, 128315, 349655, 124739, 314413, 353626, 62060, 362363, 41779, 23872, 363700, 158702, 113784, 101435, 414662, 92481, 14551, 386411, 164125, 278368, 288695, 129108, 399741, 476573, 72997, 457271, 176889, 142191, 249834, 86542, 130627, 155088, 252146, 214583, 11885, 290989, 96211, 288515, 169783, 396516, 186759, 99063, 439460, 314298, 66113, 85072, 410763, 277673, 37514, 17364, 39550, 359119, 276161, 307035, 365634, 464084, 337018, 480932, 98678, 78969, 66395, 5387, 402773, 485826, 211556, 66587, 431010, 268961, 145851, 289985, 169656, 220030, 10765, 10657, 183926, 478782, 118126, 38492, 446570, 349986, 306247, 45840, 117098, 452384, 288590, 45934, 31971, 12393, 389532, 258061, 53666, 487019, 316452, 370495, 367915, 187973, 301486, 400486, 123250, 209529, 198902, 468510, 412810, 365636, 245307, 211172, 270, 317836, 172195, 79424, 56272, 420954, 285308, 347979, 359687, 490543, 31751, 331173, 251932, 204525, 68200, 40630, 98064, 170252, 76463, 235406, 397412, 102930, 263594, 147792, 67096, 56353, 487345, 462022, 70105, 205905, 376443, 211115, 318919, 178596, 125713, 407400, 239580, 246013, 59048, 29403, 249803, 489179, 423200, 161498, 87308, 159145, 261906, 395018, 146094, 305100, 298752, 489437, 243521, 399049, 340840, 189554, 215677, 89330, 175657, 175110, 74585, 331673, 88180, 300652, 372144, 57383, 315706, 200164, 309180, 411495, 16155, 85607, 443822, 317863, 10619, 491169, 305580, 362680, 223904, 341083, 272441, 315347, 361497, 358282, 188227, 108135, 433932, 86221, 78425, 444044, 321195, 297410, 167380, 490963, 211255, 172759, 252671, 282947, 393095, 278215, 203437, 466888, 486172, 423465, 70274, 392048, 259911, 399880, 343566, 57251, 340425, 486713, 412880, 467393, 274763, 467975, 454492, 200156, 9607, 8436, 252653, 291051, 68604, 373597, 76401, 214303, 207974, 215707, 136157, 116973, 21566, 175551, 455994, 339141, 19818, 320455, 276584, 454421, 271147, 84401, 374120, 36901, 315799, 329464, 321715, 410399, 226987, 334658, 366862, 308887, 310058, 229130, 215146, 198957, 191101, 57765, 159844, 250361, 211873, 77538, 10001, 210299, 324338, 126124, 411369, 333495, 201155, 295833, 172817, 320270, 424218, 353588, 310492, 379127, 97057, 207300, 126410, 168752, 159491, 445309, 319143, 290109, 493949, 497685, 11409, 199055, 38284, 463218, 92430, 80475, 164378, 335468, 44689, 16527, 8622, 381025, 130225, 316238, 107241, 342525, 258805, 181652, 311347, 117319, 437667, 301391, 401697, 430434, 211320, 247416, 167032, 325444, 243738, 77308, 366604, 409288, 241098, 60266, 142863, 257378, 244506, 81875, 322286, 116720, 72624, 102904, 204617, 474709, 17184, 373681, 219914, 107319, 278639, 243401, 441459, 29513, 203754, 107037, 174344, 130077, 495531, 223970, 136979, 464327, 450353, 478573, 1377, 340404, 6899, 140893, 391694, 2321, 325155, 486163, 467930, 117748, 84330, 76845, 265657, 17615, 284751, 221207, 232734, 345896, 331472, 398317, 202321, 325485, 324575, 52787, 148564, 197425, 444077, 485030, 169725, 480277, 190944, 399372, 221764, 458573, 270524, 75298, 309019, 311735, 394292, 322826, 80170, 166233, 76964, 229319, 120134, 441939, 30589, 371143, 145065, 348561, 410223, 99903, 127391, 417022, 357454, 56464, 469527, 352890, 404348, 395485, 163398, 352994, 39862, 39184, 302775, 490063, 86010, 319695, 257012, 347013, 309242, 266466, 406267, 897, 356781, 488351, 470762, 4940, 479308, 419476, 62634, 341680, 267257, 328955, 484799, 391143, 352850, 418453, 144434, 497377, 421411, 174370, 144595, 23728, 423281, 443619, 148033, 495488, 377218, 428292, 269575, 85027, 377104, 14740, 205957, 199945, 131925, 477049, 182560, 224148, 124646, 150941, 55353, 436136, 454194, 306301, 47983, 76307, 375883, 183108, 493511, 394834, 218358, 105889, 319350, 257907, 290181, 284169, 370735, 69702, 90552, 409902, 104753, 80995, 23514, 13454, 337072, 145244, 445782, 435236, 492503, 3864, 220947, 201911, 128540, 323461, 218902, 155814, 301637, 429181, 146204, 385377, 126589, 227623, 127345, 282856, 232186, 463806, 462359, 424697, 274679, 490123, 93124, 363559, 148040, 382154, 157176, 260210, 247829, 459253, 447781, 171628, 316544, 347704, 334689, 416448, 278362, 459048, 301651, 387879, 74291, 58754, 360835, 103755, 460172, 231771, 409622, 244600, 160427, 157828, 76106, 401903, 467137, 274761, 72135, 305666, 378250, 86744, 180827, 160685, 126480, 342160, 451067, 499883, 378522, 168640, 260336, 102646, 388619, 97466, 261173, 332728, 242038, 197104, 298037, 143186, 244690, 491898, 51158, 65032, 260012, 56981, 390689, 481188, 89969, 121084, 390242, 450701, 288562, 41465, 7689, 446336, 365060, 38788, 267828, 102979, 290587, 483242, 451549, 458023, 418322, 167168, 443866, 230674, 113233, 189502, 329561, 298161, 395089, 396874, 471676, 432113, 215307, 163794, 174073, 109085, 486666, 203128, 213339, 132904, 185001, 413924, 327132, 204461, 172150, 283190, 145237, 459625, 492382, 276226, 401054, 188948, 381915, 285954, 297138, 435628, 137907, 435674, 443924, 316048, 213469, 451982, 298261, 284274, 447989, 232516, 338500, 25410, 468337, 24531, 460380, 480179, 205768, 472691, 376437, 419769, 311172, 398494, 430815, 473230, 354930, 241799, 311615, 125451, 378183, 394868, 438459, 112118, 242169, 59538, 287436, 154302, 401279, 169364, 110402, 49821, 389059, 387830, 346074, 387008, 239000, 11629, 401022, 192593, 498643, 29722, 207040, 289041, 244732, 479587, 447881, 297097, 468109, 69728, 117379, 277552, 45714, 125221, 32416, 265068, 308077, 237839, 346688, 247711, 290616, 283216, 221603, 51743, 72852, 78091, 374442, 291225, 349491, 5018, 176157, 54376, 265665, 324079, 248708, 315143, 282187, 414759, 377331, 158045, 289680, 135840, 47433, 219111, 145368, 331111, 401688, 244658, 37503, 412564, 211238, 32355, 15527, 497854, 139614, 295220, 375362, 472246, 261368, 323275, 365179, 116618, 202238, 25716, 323145, 144681, 489768, 369120, 383805, 402533, 217251, 357757, 321665, 8063, 490014, 47640, 180197, 58561, 437143, 184784, 128666, 60364, 288277, 458595, 212971, 288917, 123303, 157936, 413854, 201986, 46900, 324889, 482512, 213930, 275316, 192327, 34281, 121939, 474170, 352536, 263536, 474218, 152454, 405109, 422178, 360697, 45703, 307716, 97136, 139892, 203267, 399843, 31273, 328082, 151334, 406591, 408795, 80342, 381425, 213921, 302792, 133319, 391122, 417534, 208597, 203962, 205510, 416934, 148161, 252699, 388428, 66838, 424460, 275697, 120004, 98394, 299251, 261854, 334030, 464898, 202426, 442928, 106491, 259180, 161055, 483739, 134271, 56836, 202698, 246752, 372452, 71078, 248991, 116355, 53142, 104954, 86444, 302439, 268137, 13164, 482746, 496227, 154402, 404891, 455352, 368314, 287973, 388389, 168811, 42216, 215866, 456309, 417236, 128174, 230293, 140465, 242622, 481631, 457741, 299553, 98939, 346935, 189323, 307443, 306440, 45908, 207851, 81884, 155829, 336053, 264198, 171635, 488457, 496277, 355571, 156149, 364314, 193874, 257989, 351454, 217764, 412367, 159810, 53319, 47900, 60783, 117718, 83301, 296718, 123470, 356105, 82778, 106534, 452764, 300697, 419665, 137840, 297030, 100280, 105410, 315495, 305127, 116517, 353976, 187521, 372812, 359260, 266635, 170404, 256694, 287687, 438056, 29561, 200235, 496445, 370725, 317594, 470278, 136730, 446346, 52387, 97864, 1361, 493206, 351525, 135308, 357090, 210597, 190629, 386930, 247625, 449456, 55242, 242140, 235666, 400947, 334800, 68342, 229772, 409235, 136546, 262485, 280107, 409887, 137001, 481465, 293643, 220930, 408363, 124521, 373699, 386474, 337211, 214257, 447454, 422376, 454829, 460609, 139072, 204527, 262709, 109596, 260969, 233973, 254070, 206922, 66848, 376551, 209537, 398697, 29151, 365618, 78217, 287073, 416167, 314350, 140378, 378768, 30680, 278519, 332114, 313559, 112666, 24610, 194690, 78430, 184720, 304141, 443635, 303967, 276929, 192791, 354007, 294031, 477051, 477313, 218492, 387309, 461124, 387901, 149000, 71371, 394556, 95201, 451941, 134325, 69544, 445252, 45972, 155516, 415725, 104404, 177219, 245357, 362143, 61038, 143093, 352343, 435256, 235899, 430290, 155171, 141038, 123871, 217222, 134997, 185700, 334662, 187214, 137193, 400890, 164092, 488595, 249857, 409606, 317160, 179521, 286618, 300168, 374750, 382137, 51067, 297463, 447182, 171140, 101204, 261149, 20532, 221859, 253744, 450538, 492862, 221205, 414591, 124949, 257271, 79726, 294814, 180738, 218586, 453615, 474024, 10632, 49885, 40011, 272152, 334948, 59440, 204560, 369006, 409032, 314827, 13296, 155871, 470590, 230020, 423839, 397596, 272566, 204576, 213894, 387922, 68293, 187475, 296565, 183445, 336321, 232018, 231401, 145427, 96193, 144220, 436480, 467659, 35719, 353113, 171983, 184427, 126163, 407424, 391408, 268416, 404948, 411105, 401897, 84981, 177565, 291288, 13156, 71719, 4317, 456047, 160924, 28333, 367006, 264409, 235837, 324921, 251629, 357095, 186408, 458713, 497670, 271694, 407697, 403318, 28828, 247087, 244386, 468993, 10566, 253848, 481947, 6365, 410088, 459897, 472562, 289096, 359722, 237541, 67244, 304455, 416368, 13456, 192723, 140178, 276298, 291083, 338076, 15310, 202305, 485484, 119865, 424321, 53821, 47797, 66308, 198568, 407753, 207619, 388621, 385390, 343627, 370453, 164339, 345774, 24385, 37122, 385898, 358601, 264612, 363556, 199105, 359782, 339332, 244242, 56042, 266530, 101007, 335072, 465734, 440180, 341453, 112710, 344557, 310998, 62275, 62864, 239380, 179236, 230463, 273447, 92656, 49988, 180422, 73612, 72760, 434101, 66900, 482135, 214850, 408128, 249405, 382146, 372933, 479926, 379319, 457898, 321237, 279778, 298044, 41417, 62828, 65467, 340753, 303969, 373415, 88005, 72843, 179033, 299624, 203015, 272297, 469524, 41587, 43237, 100225, 137456, 489209, 30970, 451436, 174252, 441478, 82739, 402872, 327236, 63421, 311140, 409963, 441644, 327451, 146127, 196983, 81536, 277753, 149892, 370400, 27889, 147246, 378336, 273681, 371136, 197391, 352056, 477950, 315391, 360553, 479492, 367047, 247685, 203369, 427910, 460540, 292737, 143391, 229777, 14263, 237148, 393175, 74068, 162059, 273262, 494592, 464215, 452682, 45060, 195283, 32970, 323443, 296645, 309722, 292908, 26107, 223023, 481015, 111385, 466695, 39829, 187243, 11072, 300527, 318046, 99069, 148217, 460242, 20929, 449461, 229468, 215652, 216478, 14853, 387239, 492477, 473073, 95173, 308478, 380364, 18616, 343463, 233928, 476781, 461765, 283209, 224931, 158305, 2110, 197420, 249573, 382643, 267665, 87588, 58880, 39964, 360573, 190944, 325905, 172356, 485422, 216815, 176936, 412289, 60500, 313657, 414285, 402921, 281134, 481354, 36931, 8356, 2128, 183590, 82261, 284615, 130802, 142968, 12170, 19547, 430839, 156423, 316028, 374392, 404519, 254643, 334521, 177919, 329256, 254403, 321617, 121793, 268819, 220237, 338465, 75646, 2965, 414059, 248336, 467348, 362488, 145291, 177382, 126323, 476939, 139343, 361417, 489428, 344361, 67787, 153819, 80479, 406512, 317295, 197437, 66507, 34856, 22213, 251637, 213414, 143117, 364535, 369952, 200125, 120393, 128928, 296437, 357864, 313294, 223218, 381518, 433407, 473763, 107072, 65579, 448686, 11180, 365041, 377123, 309031, 33507, 293606, 431802, 113049, 194823, 459233, 268867, 236257, 243635, 11239, 267607, 321040, 194226, 228645, 165029, 240479, 75384, 202440, 436836, 346919, 253296, 278567, 33774, 130600, 463797, 98176, 271273, 431338, 158344, 41631, 99264, 105697, 351668, 165122, 400609, 87516, 65387, 102229, 176198, 202732, 320494, 5484, 125697, 251300, 105093, 412133, 304328, 87545, 426445, 182085, 80067, 363077, 312660, 247955, 39793, 163156, 70859, 243585, 132792, 359314, 460504, 21637, 400547, 288864, 259390, 74627, 466029, 1791, 131986, 166352, 223253, 36869, 31128, 479779, 285525, 35834, 308377, 197470, 268553, 247258, 68944, 135966, 62776, 437535, 179070, 480048, 117370, 193540, 235433, 498945, 279663, 229922, 115026, 73219, 394021, 45072, 186719, 307218, 253823, 286987, 191770, 211310, 206858, 27174, 20737, 383589, 466296, 75849, 51756, 496225, 146097, 326399, 99562, 363367, 300398, 453464, 278645, 278819, 53117, 426076, 375112, 344411, 133579, 182163, 442035, 194077, 71906, 350658, 435020, 480897, 318928, 482814, 260762, 316749, 235552, 256610, 323404, 200153, 257199, 244725, 147282, 450126, 463982, 223835, 484434, 387587, 487862, 322303, 44006, 386758, 461528, 349793, 66214, 420025, 457380, 170573, 499045, 139359, 49831, 466500, 498419, 195245, 365949, 292128, 235702, 218352, 387460, 392426, 74966, 426271, 25091, 90880, 391383, 260217, 296140, 41280, 374874, 246125, 415433, 278369, 49202, 291813, 66862, 333609, 266603, 72536, 130017, 240442, 155855, 486168, 190067, 123458, 132899, 436488, 111816, 486604, 207361, 60336, 326752, 479285, 250904, 358772, 433736, 187067, 475070, 335593, 175843, 87643, 118933, 188353, 40801, 43211, 226426, 387479, 473416, 186338, 112770, 100879, 473499, 354311, 251359, 238997, 272903, 392150, 108168, 468885, 132340, 22574, 203551, 393489, 177937, 409341, 136555, 163770, 398530, 132086, 19122, 15436, 476584, 223065, 176556, 346666, 126585, 373431, 171906, 229732, 346159, 160310, 398220, 68936, 277852, 46158, 267364, 237517, 211216, 268875, 224176, 275591, 325284, 112784, 404520, 455951, 427328, 17779, 400155, 292409, 476732, 265285, 77774, 408416, 158431, 187804, 463724, 236306, 477802, 169891, 73008, 40844, 120461, 212425, 26912, 497332, 5416, 312011, 158387, 80619, 189541, 18507, 74617, 252967, 2797, 178452, 126205, 412659, 216875, 22787, 170548, 124318, 448540, 5590, 249776, 479986, 379855, 113614, 454321, 458568, 160013, 430479, 365832, 403513, 338720, 396274, 388642, 379589, 48005, 431740, 473496, 463717, 428504, 71217, 476251, 258594, 461120, 284677, 312491, 390229, 474933, 229967, 39080, 81829, 81459, 270704, 247210, 110888, 227152, 163948, 261034, 214773, 378590, 494762, 450627, 297922, 363656, 140158, 317872, 230268, 420342, 101170, 121976, 278217, 329860, 237934, 308339, 487985, 22729, 381811, 246427, 314617, 227781, 141348, 156698, 19803, 175443, 494985, 416971, 293002, 340149, 345300, 135840, 356337, 480129, 475497, 490576, 198817, 125909, 341227, 120871, 411456, 313272, 86781, 437562, 206498, 351247, 227514, 23433, 152798, 445057, 327745, 363132, 130276, 239823, 393700, 461797, 208742, 364606, 296129, 276020, 440966, 440522, 100097, 97989, 398320, 352013, 75513, 378903, 10963, 178260, 421406, 292925, 35158, 80347, 194107, 159650, 173376, 10860, 31865, 281688, 366071, 185413, 157583, 20970, 107529, 484471, 136182, 273567, 262660, 391343, 390634, 362591, 484341, 3166, 86791, 130983, 293049, 152197, 348134, 81677, 28010, 1964, 435987, 85994, 77086, 133368, 396185, 134358, 465202, 255107, 445570, 278702, 375333, 412594, 311934, 347719, 367866, 40645, 201107, 375293, 15982, 61488, 303419, 13546, 98139, 327625, 405920, 156552, 384459, 492615, 494594, 45591, 374019, 294511, 257432, 376866, 86466, 260468, 4158, 423237, 48022, 370410, 281760, 66769, 68272, 361574, 448540, 186663, 478100, 217826, 435236, 461779, 337812, 55349, 308614, 158798, 96207, 432583, 75681, 416982, 128867, 100559, 100569, 414629, 73649, 392017, 17960, 347795, 84035, 322198, 495752, 220889, 3068, 102537, 230883, 300535, 101062, 480369, 223977, 218127, 390917, 122902, 26738, 125669, 430255, 49597, 236405, 300611, 300727, 237588, 387274, 196920, 288906, 421475, 119306, 227599, 34638, 170188, 208311, 130773, 426482, 204051, 223029, 497282, 276514, 294755, 340663, 257591, 388817, 499860, 33387, 194151, 298654, 110795, 434126, 307348, 270703, 41605, 105631, 14573, 238486, 277950, 179822, 400904, 366548, 230416, 444527, 409617, 471669, 45656, 374149, 59752, 432834, 380499, 266512, 395223, 129123, 256980, 92295, 127854, 281198, 387592, 336520, 62927, 216567, 376352, 398328, 21188, 400914, 75941, 304379, 60883, 31703, 55116, 248642, 184501, 152952, 231096, 431027, 499793, 209758, 335634, 19812, 338727, 379979, 77182, 260340, 444200, 42141, 472001, 277211, 116333, 119939, 382223, 188373, 397221, 243868, 24300, 21956, 9791, 370419, 261504, 95585, 199090, 73951, 352645, 416044, 183380, 268987, 300561, 279987, 498184, 359760, 224331, 269534, 194162, 100067, 344079, 41861, 408975, 400376, 21056, 218784, 96474, 287588, 160280, 467655, 496781, 373931, 309158, 22803, 149592, 41549, 452129, 207918, 318140, 446140, 375466, 468866, 119089, 311516, 406201, 24961, 52238, 32734, 119617, 358218, 421943, 141184, 7778, 154516, 292767, 269533, 34804, 84266, 341184, 239190, 214991, 146347, 200449, 446124, 493712, 451905, 79545, 119427, 312581, 156626, 59518, 281354, 135636, 449661, 164686, 381228, 174452, 183657, 106944, 106521, 252770, 364025, 77925, 29663, 306823, 280879, 94526, 428062, 88934, 331925, 167704, 81423, 308026, 207093, 389646, 123294, 194811, 185792, 128434, 360987, 117258, 18354, 45023, 64633, 220177, 200568, 226665, 243056, 186085, 313084, 239737, 382172, 366555, 270441, 66481, 48345, 62826, 46855, 272491, 408526, 41402, 109353, 337349, 410169, 477002, 296525, 339397, 357831, 57061, 303321, 342387, 326473, 20229, 170897, 462251, 478128, 343686, 431764, 32623, 157387, 433928, 77142, 30882, 143026, 77833, 397180, 220652, 88391, 469293, 452263, 245750, 186322, 161903, 260522, 201567, 250532, 114119, 289804, 118124, 276901, 153609, 179517, 154507, 446567, 81576, 208710, 74557, 227103, 192675, 396498, 90163, 353043, 354314, 478437, 256453, 186492, 174799, 22746, 362934, 254129, 99252, 100764, 117833, 150472, 219293, 127241, 467791, 213491, 54000, 322176, 344310, 85938, 425737, 23338, 294996, 442860, 449777, 22294, 353364, 276458, 454566, 150824, 218221, 145112, 313640, 238687, 166008, 347914, 457566, 60153, 430807, 32012, 431325, 60731, 4700, 319412, 400506, 297613, 102261, 427163, 359665, 360923, 408614, 5345, 17839, 342244, 417711, 357061, 135401, 447009, 742, 296375, 286629, 78094, 86625, 158026, 460494, 111310, 41165, 104710, 466887, 337361, 385589, 160318, 33455, 272747, 190075, 136903, 472085, 13790, 56660, 380761, 324976, 357353, 181407, 288309, 193300, 54317, 137457, 307890, 126228, 23774, 433027, 116098, 95518, 251992, 108197, 30600, 193915, 430422, 497032, 408698, 247851, 480215, 185238, 397788, 271799, 99610, 72664, 14333, 398588, 165783, 394802, 380768, 4298, 163675, 42119, 83219, 377797, 191035, 41176, 460290, 427557, 36508, 493082, 120676, 300277, 289366, 199508, 398777, 460729, 326391, 390559, 386913, 5553, 24859, 125420, 377390, 449918, 428416, 155832, 422554, 13911, 385871, 447010, 62071, 482882, 188776, 184178, 125767, 429076, 348676, 268575, 149431, 13459, 86479, 497643, 496192, 153076, 66686, 15943, 431775, 363749, 19697, 191060, 309723, 112648, 280350, 476209, 275777, 376345, 203816, 262271, 310560, 255231, 220493, 432230, 414506, 239905, 100360, 218839, 467381, 192346, 24763, 192288, 152965, 184348, 287901, 496937, 352991, 489443, 298305, 391084, 244456, 412673, 26178, 410101, 342742, 18308, 141275, 367902, 185853, 405803, 377486, 347585, 301599, 476591, 364919, 263063, 87673, 8856, 239852, 280582, 43486, 396394, 495111, 467424, 418715, 193648, 279489, 143553, 137837, 29412, 68678, 309884, 271864, 353720, 95170, 225881, 68988, 286848, 241578, 110464, 123260, 320368, 422076, 12660, 165401, 302751, 289995, 415203, 376728, 202928, 305004, 318494, 167173, 371334, 75628, 194239, 417834, 421253, 468723, 153982, 464788, 47271, 315636, 456896, 478361, 236219, 231055, 20666, 370026, 134647, 65011, 490034, 392337, 437301, 498711, 344244, 461046, 170498, 102402, 87008, 115837, 343621, 137948, 329119, 327168, 496971, 49140, 441585, 259955, 285855, 324962, 302831, 182508, 440390, 277571, 109477, 267450, 24362, 371167, 69351, 367873, 472311, 70628, 379077, 364836, 499256, 56270, 392912, 393941, 475302, 134340, 236588, 75911, 119746, 330723, 939, 410307, 68407, 149302, 388820, 371046, 260318, 422379, 416343, 148142, 151761, 148400, 488117, 335302, 439819, 449175, 215079, 140047, 382512, 172814, 480431, 359823, 469403, 494594, 291380, 487732, 265698, 66074, 94060, 350956, 148660, 212877, 156169, 450669, 499266, 83594, 494202, 482754, 56642, 26551, 479857, 376312, 146458, 143630, 209254, 424704, 54216, 136119, 205461, 490393, 279935, 455074, 338052, 197771, 478899, 496521, 435399, 240838, 254859, 422841, 324009, 330202, 383426, 5317, 430600, 248643, 10638, 408439, 255288, 266075, 232339, 255558, 1113, 213559, 364235, 75928, 167779, 310303, 326119, 21879, 364876, 352109, 480723, 491172, 275284, 206224, 249943, 260556, 435909, 396783, 108860, 311415, 70381, 304966, 53324, 486021, 124676, 391719, 73543, 419834, 118803, 198748, 212265, 80888, 399962, 164567, 193520, 368645, 166640, 47642, 263625, 399252, 471187, 408558, 356435, 119750, 61320, 206743, 125694, 72901, 127666, 51019, 145710, 176559, 433862, 472834, 443513, 312767, 254976, 49197, 294387, 46605, 46034, 131231, 55742, 27284, 246722, 87471, 78731, 271830, 488320, 385168, 212622, 272487, 137539, 203928, 493007, 374092, 305836, 103917, 286813, 218334, 97500, 468075, 129784, 64833, 297950, 239541, 338558, 136689, 412629, 33844, 12313, 6134, 399206, 447854, 273280, 134375, 22288, 444649, 263190, 373638, 149589, 454275, 38574, 26078, 156974, 148541, 40399, 52880, 460271, 322093, 494040, 436184, 302202, 183209, 414165, 221814, 440947, 354308, 203054, 267933, 89289, 472596, 234110, 152438, 439087, 168745, 202452, 369322, 224264, 6025, 141002, 471063, 409767, 328392, 338177, 485227, 431064, 34554, 103207, 180675, 32564, 404321, 368961, 331057, 56150, 341655, 95891, 126664, 436186, 347821, 195627, 50566, 145589, 136691, 259007, 281869, 452974, 89987, 11397, 275225, 376392, 479039, 57331, 239824, 287125, 222788, 151699, 188883, 402149, 309699, 271464, 470283, 204529, 19036, 344328, 403216, 393127, 45967, 414804, 272550, 42528, 419816, 467598, 134738, 349609, 215246, 446300, 409472, 386860, 366910, 230291, 189690, 364124, 137081, 230206, 166619, 286715, 45802, 463860, 218698, 49973, 195445, 205081, 407907, 425723, 447040, 74195, 21621, 490741, 411738, 101585, 400728, 493300, 471551, 22330, 22728, 469613, 24258, 463911, 231856, 205259, 88344, 66760, 202429, 308623, 362571, 161724, 13526, 461226, 313327, 137603, 169674, 37530, 233769, 253366, 72293, 364866, 307022, 303526, 310388, 439256, 181904, 360815, 256114, 149345, 199888, 325979, 471856, 323754, 378420, 46243, 357463, 431479, 350815, 338731, 165235, 239191, 98302, 254960, 195335, 231347, 51829, 56300, 27863, 139353, 11836, 420077, 118066, 121571, 80558, 494714, 4686, 415897, 225918, 283884, 286182, 281510, 443026, 444615, 254927, 88134, 357440, 453726, 257304, 213146, 319752, 254062, 357890, 280833, 331114, 125767, 303369, 208996, 396540, 170470, 207602, 224824, 293645, 299138, 426848, 400751, 171054, 404921, 125370, 174916, 301188, 495474, 89220, 163184, 276695, 489058, 371243, 229898, 474034, 497046, 293030, 430110, 50668, 481051, 215310, 71296, 377704, 316385, 173966, 417910, 54733, 474646, 431240, 476931, 138748, 71268, 490974, 99876, 141686, 195659, 172161, 418274, 493486, 269375, 296300, 5579, 468089, 335376, 251426, 399132, 423101, 46417, 178812, 270343, 452726, 441076, 312085, 355785, 19988, 188786, 360315, 294378, 244544, 231486, 390670, 389551, 348274, 465051, 220140, 495933, 352096, 92529, 189461, 41230, 34562, 394800, 106918, 299790, 12497, 490796, 463672, 124411, 54059, 311202, 147571, 330992, 157104, 204414, 300564, 314342, 392098, 313390, 312094, 288884, 86675, 156562, 287246, 290968, 420453, 404780, 270776, 394645, 139799, 354697, 252787, 253668, 118968, 414311, 14258, 474782, 290204, 5097, 256631, 137089, 323877, 301244, 430942, 438327, 227421, 237210, 4474, 308209, 147559, 101111, 307247, 457411, 148632, 100676, 37012, 91105, 130077, 50334, 337672, 437810, 22527, 176228, 439874, 487632, 159401, 408708, 463432, 152172, 257323, 223758, 373627, 350450, 138302, 2498, 333506, 300022, 202551, 18183, 453788, 214584, 60885, 230338, 253813, 466172, 11013, 67275, 234908, 167416, 77833, 353518, 8674, 433336, 443754, 209918, 80405, 431941, 60709, 397583, 30648, 91000, 498261, 356496, 445652, 358203, 317578, 339890, 33125, 429433, 7725, 296923, 399236, 266014, 93427, 399545, 231565, 48406, 39075, 10914, 439764, 231940, 263381, 291864, 67537, 163956, 460088, 311983, 1505, 404926, 467669, 246115, 99122, 120567, 321979, 71993, 77546, 71559, 310523, 80896, 272605, 312010, 267444, 218716, 462625, 285725, 194834, 331128, 252024, 381957, 419116, 54780, 469163, 200064, 130582, 413372, 398832, 254520, 225886, 266782, 409223, 114074, 20362, 165968, 421775, 215437, 250544, 213911, 473907, 424323, 63965, 483152, 391639, 247057, 248316, 221808, 267317, 425248, 367676, 404242, 223562, 118677, 403902, 420922, 491296, 433531, 370725, 365178, 166122, 73786, 10190, 89046, 159991, 254571, 22716, 218019, 160715, 12481, 231515, 229594, 288063, 265341, 27482, 362866, 422521, 397987, 378599, 18364, 381197, 386476, 12879, 101820, 192390, 236167, 338879, 383077, 69362, 136890, 376241, 15353, 102718, 167253, 266594, 354732, 431128, 368821, 330691, 476618, 205869, 468996, 379700, 399669, 250444, 236408, 355067, 157518, 415748, 316379, 320867, 454800, 103312, 121492, 104996, 439283, 353383, 282043, 291419, 398728, 300857, 139192, 235005, 162756, 427095, 183798, 92724, 296133, 230708, 190114, 165723, 215245, 115153, 250097, 235454, 403177, 264423, 128781, 49382, 430328, 1532, 169088, 453629, 150932, 423126, 299413, 130360, 38835, 138533, 288224, 458617, 330106, 81394, 292883, 267199, 113270, 321777, 465003, 165409, 428686, 100604, 427025, 64978, 74282, 338968, 134360, 148392, 270990, 2428, 424844, 37432, 9791, 1891, 122271, 410295, 171513, 353917, 486096, 324787, 63783, 478547, 268480, 233363, 364997, 66241, 404814, 159066, 50222, 15770, 426644, 400136, 202800, 29861, 127340, 435721, 389375, 133994, 420913, 234984, 461938, 396418, 103411, 449389, 185499, 189868, 475005, 162386, 425505, 57003, 17432, 254270, 23311, 155387, 364787, 464841, 426174, 305118, 105121, 334915, 404315, 100912, 168907, 420159, 217824, 443277, 67901, 28650, 23711, 488919, 307613, 272585, 235791, 166993, 341359, 312334, 27329, 378814, 462349, 35111, 457528, 362092, 333149, 123289, 88655, 236162, 89160, 159821, 15241, 439793, 134114, 90463, 304664, 63203, 407337, 69198, 458339, 378574, 396348, 29054, 95356, 126679, 215036, 70888, 133856, 459828, 312267, 373402, 411867, 210461, 254636, 121711, 470056, 218227, 445059, 353551, 160407, 264776, 252888, 163240, 460942, 245808, 226143, 381102, 13082, 203579, 92137, 133694, 299254, 314924, 369618, 404739, 120209, 222345, 472361, 342180, 130956, 202732, 173786, 431916, 294652, 483721, 308688, 338620, 391183, 350765, 366389, 100713, 263178, 434344, 462474, 40062, 359861, 206530, 487382, 6019, 38479, 438066, 191921, 496768, 329420, 292075, 376969, 413087, 409106, 75270, 437967, 388953, 325640, 302763, 2618, 27240, 395862, 70810, 27529, 250691, 281536, 62610, 350885, 111253, 392810, 392284, 364127, 254618, 237711, 476755, 304520, 91129, 423984, 163734, 55664, 197224, 231965, 408312, 275493, 340208, 345191, 321289, 273720, 219021, 153908, 226763, 64899, 349890, 61385, 178930, 250616, 46969, 484591, 398548, 259775, 336275, 343148, 407918, 421141, 205600, 108971, 73030, 69680, 190102, 357645, 430032, 120939, 50832, 370523, 177613, 326575, 82362, 483074, 279002, 223600, 6848, 358691, 75372, 89069, 163136, 450715, 286550, 79243, 178500, 3051, 427502, 353622, 3867, 449743, 183010, 183035, 387078, 18722, 48745, 144730, 179737, 116642, 457115, 51781, 58725, 145432, 47856, 149946, 459094, 334250, 59010, 199178, 426216, 344083, 265658, 275391, 2180, 207544, 205587, 338602, 413252, 165800, 220034, 142949, 111203, 490113, 300033, 382219, 414176, 380983, 97528, 18761, 228727, 316545, 276001, 183126, 73866, 334193, 292154, 243494, 103844, 45661, 489688, 141156, 163285, 105976, 402673, 311217, 257888, 8362, 248207, 260996, 487847, 371430, 5521, 160139, 385711, 110046, 311990, 24091, 299555, 399664, 391713, 179070, 267602, 450169, 227855, 298747, 68333, 77266, 338525, 78220, 473227, 378514, 280171, 465448, 426499, 19221, 167229, 107677, 250794, 433630, 101154, 98371, 455187, 355244, 165436, 80689, 495487, 217021, 122896, 26372, 89697, 368314, 122744, 494713, 333299, 439301, 495328, 32322, 86857, 138466, 205023, 153775, 16304, 112866, 341390, 116857, 329622, 123395, 353519, 108018, 450730, 194309, 352457, 460574, 325052, 337575, 102623, 372770, 191800, 421753, 479194, 261542, 216287, 333081, 401509, 49023, 101068, 352345, 468109, 334971, 85420, 165476, 222118, 117087, 389796, 490217, 495418, 158567, 276913, 79627, 149868, 476470, 275171, 375077, 377431, 203621, 402770, 419948, 483528, 477002, 252640, 211007, 254307, 331787, 289901, 61080, 347212, 152416, 349091, 73485, 104703, 46257, 5498, 383612, 292807, 118538, 290672, 241461, 95181, 207320, 24674, 353389, 10705, 258748, 203831, 359416, 440878, 295602, 420021, 234721, 419091, 1260, 413643, 388824, 316305, 209225, 207682, 487530, 103234, 438899, 422875, 132627, 385090, 481041, 318258, 309167, 320421, 221720, 9156, 277649, 474227, 361923, 104996, 106015, 174566, 43908, 105565, 293307, 440633, 322228, 346700, 332389, 400926, 393900, 350846, 429603, 150571, 330682, 132653, 152871, 424593, 486828, 410514, 402536, 409676, 391010, 330611, 269333, 12819, 173655, 108073, 54895, 267232, 189355, 236979, 241669, 197829, 425895, 316898, 416784, 117944, 408197, 337155, 127520, 59779, 312357, 198693, 478760, 491753, 104682, 298990, 248840, 229956, 411995, 308405, 224549, 483190, 188850, 170726, 260507, 9815, 488730, 38427, 415330, 332754, 6829, 48374, 492403, 168281, 163348, 235420, 422147, 469845, 179901, 125576, 118798, 392956, 212287, 117010, 71226, 51384, 60805, 235125, 225457, 380232, 108340, 134154, 421463, 495073, 432936, 354768, 16446, 106568, 479454, 223293, 340157, 146782, 415056, 207088, 59075, 422335, 402867, 194867, 63687, 406766, 255825, 105803, 229893, 376568, 490922, 92484, 373592, 61679, 64162, 18788, 71833, 398357, 397451, 98425, 101009, 455321, 311779, 439477, 435133, 441606, 324551, 274757, 94153, 235851, 347282, 466507, 156320, 481876, 1538, 104783, 221864, 166090, 267451, 208284, 260633, 327898, 205073, 41671, 297425, 213759, 297910, 15511, 78616, 74653, 114517, 314271, 206137, 451819, 425511, 482935, 388756, 452142, 289581, 448538, 161539, 99983, 476210, 264339, 254593, 405655, 237679, 484418, 349720, 134997, 239252, 196916, 412976, 285526, 419202, 186073, 115627, 187556, 291886, 130698, 254202, 206897, 405034, 105823, 284464, 460319, 275086, 7197, 52797, 286565, 94193, 402486, 428686, 257906, 104576, 479312, 74189, 135354, 152127, 330438, 198340, 142943, 181474, 464447, 198246, 212302, 101904, 74506, 195728, 194352, 236648, 37532, 25726, 250131, 410031, 239717, 222633, 60127, 37728, 305752, 11577, 194475, 390948, 216486, 412103, 243670, 338093, 437451, 383670, 29618, 156117, 296620, 212279, 442668, 386237, 168200, 122313, 439158, 148990, 404145, 7126, 344374, 87741, 132291, 488147, 436293, 323176, 416056, 3420, 201451, 465208, 477611, 331294, 156880, 323908, 182344, 150861, 154001, 413674, 342690, 57994, 233669, 185182, 234588, 74805, 471527, 64523, 329972, 285079, 405417, 127055, 209568, 482329, 495219, 270822, 350913, 41116, 438701, 260199, 350694, 210353, 286439, 208271, 237179, 15287, 98831, 176685, 379252, 426373, 183926, 303901, 298173, 278099, 469770, 379291, 303220, 393124, 235833, 479419, 456770, 400447, 227206, 184502, 42635, 377470, 150191, 397054, 474293, 143876, 335504, 357168, 87474, 314251, 314550, 473903, 487627, 208701, 273980, 308091, 240039, 236137, 236988, 322063, 97060, 81863, 468569, 321439, 276730, 111997, 215054, 373673, 192154, 110978, 232752, 229638, 52890, 259440, 340427, 455427, 188211, 19060, 258278, 68112, 234316, 210182, 440116, 361687, 481681, 207623, 415254, 102722, 58247, 437328, 27414, 207782, 108735, 446392, 240291, 441017, 292911, 383418, 46643, 98815, 223829, 55405, 136278, 192086, 411507, 385263, 324458, 314801, 348972, 301673, 359000, 257155, 440217, 5419, 323772, 341508, 341842, 57915, 48276, 377821, 250228, 266310, 428998, 294628, 411923, 52947, 132815, 66503, 413201, 402403, 477558, 495785, 145219, 138298, 49806, 237793, 324568, 457179, 402545, 337058, 327521, 499423, 432906, 49635, 439182, 49876, 477079, 260525, 451031, 219776, 142431, 430182, 144696, 266756, 418689, 202424, 104659, 15045, 216199, 22897, 225045, 152081, 30782, 425520, 461359, 230355, 67970, 428793, 268944, 368588, 376408, 180507, 168040, 64075, 393671, 353956, 196685, 432920, 455703, 370640, 14663, 461577, 73257, 306464, 308183, 377654, 197661, 3535, 498487, 47440, 179383, 452510, 405381, 341161, 174478, 146623, 236228, 498525, 280409, 344061, 86433, 333247, 399421, 376540, 194559, 40588, 473687, 240563, 217461, 167817, 254386, 388805, 254265, 17003, 109633, 219386, 376453, 34899, 398836, 102350, 373038, 225439, 220820, 73994, 317657, 108969, 492526, 349458, 143614, 94897, 132413, 272400, 442679, 35860, 87843, 459186, 44748, 397869, 295712, 306187, 274534, 169316, 52445, 125935, 497217, 17453, 202249, 339795, 34621, 249779, 188119, 155393, 290, 22262, 162814, 331034, 107626, 209669, 322429, 357383, 55409, 268793, 35314, 283210, 138351, 70290, 38095, 427738, 413924, 147264, 305997, 70971, 221751, 158452, 458716, 352353, 287251, 183598, 95415, 282466, 495294, 427706, 151610, 492858, 117277, 167590, 136640, 284761, 464490, 37924, 363849, 255104, 317174, 433174, 413431, 46125, 266424, 141100, 480870, 401363, 38152, 374102, 175631, 106309, 55858, 257662, 365482, 373997, 241368, 79408, 444623, 286660, 266119, 472399, 238635, 491319, 317008, 315224, 87510, 226300, 249465, 81838, 452273, 380819, 329267, 65300, 295676, 60050, 153801, 264193, 82280, 341472, 217336, 476616, 127689, 464523, 458926, 406903, 240973, 17102, 13620, 123026, 747, 420055, 308712, 454642, 456970, 357477, 432277, 201665, 318939, 368166, 247539, 82300, 475520, 428923, 217633, 239945, 146934, 125689, 190128, 40630, 199884, 431174, 173190, 120588, 342501, 155788, 346435, 205845, 201395, 355838, 466561, 32263, 84006, 418877, 188272, 208137, 346369, 282869, 307523, 423560, 250420, 155283, 200825, 401569, 30564, 283678, 430576, 334320, 209463, 379158, 106489, 300650, 235699, 253217, 232933, 312444, 123113, 271234, 54817, 243977, 242148, 468413, 420245, 254351, 437551, 245664, 190602, 418028, 226073, 432704, 104370, 253863, 202989, 479126, 292237, 95847, 343012, 128424, 483701, 480469, 43863, 32673, 59663, 17384, 104655, 43847, 412577, 394216, 45670, 229834, 411992, 77800, 485974, 270142, 59590, 212176, 478183, 211828, 33933, 169807, 386616, 415342, 3094, 370930, 75875, 104138, 25108, 37660, 109337, 452602, 431181, 400520, 352535, 437565, 167886, 465013, 431842, 31133, 397811, 412571, 389027, 77792, 146574, 348377, 118115, 434877, 259658, 306037, 111255, 108192, 107798, 273083, 100292, 337674, 223122, 117999, 280989, 40342, 495075, 46336, 495231, 99285, 15218, 308562, 489077, 428923, 296132, 145076, 489033, 278703, 118149, 314238, 189709, 420910, 316094, 379037, 154549, 237366, 29686, 30568, 370503, 408295, 412053, 215588, 460355, 105863, 18985, 427585, 367127, 479427, 469564, 268106, 281512, 477560, 410232, 393184, 465440, 376437, 104385, 142974, 8744, 194855, 221211, 31063, 170697, 414030, 315080, 120742, 150072, 196401, 261742, 451993, 484542, 278651, 251079, 208218, 42622, 354805, 461417, 430193, 446757, 191386, 175952, 436729, 411741, 58706, 157960, 367831, 157159, 256981, 381451, 101704, 443565, 149269, 220645, 192441, 496174, 100203, 17483, 130079, 93540, 194526, 231809, 340644, 98640, 290650, 207706, 229577, 272301, 443534, 421651, 459844, 25864, 205343, 208292, 482223, 119114, 241435, 311477, 307156, 383410, 223581, 337264, 483673, 431242, 79530, 54517, 44638, 27610, 6036, 285620, 220539, 396128, 169991, 391287, 394547, 139280, 184837, 462710, 131164, 259125, 422039, 381469, 76204, 81885, 91557, 160084, 82285, 62518, 453326, 201015, 345226, 215804, 381728, 109692, 89081, 206595, 244618, 400620, 374604, 153657, 291088, 153261, 190056, 217544, 447448, 110813, 139568, 268804, 203407, 30215, 173790, 102238, 355378, 97181, 233957, 430222, 135539, 121159, 415957, 19233, 155334, 192899, 364486, 359635, 229983, 327814, 320630, 214726, 338000, 5948, 495115, 69628, 104169, 84829, 296441, 61901, 288746, 259799, 246112, 171065, 259225, 443564, 366604, 389756, 192182, 219342, 174673, 448065, 487126, 73971, 2926, 310153, 462491, 113488, 218798, 272818, 55895, 483855, 490742, 361332, 336064, 11066, 380772, 139322, 176297, 254071, 116515, 231001, 6048, 221417, 436248, 68894, 74073, 360831, 322653, 456642, 310081, 148146, 317898, 56277, 429948, 47188, 232049, 255258, 184499, 341714, 37666, 338132, 237498, 337952, 227601, 179712, 354582, 84390, 395638, 385279, 352026, 372580, 32962, 158791, 454574, 102160, 47225, 408907, 114196, 494671, 367709, 390318, 126096, 374, 80628, 325254, 156513, 492565, 395695, 248488, 315652, 16410, 477548, 347976, 333717, 470254, 350439, 342774, 121186, 457967, 497609, 246494, 309934, 475000, 141230, 48058, 496899, 434534, 167732, 473986, 58798, 429466, 146697, 285646, 172622, 154217, 335781, 179226, 448334, 384175, 176160, 369586, 371861, 359810, 119341, 342383, 484733, 238871, 156102, 342265, 300058, 332403, 245772, 211335, 391361, 223233, 88017, 109263, 261402, 349492, 173430, 387156, 220739, 214629, 499418, 276938, 222894, 436789, 357589, 412376, 479707, 483244, 449655, 34127, 492576, 46977, 427883, 241212, 220771, 339491, 434389, 83365, 251417, 189280, 445724, 37945, 364114, 194567, 136343, 312970, 196960, 354816, 319923, 326536, 393292, 234700, 72621, 101953, 122500, 496695, 110164, 412823, 240837, 295307, 149580, 214630, 335247, 178754, 189625, 77114, 202663, 120610, 32708, 285265, 182126, 251666, 239646, 421542, 294515, 255253, 260500, 286586, 341285, 107348, 409729, 162960, 321637, 1232, 158448, 50532, 357667, 32398, 222913, 115147, 228021, 82787, 329076, 361633, 103861, 68478, 401702, 68760, 335695, 294496, 140556, 308033, 331615, 424937, 162726, 499199, 320115, 323453, 446828, 202861, 328735, 357780, 5773, 327692, 227120, 215493, 208097, 399281, 288399, 396260, 403097, 164026, 134651, 151456, 76020, 33585, 183582, 404059, 378785, 355086, 76985, 298248, 468400, 335796, 447750, 427047, 437860, 498759, 95183, 186464, 314933, 283060, 191711, 377879, 194991, 377135, 237690, 441293, 249570, 480909, 32156, 151144, 103508, 34164, 416497, 25761, 38349, 188112, 465756, 83928, 308129, 165606, 209060, 112411, 256499, 241236, 403194, 107998, 324612, 435568, 156173, 25091, 77648, 391095, 42741, 477826, 346385, 107013, 65415, 134975, 20893, 399135, 342369, 465937, 256810, 226657, 159527, 403198, 493989, 252646, 45167, 201089, 348078, 240924, 18353, 352167, 191878, 243148, 425741, 465070, 242208, 17023, 72592, 388517, 52054, 468117, 214353, 42519, 55422, 156238, 92597, 77760, 206969, 133579, 172944, 479530, 240532, 2499, 137475, 162104, 295009, 353976, 306030, 435452, 319308, 461795, 306221, 95664, 384709, 97585, 358308, 433349, 218293, 490076, 295404, 577, 64901, 271260, 468892, 16950, 330275, 347635, 144544, 266931, 232823, 487474, 270682, 120936, 230142, 349177, 43337, 110456, 245444, 233214, 357699, 163132, 135942, 100380, 200095, 451750, 296281, 192028, 267656, 109320, 300039, 483465, 72019, 87360, 20059, 469152, 447599, 383707, 344550, 204089, 157561, 475788, 189653, 245194, 135641, 19681, 365946, 352476, 492829, 122950, 368354, 402173, 426753, 110044, 391714, 443401, 235387, 49350, 396424, 496411, 97629, 216631, 241010, 112558, 177385, 392819, 87742, 348972, 71394, 195056, 13730, 395089, 238675, 438124, 229962, 170805, 372949, 136665, 297075, 71796, 173292, 230941, 326163, 405129, 457672, 270366, 499726, 383713, 496404, 340710, 381476, 114015, 396029, 285107, 234480, 336926, 448941, 363258, 299671, 180930, 181182, 261240, 70039, 472557, 320056, 375511, 77459, 447188, 450844, 470242, 71684, 63431, 218690, 490502, 238732, 419830, 321896, 428206, 142450, 314308, 281053, 252849, 112552, 491469, 331139, 270309, 164761, 131052, 138920, 330213, 150121, 101295, 213567, 371907, 49433, 202773, 416349, 79239, 325250, 84093, 472790, 98067, 313488, 47637, 361659, 377626, 199960, 354351, 98645, 489998, 207745, 458809, 176899, 161736, 185153, 345594, 190981, 492975, 154361, 5527, 344410, 389460, 176849, 179820, 364919, 42532, 122535, 374019, 302878, 389982, 391533, 488558, 132568, 55445, 174913, 22666, 342949, 16377, 290222, 11131, 36169, 448301, 175333, 310005, 37589, 24229, 93957, 493522, 406533, 27662, 343652, 473177, 489084, 226304, 292625, 398762, 119381, 461956, 279757, 315021, 241420, 125471, 36600, 419704, 291609, 207105, 26511, 395423, 179299, 122488, 78434, 451247, 105906, 190720, 229082, 225884, 166378, 161064, 445747, 472132, 434290, 21330, 442113, 428775, 420507, 314148, 120583, 125706, 326641, 498494, 390314, 185878, 111465, 384106, 111795, 447069, 90704, 126399, 314160, 416562, 170170, 489181, 24812, 8623, 11417, 292020, 260560, 355684, 36236, 216692, 194655, 472532, 448656, 142934, 92572, 153796, 192707, 479234, 122835, 474922, 31953, 395958, 352503, 377911, 256578, 455193, 377536, 395432, 437776, 350385, 229846, 430634, 77962, 229933, 431607, 43076, 273842, 346755, 313727, 249926, 349140, 151958, 414459, 378871, 111109, 350645, 123680, 237887, 259517, 438412, 254652, 51503, 358545, 358678, 480700, 354045, 287167, 209748, 339490, 291340, 49544, 433221, 25763, 332379, 252020, 324110, 403465, 15066, 73225, 326740, 89299, 330756, 39349, 34281, 131687, 190146, 91007, 183419, 215887, 431437, 190057, 281482, 303941, 134490, 145085, 216278, 449005, 89219, 384076, 52897, 382730, 467107, 385475, 140612, 368183, 191004, 329005, 35352, 90492, 419070, 390748, 442686, 72542, 277274, 99470, 460186, 218008, 278851, 140130, 291971, 185587, 28420, 253393, 223930, 462200, 346133, 215550, 415152, 466607, 401966, 179479, 403305, 225159, 384078, 306752, 12097, 194512, 338226, 318561, 173614, 371083, 170816, 187024, 235074, 197070, 115242, 101436, 159470, 78183, 224480, 428857, 347697, 398772, 365266, 342877, 222268, 391302, 100691, 479096, 388808, 483801, 400430, 390676, 264310, 436457, 197090, 312374, 361719, 312656, 433948, 316911, 498989, 268880, 51589, 88317, 269476, 115390, 366800, 110295, 80703, 433352, 264360, 29735, 4935, 256282, 315133, 220962, 95228, 235081, 295212, 215675, 392324, 148231, 431764, 248836, 133202, 452000, 305066, 129056, 342172, 275175, 212363, 47560, 322079, 55324, 316572, 270846, 186431, 404077, 491356, 132008, 121679, 13289, 492269, 205658, 19459, 401211, 35274, 305601, 19535, 4192, 451507, 231744, 47323, 267229, 261049, 355435, 114638, 386915, 328854, 395042, 18951, 136521, 326709, 374402, 254375, 128594, 486237, 74293, 485916, 150914, 308134, 172425, 27238, 261275, 375152, 253136, 18666, 86064, 72019, 276814, 246190, 480812, 102036, 312850, 84768, 202917, 269029, 47795, 51295, 287929, 85135, 346583, 369896, 104251, 380257, 77989, 356474, 346216, 332179, 337970, 377195, 249561, 419081, 374130, 70547, 103448, 273389, 149983, 418259, 281685, 152964, 123193, 407933, 277221, 66647, 460563, 429861, 255339, 260831, 448471, 268955, 492586, 184307, 349964, 152399, 428263, 390090, 66693, 428008, 401425, 39454, 290332, 368496, 105484, 366405, 257401, 343914, 310856, 359949, 441722, 24867, 477060, 235152, 207619, 285644, 495673, 482102, 174649, 379515, 491256, 420047, 68510, 131070, 307300, 377925, 115402, 352935, 110317, 356615, 65981, 194530, 8880, 128650, 52015, 328302, 214053, 182560, 398786, 6921, 319890, 407422, 28719, 421556, 67634, 461058, 289303, 164581, 106611, 291272, 376722, 197397, 147702, 128763, 464907, 192578, 297134, 4621, 309611, 410378, 160257, 291330, 48714, 419863, 451869, 151599, 156104, 303673, 478700, 173021, 83398, 115154, 250476, 76183, 176499, 187266, 355394, 320463, 272517, 258237, 113837, 289660, 365412, 289145, 270760, 44813, 96891, 384714, 320351, 182362, 387035, 96815, 481200, 371122, 123750, 7393, 121329, 2885, 298332, 272280, 269042, 236374, 223598, 41928, 336714, 272801, 184360, 264243, 269661, 388404, 491628, 417564, 207328, 491392, 168854, 492760, 79819, 396738, 107261, 121361, 88925, 16671, 414485, 327114, 124256, 488458, 435461, 77149, 160208, 252895, 337245, 392677, 143404, 237157, 112079, 256053, 161597, 175459, 179266, 158184, 4624, 360747, 269107, 396963, 449106, 431822, 57750, 151980, 425067, 174599, 370030, 161434, 93074, 484713, 10745, 68842, 96860, 172124, 45724, 286329, 153326, 325352, 468693, 136254, 325749, 100205, 492084, 81403, 93454, 451235, 141811, 258467, 313231, 122671, 380991, 481227, 417636, 218924, 296449, 231386, 320005, 160784, 57360, 320559, 187769, 77667, 9985, 255733, 7248, 382346, 385738, 450759, 452599, 69440, 211766, 448801, 304795, 82604, 383669, 120880, 80659, 295246, 461809, 363497, 381829, 161349, 317037, 494674, 2930, 287038, 298394, 164774, 484722, 160815, 321758, 115321, 147930, 233845, 241707, 99360, 472786, 228128, 321284, 377140, 311059, 425681, 430024, 349604, 222489, 461152, 299014, 44599, 229141, 216836, 438766, 123427, 122907, 142244, 297035, 235579, 449943, 299824, 302766, 65356, 301566, 206294, 72897, 95711, 15292, 209323, 171288, 32715, 426316, 278150, 238483, 146610, 249699, 315405, 303654, 301331, 440870, 121976, 257336, 272959, 441269, 96781, 320339, 28244, 190774, 108502, 205358, 173415, 162631, 216002, 15654, 175130, 84112, 270888, 218499, 399346, 453358, 110779, 2799, 73163, 123463, 274475, 143330, 58205, 242431, 320536, 139839, 207400, 459688, 412018, 159317, 391022, 242690, 418327, 146897, 153989, 145751, 190797, 79415, 44468, 259176, 49687, 230217, 382107, 396896, 361857, 62849, 276231, 297268, 323445, 362407, 406131, 102496, 283094, 47560, 424756, 149732, 90585, 395110, 312898, 274573, 409350, 336888, 449052, 409606, 297357, 333123, 436593, 282904, 246751, 12216, 315662, 24563, 344519, 101488, 348931, 448838, 433738, 250590, 13064, 220634, 212264, 331949, 14978, 452591, 145258, 198492, 147092, 447004, 218462, 142298, 179082, 34952, 271053, 425854, 67616, 280754, 163873, 256212, 186042, 149451, 150213, 358505, 187877, 443085, 357558, 443867, 463511, 271969, 348657, 209066, 443701, 27586, 54977, 19394, 185438, 303842, 144809, 11059, 357240, 356495, 418870, 207254, 482063, 327645, 367832, 399722, 471022, 380928, 212242, 211618, 327211, 207043, 494867, 176608, 417408, 384938, 180138, 419530, 479704, 302405, 415655, 464681, 263569, 43915, 174028, 297280, 486545, 427033, 81864, 443612, 203482, 98642, 357586, 254195, 446084, 335256, 411770, 228179, 226619, 305183, 286239, 6066, 311683, 30386, 299620, 301439, 37687, 287496, 274101, 300470, 18618, 136577, 13010, 155724, 257932, 237267, 481377, 913, 430307, 331348, 419425, 196488, 448736, 427050, 309863, 223191, 99074, 46546, 293796, 184597, 101886, 76847, 197830, 957, 184174, 77141, 409016, 182430, 495031, 72400, 429352, 408490, 114466, 15024, 487985, 167825, 365412, 279800, 416484, 94152, 459299, 361862, 191539, 181296, 20176, 464719, 113360, 197034, 243638, 366515, 159170, 30116, 439938, 152977, 48426, 101933, 268055, 403236, 68384, 391619, 454225, 54857, 10446, 275349, 389501, 113315, 402015, 142731, 486672, 495352, 443217, 302959, 36554, 193766, 23923, 495110, 222076, 491820, 464519, 255487, 497483, 212302, 302968, 392654, 134543, 57016, 102617, 434004, 453118, 120519, 417200, 110752, 109707, 436642, 270556, 259934, 487382, 274839, 260082, 191468, 109225, 497344, 112632, 364148, 226763, 143185, 260723, 293062, 35558, 499974, 230048, 390551, 35255, 403138, 45297, 58465, 39491, 317816, 131664, 408050, 325148, 96227, 327420, 458372, 411440, 169457, 329519, 270496, 163677, 139277, 112409, 50059, 238776, 424143, 121889, 86628, 185798, 196545, 433346, 410266, 17275, 243235, 343094, 461656, 136812, 365684, 322376, 129290, 105980, 203388, 62380, 497763, 187245, 6037, 403742, 230946, 335301, 409961, 141543, 392818, 351363, 393068, 198250, 80695, 68386, 432904, 350253, 310993, 260158, 286937, 403507, 378475, 98007, 51689, 20457, 455687, 235675, 13401, 302667, 371765, 403775, 98598, 291898, 356873, 204972, 62833, 289855, 343846, 359732, 290389, 198371, 208456, 62031, 425488, 392636, 80411, 111073, 215834, 207501, 461208, 70830, 296332, 215203, 461493, 305287, 127289, 27923, 450990, 157871, 216916, 355781, 150903, 431008, 468585, 478355, 259741, 170315, 335810, 130164, 386412, 33664, 347194, 487100, 273053, 127848, 303324, 386760, 214082, 227406, 81850, 64072, 278397, 43699, 436882, 270079, 276519, 291121, 3396, 18954, 205677, 271685, 473265, 384148, 106382, 290131, 328211, 375669, 29815, 307510, 120370, 363816, 172341, 237896, 25961, 273165, 185792, 369610, 424820, 342730, 146231, 386607, 196090, 207190, 282353, 450845, 142174, 333290, 291381, 240942, 350116, 6259, 279409, 130511, 28648, 106896, 48426, 158215, 456823, 174056, 183160, 225964, 288542, 197848, 155705, 292325, 482969, 361726, 114510, 263816, 317172, 338194, 118170, 309363, 327072, 215210, 73544, 84435, 271506, 341036, 223553, 86531, 278225, 375879, 99835, 410713, 29258, 332952, 319712, 126303, 297704, 43732, 19142, 457622, 33189, 309702, 298479, 62656, 423644, 310918, 463177, 245376, 499079, 461269, 43368, 263809, 434352, 346562, 281566, 150702, 480333, 354479, 266834, 221884, 53820, 12167, 220613, 382458, 437985, 47928, 179437, 147954, 484221, 426787, 45000, 131239, 282570, 382223, 378336, 25763, 478976, 146791, 75832, 81629, 365216, 412280, 439510, 385689, 239162, 495874, 202541, 419270, 11468, 403217, 76161, 123835, 10664, 78845, 453251, 256161, 263873, 95389, 159834, 342143, 291804, 89691, 173196, 62380, 349255, 361990, 458016, 492019, 441457, 339581, 425211, 219110, 110585, 255419, 474995, 497364, 408813, 209500, 349948, 148938, 54971, 331923, 190445, 87399, 16375, 481517, 219835, 456674, 22289, 98620, 210719, 481323, 252744, 449221, 335392, 256706, 334389, 94548, 26536, 499973, 38512, 268224, 42300, 431004, 175199, 50730, 98477, 361483, 266139, 224984, 351195, 225802, 99028, 112526, 384016, 192543, 22246, 256157, 457307, 100144, 152082, 49697, 68086, 139909, 416703, 67513, 137843, 243343, 197950, 230693, 138143, 320592, 449811, 70850, 457547, 421393, 385262, 261452, 247972, 223022, 392120, 120578, 335795, 225778, 304440, 346094, 204934, 315709, 274240, 292786, 216292, 124566, 340115, 320806, 164018, 480285, 472506, 474031, 212348, 54938, 88528, 203463, 86548, 444106, 191421, 187657, 268266, 193017, 88428, 28785, 117943, 191093, 360691, 87631, 197632, 284680, 318150, 292208, 235113, 243507, 19768, 428825, 53110, 350027, 235587, 55577, 240049, 53723, 473411, 178873, 252333, 322943, 323659, 239772, 132268, 13827, 383669, 132389, 370504, 199089, 224523, 417567, 441480, 329337, 185701, 280937, 420611, 320725, 22871, 402371, 490904, 325869, 215596, 437843, 23815, 132669, 252171, 342803, 29956, 478147, 56322, 138376, 12103, 41685, 344525, 470866, 164276, 185859, 485530, 256523, 372245, 57482, 180843, 440839, 422159, 69219, 282338, 40915, 109786, 484147, 488933, 161617, 86948, 169929, 157274, 159697, 34165, 431701, 432781, 177724, 464738, 264253, 231012, 163193, 95553, 9484, 484505, 4207, 183038, 286123, 351018, 269926, 381376, 2350, 400240, 252992, 225740, 299613, 386637, 385342, 460486, 253049, 116894, 303485, 113759, 276808, 289927, 137395, 177315, 54148, 374376, 256148, 42300, 416057, 332032, 297061, 342677, 180311, 331028, 262551, 69881, 104887, 340459, 229583, 287136, 7688, 415611, 291102, 321042, 109041, 46319, 475113, 249317, 323755, 102326, 341308, 384437, 330652, 213890, 279601, 314738, 103554, 364917, 217924, 319568, 181864, 347613, 12586, 194058, 255941, 245373, 278243, 262190, 476715, 378410, 175201, 113378, 9969, 388077, 414127, 148815, 79969, 123518, 187480, 105534, 487349, 378517, 459513, 149829, 480349, 23783, 270481, 407644, 102649, 100187, 103427, 106395, 2259, 412180, 14505, 260944, 441135, 85790, 63251, 397993, 119353, 167976, 366442, 52680, 73122, 193701, 262906, 99963, 164916, 246238, 256937, 140545, 13531, 448814, 91427, 454937, 486155, 402799, 80254, 404314, 14497, 141224, 281742, 282193, 404225, 243671, 378482, 335772, 479309, 324770, 207057, 265064, 214424, 111032, 155243, 318470, 336995, 405570, 383021, 334238, 459972, 173279, 479187, 89509, 474075, 66376, 346912, 112282, 322675, 342111, 32925, 476339, 153434, 252067, 396510, 261240, 74972, 61786, 444450, 146118, 456779, 491340, 467630, 425982, 493094, 389502, 475638, 13235, 413470, 55621, 203779, 285265, 372253, 243064, 356736, 131739, 425565, 394485, 364889, 41103, 268048, 387145, 192535, 486617, 315467, 470140, 214366, 487171, 271622, 332756, 344976, 324459, 30470, 468569, 25270, 336557, 206918, 126112, 221309, 114329, 68287, 495081, 16588, 84918, 44956, 430572, 284137, 346711, 263640, 404145, 1451, 244008, 11397, 309535, 119063, 235257, 409104, 84691, 349717, 411187, 359533, 249291, 468156, 65770, 346861, 365266, 467459, 264676, 278161, 85370, 52575, 217965, 386455, 408665, 103454, 306566, 389079, 424280, 250478, 143208, 389766, 46312, 7663, 190626, 431371, 390637, 365123, 188683, 466263, 283898, 459963, 365832, 116408, 1101, 366526, 109606, 112149, 227645, 464227, 106087, 29469, 283623, 237584, 101768, 214561, 454979, 397552, 200271, 477365, 105563, 244389, 222267, 230598, 3188, 166195, 401719, 128826, 248416, 331900, 298461, 2564, 134667, 51426, 450147, 331600, 363001, 311995, 116034, 366078, 353827, 455887, 110060, 266888, 18217, 309096, 34514, 265796, 416896, 337931, 48431, 339410, 284356, 43258, 187395, 107442, 437302, 193109, 80714, 169882, 290354, 44924, 317403, 164567, 589, 77103, 359756, 60359, 411195, 470818, 16589, 421762, 299756, 244794, 167473, 354903, 460165, 451780, 354115, 447993, 67743, 194398, 445506, 232410, 303272, 175608, 361367, 99171, 180958, 32916, 154490, 262358, 141398, 194062, 438541, 168826, 341686, 403157, 249819, 270886, 87556, 28386, 472643, 10012, 224730, 132906, 295576, 436928, 180727, 211751, 75866, 221040, 248245, 17750, 256885, 288196, 256445, 354496, 86542, 421298, 63694, 136916, 411350, 473859, 153358, 320138, 312585, 313466, 15834, 96366, 261068, 395159, 403018, 229659, 478784, 15994, 472577, 156109, 408173, 350469, 134938, 96885, 228733, 286300, 322182, 484417, 432626, 26780, 449326, 48217, 75322, 424938, 307670, 283387, 97264, 371377, 134832, 467231, 78875, 324704, 131907, 474192, 46305, 429020, 389117, 248858, 304017, 29945, 461258, 453471, 57953, 77881, 130167, 50770, 256612, 294908, 155487, 284290, 368786, 222401, 484727, 16837, 94142, 481337, 271392, 103710, 214263, 223351, 414998, 346767, 323643, 217044, 219403, 131404, 476051, 434673, 253069, 14868, 173611, 74871, 251510, 307939, 46683, 73313, 271638, 165330, 25974, 396066, 84770, 206372, 397728, 16554, 74345, 44748, 55655, 366543, 89034, 474282, 376216, 434821, 267251, 312742, 448818, 372738, 288079, 371003, 378415, 216326, 446397, 123911, 200628, 391887, 200365, 92604, 225419, 134183, 475972, 475834, 145361, 344450, 480852, 338131, 129444, 481140, 270063, 256313, 186535, 412077, 231972, 190778, 479287, 263791, 91876, 76789, 130156, 346375, 48760, 441296, 236965, 267698, 366628, 16205, 142367, 496407, 145608, 62936, 187160, 446442, 172260, 383398, 178163, 391475, 227290, 353272, 111284, 475967, 19414, 116219, 349129, 302162, 222405, 100758, 451832, 86493, 380635, 398095, 300812, 246419, 320382, 353210, 465188, 305870, 85563, 374655, 96748, 464422, 108862, 229484, 462951, 315853, 445164, 477486, 121603, 115153, 448087, 371805, 452452, 397876, 107341, 467463, 417918, 467446, 279902, 418767, 461286, 478451, 343492, 118462, 49216, 303103, 362868, 296555, 309254, 163192, 138569, 130248, 416847, 14833, 375023, 339078, 4306, 159343, 20431, 344525, 70936, 172008, 244921, 204278, 262445, 205145, 127023, 416253, 290939, 480893, 317638, 312132, 342660, 22471, 226929, 296424, 298265, 491868, 387728, 495560, 82501, 190207, 495266, 401001, 3988, 36046, 449521, 72745, 176016, 457647, 344951, 257868, 208234, 427423, 151893, 316639, 401132, 189854, 190792, 75713, 150768, 426678, 307778, 371383, 496342, 79363, 476003, 496069, 264065, 462959, 169775, 216230, 187993, 1979, 439113, 198906, 487912, 22287, 188018, 441231, 314121, 33075, 302712, 492313, 59603, 373953, 407666, 452312, 351084, 160477, 413631, 154005, 208173, 328448, 32439, 451931, 156539, 332422, 224457, 360745, 109718, 149294, 177523, 247449, 404479, 15597, 82485, 254817, 205966, 52598, 128648, 79322, 154749, 28179, 106032, 475300, 299597, 498544, 159151, 429723, 242604, 494590, 492671, 435920, 406403, 408454, 409222, 205450, 384989, 334256, 59555, 306973, 290999, 401604, 357094, 294456, 289076, 237405, 112169, 215139, 294464, 24217, 87388, 451405, 386677, 448167, 208765, 348398, 426983, 108021, 452819, 202844, 199078, 395340, 10394, 115821, 17724, 210115, 117463, 129928, 255608, 179503, 493148, 432622, 222037, 273451, 10750, 316443, 224320, 51480, 49569, 421409, 13461, 105346, 322982, 21021, 427799, 405688, 7959, 123101, 264212, 43503, 291282, 405225, 202373, 205080, 85849, 300790, 399123, 180211, 174354, 47701, 166893, 322807, 122388, 476747, 438032, 509, 448141, 478519, 359411, 412147, 61518, 112229, 20533, 416417, 87729, 423007, 303136, 234272, 467710, 97598, 49537, 33894, 257637, 347541, 123754, 393847, 10630, 454454, 407251, 176530, 496961, 83837, 237940, 34306, 210462, 118739, 499957, 5169, 16891, 350213, 80774, 103819, 208731, 492668, 31109, 87012, 483370, 197784, 94733, 442724, 272503, 190685, 68616, 443136, 264261, 72894, 388864, 338510, 55340, 339142, 52809, 202014, 429626, 273220, 397076, 492545, 349029, 287496, 116470, 377410, 83627, 351557, 415277, 283210, 329239, 280162, 274597, 235939, 247677, 29966, 61106, 402620, 494763, 498416, 23577, 204992, 464248, 343, 485881, 326415, 204553, 81326, 467861, 116779, 49469, 252791, 263520, 124984, 15192, 268061, 251166, 476948, 87346, 206525, 14037, 154512, 73106, 227827, 224591, 401155, 421362, 445120, 174416, 218245, 364463, 223795, 80495, 491974, 151766, 331300, 49262, 448609, 159121, 79684, 428597, 284873, 192254, 304260, 255330, 158935, 489391, 263916, 448554, 270098, 261884, 463154, 169839, 463050, 374030, 329702, 76957, 286384, 456816, 30555, 428996, 145260, 101432, 50721, 256739, 146, 54733, 274558, 43618, 18602, 391504, 1256, 205477, 8417, 298744, 12754, 363054, 321876, 146375, 394566, 499602, 422763, 316576, 194883, 369749, 93251, 166034, 130389, 307782, 161311, 448523, 294000, 163639, 219083, 360874, 20822, 308401, 121981, 197593, 149256, 83835, 295363, 103024, 247562, 278232, 207091, 229374, 224194, 197429, 254442, 321369, 462250, 13001, 458385, 319049, 100731, 442117, 391409, 125883, 313504, 335954, 369412, 276090, 125876, 18696, 400062, 457314, 450422, 131454, 127371, 24822, 84232, 448671, 372301, 481877, 251772, 71322, 26995, 410427, 490805, 265256, 380365, 295907, 308998, 152228, 248717, 320884, 201832, 277595, 388926, 407363, 122333, 179797, 152487, 371589, 192205, 308107, 380057, 165148, 270225, 376261, 204312, 282181, 301597, 121605, 173248, 61683, 158830, 426322, 272217, 258426, 405462, 125023, 332882, 228881, 79712, 360319, 60409, 344027, 248805, 471512, 27471, 3664, 152067, 317021, 237875, 353536, 197658, 491893, 260385, 56309, 376051, 84771, 483500, 167529, 70625, 334309, 459036, 323171, 136803, 175756, 140067, 449449, 256811, 105536, 68466, 239555, 109069, 294632, 457962, 241134, 235294, 255126, 308541, 202393, 60894, 176698, 135434, 163991, 131155, 366608, 272698, 75821, 183753, 300396, 57476, 256445, 88613, 275251, 236837, 130378, 776, 432678, 332823, 195165, 71141, 269451, 20913, 384351, 129736, 346930, 51202, 312920, 330625, 205227, 289778, 279337, 271385, 341762, 196352, 350724, 100788, 215292, 3296, 1678, 336881, 303136, 333296, 150811, 382626, 119889, 143110, 294818, 195195, 361549, 163125, 393876, 353202, 166313, 146932, 393798, 101290, 264285, 194331, 220357, 434032, 74378, 278789, 269562, 107457, 324023, 422984, 445017, 35677, 483835, 62774, 117699, 90983, 467527, 480593, 95671, 243991, 496169, 282255, 262419, 210863, 74946, 353453, 233342, 350357, 190518, 173903, 331334, 260945, 460029, 93202, 443567, 58229, 3963, 106280, 366999, 164515, 70818, 266347, 246973, 488555, 218352, 383891, 477597, 45911, 250884, 391900, 192357, 26988, 392345, 186679, 24689, 161456, 407866, 201149, 93204, 283578, 368933, 310612, 422729, 271252, 444300, 141532, 392193, 329476, 364846, 196703, 8646, 41933, 128842, 478268, 47974, 26362, 236488, 445859, 453297, 23769, 45204, 388954, 186019, 457932, 259367, 72798, 182765, 166348, 397480, 23725, 367380, 491809, 49767, 103720, 71401, 489709, 484935, 499883, 474697, 169439, 301801, 94248, 205030, 247814, 269188, 40497, 156253, 463925, 100025, 113697, 397960, 302275, 252980, 283507, 436402, 82162, 383954, 391728, 438036, 418748, 410346, 106685, 232802, 58101, 267712, 162836, 496280, 451990, 227460, 95430, 215373, 483672, 367150, 71104, 413207, 46304, 199268, 33665, 124802, 287291, 64824, 428122, 361584, 294125, 66859, 380133, 451256, 168771, 178489, 309932, 69794, 157218, 83450, 209594, 106578, 468071, 374382, 406164, 234347, 292190, 197218, 82036, 182337, 257399, 325943, 49948, 142788, 14944, 264101, 13678, 110569, 329149, 13578, 320366, 120281, 136304, 420494, 470465, 460665, 79838, 229841, 75981, 228848, 173538, 24236, 33698, 473853, 395634, 60766, 17976, 34385, 311912, 460417, 128024, 339340, 430882, 30742, 463411, 237317, 5157, 385195, 354141, 296106, 349671, 459673, 442527, 85667, 200006, 160907, 105513, 82935, 218957, 407452, 228470, 227828, 345544, 363161, 358104, 211485, 272634, 493593, 338990, 183135, 38327, 94965, 170059, 347790, 442767, 461629, 344670, 340928, 362329, 301552, 208629, 279134, 66118, 288648, 411598, 115584, 451289, 118774, 198624, 335039, 188248, 416304, 173555, 195341, 315920, 74351, 58076, 394218, 479261, 60306, 13486, 324374, 112638, 191184, 170978, 230462, 142688, 308010, 91811, 213339, 174493, 89798, 91348, 34529, 62927, 412711, 289735, 499598, 255973, 292510, 315594, 435452, 449459, 6564, 25654, 335603, 341853, 198094, 457411, 170542, 97977, 153943, 362435, 119381, 367050, 59341, 171680, 334711, 39779, 494392, 143058, 220078, 393813, 155833, 397553, 294979, 406574, 113270, 259886, 176550, 358603, 361565, 69432, 242571, 318563, 311392, 317706, 280144, 12239, 352481, 212690, 496476, 43045, 275038, 340530, 385015, 101217, 59172, 7859, 139624, 139830, 120336, 9681, 370195, 5333, 197733, 225511, 337175, 209444, 143586, 443494, 83749, 285081, 65276, 34727, 187111, 256715, 347044, 402729, 418021, 289494, 24375, 318685, 390941, 178431, 385123, 32465, 290132, 485506, 424290, 371175, 15828, 209837, 475386, 401035, 75597, 358873, 100017, 315031, 40415, 241350, 6560, 131732, 471622, 35645, 400023, 88746, 421360, 409839, 135179, 405844, 161624, 482294, 470978, 306796, 182297, 137320, 13209, 418044, 424100, 483982, 416920, 346911, 20447, 221698, 305534, 429916, 225671, 27727, 273593, 151058, 128549, 470496, 386174, 291070, 34391, 188725, 465135, 204674, 387560, 400637, 80226, 473310, 129087, 395970, 71600, 264991, 48368, 419197, 103145, 152196, 4785, 325746, 127525, 197047, 257435, 116644, 157475, 378878, 214011, 343843, 496179, 364593, 42733, 260666, 48308, 168611, 70809, 480714, 86842, 349360, 191273, 48950, 252231, 374961, 374617, 380331, 269215, 199476, 111177, 358168, 359273, 21167, 345651, 336963, 305199, 98314, 222518, 338512, 312878, 29563, 399468, 348909, 203791, 386887, 341407, 263691, 2561, 250441, 259309, 251137, 342486, 196736, 291085, 61502, 4054, 28100, 429825, 79256, 480927, 21922, 433947, 406972, 388040, 226408, 77234, 273595, 146136, 268568, 434532, 409027, 133124, 221132, 499410, 62480, 100170, 95386, 163766, 489951, 431058, 380884, 202021, 113473, 215701, 73049, 207877, 149871, 43054, 442418, 288858, 97143, 452227, 38497, 477103, 150846, 263639, 239463, 88044, 72513, 186479, 371943, 167889, 354645, 16252, 474699, 270490, 465027, 458495, 333004, 52823, 468131, 483633, 140929, 420872, 4851, 104573, 186237, 51443, 107156, 340439, 239173, 77968, 457451, 215767, 204021, 431046, 140615, 492132, 263202, 84393, 132715, 306658, 64722, 103331, 284897, 421386, 233840, 201784, 314972, 409775, 75296, 374523, 269031, 277191, 296233, 27546, 86930, 20222, 215085, 331714, 372709, 316091, 221842, 275997, 147590, 372222, 440454, 277396, 200175, 228663, 198345, 347810, 28678, 375761, 392166, 379643, 243960, 175617, 435967, 291625, 340912, 80463, 292361, 79222, 241470, 441937, 6196, 284912, 457640, 182050, 431437, 408440, 232050, 323276, 236964, 357573, 27064, 404183, 34709, 122529, 333353, 335455, 231246, 147935, 219904, 154229, 42083, 416264, 278950, 385278, 366627, 399873, 390891, 332782, 143667, 472240, 350972, 460754, 325629, 179791, 303993, 352070, 58166, 257372, 213680, 446558, 497647, 103884, 359862, 296570, 219252, 78904, 68133, 4135, 8013, 69797, 348552, 278401, 299705, 293577, 351379, 232608, 285892, 227130, 227414, 134323, 238660, 29101, 133901, 74055, 480049, 260819, 271825, 377762, 162324, 271172, 253809, 47289, 13228, 338971, 125802, 486686, 71882, 241117, 283466, 212916, 3908, 66923, 103339, 8715, 265703, 17384, 274498, 432074, 13577, 392652, 74445, 221184, 470339, 65156, 337780, 384701, 133327, 164591, 320696, 50903, 67578, 312854, 208181, 336876, 104299, 256163, 83773, 341659, 168026, 291888, 281239, 306894, 44112, 29761, 252699, 146106, 294629, 243386, 426190, 554, 382465, 275205, 9830, 72553, 108980, 122561, 53482, 314816, 375724, 224422, 12271, 326804, 241737, 150124, 272830, 445439, 52942, 50999, 326248, 291149, 410537, 146464, 226247, 274161, 434627, 371571, 473148, 238367, 252892, 416891, 299255, 52255, 261084, 194045, 414933, 330177, 31554, 375907, 474113, 383932, 487740, 426235, 153360, 238686, 281809, 35061, 73875, 239265, 82003, 366234, 402737, 119557, 405877, 276449, 146036, 400380, 346734, 4796, 355377, 148726, 325747, 1204, 428420, 6424, 358757, 10634, 133506, 310692, 495829, 417621, 25589, 110765, 322922, 203369, 190330, 27619, 60906, 207724, 136446, 111879, 116960, 457809, 306202, 386739, 111142, 87968, 319734, 381542, 44140, 87774, 442609, 328648, 101328, 316869, 251560, 470476, 356498, 32863, 155801, 359436, 86618, 48997, 168623, 130210, 28073, 184285, 117907, 475009, 156413, 143674, 466325, 61862, 262568, 148453, 374685, 91006, 396982, 391794, 145104, 94252, 219210, 312578, 128000, 215560, 373787, 211658, 314512, 387859, 109039, 173320, 93941, 243844, 77963, 154198, 145504, 171927, 267625, 272969, 153801, 65934, 226741, 428280, 277065, 87623, 357721, 146760, 70350, 127820, 133342, 461423, 109878, 235278, 255348, 38565, 145397, 393759, 170757, 180682, 183359, 7148, 247698, 93763, 360441, 131142, 184929, 356016, 24339, 359997, 336931, 32521, 217750, 249796, 367407, 412688, 35105, 158457, 314984, 397394, 298716, 344846, 240361, 145388, 303767, 107250, 297382, 354767, 265024, 319831, 291243, 18842, 84642, 227665, 371964, 210020, 37399, 277920, 475720, 435595, 94974, 95305, 248461, 307315, 126702, 158431, 129851, 331089, 83963, 396484, 281984, 460057, 470327, 152092, 459307, 165723, 328234, 268713, 205151, 406739, 176806, 399233, 415018, 14320, 46022, 125220, 379458, 332829, 201270, 303891, 90099, 262479, 200260, 392105, 17364, 272550, 499992, 328976, 25769, 222447, 123563, 49665, 353435, 187138, 329960, 61952, 239664, 92749, 79916, 254640, 353650, 333937, 236956, 192683, 296928, 320814, 327252, 361031, 87649, 426755, 380220, 145783, 226061, 254526, 499680, 16770, 89475, 406119, 482754, 499757, 367526, 415531, 65820, 329859, 305782, 404632, 165404, 482067, 235317, 436078, 253108, 453945, 438248, 198781, 14361, 328069, 412429, 473711, 361839, 440876, 4890, 390811, 338197, 478871, 290363, 147420, 234709, 270531, 254228, 354269, 397377, 499436, 436799, 456074, 279370, 225004, 113606, 360489, 451181, 240010, 3210, 51065, 327005, 4239, 295018, 256441, 263017, 27473, 194089, 499511, 110948, 16686, 88986, 455251, 397520, 162409, 438415, 95648, 139068, 479564, 368665, 63181, 271539, 451498, 354463, 313814, 165457, 287565, 240265, 315279, 325975, 105146, 234460, 460612, 323949, 237860, 9645, 79725, 89561, 434973, 388405, 319800, 388672, 411413, 63997, 6193, 15598, 394074, 105456, 246225, 62237, 181259, 7453, 327978, 187794, 175526, 92310, 21970, 77390, 50156, 70326, 175986, 117445, 200970, 330348, 245389, 309200, 423984, 398955, 378767, 495958, 293325, 276818, 333263, 70097, 226913, 322219, 496602, 152540, 72330, 264387, 400676, 319730, 428754, 50085, 172231, 146824, 226351, 52012, 246061, 304186, 180318, 391945, 315725, 261624, 371151, 437733, 482056, 346195, 465023, 37310, 128468, 303696, 497750, 160458, 395888, 373558, 255095, 137649, 315558, 148847, 229097, 481963, 248212, 71852, 64748, 20947, 189720, 386049, 60596, 413025, 113681, 18238, 308676, 27354, 55354, 397926, 27181, 220136, 193287, 146064, 104075, 220960, 169991, 360042, 116556, 63239, 54216, 25746, 419563, 350199, 95113, 198200, 43873, 415314, 230825, 183811, 34122, 121656, 192700, 147256, 66131, 289023, 453899, 5625, 354851, 111765, 460793, 350512, 13883, 421531, 186723, 120749, 173250, 410693, 152120, 408583, 11211, 62242, 76139, 411346, 67393, 255881, 60205, 486431, 319809, 267896, 472900, 398734, 124704, 463699, 192749, 152626, 112080, 441975, 329030, 473589, 203516, 145606, 64300, 272074, 415463, 429898, 223964, 333381, 219633, 244676, 201483, 92008, 130803, 405884, 19785, 341164, 58741, 465510, 52757, 45701, 434466, 377002, 355198, 278688, 493661, 323588, 447675, 456441, 257838, 304381, 308028, 32112, 191045, 403632, 224099, 145895, 127274, 46580, 118189, 491113, 443765, 471090, 460990, 465175, 464968, 378522, 39611, 1051, 140384, 270449, 391561, 311203, 330432, 54534, 350827, 185494, 222433, 135481, 324047, 486012, 499392, 349463, 426106, 240708, 63697, 28552, 279006, 305083, 349543, 285399, 200298, 154662, 273092, 35493, 412629, 496534, 488334, 94240, 492942, 278702, 56947, 487203, 100686, 54192, 278120, 334050, 272023, 216402, 244103, 16985, 481526, 343036, 342989, 275486, 499696, 351326, 369648, 457926, 490311, 495485, 232069, 204708, 205713, 304277, 468917, 469762, 438251, 36393, 467228, 292416, 475747, 110041, 387085, 475878, 420171, 295496, 342217, 395102, 178269, 125875, 365112, 127513, 46573, 188167, 34824, 48553, 430146, 4554, 175353, 115537, 401041, 337701, 408624, 204656, 441557, 178456, 20821, 282359, 415831, 199248, 458322, 3397, 328597, 276707, 378619, 222922, 181346, 431454, 360183, 484372, 168698, 189743, 164230, 429197, 93785, 371620, 446476, 216923, 189543, 179552, 29894, 310843, 45691, 434375, 60907, 358056, 197856, 245206, 417082, 45391, 330955, 74919, 126705, 328453, 211799, 62487, 24307, 258072, 109503, 38328, 297706, 437310, 255070, 383860, 379774, 146253, 275573, 349745, 324397, 429600, 499467, 495995, 448094, 208729, 473964, 313842, 228124, 125713, 105512, 3604, 330432, 229203, 364644, 191764, 79287, 105515, 499763, 196188, 468252, 419320, 439578, 329948, 385034, 204336, 114760, 254388, 199451, 320355, 37094, 104940, 449949, 458777, 237862, 445290, 421371, 91443, 108880, 191637, 476449, 484187, 66135, 446938, 109117, 266713, 361737, 224966, 153962, 23904, 492123, 4671, 48845, 352095, 264356, 334971, 324268, 347172, 278058, 377615, 366967, 80837, 108047, 325653, 136705, 196489, 494824, 24660, 345961, 220760, 26909, 269794, 436476, 201642, 91298, 306781, 29753, 181664, 200352, 135932, 471263, 342997, 394417, 485947, 186735, 249512, 307810, 282204, 38635, 314829, 255210, 321762, 490673, 475372, 72923, 54821, 426813, 295586, 153659, 241309, 74232, 43018, 237932, 106322, 384425, 455173, 115924, 228975, 19735, 341186, 351160, 347016, 51083, 222638, 141526, 155685, 372786, 100387, 71776, 441224, 132001, 237984, 269385, 7373, 225570, 171975, 298165, 282794, 150060, 17616, 67191, 293073, 137542, 116223, 480969, 188387, 329444, 22608, 457986, 453251, 363124, 368599, 239021, 420980, 122170, 219141, 117348, 312597, 301562, 291259, 181106, 283850, 147914, 497559, 362057, 119586, 344129, 287819, 236441, 352546, 92479, 185841, 204702, 24302, 211248, 276188, 19870, 267345, 134912, 339988, 185952, 449039, 423896, 8509, 70283, 108988, 68327, 386531, 316044, 5393, 317785, 240248, 408147, 349782, 79680, 404351, 131044, 192920, 161559, 448706, 122495, 481669, 233663, 114137, 131950, 492726, 101082, 498100, 430103, 114741, 397888, 110800, 395266, 273169, 189456, 42299, 27173, 97187, 225670, 256618, 374315, 201800, 440881, 295305, 363718, 237269, 3714, 394021, 93204, 207352, 120282, 25720, 382565, 126440, 299373, 337257, 160336, 439533, 440381, 42104, 349404, 187913, 267448, 88483, 117434, 41684, 445597, 167896, 226003, 308307, 40397, 55003, 176104, 470811, 59332, 298455, 60908, 488603, 142710, 266480, 304143, 218104, 256288, 376995, 385921, 176715, 319565, 261761, 351853, 10061, 337444, 215945, 488594, 449757, 177697, 9144, 172833, 236563, 425731, 319929, 237311, 148667, 384120, 115523, 328412, 493915, 68919, 327559, 291023, 494980, 251758, 370620, 443226, 326283, 400102, 36834, 462454, 381439, 393240, 217060, 186754, 284085, 268087, 338583, 232975, 258429, 259091, 203709, 497950, 356556, 332195, 41405, 250825, 265441, 39704, 344403, 62164, 41373, 435947, 238101, 188363, 55146, 118066, 442414, 168106, 423621, 152858, 291876, 313993, 15122, 178062, 350828, 340003, 121886, 341677, 33899, 82067, 410663, 311186, 426113, 482419, 30560, 496006, 55878, 328911, 390829, 401277, 189622, 379593, 409791, 288005, 268336, 427644, 64661, 312750, 474084, 352698, 11456, 70048, 75205, 285707, 32455, 68448, 177549, 248036, 274435, 55671, 323647, 82762, 119186, 444967, 486744, 144263, 208536, 217592, 88379, 160006, 280232, 261987, 65290, 405399, 112720, 388512, 245732, 308822, 210469, 292022, 391252, 475091, 209122, 211014, 425625, 258620, 123318, 483501, 202483, 67163, 271972, 40723, 49869, 379791, 102757, 21358, 473456, 57314, 49984, 61024, 398184, 152435, 390360, 337911, 75704, 84717, 324990, 447018, 496708, 182363, 477706, 430164, 313786, 360552, 490144, 450740, 339999, 175432, 318156, 132754, 17256, 456980, 276387, 140622, 149766, 168560, 223085, 13368, 339874, 12199, 437281, 149378, 70544, 381841, 452850, 21954, 267453, 381930, 7801, 317387, 171773, 174087, 194245, 440757, 335384, 441932, 149737, 192668, 410558, 136283, 363907, 19930, 310500, 27040, 82789, 75603, 400270, 18208, 329209, 11450, 34724, 105751, 35511, 291797, 76597, 419503, 241059, 86450, 92219, 102010, 190385, 341826, 426125, 370772, 216308, 459050, 184060, 94457, 400764, 107254, 142966, 413514, 242717, 84822, 311739, 261215, 297680, 463079, 82276, 371840, 192547, 316499, 142578, 492101, 327729, 69169, 352829, 200057, 420729, 112176, 306114, 296258, 350514, 349516, 80821, 343749, 224291, 83865, 356456, 492006, 311639, 123579, 438169, 295176, 422882, 332242, 94150, 109840, 465579, 142808, 234306, 468958, 495413, 238165, 84643, 8759, 331529, 277098, 190209, 71296, 131700, 360242, 249744, 321157, 98808, 154342, 79514, 40639, 447300, 326814, 240778, 351789, 3910, 131360, 364321, 179635, 471365, 337178, 442959, 470707, 398536, 157592, 33728, 231541, 432706, 5169, 225968, 343930, 53290, 241876, 336518, 189614, 408939, 163471, 270840, 82518, 252640, 361501, 262835, 375944, 132329, 17767, 88020, 132701, 464854, 444881, 266991, 441284, 369781, 280923, 401697, 259659, 403303, 166870, 473819, 73723, 477756, 249921, 47394, 266158, 54556, 244882, 465268, 365639, 7775, 283094, 429402, 321122, 225837, 400551, 467333, 227991, 116811, 119967, 298811, 194242, 113022, 355579, 48774, 71199, 352626, 75317, 179921, 28494, 420913, 39322, 467291, 306140, 319620, 334617, 442931, 134092, 313007, 137029, 479007, 280096, 399719, 299715, 141311, 43836, 160167, 117770, 387532, 257744, 382327, 80248, 74361, 241457, 354689, 274739, 323426, 114896, 110414, 319381, 16775, 373930, 75983, 238301, 178189, 437455, 204752, 182227, 151821, 324432, 495388, 366528, 441826, 166061, 479156, 206893, 56297, 180504, 328387, 342482, 256608, 390377, 342322, 373643, 53043, 241256, 45438, 111751, 255800, 107951, 93033, 184013, 94600, 494665, 31680, 435856, 230944, 399660, 395278, 83524, 47969, 108088, 177430, 32418, 340576, 341766, 112696, 129781, 440920, 222252, 356924, 16542, 23664, 424018, 422816, 320666, 290568, 383167, 172319, 226744, 65235, 48758, 462629, 346217, 162247, 121868, 168491, 243252, 154122, 159017, 349191, 212824, 33711, 392002, 410597, 191547, 434959, 59923, 33562, 399648, 202030, 270061, 169589, 163638, 218419, 102209, 494411, 24336, 30411, 80048, 112056, 317859, 464238, 194917, 262303, 35173, 456771, 378883, 487470, 146640, 279456, 84746, 469913, 11926, 340144, 26981, 161264, 366628, 200356, 94873, 157774, 424386, 135750, 257319, 498709, 499018, 389119, 140988, 201234, 138463, 74867, 396712, 88900, 310378, 112054, 363788, 129392, 469252, 152876, 338102, 109494, 198761, 243173, 330353, 56220, 191575, 405663, 494629, 129319, 377628, 446615, 12830, 208239, 496468, 356232, 416156, 441557, 178033, 398129, 26554, 454409, 369186, 70441, 175214, 449448, 432301, 469486, 37468, 332749, 211674, 490327, 17737, 370858, 163188, 47035, 323955, 61305, 373098, 469869, 156802, 172616, 75384, 88329, 109730, 301019, 409447, 65319, 435557, 487144, 146054, 364405, 418309, 381006, 265948, 147996, 348864, 436638, 172683, 428348, 330412, 295524, 221410, 265258, 410201, 171278, 236591, 433197, 441789, 63964, 179004, 459405, 242304, 415827, 220663, 326993, 15667, 475507, 255631, 361638, 316306, 480414, 409723, 383494, 358102, 23351, 346258, 417867, 218049, 179126, 63947, 307364, 97210, 198559, 379143, 108833, 439426, 318279, 385663, 388266, 62849, 134313, 296968, 124536, 29915, 151486, 61383, 323433, 207913, 347042, 355598, 352260, 281750, 110073, 261537, 422723, 382369, 128980, 24337, 186469, 488774, 434208, 198247, 338519, 247685, 141723, 79843, 341307, 462539, 18224, 438567, 199052, 154302, 346485, 147334, 55224, 362101, 13822, 226237, 49938, 401606, 348784, 232445, 200526, 90490, 339943, 462113, 412631, 381995, 10181, 96401, 369305, 73014, 194320, 382954, 416987, 215608, 106270, 125155, 496221, 201859, 208646, 366418, 32337, 371595, 292762, 361192, 302297, 428776, 433622, 46317, 94671, 290140, 170307, 491534, 285012, 403916, 395986, 318065, 335592, 49105, 445943, 25955, 418682, 379554, 173376, 266908, 85848, 271090, 406741, 463843, 250940, 432143, 409649, 368822, 392949, 160348, 204922, 415128, 86790, 151628, 427797, 346119, 97254, 192940, 428501, 168478, 41508, 98365, 312250, 130161, 102298, 461403, 24313, 315883, 343911, 198069, 148610, 236008, 461433, 270194, 5935, 471686, 395582, 486238, 62252, 411797, 199935, 489071, 474806, 206557, 81297, 371506, 136124, 465151, 324990, 11613, 446944, 197912, 362253, 282241, 373647, 268555, 108180, 6938, 370966, 177901, 64860, 204892, 69447, 472792, 167494, 172071, 203767, 479367, 125994, 37403, 122761, 363538, 279759, 323143, 77228, 246752, 258159, 224050, 272730, 52807, 420326, 9859, 397609, 307729, 406900, 269447, 154262, 355204, 446443, 279108, 323818, 320691, 297019, 208074, 344589, 482471, 328303, 13294, 475767, 41668, 467179, 425062, 363516, 24059, 427076, 37816, 197844, 106468, 344451, 18056, 219716, 215120, 191927, 182046, 475253, 122271, 211553, 429572, 447043, 322249, 3943, 110618, 182504, 322623, 54264, 67802, 130633, 339688, 376762, 378477, 420034, 342387, 427948, 326853, 121108, 151840, 5396, 145412, 109589, 256669, 268508, 320000, 367307, 298606, 440337, 134878, 481190, 361087, 303342, 352106, 152614, 158962, 66448, 156220, 300597, 269246, 272934, 73343, 59334, 25744, 219319, 496817, 57972, 406674, 365941, 481260, 461372, 362618, 296143, 185163, 254640, 423309, 237616, 155817, 416117, 346136, 235712, 114542, 9036, 335727, 442602, 185759, 382901, 154869, 464558, 160834, 115150, 124605, 207786, 356756, 36954, 190360, 134214, 494291, 234071, 34286, 191344, 69078, 189155, 138623, 225627, 328412, 106782, 232244, 193136, 387255, 202260, 52196, 490520, 315348, 203730, 246990, 140214, 186798, 5421, 347552, 9605, 103621, 440936, 119012, 167547, 199844, 313353, 307713, 128097, 364269, 388682, 282011, 137730, 440883, 133394, 7463, 494295, 496663, 421215, 301588, 409743, 250616, 140777, 353694, 151079, 484993, 394021, 229870, 349714, 404365, 320175, 497098, 80111, 273209, 127308, 90345, 227580, 166074, 30330, 129447, 419413, 420140, 186998, 240383, 109135, 361870, 369893, 132165, 465764, 128152, 330458, 179061, 247, 299199, 200211, 232219, 427003, 225436, 476248, 356234, 119629, 452660, 158354, 141270, 395837, 131753, 305395, 118972, 248582, 436539, 190796, 129344, 277859, 349036, 202223, 140725, 176218, 403086, 60982, 433753, 486328, 21663, 122465, 72978, 422808, 395649, 113132, 133327, 439904, 253445, 107737, 225387, 16767, 17240, 340371, 416838, 45645, 302959, 196063, 415133, 131975, 104306, 256675, 169868, 30986, 295215, 221631, 192111, 497255, 357691, 484276, 443605, 30075, 366198, 188849, 481460, 96841, 474583, 242626, 367724, 169506, 67848, 133619, 361274, 13904, 80123, 76544, 94855, 179262, 85664, 399912, 10015, 115957, 483531, 64704, 497663, 85644, 460688, 106105, 100, 180607, 463439, 441120, 162904, 338817, 281599, 101164, 481096, 357349, 193901, 57131, 103513, 319514, 437216, 183013, 90960, 260206, 1035, 3713, 74259, 340978, 49852, 13530, 100876, 207568, 149828, 493210, 347403, 185310, 492619, 148327, 421322, 402032, 404944, 458361, 313238, 236127, 236994, 265934, 209646, 407094, 123986, 9441, 417909, 177712, 287731, 339174, 257290, 48580, 178329, 308844, 425936, 273014, 189521, 215716, 472421, 412393, 195354, 208466, 75399, 389789, 309890, 79828, 103818, 226022, 191666, 138529, 416268, 229689, 15692, 401478, 209740, 188703, 69001, 303619, 142835, 150388, 420902, 38023, 349393, 326078, 472051, 421067, 484473, 418430, 285817, 21723, 326483, 253345, 390265, 68246, 157262, 449037, 383981, 166375, 232611, 208107, 22773, 292810, 310738, 120774, 68761, 229790, 46172, 276606, 24198, 235635, 391876, 141375, 87166, 447311, 73758, 317646, 26145, 429565, 26702, 296466, 291213, 306561, 271004, 421596, 298698, 83277, 414275, 282182, 201573, 371405, 138275, 449680, 124921, 116980, 459703, 118668, 10429, 401973, 92488, 450072, 140247, 70363, 270742, 172008, 85720, 124424, 110290, 327744, 248631, 112400, 481992, 5543, 345164, 471474, 95485, 249236, 463041, 132239, 205051, 11122, 125441, 176573, 359148, 435184, 245716, 45195, 239209, 171210, 334298, 256565, 413601, 184417, 52798, 318711, 225660, 132674, 72377, 320120, 423772, 15684, 234781, 484602, 264965, 423738, 75740, 170569, 12302, 339144, 69290, 226195, 133341, 193479, 6319, 35828, 41896, 370685, 322589, 303229, 454827, 479911, 428595, 36376, 280004, 100802, 259556, 317067, 74443, 338877, 490682, 311510, 166995, 344036, 141260, 358824, 499009, 191334, 444600, 73717, 162734, 468423, 219272, 443944, 452172, 147593, 183583, 133277, 155984, 235107, 409790, 177664, 421520, 374792, 444813, 463774, 152104, 100004, 186514, 48780, 387273, 442970, 180633, 260455, 267140, 439711, 108818, 218976, 262308, 245347, 345139, 473528, 446420, 6769, 170012, 343268, 189392, 262274, 56096, 34242, 404656, 488199, 36500, 47685, 490246, 5612, 340420, 190049, 362505, 194974, 492871, 164084, 92323, 489947, 74022, 214074, 381774, 455093, 69681, 23522, 315764, 454965, 21054, 291232, 51794, 312608, 115267, 281435, 93099, 225665, 237653, 143554, 450918, 414925, 329516, 384982, 208137, 212251, 89492, 145765, 367552, 246816, 22781, 443451, 11286, 31198, 106525, 310938, 474092, 17914, 318164, 482184, 401436, 37599, 120694, 95390, 133243, 484630, 162853, 43112, 67362, 437661, 139743, 24921, 316589, 84734, 497165, 301693, 411953, 456947, 311029, 474612, 175324, 290814, 419679, 319562, 128711, 481529, 381794, 139567, 286057, 176638, 39350, 252332, 385433, 5134, 484872, 18803, 445492, 79854, 432988, 176692, 298611, 489961, 206097, 464151, 347595, 456620, 3996, 62593, 458887, 437837, 289204, 24492, 496600, 335634, 260036, 48737, 428357, 496224, 14532, 16858, 328602, 423461, 346855, 178823, 406170, 378273, 390111, 139796, 256212, 52711, 491754, 145059, 219161, 184775, 253635, 471853, 73797, 97555, 175230, 96381, 187322, 256523, 288469, 420422, 304382, 104462, 214988, 97048, 291122, 373058, 293820, 128498, 78073, 133923, 450754, 361481, 334973, 96078, 279162, 300324, 98081, 465092, 245973, 122467, 217189, 240414, 326228, 21502, 238234, 233852, 481559, 288291, 191363, 287454, 158445, 335087, 126180, 371313, 412585, 293137, 368888, 218982, 88857, 93050, 333587, 36424, 480375, 330785, 109799, 333709, 236844, 167686, 46119, 246008, 225952, 432823, 283255, 38356, 248355, 218622, 281837, 332550, 160023, 45258, 358674, 470838, 453783, 49834, 81702, 225736, 9852, 273119, 495386, 52707, 337883, 457843, 365961, 250576, 499305, 246987, 332691, 324583, 454656, 436223, 377576, 81497, 459560, 443559, 445637, 378616, 331133, 273369, 197780, 412176, 158494, 274886, 14381, 450734, 275227, 341695, 441486, 354550, 161711, 7002, 355665, 379400, 496810, 325500, 24756, 27342, 332936, 387417, 408349, 221369, 482894, 304893, 302681, 251525, 370882, 446608, 136540, 430615, 47155, 226160, 479620, 16074, 304587, 44434, 186093, 122435, 224913, 403790, 171666, 285454, 126622, 337552, 202984, 344156, 375209, 169566, 183570, 496300, 304023, 10576, 185174, 483149, 41975, 304693, 489688, 83904, 307423, 481882, 372107, 115811, 425948, 383046, 145329, 348332, 174566, 184217, 213831, 27814, 456290, 323499, 342449, 457632, 213380, 191054, 274947, 43420, 427532, 373785, 63287, 83292, 63043, 184639, 447553, 413012, 193782, 182739, 197316, 374205, 265062, 149359, 71305, 409415, 439965, 191898, 383127, 408758, 97770, 423379, 128896, 492037, 128118, 306642, 282688, 386973, 383446, 332605, 250726, 20997, 419900, 219262, 478661, 24887, 362662, 306131, 216914, 197061, 480261, 136993, 336782, 347813, 48537, 15259, 221003, 329060, 360821, 269401, 63717, 265840, 138456, 459241, 106661, 192036, 105872, 192545, 182270, 32947, 126200, 315148, 247775, 46118, 321247, 160498, 495589, 275775, 156896, 481640, 265653, 91175, 336624, 120117, 323637, 2449, 138533, 191511, 37858, 400735, 484305, 63169, 12749, 466180, 324111, 397669, 349099, 415287, 449023, 457526, 38425, 140163, 46142, 154482, 3515, 380068, 215670, 305461, 3256, 434815, 257084, 330122, 198274, 413971, 418419, 203575, 408157, 167261, 482443, 334155, 291625, 295901, 202114, 284647, 283316, 6883, 212784, 396037, 47798, 466508, 249409, 238382, 147894, 127901, 50884, 354232, 79727, 460663, 40561, 254249, 252761, 163968, 149986, 236410, 439414, 284693, 315408, 274803, 120896, 395865, 267477, 117694, 315538, 6291, 372695, 460230, 383965, 361347, 29946, 376117, 323074, 59870, 127667, 220677, 174062, 240426, 92762, 20371, 403148, 20432, 352013, 331716, 416731, 368683, 159691, 161793, 453278, 372298, 293802, 193821, 327422, 413423, 286905, 248646, 165995, 412997, 25335, 250749, 397736, 186058, 302093, 127614, 116381, 482151, 307883, 420011, 474697, 164370, 282379, 453384, 220739, 370542, 218759, 77541, 309025, 354221, 136036, 111022, 414480, 228096, 232227, 441899, 368533, 234654, 277149, 200310, 16060, 282007, 138481, 50106, 374711, 405421, 11857, 451774, 164942, 33143, 39363, 479409, 284977, 45253, 107189, 91019, 66022, 435844, 78414, 132805, 90805, 64596, 418357, 210345, 329943, 478731, 282787, 89534, 213638, 266248, 198067, 257312, 91276, 389096, 145286, 244591, 490801, 132936, 172775, 335206, 498178, 479575, 246023, 466212, 425619, 486325, 486313, 85730, 324921, 330787, 115210, 46927, 327483, 262744, 253058, 229789, 93136, 375826, 327889, 54555, 432756, 499854, 27451, 452800, 147690, 208699, 461097, 332996, 136292, 143749, 52545, 180506, 389036, 220932, 327524, 253696, 301525, 354589, 442867, 282031, 321913, 380155, 178324, 246550, 134624, 467264, 468731, 344872, 263067, 416523, 173900, 430085, 32173, 4691, 191548, 206387, 169288, 62044, 215080, 102028, 70860, 73825, 15941, 415684, 306972, 456370, 276476, 415211, 306996, 237030, 447499, 366157, 21500, 359624, 472580, 28522, 192146, 296821, 220394, 42560, 109027, 34059, 414697, 156073, 433848, 95036, 132901, 240620, 59305, 420116, 313604, 307473, 44838, 131932, 313542, 434452, 187284, 20710, 5822, 360030, 73635, 101751, 33113, 120277, 102545, 468439, 189968, 46726, 229098, 456849, 471421, 214242, 238758, 364977, 410935, 282724, 339471, 209944, 378225, 224750, 99648, 129082, 348894, 348336, 388287, 196544, 489701, 449159, 434310, 465311, 401955, 319718, 13788, 322126, 310186, 168726, 468443, 200974, 133295, 303203, 276618, 400278, 99727, 172126, 18575, 486788, 467563, 1814, 471186, 152799, 249266, 348992, 69927, 262888, 284801, 41029, 38742, 113848, 52545, 115322, 23243, 126753, 443870, 23961, 152418, 432819, 84947, 3782, 52339, 329950, 371745, 350743, 420590, 93224, 235120, 52492, 486310, 238753, 179699, 150050, 38940, 455630, 360736, 222263, 76810, 208669, 269846, 72515, 254762, 54536, 67754, 432850, 136405, 464176, 234542, 141920, 401491, 323087, 327389, 265642, 455716, 312827, 419288, 453157, 242539, 145380, 158711, 327600, 362122, 273356, 366636, 108171, 89559, 111801, 487897, 95963, 106564, 205142, 473067, 351827, 187086, 496123, 401299, 346342, 421846, 405558, 179093, 124388, 33190, 341994, 233263, 387746, 120576, 19404, 352372, 278168, 436495, 217735, 205958, 246517, 16148, 276190, 253597, 446490, 214647, 236082, 339345, 281630, 412964, 164597, 304080, 44264, 148801, 183948, 332157, 400412, 466978, 260444, 291313, 489748, 494565, 27215, 126796, 342875, 71717, 211866, 297317, 411515, 353784, 2244, 346418, 181661, 259143, 496079, 129804, 171380, 379290, 3123, 227524, 160257, 42893, 126584, 444314, 376875, 481044, 24602, 226271, 142207, 84331, 474680, 338046, 187608, 35875, 135691, 269706, 82296, 78510, 137601, 36991, 357798, 248895, 271719, 8814, 318877, 188936, 51599, 54134, 124497, 291912, 234567, 237482, 165737, 222688, 7547, 306134, 251897, 214544, 436280, 336764, 24875, 41191, 423637, 468022, 435294, 383923, 30160, 155939, 51483, 348715, 44181, 115498, 117472, 421059, 461916, 299105, 365796, 356450, 446990, 159662, 313638, 131720, 333537, 56314, 413234, 277231, 118277, 105265, 180161, 349785, 11440, 272204, 89266, 253853, 213221, 148446, 374317, 474909, 61457, 349837, 483853, 187111, 394695, 490146, 462601, 437248, 375094, 191144, 167346, 462160, 188336, 219276, 192354, 371681, 497491, 135914, 413293, 197504, 122429, 397494, 2411, 240823, 116404, 18500, 103471, 65314, 263447, 141245, 190957, 364048, 458191, 14487, 482017, 140255, 224632, 39390, 92644, 23277, 477852, 252201, 312430, 350793, 9024, 190694, 480704, 250012, 15872, 367542, 268868, 88441, 149256, 24544, 255045, 162092, 132655, 132591, 270196, 107670, 321545, 110869, 284521, 338271, 173744, 299487, 423010, 387617, 132051, 403094, 26486, 74710, 205224, 86702, 273175, 211316, 378981, 295426, 441634, 410363, 289784, 16707, 314547, 306744, 94545, 331750, 194898, 321378, 396150, 154864, 450609, 117937, 369082, 7568, 465851, 105020, 432281, 412938, 118569, 442141, 205144, 80262, 370981, 155348, 93980, 417338, 465745, 27871, 314552, 390955, 335926, 102773, 92278, 303455, 388, 302643, 398742, 284097, 451194, 114734, 175192, 95204, 72506, 60518, 104292, 101245, 55165, 405907, 259645, 253166, 390972, 267843, 358415, 176701, 96163, 318662, 196309, 417042, 86023, 190019, 428284, 224375, 365125, 386392, 406709, 293317, 301469, 339553, 444736, 165191, 373773, 442371, 190289, 55172, 71797, 241486, 155293, 284552, 1796, 376172, 483190, 144769, 167389, 202825, 140674, 231296, 271222, 204912, 465330, 333610, 121848, 411633, 214407, 293185, 217318, 418284, 217126, 176820, 253069, 194785, 128915, 197108, 43185, 153133, 76145, 31418, 11108, 356914, 336596, 486503, 94943, 83766, 174142, 26176, 266482, 473351, 201313, 293176, 101662, 14344, 429358, 152397, 452932, 443567, 67346, 396086, 62576, 73089, 253318, 273737, 360769, 334290, 33146, 272672, 250365, 378729, 46529, 343946, 436070, 499008, 392616, 229309, 177449, 422377, 381353, 374880, 48980, 456387, 203110, 174903, 301093, 403053, 178209, 459930, 255881, 499098, 39379, 89384, 286390, 276038, 448560, 390773, 414392, 486479, 113319, 450248, 40849, 161526, 495271, 444000, 164618, 420308, 316058, 370640, 394639, 162017, 14568, 76588, 353805, 215911, 390791, 369768, 497478, 20271, 192575, 149344, 47192, 416609, 348830, 434226, 384117, 49465, 25217, 272516, 384716, 225637, 326594, 314082, 430877, 463531, 430547, 441102, 224636, 252683, 226563, 473868, 959, 303587, 328204, 426660, 34411, 269676, 491666, 260269, 55280, 131651, 61946, 390522, 388068, 18565, 341443, 91958, 243329, 341094, 370729, 314952, 97649, 333847, 88206, 108032, 103258, 355700, 89072, 96180, 241660, 211660, 269436, 341314, 36935, 328018, 116716, 104940, 174481, 293410, 424018, 261836, 491480, 345210, 245428, 15274, 140078, 140060, 127416, 204059, 306348, 384504, 234113, 107917, 287338, 335135, 204240, 122701, 160956, 469647, 149022, 69021, 20463, 89282, 312156, 85545, 246799, 483365, 344057, 195030, 211545, 356796, 481182, 139651, 92901, 364713, 258615, 731, 110016, 273685, 402588, 41359, 243612, 69200, 289795, 50520, 160414, 444833, 100966, 224600, 64617, 206849, 210889, 496105, 436729, 469011, 463355, 17807, 343096, 5102, 83368, 334034, 112520, 499642, 86838, 362156, 9129, 41992, 470261, 319535, 33916, 127030, 85161, 143693, 170870, 174588, 24563, 41400, 59676, 75075, 315090, 29034, 240628, 483106, 100654, 317297, 239945, 151441, 180414, 118787, 182567, 496601, 230424, 379393, 154693, 349401, 103353, 219972, 200512, 405058, 99183, 279451, 480407, 204240, 178190, 160517, 439403, 320995, 460424, 267658, 445209, 312664, 291115, 38839, 219499, 162004, 89855, 469079, 28973, 26900, 349463, 90129, 327221, 196528, 183868, 429264, 488108, 86950, 334891, 285050, 262854, 158019, 93656, 287419, 86158, 227513, 199043, 393186, 415568, 119618, 399156, 383285, 349256, 442142, 468644, 351922, 428465, 181715, 120080, 172071, 32314, 461803, 273115, 204094, 303767, 369874, 301029, 122924, 319965, 194222, 285388, 499000, 146481, 319263, 180367, 471154, 291113, 379388, 58361, 54450, 20563, 162886, 302941, 270232, 177502, 493425, 139024, 54970, 63272, 229291, 413915, 279992, 108555, 222708, 236652, 6288, 37879, 191002, 188518, 380797, 435170, 101972, 342694, 452359, 76928, 436660, 201517, 33236, 68758, 357168, 424203, 402786, 60261, 380158, 143619, 318409, 230297, 301583, 258012, 462227, 147833, 323766, 6392, 80419, 57148, 453250, 200278, 367284, 241519, 68742, 158882, 451341, 167215, 22964, 453156, 219019, 143521, 131897, 271513, 195202, 240554, 479364, 340650, 115088, 419316, 471958, 139386, 258154, 132088, 136491, 345920, 38456, 456441, 463385, 153231, 19574, 236288, 355419, 228528, 45838, 438816, 219123, 29482, 455644, 20044, 469440, 2120, 282475, 110295, 197668, 175157, 479002, 152176, 493058, 126222, 454220, 49244, 492918, 320544, 45934, 122545, 165971, 184766, 454288, 356486, 443489, 57458, 90736, 466920, 49878, 371255, 316306, 409034, 94630, 50198, 258741, 348038, 3249, 28269, 401022, 375304, 141939, 148485, 104343, 340142, 79427, 62430, 462391, 216530, 378145, 441224, 235681, 490999, 407367, 364164, 185236, 437466, 358358, 478642, 364098, 346468, 133560, 116562, 352129, 3600, 4239, 470259, 486002, 40339, 381735, 262278, 306579, 272708, 190465, 49419, 473101, 271869, 443178, 322113, 424991, 375826, 334151, 27002, 233541, 77042, 117364, 456179, 179576, 47403, 155937, 295062, 416764, 355476, 71160, 399104, 350288, 112621, 194915, 278662, 5440, 93667, 157471, 493728, 170195, 129741, 180750, 237883, 461818, 354944, 450487, 308721, 265556, 27228, 365134, 455576, 177698, 457954, 59268, 150955, 264520, 103749, 418067, 438138, 367926, 319205, 333773, 103371, 284733, 196974, 439896, 341259, 324543, 25364, 52154, 264154, 401848, 261894, 256410, 79284, 209822, 430358, 280138, 123172, 355334, 339565, 385516, 212384, 128452, 468213, 21101, 225271, 189627, 251281, 469824, 210990, 261271, 432467, 83963, 296448, 197204, 158399, 282903, 44257, 493731, 421220, 67166, 387068, 347641, 346063, 371785, 497162, 356399, 482539, 294982, 225566, 131942, 262903, 113465, 485207, 133764, 70752, 301859, 172421, 427700, 211936, 295403, 244573, 415525, 32531, 248109, 45226, 129301, 280005, 325160, 350635, 367841, 14242, 363178, 164491, 158000, 133591, 124383, 13868, 107860, 275159, 354519, 463248, 240697, 146996, 253367, 484265, 291527, 141573, 476281, 262298, 429478, 351587, 490960, 385888, 461904, 62561, 322119, 206386, 112, 487502, 234123, 414049, 495205, 16105, 384655, 374491, 9285, 267344, 271653, 103195, 408365, 457001, 332101, 209365, 456599, 207604, 271176, 5657, 307344, 442498, 406874, 107357, 34333, 398139, 38314, 374792, 303139, 181915, 499187, 414807, 23340, 394191, 403235, 147538, 400911, 131498, 362509, 1789, 311663, 409980, 293599, 196442, 109530, 379194, 297245, 330895, 421901, 315142, 307692, 50875, 66409, 65428, 331880, 54114, 174798, 71088, 318423, 381448, 1730, 460525, 33278, 223876, 333939, 453600, 251020, 76402, 70905, 465722, 148688, 327161, 399305, 82207, 214164, 56614, 69267, 145540, 147846, 253521, 51408, 205546, 54425, 287525, 432232, 214460, 456988, 209780, 22469, 423566, 406277, 73988, 149737, 120708, 90204, 147633, 213508, 113218, 364392, 402360, 158377, 146340, 325777, 31889, 356176, 368798, 480937, 242315, 45695, 326736, 428937, 209873, 18215, 221730, 85450, 219449, 203126, 277196, 441347, 331334, 383834, 474545, 150420, 254625, 418286, 77522, 24535, 385663, 406372, 285113, 351591, 157625, 355077, 18142, 457180, 399952, 335122, 417536, 410587, 229624, 97142, 465556, 61296, 397339, 349131, 312504, 434319, 184, 490617, 257059, 190380, 172092, 281510, 394063, 196219, 394296, 443036, 190382, 427223, 159487, 161139, 248900, 348439, 407645, 449854, 133148, 141399, 491047, 475233, 199671, 46500, 9614, 297809, 467206, 473225, 195719, 38613, 409073, 118669, 415195, 34590, 8123, 232252, 247478, 154339, 36697, 193282, 54883, 211284, 231214, 7738, 214544, 259675, 251862, 447971, 122912, 236191, 494417, 55229, 476903, 74370, 14854, 268958, 282714, 97238, 81064, 376505, 32482, 251061, 259001, 69568, 194589, 336510, 149312, 310429, 25552, 82250, 394370, 291602, 444694, 218156, 430617, 28937, 100181, 137503, 298176, 117458, 179229, 343544, 78487, 118188, 136191, 410356, 7577, 489647, 73487, 229533, 396651, 477934, 214166, 173527, 140849, 361097, 63109, 247970, 288438, 427923, 138834, 458820, 363508, 427495, 373627, 334630, 117092, 451923, 251416, 8227, 371329, 435024, 101391, 206935, 371685, 19737, 64313, 27514, 481521, 276275, 348451, 277893, 28336, 403824, 122144, 216237, 317252, 401323, 216979, 301085, 361286, 349525, 286543, 430536, 7088, 216505, 416974, 479209, 475922, 349396, 337314, 484003, 42452, 202884, 161712, 200207, 133628, 130830, 282600, 194624, 464218, 499756, 72156, 232322, 15878, 368714, 176590, 448800, 40657, 98202, 482906, 432841, 157375, 188976, 318541, 435000, 310179, 98941, 150971, 251859, 476512, 325211, 343635, 410559, 303000, 97301, 478998, 336513, 241200, 422519, 183027, 9746, 494838, 235516, 19703, 395743, 131705, 434274, 411689, 147657, 81383, 356930, 317744, 391729, 426326, 278614, 222688, 373401, 474029, 99932, 426325, 461850, 117474, 383730, 125157, 359791, 60216, 188696, 15581, 431573, 488550, 463295, 346709, 281595, 369104, 419219, 126421, 268906, 103050, 166696, 283924, 233281, 348402, 31299, 464212, 449986, 118762, 493664, 44406, 455277, 325326, 186700, 440642, 20224, 390385, 42008, 233594, 322465, 153340, 406092, 456556, 137303, 44390, 232518, 445751, 139035, 74968, 266222, 63252, 283544, 195625, 246843, 57285, 73052, 120064, 17820, 89689, 303171, 425007, 226197, 101005, 243390, 209770, 326712, 337123, 65460, 366103, 169302, 226603, 87015, 409081, 211436, 352813, 225077, 116303, 266469, 122293, 107685, 159826, 15161, 223178, 43752, 335360, 233630, 482911, 418175, 300253, 128452, 294204, 146664, 372431, 87270, 232495, 248809, 7277, 213426, 344445, 95028, 75260, 343719, 109542, 417693, 63424, 405492, 472988, 416569, 311936, 9711, 82508, 419995, 374615, 230051, 258396, 486470, 260963, 301941, 124939, 233728, 61225, 255293, 145347, 266793, 92712, 2457, 40226, 467849, 158991, 421855, 145264, 319784, 236987, 411057, 151846, 288195, 323412, 290639, 136026, 78635, 240466, 95739, 309683, 136486, 332172, 232594, 485186, 48518, 196743, 476827, 117461, 356083, 408667, 225340, 395097, 207145, 485011, 112175, 357972, 220199, 40597, 1864, 149371, 455246, 410723, 206030, 84906, 181382, 340652, 57758, 494944, 90305, 266923, 298639, 129047, 326899, 183862, 141843, 412593, 60368, 480320, 418299, 398233, 458882, 240990, 181399, 432774, 452113, 40005, 284489, 399480, 467631, 203951, 167881, 471498, 27590, 417636, 58400, 210801, 471601, 487998, 90980, 274745, 382659, 484934, 636, 375245, 262702, 220485, 238084, 351296, 191343, 211927, 432288, 373587, 465598, 56760, 143196, 93472, 2839, 292679, 380487, 405134, 390841, 163659, 227408, 318921, 55438, 281459, 430850, 88409, 278148, 253222, 175755, 347901, 186776, 499595, 190843, 326737, 436937, 107083, 95513, 389106, 483843, 431057, 118280, 62768, 156463, 199557, 162613, 318344, 90958, 59412, 182328, 329652, 307068, 446962, 175314, 135120, 376732, 33442, 82055, 290215, 149898, 249221, 99018, 105017, 466550, 258932, 290426, 228020, 56735, 434310, 446371, 186488, 243458, 281464, 392068, 76184, 463973, 116016, 446701, 54967, 492637, 128589, 134697, 287828, 66128, 64474, 245487, 20657, 371827, 180138, 265290, 411987, 153737, 254244, 128822, 458140, 124598, 194341, 403505, 205532, 27520, 492113, 214500, 406540, 227652, 120740, 431229, 137312, 183923, 170356, 160385, 461611, 299224, 478002, 337902, 110901, 413251, 373120, 38126, 481810, 493385, 341317, 491131, 464054, 245038, 12115, 285308, 260474, 115836, 96639, 458477, 219998, 156536, 494829, 304698, 95533, 380612, 314141, 359485, 380447, 427254, 160417, 99737, 377113, 436799, 476535, 187688, 90463, 390866, 25329, 279073, 17981, 123635, 271485, 329306, 109996, 65222, 370658, 336342, 304918, 454780, 95669, 382636, 32548, 189051, 163394, 392291, 164277, 332691, 452855, 233799, 302170, 166951, 267932, 232276, 71630, 120488, 139626, 309865, 19068, 167394, 403609, 472806, 348078, 438672, 239251, 438893, 93141, 369049, 475810, 120049, 331042, 308854, 394407, 372539, 240069, 336532, 308823, 495589, 312355, 196679, 475301, 250485, 101162, 76434, 166286, 207283, 175611, 37948, 315296, 383969, 371887, 450937, 383071, 3174, 289254, 350466, 454849, 483686, 247817, 247255, 179277, 322680, 380726, 205898, 291476, 388717, 437019, 140404, 441284, 268242, 257167, 134962, 436385, 221152, 56431, 58763, 181938, 367799, 410886, 307001, 224861, 451337, 375647, 392550, 253708, 464604, 432951, 220168, 142007, 85958, 451288, 145806, 467563, 255011, 116604, 356172, 42645, 307667, 127304, 422881, 140000, 31974, 409669, 162240, 403544, 51905, 333450, 247602, 36816, 303412, 24723, 468076, 456792, 100543, 462687, 222954, 24418, 144475, 135627, 176699, 292118, 339173, 175771, 190270, 162862, 358439, 415843, 89379, 48658, 206812, 213988, 271392, 343235, 476066, 219432, 262238, 394478, 483775, 406793, 420400, 247884, 432929, 91537, 52721, 292263, 217939, 315614, 437017, 224324, 33902, 447725, 333948, 92525, 354755, 12102, 126890, 430427, 381386, 86619, 362843, 448514, 242171, 111490, 308642, 155167, 299778, 433781, 331688, 64677, 446699, 450395, 16881, 278855, 464295, 135180, 152029, 45480, 295890, 62589, 298430, 157745, 430817, 15418, 329187, 423168, 408259, 47135, 301633, 106387, 480834, 146923, 361463, 335457, 227268, 317646, 124614, 283594, 242984, 393285, 144348, 312362, 206975, 444433, 117903, 409024, 91894, 329648, 69915, 47632, 334345, 149409, 308950, 20849, 390204, 54694, 263763, 393079, 14504, 440711, 101782, 171608, 292826, 461185, 411387, 291245, 273273, 470542, 121811, 295678, 408287, 222081, 98260, 335317, 426918, 486216, 406630, 493853, 21687, 132702, 180487, 276448, 330531, 259771, 1121, 28187, 371439, 100808, 86737, 130751, 374220, 374222, 405169, 310405, 189564, 448505, 301571, 491270, 103459, 301508, 295609, 25852, 212493, 129848, 453895, 230737, 139694, 249521, 304860, 361649, 374631, 82209, 232274, 306570, 284741, 51364, 281881, 264573, 351726, 345236, 241143, 272258, 260880, 289847, 14664, 322646, 215309, 62241, 259425, 145087, 182354, 365153, 268494, 312783, 358672, 126173, 388517, 210497, 300709, 233509, 30411, 24687, 416956, 242435, 175256, 102763, 345094, 154089, 335472, 51726, 144514, 200241, 307856, 444092, 199376, 462795, 24718, 440399, 256066, 349201, 261835, 39773, 430608, 89765, 417560, 318251, 490029, 244412, 444314, 87404, 116015, 186930, 83253, 424314, 272602, 402632, 38236, 193028, 316667, 365497, 126173, 309503, 491106, 291795, 139086, 499347, 430746, 171092, 201314, 452242, 216622, 50791, 419946, 367001, 39524, 23226, 489908, 64689, 70421, 208234, 290710, 417915, 117663, 238339, 483704, 180359, 233418, 430879, 437490, 41123, 42338, 271970, 335110, 336217, 88133, 405004, 248569, 162020, 403467, 249127, 435278, 181292, 325146, 380922, 174069, 339494, 349596, 378727, 411313, 98301, 372889, 334051, 322756, 273905, 170891, 446462, 433670, 459748, 455550, 251205, 141711, 61803, 496359, 14096, 381154, 83650, 117240, 475410, 300010, 244257, 171184, 281630, 283588, 168582, 134498, 348392, 321885, 395570, 256791, 372361, 190807, 39756, 348955, 221422, 138281, 300926, 71973, 146878, 49099, 428301, 273679, 104441, 141153, 122408, 107005, 365892, 269437, 283054, 374527, 243338, 272632, 295756, 204497, 48612, 459383, 91772, 459391, 454426, 197234, 277419, 412858, 268539, 218218, 373309, 7850, 127884, 231848, 41436, 474343, 279584, 419539, 60624, 122852, 235756, 153347, 341464, 474489, 262695, 249892, 329194, 429665, 232124, 57411, 436111, 13522, 89234, 125938, 170437, 91546, 133923, 392329, 52486, 417475, 184438, 471089, 222545, 254021, 39159, 374626, 122192, 237227, 329849, 201047, 247271, 152574, 256600, 27524, 47151, 337038, 234570, 367733, 343040, 393266, 230634, 54531, 449819, 233909, 474928, 433605, 235774, 313529, 423589, 201027, 327924, 212941, 345233, 121152, 161370, 153419, 74666, 309388, 420647, 103987, 476191, 289016, 248443, 441172, 198344, 353826, 160907, 240030, 64614, 348866, 143485, 124947, 42565, 279843, 452659, 293078, 468487, 377280, 109219, 161667, 301752, 379951, 126177, 388743, 358282, 250456, 121779, 192503, 150392, 321789, 229124, 243909, 492730, 496767, 152585, 36705, 2459, 17515, 62410, 443737, 315868, 471093, 96513, 320941, 408770, 224309, 329275, 400696, 385736, 81871, 136647, 102707, 156765, 25, 316531, 277953, 388262, 140057, 471817, 197013, 239992, 318101, 240162, 125704, 465000, 325969, 321007, 442215, 30835, 9274, 487058, 124262, 1809, 210432, 455530, 434019, 126384, 216903, 46498, 386583, 167075, 195723, 283305, 438337, 246011, 287534, 438321, 327817, 253526, 48966, 139964, 99284, 217927, 93152, 42014, 405340, 172150, 87666, 80533, 345128, 218286, 358218, 138245, 253951, 348005, 398948, 4730, 352282, 124192, 488714, 31131, 93177, 486164, 427356, 133852, 119282, 475093, 227223, 2006, 150971, 352852, 192313, 465247, 270005, 146050, 8324, 493978, 25930, 157157, 303758, 191821, 7662, 330638, 261939, 228355, 10829, 431979, 356700, 111919, 171626, 257663, 234527, 293415, 5765, 169886, 29027, 487526, 25537, 17873, 288354, 390378, 76768, 409408, 492619, 97156, 456714, 460734, 360062, 417661, 238921, 406811, 455849, 373517, 95871, 392095, 480223, 89583, 59114, 469825, 398758, 102241, 53107, 175766, 288434, 2848, 92934, 94930, 140327, 90466, 494911, 159962, 386315, 349169, 259285, 108485, 36665, 292367, 39996, 465102, 69423, 123569, 229424, 195788, 164989, 235474, 359476, 449739, 179866, 431284, 181184, 212426, 437028, 337886, 262503, 330634, 198847, 190972, 108070, 234374, 90116, 269134, 419276, 273598, 4717, 40029, 109011, 152416, 447599, 195022, 409975, 406368, 142328, 162609, 367798, 467156, 436106, 423769, 347153, 261518, 75882, 383615, 201852, 68471, 52861, 25186, 208767, 165131, 183825, 133554, 176530, 175099, 224646, 263409, 61839, 487624, 76856, 231662, 494922, 111371, 183797, 269932, 382263, 326176, 152312, 451859, 424912, 483916, 37569, 318046, 187723, 147667, 484155, 9380, 419981, 144810, 250047, 240715, 155558, 31691, 306806, 227735, 397005, 217414, 164177, 450192, 281978, 145120, 146120, 321087, 120837, 66229, 11178, 178609, 407237, 366755, 274232, 490688, 467710, 272862, 84838, 455327, 165586, 280858, 173429, 447008, 497625, 52843, 31534, 69720, 318374, 166329, 115521, 87274, 276581, 218180, 238378, 322552, 128391, 196312, 109114, 313677, 262132, 204638, 454082, 479258, 241530, 484499, 151109, 346530, 90417, 376246, 370417, 100765, 312544, 345233, 211327, 3422, 159471, 176928, 481688, 399697, 486535, 212901, 156097, 498902, 432288, 376836, 288244, 66323, 354056, 109177, 306007, 277478, 383490, 139372, 10424, 456050, 367796, 417097, 44366, 440449, 60631, 85385, 48772, 152134, 7785, 343469, 263056, 121662, 173620, 8459, 435952, 432711, 409115, 414231, 259865, 140148, 420108, 287314, 80122, 327915, 442449, 436200, 357290, 206340, 30107, 172985, 213791, 63443, 317935, 340266, 225011, 479022, 59277, 149439, 429978, 436205, 19929, 451293, 475867, 418003, 6684, 206823, 293087, 46754, 376243, 431551, 278230, 302034, 258429, 37584, 141746, 339371, 404395, 276843, 31575, 173448, 419401, 76610, 181367, 163829, 46613, 43034, 82335, 127051, 6046, 428713, 491333, 329869, 6509, 230360, 386383, 344882, 94025, 331217, 256247, 69508, 58791, 445556, 426715, 259573, 298887, 397338, 260776, 45309, 377103, 241834, 473352, 237923, 481449, 62756, 56618, 217740, 182555, 9362, 253039, 142981, 389268, 87086, 251671, 476382, 117743, 19222, 257719, 376252, 413801, 32488, 163461, 396829, 153879, 230032, 324087, 53494, 228331, 211375, 431482, 49004, 351842, 411341, 308725, 242847, 370815, 213053, 62413, 71041, 372518, 433766, 225467, 269239, 267859, 165135, 86680, 475639, 374211, 89413, 481621, 338510, 433558, 403542, 435789, 39676, 364102, 311018, 231581, 179852, 349064, 51424, 295280, 327905, 378876, 1813, 144798, 363823, 107500, 36242, 7779, 109087, 294807, 126311, 200595, 449221, 320872, 344677, 446064, 326473, 230751, 316331, 283400, 169955, 360293, 465739, 498947, 260736, 221133, 499755, 327230, 473165, 49202, 113459, 463248, 443539, 229596, 78276, 466194, 146851, 273476, 492792, 105027, 387626, 490088, 251694, 448425, 95988, 302005, 365608, 82333, 202575, 57347, 421009, 92007, 222920, 182862, 462735, 70357, 425467, 19930, 7118, 275039, 393552, 413822, 130756, 155380, 421918, 248329, 91258, 237170, 113010, 426109, 224726, 468468, 60756, 431145, 474273, 100494, 104484, 28695, 71368, 338840, 296980, 422770, 21771, 361601, 343276, 324673, 7396, 310331, 394844, 482980, 317122, 263351, 5500, 9332, 51785, 327163, 483356, 185020, 846, 4277, 291260, 298243, 19589, 212794, 173203, 433516, 496628, 108611, 76564, 273542, 447690, 88009, 460150, 478282, 220390, 281419, 442263, 9351, 132057, 276479, 266148, 367486, 467915, 125333, 333726, 404309, 85966, 417837, 450790, 244550, 304941, 94847, 250975, 403654, 106136, 499311, 394757, 459726, 420887, 39029, 390657, 407619, 155374, 338125, 227776, 168595, 274002, 88038, 181286, 90064, 192250, 191223, 57385, 187642, 413346, 327814, 104140, 193747, 181150, 492318, 464809, 312016, 132191, 142003, 243746, 455792, 55668, 14910, 497378, 459767, 257063, 410441, 45805, 62481, 5206, 8675, 37310, 196013, 170814, 466943, 81390, 434366, 47800, 396994, 120451, 433123, 131895, 6466, 125438, 165275, 246217, 472333, 485260, 275987, 208888, 96142, 264954, 122364, 483064, 21521, 260920, 223866, 27753, 67431, 438640, 148522, 380353, 79459, 475276, 232058, 473110, 480954, 349522, 467212, 436629, 324640, 170101, 441836, 435037, 446286, 47223, 479126, 494174, 496648, 406021, 134482, 351197, 243693, 391281, 180117, 37807, 464547, 198428, 330308, 88141, 390017, 436223, 289635, 373647, 356065, 39121, 269869, 488002, 79241, 468809, 284075, 112956, 48934, 421940, 234761, 363865, 312953, 41436, 204862, 388821, 6122, 152679, 362722, 86355, 232928, 320942, 482182, 397778, 241901, 370604, 290195, 317622, 97025, 260769, 449638, 83917, 130735, 70938, 12423, 207577, 107890, 74376, 400060, 329308, 412990, 381936, 12794, 135310, 281829, 13171, 290304, 222313, 453112, 154226, 210147, 237246, 196029, 268028, 463470, 70077, 388613, 330290, 439688, 343504, 159850, 477497, 187739, 299509, 420793, 315474, 354148, 371351, 71679, 346280, 230427, 450053, 211938, 250348, 312850, 139266, 219309, 444438, 122041, 5524, 173900, 9094, 124057, 28418, 39232, 299153, 103180, 401996, 80283, 133078, 418039, 34465, 74084, 112209, 490276, 235514, 422953, 317908, 365113, 146260, 378531, 339779, 290782, 69516, 443210, 403943, 230584, 15013, 196138, 150128, 37255, 352433, 233973, 194787, 165102, 66976, 321412, 306762, 246244, 423140, 392908, 453971, 97406, 194589, 411617, 80713, 430924, 314937, 246924, 31917, 471571, 117571, 187070, 126821, 252258, 222623, 407816, 128370, 138505, 146056, 295371, 272417, 453437, 356549, 45749, 110172, 195386, 240310, 110753, 317957, 5966, 441299, 498388, 476416, 208232, 122003, 373819, 210055, 98835, 46269, 253478, 467205, 102796, 317150, 127767, 228602, 4142, 307466, 133331, 478245, 408875, 72525, 224358, 20847, 230912, 479122, 377917, 331280, 266565, 286438, 155469, 236303, 157881, 112540, 92378, 140981, 385642, 72674, 216244, 152418, 433354, 318591, 267537, 457492, 440575, 353047, 131463, 58629, 431576, 421399, 240938, 9885, 240861, 453784, 431352, 3626, 364414, 284518, 83983, 469415, 161312, 364847, 9250, 175186, 404647, 182344, 283036, 131141, 435438, 226850, 423429, 66747, 123880, 290391, 363310, 71090, 153178, 234671, 497853, 449344, 484839, 315782, 338006, 96174, 36010, 218916, 207636, 435704, 301993, 112422, 32552, 192266, 446276, 487649, 445751, 421382, 463091, 404448, 64029, 162730, 466503, 14096, 419701, 116347, 401076, 403209, 52440, 430862, 213433, 156435, 258381, 54643, 338753, 239680, 191804, 136524, 416610, 267287, 347852, 292446, 400646, 346052, 156931, 473882, 494772, 446287, 221175, 305618, 62937, 465323, 447278, 228359, 46708, 394206, 140867, 459407, 235140, 157038, 70685, 353602, 43013, 485317, 96465, 342186, 420042, 109018, 340390, 67383, 237422, 453547, 74860, 316293, 420148, 376940, 174852, 447987, 51259, 478878, 421467, 69462, 447628, 82584, 318587, 18621, 13980, 393145, 203674, 404644, 435728, 457156, 419207, 405285, 106933, 241151, 229035, 173008, 6485, 62094, 16128, 160310, 64323, 355088, 161666, 125285, 217308, 257552, 118355, 176369, 435358, 111016, 452211, 357908, 454376, 87632, 164797, 461918, 228880, 312092, 332788, 358452, 358573, 298429, 55027, 360539, 394433, 248884, 367005, 209469, 303401, 228734, 6364, 94925, 107383, 314368, 464685, 96198, 109556, 180765, 49214, 324129, 429164, 265777, 292866, 284378, 208223, 316617, 435716, 335478, 199194, 272683, 215196, 446783, 27806, 464862, 6060, 160575, 324646, 435312, 221094, 3260, 323203, 171184, 339628, 341240, 249697, 312418, 450386, 212366, 55878, 370026, 29216, 431657, 372816, 219484, 13037, 490161, 131146, 88492, 274986, 466319, 247963, 487776, 493971, 133948, 486595, 375799, 438209, 129725, 82272, 391104, 399116, 186614, 275207, 295999, 484179, 66401, 59957, 296116, 333391, 159220, 400079, 291451, 274399, 368096, 247836, 7032, 442186, 340072, 473937, 366155, 39516, 315574, 91597, 416706, 217188, 255462, 97966, 444014, 483699, 386159, 496563, 62710, 77716, 117697, 304092, 123507, 104472, 125251, 465570, 155236, 371104, 231357, 44321, 178485, 427742, 40657, 408764, 252875, 410556, 133844, 380575, 243384, 342592, 238268, 324403, 330814, 405097, 284325, 1697, 319678, 135637, 338564, 486360, 168156, 33463, 461754, 302575, 397314, 466265, 328792, 365701, 393048, 285261, 405506, 331718, 142388, 361326, 383263, 310083, 28581, 100321, 230823, 330487, 271223, 254671, 399756, 409362, 112760, 159623, 19760, 353350, 39839, 261130, 444488, 119495, 11182, 407392, 111128, 239541, 119598, 344953, 155746, 122483, 331229, 470219, 145735, 241919, 93791, 68365, 158817, 60004, 1746, 364788, 376638, 464493, 250118, 404718, 344495, 476494, 166912, 408184, 168272, 46793, 297097, 118081, 240976, 254419, 368190, 160371, 447398, 270925, 65819, 128445, 164136, 342987, 296602, 153709, 343709, 43012, 10780, 315426, 311443, 471647, 288457, 487730, 150951, 69620, 329801, 144230, 489199, 179659, 61625, 65488, 430380, 95769, 402670, 243719, 323502, 165147, 180830, 254389, 62992, 405760, 307289, 12452, 400052, 479388, 238224, 185958, 412892, 411056, 360840, 33709, 278668, 139517, 144466, 408525, 443217, 105554, 281418, 366322, 440564, 153332, 296708, 329451, 333631, 105937, 251482, 299126, 415667, 228389, 76039, 8766, 489285, 441600, 215826, 100905, 324727, 407210, 272881, 420961, 67619, 453948, 385565, 329041, 108553, 214941, 188699, 329936, 253567, 437748, 202826, 121758, 463951, 50562, 39094, 356510, 420273, 199285, 477214, 338014, 142315, 104969, 391012, 268260, 217589, 438725, 6161, 242421, 264879, 499923, 458199, 302052, 480876, 126540, 347106, 314920, 361912, 371631, 402130, 420627, 94289, 162355, 457760, 432182, 270390, 350724, 154065, 471543, 217498, 161258, 374329, 499706, 397667, 456390, 353165, 323108, 143833, 334574, 491146, 264896, 431985, 131432, 270169, 378108, 437982, 228400, 12972, 111818, 8834, 314648, 174409, 70094, 290351, 1021, 232554, 211186, 310871, 194563, 162685, 50073, 426421, 50387, 237931, 83181, 289981, 215606, 401597, 14212, 200249, 447511, 199106, 65542, 462140, 456923, 250273, 133566, 38336, 283711, 132099, 155756, 114310, 494208, 353152, 4603, 497207, 356509, 168395, 171435, 445738, 258957, 492766, 340836, 258540, 53361, 102650, 318175, 315399, 332706, 288270, 117005, 353577, 310053, 315643, 449241, 306904, 474018, 6297, 350137, 287090, 88686, 271557, 78594, 191314, 225130, 128698, 324207, 191512, 381566, 79784, 248588, 202235, 338712, 336614, 436312, 259359, 491365, 316092, 308065, 168166, 412008, 286035, 175441, 130019, 144697, 251554, 84471, 266502, 169627, 315075, 390657, 370645, 320657, 345132, 422336, 232633, 32452, 392000, 298070, 79944, 51077, 340415, 468025, 473102, 89710, 27142, 175450, 256241, 410801, 461513, 94644, 309727, 28708, 426432, 387994, 434999, 75192, 382496, 185799, 263248, 26685, 384655, 369160, 34126, 170644, 46386, 486705, 135373, 454165, 126691, 110628, 348060, 72996, 186767, 412291, 219287, 106051, 393753, 296321, 339187, 124282, 233455, 61587, 276942, 237744, 403256, 466894, 127108, 161169, 467207, 124750, 453531, 164073, 328787, 360223, 17070, 420725, 85570, 318781, 493435, 136850, 172006, 322918, 8822, 191427, 455088, 401451, 65181, 477218, 316721, 205021, 216889, 126253, 140138, 313048, 280300, 330353, 157008, 356335, 201602, 252784, 320984, 496400, 447171, 460693, 82626, 55939, 229316, 218041, 250887, 142135, 270175, 46140, 210950, 419895, 120431, 235627, 142704, 425732, 298009, 98632, 387877, 110403, 197900, 105842, 347451, 215388, 205700, 306744, 473101, 348202, 80161, 206894, 5797, 423664, 74570, 13686, 393892, 4424, 351259, 195294, 84935, 352445, 274216, 427225, 176997, 250574, 481813, 367413, 361873, 171851, 4029, 267920, 304022, 242375, 474290, 355545, 167346, 240620, 247281, 173255, 413179, 340407, 138174, 410348, 105846, 387281, 296175, 73289, 457634, 208180, 131156, 180824, 98489, 390761, 161798, 265736, 97553, 256324, 7459, 170330, 151409, 234729, 174169, 260698, 131589, 99632, 381344, 180917, 47555, 237534, 348602, 226528, 268184, 452969, 3882, 187074, 262873, 347151, 179337, 357100, 357971, 364344, 400517, 400665, 112575, 239837, 186849, 326657, 390714, 283215, 101349, 430574, 499846, 398136, 366229, 344726, 304468, 58145, 310021, 208557, 6821, 12770, 438288, 463961, 276536, 450307, 268515, 323721, 48709, 273470, 259671, 232206, 130680, 241805, 104482, 161936, 87656, 476496, 476944, 117587, 193498, 220785, 442527, 91592, 435103, 130819, 357726, 39917, 82187, 70463, 114921, 276339, 399784, 253873, 400375, 398366, 195195, 130174, 40025, 215461, 117190, 142294, 397302, 86318, 299464, 345840, 289805, 309532, 242136, 208105, 121739, 382105, 60902, 450527, 409146, 174867, 188471, 262456, 152379, 269783, 344124, 138294, 435784, 427287, 130370, 110874, 254991, 474692, 212203, 363770, 242562, 386988, 59782, 95515, 71840, 418282, 170560, 359816, 265282, 285420, 147757, 414176, 259647, 323721, 48736, 110700, 153698, 357737, 334331, 380982, 1034, 257246, 255972, 434225, 395165, 479531, 292814, 67533, 286852, 303980, 436940, 131245, 221105, 350240, 191854, 124054, 186139, 236409, 368260, 296987, 9016, 437070, 12709, 119475, 487532, 423107, 70515, 394093, 451407, 77087, 222175, 344394, 399984, 29047, 391032, 283231, 383285, 238726, 238251, 56589, 23967, 134614, 376771, 282722, 371399, 250973, 450517, 460840, 314220, 402967, 125848, 175206, 230572, 120901, 431607, 410937, 477988, 288535, 93470, 92582, 298551, 77689, 219726, 408989, 484381, 462105, 195172, 402264, 153883, 423814, 191028, 338799, 31926, 315703, 340595, 117955, 85705, 84525, 43595, 10300, 451697, 13270, 314665, 232962, 80848, 39342, 281175, 373823, 179464, 360992, 214302, 53642, 168543, 138907, 65793, 254216, 133329, 493153, 161750, 230258, 78816, 401565, 275464, 229700, 180378, 421362, 198269, 331441, 318295, 135595, 452523, 99682, 405128, 392711, 272861, 92768, 378531, 191625, 464957, 169499, 296496, 244235, 292019, 88422, 21462, 291870, 367264, 255430, 204710, 338396, 366175, 97637, 4058, 409868, 141286, 436836, 468593, 357049, 132299, 188865, 455651, 357729, 150006, 177519, 199898, 309730, 109420, 226698, 362863, 382979, 81349, 459327, 181320, 388057, 50485, 266042, 209346, 415142, 389663, 183208, 87888, 226462, 266940, 457474, 276115, 300165, 186674, 118888, 215727, 34040, 295751, 107298, 368374, 142996, 26915, 328192, 187397, 212770, 275587, 429360, 77246, 433607, 84454, 111207, 94009, 360519, 9182, 8658, 254657, 81752, 167358, 497566, 374449, 216655, 438600, 144769, 62477, 248950, 333414, 69940, 332000, 73342, 368013, 456821, 241590, 12914, 228173, 375963, 415483, 143620, 382215, 187496, 119544, 304942, 5606, 89838, 127629, 349259, 135207, 378257, 399787, 305374, 61182, 260750, 347796, 327564, 17476, 315323, 147082, 32528, 486108, 298647, 378566, 161166, 430194, 76176, 182287, 319831, 100645, 438338, 223029, 460573, 435905, 371041, 359519, 258082, 454955, 343701, 117025, 463953, 204766, 485969, 122359, 323059, 417020, 406714, 31018, 414299, 461640, 81972, 13191, 430820, 416290, 221488, 55165, 325514, 128508, 447997, 376742, 483012, 184921, 359946, 349496, 112944, 334128, 262611, 463042, 162867, 345162, 139150, 198007, 406239, 319413, 416494, 394053, 82168, 459345, 228075, 28620, 433468, 445864, 375128, 31350, 303822, 154170, 310516, 384146, 440529, 96149, 398400, 272490, 224549, 190591, 28609, 498508, 208036, 372033, 91270, 467634, 271184, 254647, 261191, 54228, 327695, 162191, 419741, 176168, 371876, 214609, 368094, 418228, 235400, 68352, 348592, 293429, 311509, 287019, 400180, 174984, 305063, 91425, 23081, 363050, 76362, 306933, 376445, 207161, 154007, 461483, 125319, 284156, 91420, 193586, 459716, 20142, 22287, 102247, 430269, 176690, 35393, 438858, 325907, 471647, 339261, 104325, 200124, 82051, 244778, 479084, 336254, 328559, 415684, 121665, 44758, 196241, 129501, 487526, 102968, 287162, 334909, 162220, 43098, 437710, 450400, 98695, 347320, 241384, 21725, 86083, 247860, 439755, 447522, 277673, 178253, 79562, 239897, 458037, 28023, 234825, 243792, 18269, 26712, 143081, 303031, 388820, 351580, 137155, 437346, 136090, 494262, 74888, 183916, 376974, 54669, 128886, 131763, 273107, 322882, 133586, 253445, 439643, 299057, 310935, 353011, 496874, 268848, 465973, 392217, 384821, 15905, 281128, 271134, 224934, 429529, 248867, 188135, 480504, 128760, 203365, 309754, 97819, 8775, 83652, 333955, 491243, 422788, 381912, 243660, 177033, 6709, 133433, 181693, 432621, 438811, 35331, 448659, 311726, 118056, 374125, 424407, 443647, 339028, 159437, 325540, 197279, 425062, 461223, 182854, 264379, 369191, 395762, 350137, 169754, 210006, 395522, 381787, 69734, 71584, 402864, 73778, 208287, 306242, 78624, 481811, 40831, 184306, 495473, 399270, 396937, 112145, 491425, 374277, 171725, 438460, 483842, 417011, 44617, 7939, 385278, 294527, 250831, 316183, 86575, 125933, 447932, 240951, 59062, 135918, 416128, 14481, 83984, 140868, 399666, 457004, 232289, 486076, 496259, 435908, 18365, 122108, 159204, 341300, 122663, 227516, 299380, 393354, 405043, 400666, 114066, 240229, 73720, 139882, 355029, 381032, 480071, 435628, 89791, 392080, 338049, 360315, 250415, 372991, 251790, 335356, 477975, 325185, 485080, 334272, 76329, 487653, 236133, 451507, 430421, 31847, 171698, 144163, 418488, 415319, 110738, 370242, 301220, 387452, 214437, 216250, 130854, 173449, 68546, 200050, 119413, 230277, 249994, 275044, 27342, 296222, 72177, 193652, 252642, 404862, 194366, 112290, 83142, 152046, 396011, 259552, 478426, 380208, 44015, 32386, 189766, 430074, 43170, 407474, 170131, 42364, 148180, 228332, 243191, 464909, 278860, 431946, 168943, 325406, 411558, 356349, 254289, 386416, 158013, 172834, 493377, 421413, 224434, 198149, 341236, 191356, 363296, 472722, 401587, 117177, 238344, 161015, 292980, 323997, 494102, 211618, 270789, 92514, 80136, 477433, 279077, 107691, 456725, 495828, 74039, 401334, 56135, 482108, 163619, 295297, 34279, 449342, 63425, 181191, 410203, 463980, 59686, 240171, 223080, 438792, 442021, 209401, 417644, 47113, 432069, 378014, 374308, 182909, 318669, 159579, 226429, 79339, 41392, 98352, 441602, 182830, 88170, 117817, 91776, 108162, 488325, 218916, 481544, 221407, 407355, 386572, 489524, 214759, 11155, 3525, 27957, 189283, 293114, 211952, 340769, 276474, 103290, 110748, 261931, 3086, 272673, 83846, 282395, 366149, 205944, 450596, 134547, 127408, 439803, 393908, 207491, 147435, 43625, 439220, 297439, 202526, 431162, 125177, 376223, 366523, 139877, 377007, 82097, 274956, 439712, 421587, 102393, 274176, 281736, 442181, 83235, 381549, 285995, 384200, 141423, 142759, 41788, 174881, 356150, 390734, 260399, 190340, 251501, 377734, 137089, 93017, 229831, 483894, 199845, 133568, 216639, 194575, 132147, 61834, 247580, 386336, 86939, 427021, 499570, 358164, 196885, 9805, 487759, 340055, 310191, 155299, 64066, 95085, 111310, 124682, 496820, 445278, 306636, 227281, 75882, 213028, 245059, 216775, 160635, 28382, 252395, 253392, 170498, 83271, 417537, 293573, 347915, 142816, 403335, 155426, 207064, 168725, 441005, 289588, 271958, 258058, 125291, 71656, 315156, 262894, 356721, 494609, 437783, 394930, 155697, 57358, 381614, 46241, 256092, 423015, 268749, 65992, 121093, 421485, 423141, 440688, 344052, 153281, 272949, 416336, 4546, 21800, 229295, 494969, 195861, 261147, 50967, 491975, 150862, 291824, 208535, 428538, 97487, 111090, 383554, 206475, 280281, 409235, 335772, 438522, 210012, 328318, 421711, 298596, 124815, 12567, 76138, 379405, 285996, 471987, 207801, 360391, 475009, 50246, 333314, 344743, 361378, 261805, 262912, 480829, 320366, 143328, 159749, 411032, 121318, 227149, 494070, 361697, 235742, 62798, 376389, 219406, 376430, 480206, 171268, 483327, 257293, 237389, 164406, 316401, 451444, 51567, 291520, 463675, 454344, 16505, 91251, 262315, 121709, 97451, 52719, 182593, 390711, 190840, 274121, 28715, 314647, 398360, 96435, 371908, 50852, 127452, 2344, 65771, 427812, 41399, 188148, 193090, 123168, 187789, 231104, 149614, 48950, 32810, 347720, 75034, 446070, 298166, 197347, 62955, 177971, 148454, 412976, 275411, 118722, 86705, 252422, 342696, 22944, 99224, 489891, 58923, 349371, 99872, 386323, 51586, 123785, 15770, 159976, 108144, 91262, 435186, 385038, 142494, 421825, 460113, 261969, 420676, 124623, 497611, 279913, 189002, 98793, 381785, 109893, 27275, 483022, 477579, 159111, 54374, 80688, 155543, 461706, 337802, 342730, 428225, 328090, 121455, 171738, 146314, 70151, 298612, 320583, 206821, 224372, 49667, 472620, 485081, 86625, 392457, 451906, 273583, 341246, 430159, 171905, 277137, 199917, 263269, 481968, 59642, 14239, 165081, 405185, 9316, 269947, 113570, 127761, 71826, 399007, 42169, 489931, 384557, 193651, 31807, 47118, 467690, 388065, 260835, 448902, 489120, 197749, 2248, 379208, 108668, 323120, 132491, 309748, 441417, 159307, 475364, 419723, 266712, 285519, 302639, 366470, 485947, 270068, 384997, 280067, 201578, 143978, 142727, 335246, 32163, 374130, 82641, 173898, 177689, 304460, 237096, 3124, 168664, 334038, 106839, 448408, 313069, 18882, 165462, 127496, 487367, 199859, 377571, 88546, 11372, 319945, 307882, 203965, 237145, 128633, 403038, 283622, 228308, 164367, 237756, 414705, 478024, 25807, 299691, 33151, 428135, 448356, 271420, 104402, 196053, 108133, 87000, 261867, 21788, 133866, 236159, 51334, 63439, 118953, 19470, 35801, 55326, 159251, 49277, 75503, 459101, 70808, 106493, 306511, 129823, 5905, 51483, 119718, 243401, 348482, 215946, 185402, 307770, 137908, 420382, 25891, 33502, 404575, 167301, 421711, 300101, 147760, 393647, 102247, 226151, 67881, 91507, 31088, 456637, 383323, 204207, 494979, 42134, 21789, 260974, 98208, 20903, 199006, 60682, 179815, 443980, 202839, 117675, 356442, 429080, 406407, 309974, 63155, 222660, 309618, 83272, 183303, 274811, 192095, 181757, 39414, 69763, 316469, 116458, 397389, 212855, 96017, 410167, 57072, 63316, 59714, 315680, 185827, 392423, 428372, 459571, 167708, 1474, 780, 359816, 333939, 267004, 453773, 182512, 70406, 407387, 23499, 42670, 453448, 15324, 203656, 228699, 455099, 389985, 26333, 260772, 372667, 40208, 164484, 464303, 326711, 98035, 41719, 73371, 124843, 336922, 351340, 169602, 441551, 181004, 222249, 497814, 198090, 177668, 239728, 267586, 111293, 266117, 272284, 130713, 457279, 269270, 352489, 344036, 244134, 348110, 336386, 437503, 450168, 453884, 241367, 354258, 319356, 43244, 359962, 33601, 438041, 108310, 444238, 160534, 54088, 55029, 432293, 420875, 293236, 65735, 139148, 374860, 407077, 59243, 425945, 8037, 433107, 56389, 305313, 313509, 384689, 424201, 337326, 391149, 198296, 301840, 171993, 144108, 216978, 456400, 114523, 128260, 450990, 137374, 433631, 17422, 377064, 382161, 182209, 1247, 111208, 261839, 209566, 358840, 452986, 291872, 381951, 253335, 427812, 87238, 129369, 389052, 296894, 17872, 337198, 213816, 439198, 170358, 389811, 304257, 141222, 268226, 394029, 341374, 205237, 288443, 360278, 163694, 318413, 419159, 216759, 368312, 291874, 235727, 185089, 196114, 458269, 494467, 93377, 418681, 319409, 253977, 339220, 150783, 177210, 294135, 169456, 457640, 188407, 221740, 289160, 192677, 182263, 462345, 18537, 453430, 112253, 280652, 303911, 279493, 357405, 348393, 21187, 447100, 358164, 354962, 451463, 284236, 476385, 191408, 127787, 196867, 186555, 335462, 168819, 33334, 256299, 272940, 225908, 57395, 202096, 188995, 485110, 267775, 187077, 82246, 158605, 139343, 298449, 221982, 58279, 113045, 291911, 379746, 212707, 344408, 201819, 443467, 429113, 25242, 366255, 434559, 392063, 199765, 397232, 381480, 366144, 267151, 347141, 236622, 452141, 402125, 481825, 145819, 470208, 417646, 389150, 106617, 186980, 233621, 433286, 358119, 305780, 483930, 38401, 375172, 180355, 207009, 435584, 289780, 106273, 16649, 495377, 232825, 215135, 62068, 497460, 413111, 439507, 103078, 164389, 243029, 470202, 72557, 281173, 380521, 475724, 236890, 493529, 105141, 471040, 234321, 414339, 338340, 377525, 438825, 5500, 124670, 227941, 269311, 47420, 291282, 86600, 244395, 188267, 160561, 52422, 236950, 325827, 5959, 133623, 200635, 175930, 185387, 127824, 338484, 75013, 312464, 293546, 68500, 35283, 447892, 170738, 294315, 338599, 464177, 406849, 245078, 373899, 131926, 45841, 288690, 221202, 120903, 341772, 73700, 337760, 418156, 415498, 453981, 356310, 43809, 20375, 117260, 293187, 333853, 382448, 426769, 425355, 241832, 451709, 370723, 2537, 121195, 202606, 488615, 68054, 220353, 424553, 249532, 240872, 110870, 173921, 293499, 156998, 420561, 28042, 262912, 75757, 149218, 213872, 187510, 213535, 349272, 377780, 263601, 317205, 111660, 255256, 192470, 468557, 451851, 109794, 205034, 357207, 293314, 271593, 456700, 70451, 186291, 95313, 38990, 257125, 420618, 340011, 33568, 355802, 14038, 290788, 276573, 176638, 42806, 135656, 329469, 175482, 88697, 9695, 424199, 88855, 258671, 393213, 149084, 434215, 313267, 27980, 265519, 135619, 426143, 243305, 28360, 383414, 417784, 127907, 52333, 272128, 417328, 73940, 268388, 446922, 77145, 408903, 33758, 83883, 146798, 337795, 339435, 230264, 52587, 148688, 151176, 336371, 211139, 40192, 350889, 268005, 32760, 362993, 123024, 267174, 452264, 69070, 452996, 437100, 487945, 17932, 459182, 96896, 258986, 407183, 39111, 115309, 34051, 405623, 468485, 213745, 247434, 276439, 218520, 78566, 278001, 408747, 90454, 32771, 53708, 176667, 328112, 316109, 111680, 8658, 115570, 116091, 161365, 148400, 237890, 329523, 396364, 322754, 46485, 177806, 124790, 131724, 163819, 321969, 197365, 436856, 442603, 311426, 278951, 318825, 180864, 7948, 151965, 193179, 61654, 76404, 414953, 250318, 125234, 178707, 302959, 487873, 277372, 185363, 479506, 470544, 432564, 271763, 119623, 41290, 215502, 146773, 208889, 223370, 225819, 27943, 207026, 379102, 31787, 35367, 495962, 225300, 2686, 440548, 178373, 3012, 116259, 237259, 235062, 232168, 340346, 200756, 303167, 391597, 82771, 265151, 369271, 9622, 220180, 486164, 56798, 109559, 418853, 141351, 4710, 274759, 24300, 125974, 428809, 44382, 200790, 377899, 359589, 131154, 85548, 136860, 98864, 160822, 333757, 360522, 406933, 492543, 484163, 192006, 243558, 34883, 238990, 28992, 86455, 476813, 381651, 147532, 53672, 443622, 331347, 312883, 427325, 124872, 99899, 441624, 35159, 41494, 399971, 126177, 130282, 211009, 264338, 238005, 472892, 455010, 238565, 34399, 202762, 281062, 465389, 82105, 225518, 175840, 194057, 176115, 412822, 23619, 495602, 467128, 309980, 324492, 444477, 408771, 322864, 78055, 157817, 471501, 172080, 278357, 245740, 279776, 69029, 10730, 52896, 303932, 203666, 306546, 439752, 42613, 88314, 472518, 6556, 282075, 339020, 395242, 350476, 391751, 148759, 388312, 139185, 298713, 218704, 260393, 54982, 162655, 334786, 255135, 150928, 60807, 342133, 165134, 300728, 19770, 43962, 349263, 388646, 380942, 370222, 431075, 364918, 266544, 155859, 260367, 433374, 190055, 438488, 175261, 45536, 135137, 181910, 227519, 148132, 391171, 249121, 141778, 15692, 413745, 371044, 469801, 218854, 145008, 9472, 143481, 89695, 89680, 453293, 262981, 399587, 102436, 342541, 9048, 168288, 394322, 476572, 175811, 373009, 336658, 209209, 29752, 73002, 362337, 254491, 378909, 51256, 419277, 385179, 417400, 471661, 236247, 458140, 291842, 429890, 364331, 416542, 197135, 332049, 198695, 284412, 326097, 117559, 266508, 329796, 415363, 417435, 188973, 162028, 377037, 83999, 420103, 283465, 445936, 19689, 341981, 101462, 303318, 305363, 79411, 84126, 269423, 64360, 403396, 468539, 62869, 104773, 370021, 418961, 80671, 260966, 170497, 443238, 160204, 249820, 450110, 100177, 291542, 171686, 317314, 318413, 209477, 336939, 324677, 202415, 474522, 205845, 416856, 326876, 157717, 316880, 255315, 329629, 440587, 63372, 354071, 148953, 58404, 396743, 422219, 328373, 253196, 84601, 115232, 165204, 158179, 140727, 399830, 194054, 337489, 362891, 491577, 264247, 104595, 128411, 243990, 416370, 452950, 68295, 467698, 231004, 282211, 207894, 75959, 234641, 202811, 141346, 83543, 81693, 204843, 195073, 120344, 158533, 374525, 60334, 286523, 101461, 1302, 86934, 114878, 293930, 3151, 370339, 263203, 494547, 459767, 5110, 331093, 448116, 268365, 442906, 50449, 376932, 157947, 281221, 112467, 423907, 9604, 146257, 9816, 318520, 389018, 137875, 75983, 206945, 436998, 241982, 385262, 106028, 210484, 291895, 272347, 74493, 157098, 385927, 158618, 153713, 261229, 59975, 16055, 138687, 196734, 40998, 184838, 361729, 245189, 355191, 259745, 200463, 402339, 160533, 362952, 221454, 174916, 447862, 36038, 286620, 154534, 330205, 476399, 121512, 430260, 179181, 469960, 491445, 324340, 480098, 370418, 84257, 177180, 479406, 437313, 41585, 115317, 472013, 397607, 133391, 282930, 131337, 99086, 187303, 68613, 320628, 300254, 293753, 415228, 460538, 250592, 235579, 62558, 71440, 393790, 68471, 300191, 478591, 253803, 287833, 259156, 203345, 43318, 323620, 464349, 18225, 171553, 244733, 394295, 264629, 451895, 115720, 342092, 125605, 358416, 21783, 495341, 8542, 119905, 58443, 275138, 270908, 54278, 250050, 188413, 404216, 243487, 426956, 256441, 54665, 350789, 393421, 20243, 183376, 382965, 272673, 72056, 395430, 20199, 304269, 102453, 438188, 314358, 227775, 411083, 277069, 180220, 167570, 318686, 396747, 314400, 320192, 356431, 253693, 264762, 289384, 211714, 242926, 278558, 361888, 373783, 200108, 418826, 427945, 112174, 61123, 438811, 453129, 463509, 305206, 237254, 372375, 159824, 357189, 104170, 401377, 16854, 294745, 71919, 359107, 157726, 265538, 208446, 58339, 319553, 161719, 467644, 89032, 82629, 466683, 172027, 273651, 465966, 260845, 400599, 146241, 403737, 371785, 129882, 422241, 208152, 254748, 162419, 322189, 85729, 378481, 193166, 267237, 26731, 103509, 5545, 406990, 173922, 6121, 311794, 488490, 233764, 263588, 322597, 89921, 328391, 21197, 53607, 17731, 487261, 380613, 104222, 370599, 172214, 110347, 128380, 235891, 264106, 379023, 227236, 322703, 161876, 381052, 192925, 71734, 20421, 263174, 157434, 332755, 408996, 233246, 394076, 216573, 81494, 338055, 430857, 63625, 459811, 305351, 239482, 405684, 343504, 228889, 427977, 293454, 310814, 427732, 497763, 243712, 350978, 402006, 263226, 194218, 23301, 342733, 122410, 201327, 286077, 85490, 366980, 110582, 114952, 181026, 488806, 497090, 224237, 188003, 309445, 364360, 468911, 317984, 14419, 485632, 59069, 316080, 377163, 355109, 64696, 267466, 50882, 134113, 495287, 119755, 436507, 216236, 188732, 194973, 179788, 240963, 269622, 287644, 465664, 174791, 349315, 52808, 331009, 431992, 5780, 39713, 462183, 465998, 15892, 452762, 315772, 67316, 54881, 406022, 162156, 387373, 33738, 160699, 267231, 318717, 447344, 102514, 360958, 364240, 340131, 17062, 265692, 176261, 180043, 50026, 201678, 270565, 174429, 305183, 354225, 443741, 46031, 300219, 268577, 21398, 340210, 4671, 396090, 391024, 242969, 120293, 84833, 241489, 96403, 357897, 350718, 196250, 153632, 313386, 417542, 280666, 232748, 75350, 3992, 473696, 368467, 209709, 66430, 87652, 217912, 378970, 207908, 336262, 375219, 477970, 164850, 455594, 70233, 185310, 96663, 273647, 367923, 159812, 54768, 186599, 754, 102583, 143016, 441629, 358414, 487693, 309244, 308373, 387128, 230900, 290160, 365109, 428600, 283469, 408425, 243748, 421176, 358691, 33438, 474105, 292077, 394067, 462671, 227395, 149631, 462781, 384073, 309136, 75689, 264177, 22223, 52599, 121983, 244281, 9230, 233802, 398134, 200600, 114041, 63780, 401489, 115887, 52174, 280622, 157464, 427510, 402277, 199100, 21434, 122913, 467977, 248099, 251324, 250242, 344297, 71489, 447757, 93685, 390773, 101706, 476443, 477967, 303287, 450018, 177916, 67538, 23819, 152901, 108508, 415775, 406772, 423816, 57598, 407503, 5086, 306940, 393573, 224090, 382041, 480145, 287630, 273452, 379206, 391585, 394567, 141467, 209724, 156006, 148607, 329771, 116439, 473259, 307302, 392040, 119097, 260709, 365160, 109425, 490714, 319624, 82747, 59836, 139344, 415777, 346765, 318142, 30780, 275460, 97443, 428846, 453503, 482655, 272726, 358237, 373278, 127272, 129273, 310283, 234405, 347007, 484477, 118425, 58939, 441696, 178587, 402955, 461635, 383100, 201359, 470033, 116959, 369243, 214929, 316472, 264739, 219635, 333663, 206604, 405657, 56033, 35260, 86030, 380826, 135420, 180263, 231131, 342007, 383075, 492160, 100691, 266984, 118615, 238523, 435792, 123552, 489647, 195842, 247023, 262933, 467445, 464333, 374280, 5025, 257898, 112366, 297776, 418221, 50184, 243615, 179496, 285879, 425469, 57780, 466328, 121180, 277617, 7571, 379648, 258431, 489881, 376384, 361252, 235859, 38854, 76959, 406619, 147695, 489359, 73849, 390647, 349463, 35796, 475670, 486247, 321467, 488666, 5465, 138294, 47872, 269496, 342953, 270433, 44164, 33652, 396152, 204708, 344733, 107829, 448215, 61333, 69492, 128344, 297494, 31994, 491373, 207421, 374158, 143073, 2044, 341814, 418143, 240752, 248753, 399971, 29387, 118701, 393175, 495888, 45961, 263854, 215208, 429994, 251941, 100044, 221879, 346804, 373907, 399780, 156130, 493113, 247776, 495302, 271553, 395245, 150589, 24554, 1474, 105745, 310807, 292404, 129862, 416584, 242559, 180901, 408444, 40122, 73845, 70434, 458087, 313962, 2518, 376624, 471340, 9841, 204085, 359063, 226012, 225838, 171676, 465174, 45025, 237499, 182779, 439478, 363791, 96803, 335716, 265415, 479956, 183224, 328169, 141799, 27444, 484405, 356251, 174832, 327887, 234160, 275239, 410565, 135062, 486026, 33406, 379882, 100660, 399942, 353134, 164543, 152501, 18640, 19167, 101555, 42984, 208403, 307880, 283756, 324263, 15633, 312199, 103569, 285798, 302074, 269267, 120408, 289954, 484318, 243668, 92152, 255902, 356286, 92246, 105320, 234113, 252018, 147806, 396286, 144277, 325925, 328343, 328366, 217791, 269703, 139495, 51315, 449566, 270495, 222319, 198697, 208676, 325528, 256633, 57582, 224124, 459158, 67655, 465134, 419630, 17368, 361371, 210861, 153735, 76879, 277776, 192173, 43492, 110749, 118106, 455460, 381764, 317150, 69481, 223979, 81975, 161540, 11620, 486994, 172913, 136545, 107127, 394279, 217306, 328228, 206339, 122458, 196159, 313632, 57652, 377108, 302055, 161866, 309744, 489480, 493638, 488491, 221768, 16648, 223358, 271915, 306886, 437224, 321635, 409069, 126344, 81998, 9941, 79064, 427530, 365782, 106976, 370265, 303228, 108674, 256692, 73535, 204928, 245679, 496498, 233763, 76379, 200128, 96680, 462033, 175499, 418574, 364576, 420649, 170417, 477930, 103438, 210404, 160606, 82582, 160762, 185477, 89006, 25190, 195749, 165480, 51105, 36237, 337, 380142, 474163, 242832, 137590, 147065, 435798, 195011, 434931, 212397, 490609, 279417, 497970, 25771, 128680, 361097, 189567, 252032, 304215, 299129, 178695, 448081, 396753, 250676, 182740, 186497, 165836, 494381, 22551, 379089, 22038, 117345, 171034, 129395, 346878, 53559, 158928, 422698, 98121, 212397, 147382, 378588, 497054, 375617, 54089, 490541, 354358, 419015, 486906, 1509, 14485, 384113, 420402, 72225, 355589, 221584, 188637, 124678, 9774, 88110, 382232, 113738, 379726, 148825, 271249, 122826, 394779, 46663, 11700, 34418, 395521, 282843, 472011, 589, 377667, 494627, 357411, 200796, 42293, 45009, 66395, 356033, 310930, 434192, 196948, 304537, 447854, 154085, 377316, 276861, 86749, 70833, 248313, 124023, 482026, 129812, 459410, 459650, 246039, 486731, 320305, 332647, 297531, 315019, 368325, 109158, 452299, 362531, 122805, 204601, 342762, 264118, 337160, 11561, 220650, 305615, 38863, 144441, 223054, 184146, 70853, 492742, 325750, 449581, 239602, 170906, 37977, 104558, 490141, 103982, 257669, 472953, 449967, 318988, 284157, 106333, 12845, 132213, 335216, 402140, 275670, 316906, 158514, 203756, 393433, 180178, 221582, 204939, 300787, 494711, 234631, 322693, 158315, 69918, 236817, 264323, 284133, 111482, 341806, 61808, 100694, 17535, 220733, 403857, 328907, 22506, 297515, 384475, 27834, 228106, 447919, 218368, 70892, 3420, 181891, 60971, 71203, 325491, 108509, 441635, 164868, 337115, 163512, 451925, 26355, 324872, 403531, 466737, 140525, 407013, 216619, 470242, 440732, 346250, 21261, 347685, 161211, 349855, 20887, 133101, 183216, 271881, 57959, 423478, 422332, 228489, 5237, 484509, 487430, 284962, 64714, 193926, 474638, 285964, 186462, 370134, 227271, 496164, 446818, 233408, 231967, 354303, 209392, 381548, 218035, 454408, 375913, 265558, 251039, 454929, 187596, 80885, 164233, 418489, 166984, 104795, 452284, 8241, 484236, 182128, 43306, 348971, 57991, 42857, 245649, 324322, 437016, 399520, 146734, 476563, 121521, 244253, 66464, 245527, 256688, 69061, 141787, 101574, 44721, 236152, 297601, 7968, 457998, 1077, 489122, 247771, 252966, 259044, 367192, 49204, 26008, 229840, 246893, 359586, 487020, 347595, 169412, 338206, 48156, 92407, 306995, 73815, 187452, 192748, 255965, 291980, 43866, 276710, 27396, 112694, 96374, 195815, 353272, 72719, 153514, 241460, 272184, 150967, 186519, 427946, 211148, 71214, 459645, 284463, 81776, 170476, 102006, 280697, 102496, 370972, 145389, 367622, 45812, 143559, 395413, 334084, 168276, 61080, 375693, 489383, 195895, 380402, 451040, 221399, 52576, 117626, 353451, 33126, 91097, 398077, 130203, 347163, 260152, 99160, 85783, 383440, 62174, 457932, 327750, 431766, 439444, 306721, 270674, 254656, 156472, 443375, 74484, 381822, 399412, 103956, 184496, 35207, 39806, 31333, 161856, 154150, 383188, 398920, 352763, 473345, 440834, 462510, 434537, 205294, 159252, 401316, 480266, 235080, 398376, 327579, 227234, 441402, 257624, 433440, 453178, 233420, 335924, 474374, 223595, 162724, 318669, 135679, 448726, 334537, 103410, 208509, 20852, 406120, 425043, 233695, 362647, 341706, 60760, 128282, 483601, 327945, 481791, 345122, 425966, 370358, 427495, 41484, 495710, 389978, 366988, 292529, 338344, 247968, 484415, 263185, 75519, 287196, 428197, 328117, 244252, 471658, 471637, 98096, 130004, 245821, 54926, 217322, 153739, 345286, 379944, 368291, 188960, 317732, 165067, 466056, 189285, 223259, 14364, 346163, 55436, 129984, 296830, 358576, 224877, 334357, 331371, 111730, 227292, 130919, 142450, 168439, 427416, 347134, 110245, 477399, 296668, 148287, 353709, 338632, 435669, 323945, 5537, 41830, 350688, 52711, 211088, 455651, 317606, 405641, 150223, 53674, 467042, 59537, 73284, 7593, 20214, 354792, 316209, 141734, 272758, 343654, 123956, 322272, 126559, 487157, 189308, 401813, 37100, 374980, 52705, 342441, 489692, 112368, 351137, 280050, 233023, 323563, 35243, 140290, 411423, 381195, 405624, 409684, 396136, 60901, 54185, 15060, 169516, 44871, 2789, 300010, 421815, 125308, 195875, 307855, 279962, 291318, 90526, 493443, 141318, 214300, 136832, 16639, 380214, 318183, 462894, 345888, 311124, 379495, 38519, 18006, 341741, 58085, 300014, 394185, 72529, 486698, 160003, 353182, 135259, 135333, 132240, 242129, 298371, 314065, 234167, 388341, 279966, 175419, 49334, 201468, 211946, 400781, 292882, 8322, 132146, 93281, 93046, 346398, 441984, 251026, 249595, 335316, 78228, 219297, 1151, 125422, 278308, 3523, 2447, 426910, 387933, 143809, 86680, 16974, 492955, 397903, 262418, 60187, 366172, 158741, 448557, 475353, 261513, 283076, 383202, 370249, 401014, 106412, 447739, 395293, 300373, 38618, 62954, 171616, 369864, 273184, 14607, 345423, 194953, 331944, 115614, 128384, 429050, 169877, 66656, 193309, 408484, 99587, 22875, 463851, 235114, 213663, 282363, 453472, 50885, 129962, 303579, 396952, 23042, 402840, 468488, 482252, 489150, 463034, 154357, 63671, 436274, 479074, 440237, 336408, 202836, 408441, 184655, 29881, 139787, 466374, 218219, 454870, 486738, 14203, 396355, 326646, 234746, 79324, 389948, 456800, 79188, 272463, 48343, 377909, 429994, 140362, 245491, 484855, 244285, 429606, 145268, 117785, 425856, 482179, 403467, 255076, 250014, 318760, 47969, 488563, 90699, 85652, 253459, 387392, 475704, 144944, 319211, 405025, 482602, 84844, 156134, 303483, 279583, 467932, 141825, 349235, 234733, 333138, 448834, 106727, 60134, 60030, 432014, 116443, 17592, 422265, 357796, 93328, 15072, 437197, 437696, 163063, 476891, 211667, 229985, 319983, 365528, 365302, 354866, 284325, 380315, 171774, 197546, 162002, 229644, 141397, 14593, 198132, 231979, 397773, 276157, 439976, 454361, 410830, 143687, 365121, 45478, 250195, 355564, 479395, 351024, 347132, 194174, 255544, 12870, 388466, 377464, 97498, 423378, 12208, 451157, 105821, 377884, 105613, 3003, 428620, 129007, 391567, 212378, 391359, 132942, 26093, 432516, 394467, 377161, 399548, 374359, 97048, 174665, 223708, 353473, 221765, 437702, 374204, 327405, 374995, 300000, 207281, 366536, 427299, 73182, 200105, 437783, 92637, 172810, 9568, 116800, 391525, 441339, 469226, 173697, 434787, 479109, 320906, 75251, 31271, 369667, 124058, 425871, 189840, 52054, 363449, 370857, 483920, 24049, 431159, 247972, 142539, 54515, 120791, 281823, 415249, 113913, 64159, 397132, 238419, 175264, 202331, 121814, 331097, 180190, 77601, 473855, 413899, 329747, 216121, 389069, 270532, 329332, 209317, 392781, 5393, 125879, 267296, 136386, 224870, 1050, 370420, 366161, 13090, 438395, 149385, 392789, 471167, 301902, 480504, 95312, 354867, 384076, 305937, 407175, 443627, 321575, 178580, 116484, 203707, 269881, 231030, 114414, 420879, 335930, 464109, 402923, 262516, 325929, 390138, 2006, 263310, 180823, 386348, 120219, 142850, 176509, 304916, 34986, 304005, 409636, 477970, 326132, 193135, 110441, 237123, 441925, 449728, 279474, 270492, 190645, 466615, 159478, 465045, 307650, 486282, 403553, 405843, 312018, 372357, 30883, 382984, 186805, 463036, 264295, 380308, 26941, 158256, 214086, 424339, 202416, 72447, 340184, 109336, 336890, 375927, 87970, 434939, 306390, 484073, 415171, 369074, 274080, 389002, 38110, 355031, 219635, 24953, 379600, 188624, 225288, 259838, 220259, 223736, 138708, 206253, 431469, 249103, 307174, 96402, 398623, 492099, 212255, 14371, 405196, 230047, 380488, 120880, 57965, 212848, 297509, 124526, 116945, 294102, 189616, 68908, 186169, 210406, 301904, 309869, 372892, 237201, 224206, 481908, 170342, 87248, 129526, 154713, 52782, 222546, 353322, 467102, 336359, 198785, 114982, 439158, 345404, 491991, 351805, 333118, 492336, 484145, 150948, 281118, 419885, 350548, 203425, 78774, 477659, 205431, 119222, 156647, 237158, 332717, 275690, 84241, 309532, 3329, 300640, 347773, 364716, 183951, 301753, 199165, 369491, 442700, 224000, 335122, 245406, 108957, 494169, 453164, 181027, 130861, 334330, 166861, 96745, 206005, 288123, 333387, 499761, 207705, 139719, 30226, 465699, 81753, 188072, 451069, 424305, 9757, 74782, 325715, 449351, 84440, 162145, 431795, 316810, 401852, 192944, 478282, 194681, 463291, 236307, 238000, 325697, 350960, 495753, 481184, 251523, 174030, 206886, 400546, 481937, 288822, 23330, 72125, 364543, 292647, 91107, 473392, 121753, 328703, 259048, 386274, 90065, 272646, 329540, 200862, 195738, 126493, 197464, 196934, 328911, 48113, 333077, 122957, 343657, 97655, 78262, 316086, 32467, 113557, 25010, 161035, 344446, 5929, 498558, 312849, 210450, 319933, 332295, 7970, 435126, 229245, 421698, 482494, 61880, 386880, 399989, 408905, 158698, 165553, 330003, 123510, 148553, 444966, 419750, 315679, 127310, 333646, 429838, 16609, 17503, 498793, 331960, 90373, 452167, 102446, 486253, 236928, 132402, 182356, 419862, 487123, 387910, 169193, 111591, 289686, 464239, 164382, 462769, 182977, 13564, 272779, 48212, 452837, 222073, 215584, 409068, 106477, 366569, 499592, 354421, 207415, 337433, 489191, 15650, 169734, 236661, 349064, 169853, 171846, 9592, 30752, 115143, 96813, 210912, 280743, 124199, 261110, 284084, 247308, 418443, 222294, 286694, 254948, 187442, 6164, 340322, 448749, 146618, 4383, 287660, 98744, 57447, 267611, 330733, 284613, 432925, 290017, 449835, 219763, 84105, 27389, 336889, 453775, 256937, 157022, 92853, 105226, 436736, 88397, 289606, 95776, 364149, 354877, 352139, 409170, 415251, 208524, 291250, 476220, 201309, 225960, 236519, 2900, 243354, 456644, 428006, 341890, 221016, 468289, 282248, 130997, 490601, 371493, 202084, 233583, 336381, 234126, 136535, 107779, 475098, 248422, 493635, 356222, 384242, 77213, 68699, 166461, 369245, 142713, 312315, 497281, 60455, 77535, 117734, 33753, 256993, 158885, 166758, 79829, 64644, 328387, 25640, 61581, 93421, 332975, 82306, 248902, 320993, 468952, 241061, 474971, 76605, 217829, 175851, 278922, 456340, 103173, 232606, 187711, 53084, 355718, 231049, 137728, 253012, 359738, 303660, 274385, 57995, 173539, 288165, 433923, 142827, 465797, 313800, 65621, 499409, 395018, 407308, 295001, 211868, 145210, 90353, 408088, 140784, 286209, 40458, 437871, 374189, 84185, 203879, 367352, 476139, 424618, 205740, 117748, 81248, 364606, 265885, 43756, 130836, 362902, 227799, 85954, 365878, 146708, 365998, 331996, 370569, 44835, 282517, 5086, 143286, 421206, 9957, 245259, 443455, 245608, 197518, 81655, 139636, 85534, 244508, 168613, 331784, 94936, 445618, 157060, 290630, 108259, 2348, 206488, 361928, 401968, 47988, 461399, 263597, 75510, 155897, 497453, 265636, 208261, 441542, 344218, 451050, 436164, 437920, 270751, 388665, 339501, 300709, 188307, 74377, 374338, 421730, 430060, 291799, 382558, 367136, 295024, 369273, 13771, 243353, 75161, 196449, 130154, 300906, 286628, 16467, 172751, 76598, 487240, 231132, 185043, 377276, 39319, 74167, 51501, 275836, 378232, 103376, 288270, 255734, 58588, 353426, 177832, 443469, 220533, 45679, 215254, 172140, 487633, 152219, 483676, 279828, 64727, 311798, 344076, 18261, 417623, 409612, 24727, 68781, 132971, 488890, 165473, 421974, 100373, 434759, 460349, 214130, 128746, 1847, 161442, 371734, 268966, 190696, 310010, 165303, 235706, 413353, 63002, 224584, 444582, 172638, 145004, 3578, 282593, 330519, 267999, 451596, 232762, 309099, 440838, 489790, 367686, 96244, 239204, 269740, 135541, 400724, 411680, 151502, 396786, 49347, 35045, 476822, 306174, 326756, 187026, 102930, 360677, 309529, 271813, 232022, 117439, 183160, 276743, 79670, 442899, 463580, 39417, 202491, 156492, 462578, 100744, 392693, 247065, 440579, 219437, 5266, 343652, 495060, 394309, 24362, 310445, 284178, 467096, 242749, 200321, 189604, 455444, 81521, 101681, 275931, 165210, 424246, 259643, 245070, 229284, 423555, 237348, 394530, 172559, 474286, 282299, 246775, 244278, 14420, 199856, 203033, 314992, 137993, 202162, 412254, 260578, 25781, 375126, 367827, 72660, 185513, 357117, 161915, 154619, 253977, 96205, 398245, 151056, 137572, 79722, 45406, 388880, 309960, 163259, 259051, 49010, 11729, 493124, 201093, 409544, 284839, 191382, 313122, 406416, 146793, 107458, 249730, 143653, 139707, 404234, 363602, 335600, 439148, 132490, 136094, 118342, 30213, 62996, 82352, 98132, 310386, 482566, 370861, 409847, 363480, 396520, 35842, 388486, 169568, 7054, 476820, 259311, 206334, 490989, 450941, 474101, 422540, 344762, 16258, 223072, 129769, 440164, 91937, 361007, 486231, 404625, 59871, 39186, 367742, 375266, 249282, 99226, 498001, 278476, 83379, 406456, 82023, 55602, 411066, 179315, 314782, 80, 425077, 79353, 108214, 200557, 214830, 253436, 443236, 68574, 21221, 96687, 292971, 376149, 439439, 483577, 351774, 437271, 60799, 145750, 51262, 291309, 494573, 1718, 465657, 215731, 31878, 453139, 346750, 324685, 495095, 146745, 300524, 253003, 40627, 497288, 166239, 368275, 407723, 273972, 244227, 341904, 131776, 239635, 331411, 376135, 475882, 428456, 375655, 301141, 162125, 146901, 70128, 489861, 396303, 482317, 233190, 188461, 153357, 287109, 269393, 321107, 168548, 365205, 305939, 43063, 26134, 156178, 432376, 438120, 6399, 217182, 313377, 324212, 346818, 214048, 39866, 7694, 136447, 345752, 80416, 130991, 476959, 332263, 437080, 405263, 405625, 376509, 213846, 384862, 104364, 37745, 194810, 113064, 494437, 359655, 93015, 63238, 416808, 353377, 362284, 233970, 324409, 306813, 277372, 409263, 26267, 394171, 333536, 184381, 47567, 69667, 56987, 455058, 474832, 465360, 247248, 391331, 221588, 81913, 359806, 20701, 301139, 18198, 309340, 161699, 279559, 21713, 418943, 383501, 445825, 260380, 460271, 106223, 112349, 417404, 24339, 313296, 38248, 444918, 144527, 378128, 23679, 206237, 333791, 450016, 5825, 498369, 225367, 455799, 117346, 249148, 336421, 471369, 200470, 138896, 141651, 494168, 56223, 255979, 219222, 234798, 212443, 18807, 458314, 23090, 244323, 220004, 431391, 410400, 97238, 15710, 237430, 153323, 372676, 129785, 82683, 320315, 369597, 57065, 311371, 10079, 80159, 69884, 478211, 244462, 488423, 53148, 330154, 496294, 238309, 230022, 282733, 131582, 342980, 381759, 383670, 374682, 272918, 98146, 457314, 60526, 10508, 354890, 339741, 103924, 17663, 296014, 155710, 134451, 179289, 308723, 287701, 482192, 204777, 185597, 74584, 388466, 49377, 37038, 24574, 465221, 476147, 18623, 31458, 31229, 277329, 219149, 491138, 207636, 462484, 230890, 249301, 424003, 272450, 42700, 248489, 396990, 244811, 356340, 158360, 165417, 164229, 151717, 289161, 259657, 333067, 349557, 214295, 144992, 369746, 210509, 379371, 74435, 5377, 43181, 299005, 435321, 93172, 498576, 75561, 166232, 490779, 98553, 376975, 280672, 318194, 450221, 238894, 287145, 290178, 327444, 333769, 460424, 41327, 50329, 358794, 383931, 470304, 69049, 445078, 460903, 21906, 10872, 25799, 126586, 399418, 367434, 191902, 462402, 55818, 283818, 53340, 305713, 168010, 83750, 61565, 345380, 496660, 207482, 450610, 218877, 386018, 489908, 291378, 497432, 161993, 479517, 373941, 490805, 122368, 455909, 182475, 67708, 423775, 22471, 120146, 495777, 323761, 436525, 228453, 408887, 14038, 306362, 437730, 190226, 113679, 153186, 409874, 499830, 217134, 262824, 112823, 382782, 287498, 291100, 419053, 404265, 407004, 59767, 483490, 475558, 481041, 247249, 287890, 462516, 495813, 46126, 50961, 128533, 9555, 438263, 369329, 474065, 484262, 50943, 115373, 373309, 188765, 329566, 101417, 70921, 227433, 247409, 309698, 465973, 497539, 233765, 278029, 410087, 340674, 292753, 179904, 316194, 423274, 89126, 50888, 377675, 384348, 410428, 154194, 21112, 190581, 10790, 97840, 350015, 8435, 239645, 230952, 152906, 63304, 183210, 98840, 113138, 24718, 493831, 410260, 281224, 305528, 293229, 252691, 131602, 414562, 164746, 453434, 346099, 114029, 216903, 337925, 482261, 425442, 499712, 201635, 473152, 490286, 329092, 113957, 202995, 71393, 212390, 356964, 166561, 332185, 13412, 138354, 19627, 135434, 46750, 248805, 342138, 301267, 392816, 1834, 113670, 196257, 37488, 463341, 353123, 378850, 354658, 125995, 56246, 135812, 381933, 5178, 494712, 263568, 345095, 141026, 160722, 188324, 352366, 102206, 311041, 55165, 118545, 22942, 374573, 245789, 212764, 312702, 272602, 154715, 375316, 40636, 344355, 168005, 456710, 187236, 254035, 202532, 32627, 343154, 172153, 106972, 240559, 425747, 488740, 20573, 96419, 24992, 128762, 336572, 340593, 399257, 222982, 223363, 236309, 214125, 42090, 469583, 392368, 245574, 441414, 267793, 291245, 450062, 494540, 107008, 171584, 327119, 268980, 119997, 45750, 59373, 201093, 435494, 263962, 75886, 395731, 493205, 413195, 183828, 367091, 267810, 130218, 92466, 194417, 361904, 260170, 240182, 341198, 461655, 356972, 286295, 35571, 180769, 374977, 292470, 127562, 148818, 19, 389420, 369906, 342209, 484765, 361473, 372250, 251247, 300936, 323941, 162720, 276174, 67827, 288507, 140929, 492279, 457882, 120222, 322791, 471575, 63264, 338846, 337824, 244984, 274766, 408762, 41711, 227882, 91290, 45195, 131370, 96185, 403971, 94791, 315452, 155609, 69652, 369773, 366936, 268349, 437194, 431290, 307710, 306311, 199604, 489297, 392845, 411799, 425787, 229985, 462415, 86515, 266172, 346509, 207143, 233452, 185736, 320742, 477925, 489639, 413080, 316425, 461177, 378858, 308459, 49296, 46193, 423654, 134775, 382867, 155809, 99030, 289517, 116665, 195556, 446177, 403760, 424514, 420491, 256102, 236677, 244747, 283154, 333181, 271349, 320717, 344626, 312607, 142188, 380312, 494848, 4064, 231447, 96094, 125455, 453140, 61517, 297189, 274823, 175480, 206901, 229773, 77098, 328882, 22439, 15971, 110503, 46160, 267520, 447173, 217112, 476537, 118609, 428685, 102125, 329462, 223279, 218065, 1444, 490140, 60131, 380742, 258473, 402862, 391720, 412588, 109197, 343566, 237004, 54080, 193591, 249391, 53639, 166057, 107001, 242823, 310321, 357050, 219190, 322918, 476548, 323756, 437133, 57789, 409394, 37137, 263882, 387153, 196867, 265362, 123075, 454624, 496129, 473034, 298388, 392920, 35531, 304326, 188627, 374222, 154811, 411736, 28147, 469980, 262197, 23415, 364329, 375199, 186530, 267610, 333344, 288139, 227059, 210833, 69738, 16056, 95334, 150065, 245074, 443871, 126941, 343908, 255875, 26574, 103254, 404893, 163660, 358845, 97918, 305857, 137509, 340630, 29139, 448324, 247074, 476595, 224705, 360762, 184196, 348363, 380416, 71071, 179141, 390995, 65850, 307971, 233046, 336991, 247890, 64194, 495081, 167096, 232869, 318631, 392973, 328450, 243481, 245513, 272235, 135113, 104857, 2784, 356842, 250446, 261718, 18020, 482122, 294902, 310531, 66135, 471890, 396906, 61496, 284062, 206240, 367396, 187479, 470365, 434137, 224313, 239562, 76921, 443395, 106071, 365076, 269033, 304311, 259382, 125542, 282673, 464141, 25097, 41557, 461614, 451858, 91469, 34480, 44322, 349166, 292431, 221599, 373736, 164197, 169755, 438193, 204845, 275369, 52813, 366799, 489192, 4961, 413255, 206810, 113808, 153512, 415230, 222349, 434917, 274113, 273115, 383535, 465332, 209182, 110535, 127467, 469144, 287247, 58075, 65808, 59437, 441089, 77125, 76319, 49864, 102292, 115229, 457001, 430057, 215713, 234470, 415914, 388588, 248769, 332949, 160305, 127469, 369300, 471129, 386354, 291967, 487235, 461541, 324170, 474481, 122042, 318397, 72978, 381280, 97532, 488749, 116993, 470995, 496974, 239535, 125584, 357593, 294557, 364869, 465297, 93688, 199171, 213919, 141279, 246521, 312101, 344962, 305274, 258691, 157719, 308046, 209727, 48155, 93303, 165034, 226653, 470734, 284768, 62266, 466410, 414436, 68650, 147459, 27472, 279851, 129454, 134597, 71021, 155421, 448008, 80233, 361886, 267503, 135462, 253994, 481059, 121659, 173668, 320304, 286979, 53144, 308094, 436789, 71792, 7620, 208202, 92845, 485805, 181152, 473658, 340042, 338003, 358451, 218516, 411059, 275930, 461819, 69714, 272861, 60153, 92952, 26732, 242217, 459938, 9018, 37201, 322003, 274543, 282352, 162234, 470771, 379481, 392958, 326691, 326656, 383338, 320429, 253498, 336933, 308816, 179659, 275249, 153516, 403793, 70705, 183546, 190631, 296586, 258781, 141911, 261132, 463479, 353476, 14525, 303080, 296009, 102442, 126347, 163098, 440446, 289913, 381042, 199025, 463307, 83341, 251909, 329533, 462122, 352281, 14430, 2153, 458150, 146364, 493261, 158169, 462062, 416614, 107386, 290886, 54209, 139361, 175006, 28151, 286856, 47370, 27128, 442016, 190895, 331657, 130170, 198434, 497564, 126752, 241576, 338556, 465825, 179585, 26428, 388802, 369842, 9460, 407732, 347669, 319753, 246204, 374078, 285995, 479815, 435743, 132627, 55871, 140462, 349604, 25915, 190514, 408827, 436456, 209235, 14801, 391085, 133349, 65000, 324339, 198502, 159120, 415448, 320972, 101730, 139173, 476893, 108101, 237379, 414390, 489137, 116341, 87961, 97832, 187311, 114353, 364251, 348475, 211621, 338533, 69404, 298745, 173616, 458320, 351866, 434542, 146564, 404420, 119810, 278237, 35288, 88364, 136394, 99313, 432507, 99903, 233116, 99460, 405203, 236902, 239005, 50909, 202746, 413795, 441727, 402256, 243634, 284139, 414726, 206877, 237650, 492827, 236498, 359704, 340448, 65400, 167140, 186774, 99807, 380374, 244056, 415336, 277728, 106330, 448290, 181163, 189667, 472006, 235165, 477899, 361471, 98948, 453368, 328048, 415689, 334616, 275853, 70514, 275626, 178127, 492267, 485668, 76585, 459168, 365854, 117312, 241783, 132470, 2945, 324281, 176904, 51482, 322372, 270283, 245925, 294637, 110611, 330555, 410762, 149036, 361296, 364311, 276546, 462794, 444958, 352460, 329558, 284127, 334157, 125078, 263716, 169479, 199274, 343400, 442204, 401340, 410543, 310385, 8230, 86910, 477603, 1612, 39933, 173191, 467779, 341791, 471714, 144871, 21429, 292534, 480933, 476751, 46239, 240338, 122058, 424472, 66746, 263178, 58241, 390266, 37692, 64316, 465253, 274531, 134987, 374976, 229485, 284442, 150227, 455815, 138524, 61920, 321233, 299693, 352341, 476630, 162560, 318858, 280021, 60877, 179113, 224137, 499978, 359057, 262894, 176361, 326637, 70890, 220616, 275990, 354043, 237317, 278917, 266296, 92580, 180402, 106102, 405751, 312201, 414536, 270912, 471539, 473159, 479464, 390132, 368521, 104945, 278464, 356592, 150121, 174063, 77025, 310644, 434423, 324209, 376655, 214195, 273714, 345796, 464678, 280464, 384152, 285603, 274985, 477634, 204350, 28608, 331560, 391824, 344680, 466108, 466466, 384352, 140610, 350399, 307997, 370143, 417794, 482859, 199518, 146324, 175475, 124243, 183298, 122047, 304730, 249606, 198126, 52893, 375693, 441426, 132742, 415916, 215262, 346791, 246599, 83720, 26488, 45785, 194820, 282328, 440017, 67442, 170142, 328404, 228534, 450142, 406116, 123261, 177343, 469510, 148034, 9030, 307771, 404074, 156838, 288558, 133144, 288710, 490699, 231936, 323704, 217549, 57270, 382749, 330576, 105027, 325192, 7605, 194913, 341639, 221041, 273745, 422982, 409063, 259281, 58587, 75191, 330263, 348591, 102504, 25837, 275509, 382506, 257726, 151456, 49629, 342967, 341682, 90353, 20619, 208494, 214491, 391037, 373753, 486079, 86823, 165832, 84867, 292459, 362030, 311193, 153709, 374815, 17836, 49206, 34725, 84189, 438102, 371029, 60649, 369370, 218236, 302425, 439865, 386362, 299661, 305762, 100209, 391988, 391594, 82465, 152052, 336362, 42133, 77809, 277130, 51788, 427480, 90556, 478113, 498830, 466847, 250577, 70450, 177391, 64631, 207880, 176051, 21545, 442232, 236381, 41862, 376979, 2065, 48872, 278694, 129820, 404404, 261535, 15667, 233035, 267609, 106648, 219293, 183394, 430191, 73391, 115703, 484227, 4712, 88664, 472516, 32769, 452015, 36973, 259695, 353421, 489437, 126800, 32125, 415969, 375582, 300088, 198796, 280966, 18825, 194220, 142664, 433344, 295040, 339048, 129782, 406139, 10177, 247100, 203812, 130059, 431086, 423072, 107437, 91163, 426600, 496642, 140959, 430945, 209896, 130481, 483767, 281810, 155442, 339715, 473528, 280874, 180798, 8609, 88738, 267579, 50389, 429355, 147572, 44815, 115619, 269094, 496090, 158051, 128147, 317010, 153220, 33703, 452844, 272059, 200605, 121343, 52973, 118463, 44866, 421181, 178482, 338226, 487917, 298778, 65199, 117327, 304016, 321948, 362393, 46852, 296578, 272571, 205454, 303, 164694, 74929, 220511, 158997, 132462, 321203, 251980, 402764, 442549, 417313, 425564, 187455, 322316, 66647, 23779, 5642, 27540, 15451, 415460, 98395, 236872, 279884, 326467, 145587, 487507, 101687, 325937, 217816, 359013, 137420, 480568, 496021, 307630, 349869, 10535, 211298, 303859, 63009, 289613, 462709, 22497, 60590, 228967, 367295, 348542, 321161, 413037, 305877, 343672, 4026, 226700, 18427, 372666, 246649, 348537, 193507, 129185, 448402, 342809, 164981, 200047, 209037, 107291, 298615, 183174, 32950, 305488, 452389, 498690, 273816, 108964, 175276, 114893, 48312, 373688, 258825, 458597, 291114, 7508, 239799, 227980, 31489, 129700, 289277, 414330, 207373, 157658, 392940, 376238, 246115, 273100, 452107, 417901, 440086, 215617, 486427, 420980, 25378, 492245, 486450, 190361, 109979, 283782, 357648, 454147, 29737, 446121, 268709, 69351, 480237, 394318, 482856, 229452, 83989, 330807, 32744, 105685, 345238, 228675, 108509, 483716, 339298, 86407, 449189, 360426, 335595, 122055, 220050, 460207, 439988, 197186, 366737, 74186, 206975, 465173, 357250, 321116, 377284, 8036, 380847, 55540, 203879, 246649, 21093, 25576, 40136, 24391, 324412, 129236, 467439, 80402, 86664, 67256, 110107, 298679, 463751, 312338, 23748, 490565, 61871, 263565, 457315, 317954, 277275, 451893, 65314, 89840, 210889, 427964, 360495, 203985, 84888, 442462, 327563, 350051, 473008, 96141, 132849, 392109, 326720, 63445, 201022, 438147, 194152, 238407, 384884, 447605, 114307, 37809, 115466, 17732, 484826, 364971, 228581, 65681, 377253, 145604, 66802, 495431, 244578, 372575, 161914, 261315, 100496, 125404, 94460, 413881, 116381, 81188, 67851, 6447, 325531, 26981, 164277, 42978, 303479, 216423, 189715, 196328, 402688, 486576, 42611, 405998, 455814, 239943, 19334, 234388, 281276, 116665, 168035, 182115, 130381, 354791, 318177, 249614, 437644, 40527, 166915, 193624, 125320, 344678, 280392, 203693, 69558, 453378, 90624, 72985, 337765, 247827, 47102, 302031, 251865, 321029, 297326, 162852, 308572, 165926, 418924, 30284, 134893, 317605, 325455, 393040, 467446, 11277, 246485, 37772, 224901, 493455, 122651, 170201, 467270, 389517, 488481, 476748, 309848, 382844, 76312, 320642, 144757, 22761, 490178, 482701, 28804, 34756, 372193, 138574, 6660, 432821, 455163, 215330, 10330, 78672, 200549, 214367, 168931, 416574, 488903, 273430, 37022, 422602, 294409, 134168, 134203, 309499, 233055, 357679, 383000, 417836, 30474, 146516, 309290, 200130, 404542, 435432, 173046, 478235, 412322, 34593, 297356, 158963, 178086, 29134, 115892, 12559, 209399, 23431, 160289, 8970, 53550, 262039, 378141, 82099, 88089, 322017, 285196, 255576, 42332, 178074, 436002, 234777, 87023, 38047, 225641, 335150, 180772, 390654, 61167, 179672, 382750, 103458, 446176, 239445, 192233, 223564, 65103, 234871, 172355, 355097, 206432, 187883, 218597, 90155, 199330, 151472, 488840, 392358, 358924, 132348, 226952, 37252, 143598, 415667, 126275, 77176, 444865, 20229, 246363, 100029, 243124, 205498, 209719, 329402, 391968, 170832, 226688, 390448, 273065, 376089, 131171, 302249, 202085, 8229, 64392, 32887, 463805, 61961, 20854, 400841, 470362, 45178, 343771, 246138, 409156, 112809, 413335, 158553, 164551, 430750, 3060, 456417, 25740, 361932, 180332, 490770, 259823, 123763, 155678, 58311, 263228, 437551, 490356, 232337, 289509, 307924, 307327, 251010, 175936, 351399, 98273, 452920, 204282, 179111, 184025, 306498, 431430, 198804, 473860, 171238, 27723, 450968, 341004, 245446, 439077, 330354, 219085, 438969, 78077, 266365, 95688, 2323, 425387, 331451, 334360, 478775, 403759, 389106, 401106, 109983, 63327, 332560, 381387, 296336, 24980, 268664, 107018, 205824, 483793, 197335, 369664, 46421, 463621, 217414, 53555, 50739, 232118, 261977, 11566, 415058, 243015, 159962, 85217, 350017, 387407, 188456, 118389, 419863, 335585, 162124, 164450, 78412, 496907, 78871, 454261, 461955, 493299, 98273, 425165, 200169, 108192, 47572, 147106, 211712, 331145, 128484, 286214, 469175, 386837, 488155, 350577, 305464, 413147, 134741, 253666, 281416, 397648, 314400, 248509, 144500, 52918, 410847, 153068, 495983, 129462, 440077, 474506, 287534, 141196, 330430, 452610, 94195, 289637, 216824, 248800, 301683, 297896, 315178, 37128, 165727, 162735, 173964, 437633, 351835, 433867, 186988, 171655, 55619, 264458, 425657, 279296, 286844, 471144, 16660, 223122, 110113, 116441, 155782, 398870, 140776, 351447, 270210, 226344, 422725, 155881, 390821, 264374, 396872, 340852, 54143, 236330, 341814, 244887, 463261, 9273, 252720, 113150, 84021, 289571, 266202, 104891, 432417, 427253, 442108, 305077, 188803, 382287, 29093, 149690, 119541, 169610, 188063, 27233, 92486, 276491, 203054, 295962, 371741, 414866, 175254, 161473, 240646, 17550, 494422, 409111, 444847, 219074, 23515, 245808, 1548, 479437, 110640, 317693, 233228, 381054, 281383, 364004, 197595, 421491, 167042, 299198, 420776, 221858, 410080, 40649, 218690, 296665, 111090, 73057, 387479, 464004, 78511, 90455, 305943, 409280, 269661, 38082, 352854, 92389, 431266, 77011, 174119, 435602, 80722, 356373, 6549, 98084, 218405, 54622, 318909, 134911, 35893, 54730, 120273, 99531, 55227, 34825, 300470, 37791, 373596, 120927, 285915, 94456, 321633, 351548, 176773, 123742, 472536, 474262, 469463, 454502, 497870, 304936, 127258, 117383, 239234, 56026, 83462, 240835, 368724, 13536, 464809, 345403, 46836, 419972, 305481, 18376, 231725, 122624, 425078, 346074, 293191, 26485, 306077, 389298, 335751, 45528, 386007, 156047, 239955, 374153, 214554, 454001, 157588, 67243, 262784, 261677, 400257, 423573, 329150, 93028, 146772, 423053, 116871, 36453, 264990, 387522, 55661, 272491, 190347, 407653, 30818, 139156, 465435, 244029, 340005, 469643, 441315, 155165, 432112, 481528, 470045, 482490, 181474, 437789, 76062, 265128, 359252, 400484, 203402, 205266, 16966, 494696, 387092, 253930, 445286, 388147, 386298, 293317, 451712, 478640, 412118, 131218, 323119, 125373, 180993, 305834, 477241, 462236, 396399, 412111, 406249, 320870, 338810, 321691, 177163, 91792, 27046, 499582, 216894, 89025, 373576, 52171, 49903, 314663, 388569, 356916, 427839, 242161, 189843, 420224, 390755, 319228, 408995, 62395, 348850, 40926, 354460, 460602, 90358, 215895, 280223, 336069, 136700, 252536, 2958, 19109, 478507, 62710, 112679, 121734, 317775, 428221, 26466, 171054, 389329, 241079, 205718, 409277, 291966, 27339, 120653, 20671, 455678, 388989, 109836, 467697, 158588, 35100, 482608, 23916, 301441, 438271, 316062, 465613, 97413, 320381, 6612, 214798, 87952, 32192, 491534, 83234, 333536, 97696, 367627, 169371, 360618, 360476, 177453, 220890, 365844, 358335, 106491, 364249, 439379, 490284, 355866, 425275, 212709, 226884, 279018, 113736, 348131, 435631, 18821, 13778, 278922, 80698, 239546, 182107, 474085, 131975, 189792, 290275, 384202, 405163, 413767, 461021, 330100, 300887, 474115, 322780, 321015, 9266, 153953, 371743, 476701, 257196, 380767, 352722, 177969, 457836, 329214, 23038, 491807, 351623, 303248, 280096, 198376, 479362, 199221, 451468, 452867, 440298, 104020, 37039, 232815, 99611, 245757, 495556, 66113, 295082, 164561, 372385, 190801, 453927, 144317, 369664, 194376, 228448, 267002, 245040, 393338, 240486, 312670, 277383, 338689, 52109, 150291, 226578, 192991, 379341, 255836, 323312, 41441, 414652, 124203, 489221, 144030, 255718, 128130, 242109, 164564, 255236, 235272, 291469, 45783, 132934, 377473, 181183, 465349, 496969, 171768, 89519, 237687, 286340, 14170, 176080, 331562, 439512, 193862, 442587, 121093, 226565, 362771, 484425, 313164, 498568, 74012, 54736, 339156, 271324, 163502, 327823, 22042, 409898, 33359, 42833, 343615, 453161, 228744, 338496, 51802, 417443, 63945, 79017, 415860, 98211, 413358, 354898, 253251, 150996, 368045, 13751, 357650, 108841, 433277, 131001, 205732, 3121, 383830, 92588, 157120, 397477, 273976, 12879, 256299, 398374, 208367, 477223, 133613, 427147, 259944, 102895, 38532, 28489, 126173, 218905, 137199, 105971, 155515, 328306, 204747, 377946, 4737, 8383, 115918, 13641, 356206, 34582, 413118, 213861, 195235, 63838, 478710, 31440, 209098, 172792, 61511, 206856, 316417, 83366, 24984, 225048, 323706, 462835, 96471, 101948, 220312, 404138, 19964, 43071, 205821, 26956, 412922, 385805, 277613, 419728, 137755, 373365, 263753, 246332, 348381, 200841, 340170, 165423, 407213, 409958, 276217, 412822, 486693, 351613, 486071, 49819, 35698, 153366, 285705, 13115, 152394, 464276, 138620, 398913, 117034, 405114, 194948, 347948, 356602, 395828, 210002, 114612, 223372, 281454, 161037, 495193, 156890, 475248, 79305, 252272, 405828, 156541, 366609, 219252, 447370, 153753, 220505, 71187, 119855, 272124, 191767, 138567, 107913, 75516, 221818, 463377, 473282, 295037, 426158, 490072, 220418, 364062, 202393, 142418, 462353, 427807, 287311, 334695, 250958, 475315, 372240, 384735, 258717, 59020, 282131, 15382, 364701, 24884, 347251, 339359, 451798, 286460, 176178, 579, 102786, 350255, 96220, 469736, 62481, 362986, 22966, 486320, 182896, 250744, 340221, 442677, 421342, 97645, 241720, 415472, 374308, 406948, 69863, 250457, 263847, 469683, 286311, 427982, 117756, 499495, 277093, 137933, 65674, 247939, 443030, 92876, 302280, 146104, 440186, 227241, 46991, 52015, 168694, 159051, 463008, 469263, 271824, 306846, 315291, 499638, 251494, 48226, 243298, 229269, 24337, 72251, 36160, 421539, 257299, 30301, 283070, 327372, 442795, 337639, 24986, 365413, 313810, 432348, 346158, 462944, 178538, 177136, 386113, 2652, 221388, 259575, 477455, 409672, 48003, 364564, 215190, 10994, 284282, 336028, 443196, 2771, 144887, 290278, 113167, 241342, 235888, 157648, 187023, 170858, 345575, 233483, 17315, 22510, 7753, 287876, 451598, 334287, 187714, 395715, 25687, 234463, 233306, 30208, 373852, 389546, 435285, 267812, 225338, 449187, 110725, 415376, 380128, 358341, 286179, 220534, 47416, 459355, 2401, 362979, 351164, 487816, 329404, 25983, 174451, 295117, 368486, 395863, 35063, 443086, 105487, 184329, 348384, 9246, 77771, 161396, 225942, 84993, 342912, 326164, 191675, 406334, 103201, 200548, 169489, 228752, 145016, 286331, 88936, 94340, 192328, 91396, 240103, 45548, 119453, 496815, 232268, 4863, 43775, 8080, 106106, 73656, 39736, 314361, 230375, 412886, 213510, 496641, 35866, 205814, 356961, 6224, 268087, 347930, 226665, 263533, 10121, 181314, 380381, 402310, 133093, 59654, 468712, 63147, 35839, 308625, 129478, 29425, 195083, 440912, 14052, 199469, 116864, 42026, 137836, 21837, 113883, 179351, 385342, 163235, 371307, 199352, 216872, 242364, 217272, 77082, 142814, 250198, 165665, 342525, 475697, 335078, 45735, 158318, 122438, 433184, 415159, 214203, 137096, 187967, 181667, 86131, 5359, 426138, 361368, 343413, 269878, 401614, 341473, 39767, 192461, 81390, 331422, 47943, 81512, 168538, 210492, 102462, 195301, 362269, 393730, 64920, 130297, 121734, 416634, 346914, 35, 165325, 297024, 407699, 175771, 441511, 323640, 286322, 243719, 498400, 344534, 372331, 307134, 406557, 56244, 293448, 318033, 14355, 192842, 488850, 350870, 324597, 479557, 271732, 126079, 34956, 357606, 196064, 459974, 261782, 158321, 276258, 31989, 305050, 119877, 338224, 74931, 175299, 392052, 131623, 368553, 277921, 451928, 457268, 292557, 41370, 350040, 148896, 23017, 6413, 180334, 261977, 241635, 62279, 304160, 274780, 49623, 424297, 363252, 68449, 476921, 117026, 132356, 86491, 170105, 5655, 483235, 90716, 247497, 27964, 164664, 100816, 369659, 192586, 388451, 217989, 448513, 432083, 127602, 264763, 236826, 253319, 474413, 252533, 464980, 160914, 101213, 143430, 106427, 397923, 22115, 103680, 235781, 332084, 6530, 358339, 490447, 409273, 274, 427592, 68912, 234805, 35281, 494310, 320407, 434076, 143129, 223316, 333730, 491894, 124882, 117554, 233578, 439657, 499944, 36269, 232842, 346121, 258356, 82007, 226072, 217684, 180171, 211027, 313516, 96299, 247385, 212388, 48757, 7298, 339767, 218174, 67539, 470608, 439857, 117930, 106411, 165691, 237130, 348787, 448868, 419028, 240005, 395684, 382270, 397785, 499735, 435963, 378519, 45893, 317063, 412415, 117275, 104869, 356312, 223336, 458925, 439879, 253389, 20211, 327575, 209507, 295793, 102029, 103963, 291266, 121305, 334472, 246903, 183297, 269784, 2269, 264305, 70482, 171250, 408809, 36225, 27905, 440779, 7207, 30062, 11101, 53005, 146857, 253338, 280352, 190277, 214001, 381248, 54026, 439075, 192498, 408845, 487856, 190473, 348573, 394354, 443585, 165070, 301234, 355133, 291835, 436993, 465146, 271739, 475588, 254767, 332486, 75040, 81435, 81954, 201340, 52303, 146357, 472291, 407059, 269264, 48032, 106853, 189899, 423703, 50750, 133838, 160216, 119755, 318990, 256879, 227932, 349330, 193162, 137792, 361687, 152898, 80929, 459943, 28732, 400418, 286586, 229433, 474404, 398004, 34513, 125653, 32382, 58136, 325998, 352436, 62926, 231763, 487929, 364734, 411406, 105459, 246726, 163985, 467124, 29284, 15077, 479092, 101184, 232133, 189398, 390203, 472193, 189523, 230576, 243889, 430092, 117106, 8346, 448688, 281959, 97963, 295247, 412788, 207638, 461081, 258853, 204336, 499047, 274496, 171256, 493708, 226594, 450307, 178055, 58799, 85838, 148570, 464512, 416525, 342291, 205375, 235882, 442810, 209660, 329631, 419536, 27446, 198883, 116199, 388237, 44820, 165160, 257615, 340344, 471637, 86976, 345600, 242660, 297903, 295408, 480094, 258577, 5981, 110324, 233415, 418437, 453259, 104040, 163859, 483348, 10666, 294985, 107128, 239246, 366479, 170107, 359193, 488957, 194658, 244937, 230515, 345564, 313546, 12828, 330780, 234845, 485592, 177957, 60375, 138290, 286023, 443856, 51589, 274505, 282596, 412564, 78349, 254784, 19840, 271253, 287413, 258725, 244986, 76364, 118098, 275349, 214692, 337130, 14767, 262060, 124509, 95509, 122547, 345776, 427212, 280581, 373582, 359106, 97379, 154164, 343822, 419989, 92478, 79000, 178248, 76709, 494471, 479780, 202525, 198827, 166261, 230020, 13316, 23016, 459289, 377124, 238997, 300202, 33815, 183558, 444543, 433031, 198734, 446550, 459718, 100940, 158300, 286904, 236790, 374972, 288216, 401865, 186258, 21144, 383045, 332479, 109930, 26851, 126630, 131539, 123258, 207015, 231847, 9508, 291067, 201554, 436819, 118412, 448584, 398098, 488750, 96886, 247731, 368291, 116313, 159696, 97815, 81945, 349550, 354323, 218087, 163951, 421510, 157202, 185845, 424485, 37149, 297530, 368067, 482523, 297687, 311926, 200640, 341563, 103879, 365517, 234044, 350414, 271368, 304515, 236780, 391030, 167804, 21474, 374323, 145428, 410590, 288404, 383713, 96331, 389785, 184761, 179737, 421713, 454361, 103703, 225723, 50639, 141925, 26139, 304849, 420139, 434571, 476844, 181693, 284244, 359810, 142388, 270450, 90412, 342750, 406472, 79560, 252605, 60222, 278095, 390340, 258045, 34292, 81909, 301140, 326328, 152281, 263435, 417733, 150576, 48398, 11576, 157349, 482259, 144255, 53313, 442680, 133706, 240233, 267690, 496415, 480994, 83589, 168586, 481196, 471004, 54012, 105862, 7154, 74075, 342906, 433494, 199177, 424188, 201241, 124624, 219215, 72120, 456825, 437785, 36075, 497099, 83447, 97812, 352901, 55946, 132466, 126622, 251057, 258827, 294883, 440971, 203074, 146967, 304080, 380792, 202981, 13703, 409417, 474177, 338516, 37646, 62325, 238127, 135700, 276599, 437351, 290397, 31382, 338230, 366092, 395613, 57821, 331405, 192774, 307108, 222505, 213688, 182379, 416705, 414593, 300979, 424603, 164146, 97739, 185640, 405227, 321356, 420184, 13747, 182261, 369146, 64189, 297643, 45759, 204880, 79370, 248709, 60649, 348137, 392601, 75610, 240266, 218292, 86139, 8732, 253168, 57553, 114620, 140988, 211411, 250708, 298517, 151224, 89970, 479883, 121729, 470294, 491945, 371698, 376472, 88001, 237530, 398628, 69092, 290128, 122108, 643, 411509, 194616, 439571, 202088, 374043, 192382, 167068, 258623, 198211, 134767, 415582, 177206, 211441, 269036, 199365, 357958, 341745, 343851, 53199, 190327, 240561, 139797, 4924, 272231, 432175, 447484, 132120, 327692, 77488, 240613, 251834, 9168, 177513, 246768, 84887, 360631, 177760, 214419, 460476, 42660, 193587, 229224, 54425, 191485, 153196, 312412, 220711, 159170, 58207, 432992, 255086, 219932, 337171, 92188, 61193, 87970, 330674, 385998, 274882, 277830, 21991, 459487, 335611, 156277, 37834, 155477, 395996, 14858, 346793, 425484, 318912, 297997, 484459, 282443, 412465, 246102, 381977, 336872, 274870, 137060, 203961, 117449, 93652, 86079, 358240, 241428, 52396, 199033, 452844, 83885, 34712, 422686, 44353, 53358, 169123, 454155, 329019, 226996, 105145, 372519, 371205, 404346, 405286, 178243, 157679, 216350, 32214, 288778, 412434, 428272, 151492, 406010, 261505, 258770, 157754, 185452, 50839, 263131, 399395, 392729, 164159, 58228, 131577, 415790, 466274, 258565, 116192, 193862, 480377, 221964, 32673, 446877, 386432, 315308, 312898, 112243, 28433, 206297, 450365, 253257, 129691, 486193, 402142, 17639, 133051, 70013, 131926, 401152, 120872, 167812, 371024, 473392, 404513, 112423, 414092, 414120, 145588, 205752, 304610, 152325, 222853, 279428, 445414, 187305, 102866, 152521, 279023, 413561, 462692, 289285, 449232, 344121, 439022, 395292, 23512, 485665, 257962, 197171, 308397, 178832, 354782, 435322, 180893, 405771, 181374, 129594, 434973, 270570, 103538, 494108, 364830, 276032, 446482, 336710, 346739, 72815, 278580, 106145, 411854, 391585, 335641, 273377, 203390, 297951, 3481, 194096, 333256, 109850, 29021, 255134, 114734, 52524, 319656, 219079, 188822, 447332, 128776, 42726, 425953, 205136, 257349, 435461, 224569, 297836, 329789, 147541, 409845, 445360, 284164, 35655, 397222, 9429, 180662, 454518, 135686, 86082, 143289, 436997, 499478, 192743, 77228, 448572, 25874, 237979, 195121, 314744, 213002, 407200, 375395, 167974, 112894, 443441, 416003, 62061, 85218, 469615, 54041, 224962, 268818, 81915, 109537, 256403, 195778, 220700, 32684, 414287, 372401, 177742, 351474, 32934, 92017, 120682, 274980, 74304, 277536, 28165, 345717, 433757, 228445, 73401, 170506, 31729, 389761, 13507, 393373, 395143, 286324, 312404, 445941, 272177, 175195, 483984, 72942, 455699, 298480, 225601, 181704, 227494, 62699, 304509, 458747, 465521, 260005, 114928, 113623, 7163, 77639, 148553, 10981, 153824, 451519, 410434, 243597, 400704, 864, 367357, 117401, 121349, 385578, 200441, 214385, 73926, 218236, 166416, 349215, 307235, 360067, 160156, 222250, 49690, 271555, 102166, 488490, 23253, 198767, 340583, 315051, 323254, 25616, 302500, 411862, 448840, 159772, 469398, 461646, 270009, 469561, 343387, 494595, 374736, 479600, 419532, 239028, 324678, 6789, 92532, 26839, 73410, 279685, 7900, 306816, 363544, 66469, 159178, 244136, 115351, 460584, 189038, 126729, 91604, 406346, 216470, 43319, 153728, 447674, 195033, 420817, 452382, 306782, 284113, 50892, 207434, 379483, 462185, 109370, 237811, 457815, 9043, 431975, 118157, 208532, 22787, 187371, 456114, 98629, 247193, 147148, 127388, 288020, 206222, 220984, 212793, 162573, 295806, 492301, 328375, 92751, 169866, 84326, 139687, 492349, 458813, 74773, 420868, 289070, 260078, 143749, 219376, 405915, 403668, 194504, 379012, 76998, 363845, 133187, 83905, 74815, 17422, 342039, 4270, 359524, 190416, 106271, 423506, 160418, 185194, 440386, 291761, 382141, 330697, 9141, 472288, 314364, 422324, 347453, 106941, 171250, 307751, 225647, 274541, 158737, 440663, 254420, 262836, 383733, 378078, 210418, 95881, 58510, 101741, 424769, 192921, 133446, 264503, 400861, 133789, 36970, 52170, 237614, 429127, 107091, 150898, 357494, 14846, 283405, 227134, 221948, 467677, 389631, 351288, 216079, 387195, 305999, 330866, 244791, 234777, 201335, 443902, 448653, 18456, 414508, 408510, 334536, 472275, 307483, 298944, 318911, 372058, 344565, 226825, 102953, 34912, 10844, 411456, 475965, 323959, 203608, 439673, 177626, 89473, 466728, 97481, 171629, 286804, 59320, 285127, 348837, 300032, 184052, 104134, 304501, 38288, 475655, 343911, 353435, 280583, 93361, 402549, 273851, 12618, 13123, 276690, 495583, 213629, 35160, 71400, 252303, 389796, 143050, 200740, 309233, 436829, 46172, 284343, 249165, 232550, 212865, 169110, 38393, 72837, 498767, 86226, 105644, 355128, 243912, 384910, 226550, 445311, 281444, 425182, 50539, 241347, 197309, 36206, 142832, 36015, 212081, 384656, 144656, 486783, 69497, 474722, 468900, 92755, 221905, 484882, 497251, 65206, 296048, 268032, 421551, 278451, 397286, 113999, 471355, 84722, 212863, 127746, 203206, 36303, 300854, 33696, 327315, 110297, 231386, 61705, 126009, 350820, 434070, 145074, 93960, 267983, 454343, 74829, 446087, 243871, 62060, 108807, 112886, 232603, 256026, 393090, 156830, 52299, 208717, 492303, 373692, 196010, 411634, 47686, 326542, 253876, 291057, 16205, 469750, 73335, 283875, 406946, 489591, 273501, 231952, 430834, 241956, 13129, 460944, 109889, 164498, 351781, 414551, 229284, 202289, 117307, 133510, 166321, 58683, 202780, 282786, 292238, 126138, 106762, 10500, 37737, 400370, 70814, 110616, 266689, 444780, 347045, 285319, 150874, 291955, 479754, 235225, 236281, 344085, 204854, 309736, 318164, 264340, 60645, 469336, 455493, 222447, 487412, 440304, 421322, 234574, 3467, 332023, 224660, 40415, 296199, 332544, 320417, 241705, 394371, 66842, 157403, 405800, 291854, 188617, 442844, 284487, 321800, 260548, 312408, 214294, 302461, 102447, 269504, 191672, 435049, 380994, 251051, 125979, 202174, 342272, 439821, 365079, 455096, 499754, 126684, 197513, 51558, 231146, 478026, 166969, 427223, 51442, 160728, 415808, 251099, 340613, 40375, 35393, 45308, 390673, 9665, 430254, 287275, 167069, 340060, 98778, 5192, 87308, 492108, 390566, 203368, 400210, 323307, 470223, 233989, 427369, 215777, 118440, 320630, 444348, 163757, 463532, 143297, 403608, 406513, 373726, 276500, 99845, 448425, 197186, 261452, 369124, 459711, 356300, 327664, 253613, 32738, 2005, 140490, 279739, 45879, 363756, 217163, 131213, 205444, 239588, 215490, 1786, 414911, 422601, 477627, 328869, 302145, 499809, 403290, 319117, 79839, 152730, 309625, 160914, 205450, 190845, 195942, 437126, 121027, 306717, 469987, 11450, 489890, 305954, 371365, 258147, 252500, 277381, 238957, 343150, 21033, 465221, 447970, 285731, 431043, 257987, 335005, 39438, 308714, 208671, 47079, 6197, 425747, 129219, 147921, 271294, 331521, 94604, 437948, 318538, 106156, 184921, 64058, 298317, 321357, 95435, 284327, 469715, 200072, 26176, 208153, 84524, 390073, 498899, 492650, 122664, 150831, 408708, 228471, 215771, 79479, 101397, 212361, 409459, 63431, 491724, 87913, 81173, 286935, 78957, 387651, 271332, 476813, 131136, 403175, 190841, 54536, 162623, 44782, 251780, 438578, 126735, 160162, 482831, 320439, 69013, 154092, 233344, 134648, 143689, 466127, 432781, 282694, 316474, 278766, 154960, 189626, 254556, 350868, 47281, 417718, 290858, 418096, 81579, 174003, 16282, 388888, 471403, 289863, 299652, 364097, 397518, 433913, 27649, 159017, 495034, 17188, 7560, 396273, 437917, 343061, 389817, 390593, 400198, 382512, 170990, 454357, 46521, 463118, 300928, 432434, 217127, 428889, 96999, 268367, 154772, 289825, 274170, 483176, 346006, 124439, 123212, 437388, 168027, 357393, 301101, 53630, 272751, 76707, 458120, 447735, 192378, 369629, 247323, 33515, 192143, 252094, 209557, 245595, 401372, 148132, 143603, 230658, 331735, 233550, 474115, 128808, 81081, 152412, 40863, 238703, 59468, 470774, 433472, 375, 140654, 462395, 294011, 73183, 464361, 268070, 333151, 189186, 103629, 496899, 28363, 199489, 42494, 209732, 297173, 255775, 21219, 74620, 146528, 327869, 408413, 405220, 468800, 494749, 217744, 196373, 201662, 333266, 228081, 109272, 20530, 453147, 197286, 365801, 62850, 175741, 363359, 303119, 189764, 173337, 87066, 477899, 53777, 457803, 200417, 273606, 438866, 266720, 12166, 224046, 70796, 156583, 262819, 82885, 241995, 253361, 84783, 432053, 56413, 138236, 460524, 171716, 133627, 155506, 493906, 324080, 409516, 194741, 396326, 71918, 314598, 453951, 419957, 196798, 479419, 450215, 12034, 78925, 133656, 172389, 419241, 496897, 263987, 458532, 224359, 324705, 354760, 292005, 270403, 4872, 276480, 493102, 169424, 425085, 43697, 101221, 389921, 231405, 476849, 459699, 215046, 306578, 274653, 305750, 140385, 303441, 304796, 194967, 125041, 164607, 60886, 455267, 178609, 125104, 110195, 376382, 205514, 125791, 283117, 133159, 128533, 423262, 230847, 27530, 236169, 294146, 338719, 306749, 321537, 471467, 76382, 190530, 442063, 27448, 216087, 235350, 163843, 450030, 436575, 426873, 193035, 434599, 121917, 364083, 324461, 223552, 374157, 34143, 298612, 234181, 417447, 338892, 443853, 445068, 167603, 84760, 368994, 19191, 393763, 149329, 386769, 149134, 147850, 373305, 190608, 442080, 278795, 248263, 271129, 105077, 279522, 140030, 76464, 233943, 281082, 260910, 130833, 123307, 456156, 444724, 163772, 7705, 183503, 473651, 32417, 338409, 8892, 134211, 146844, 95145, 101305, 488088, 486633, 396987, 252502, 50163, 344656, 225723, 347657, 96207, 343416, 199464, 488070, 495881, 476842, 102770, 358114, 359501, 89489, 195590, 396251, 104249, 183958, 164698, 154937, 54126, 218755, 154236, 290308, 90039, 259561, 213225, 76894, 14329, 150856, 322146, 13794, 270960, 343932, 115156, 180586, 171051, 142188, 455877, 9004, 390969, 197040, 334969, 149272, 290940, 172448, 99596, 12124, 103987, 425129, 235447, 357600, 245104, 5221, 471850, 158365, 22567, 470038, 226452, 461729, 349871, 445019, 203654, 379297, 135376, 333646, 197459, 113518, 92311, 183229, 392290, 489788, 403401, 46219, 413642, 187745, 52258, 139395, 170855, 486334, 27052, 94735, 29197, 77522, 19878, 356854, 198145, 100998, 386773, 13441, 450138, 34648, 24380, 233384, 184038, 427546, 154442, 422830, 255484, 198467, 96046, 318797, 139286, 226044, 433389, 326403, 313459, 285877, 202045, 25875, 263219, 156364, 397293, 3041, 192927, 64317, 319630, 3694, 368714, 96530, 123320, 384802, 342373, 371128, 48983, 355038, 240561, 70187, 309405, 269485, 91757, 93943, 17604, 479965, 378842, 370419, 281375, 372816, 187176, 135872, 483535, 433887, 51767, 301570, 367305, 316023, 61691, 344529, 477496, 211277, 39114, 59016, 101594, 424467, 42307, 128051, 83284, 436792, 433028, 473575, 168915, 72530, 301490, 353440, 185094, 377299, 43242, 380297, 62618, 9669, 425007, 19054, 382913, 334122, 23728, 395479, 48832, 253470, 35401, 451676, 147550, 328375, 174387, 365013, 421948, 142495, 69991, 435670, 349110, 159531, 198893, 26356, 93010, 118130, 83903, 487412, 481579, 143684, 474786, 402136, 4424, 288389, 146389, 47428, 256338, 153772, 464627, 407353, 209853, 122013, 412998, 412312, 372881, 167721, 1447, 52810, 195249, 314822, 407340, 164462, 133291, 205742, 478586, 259390, 84706, 272588, 353707, 92023, 298385, 77086, 198040, 266452, 285109, 423996, 331725, 409297, 29407, 27562, 402825, 220307, 75880, 426482, 327558, 158443, 121299, 176002, 254279, 404236, 164898, 9120, 330820, 43654, 177393, 239280, 249945, 262833, 492499, 240106, 5335, 392128, 389714, 365442, 102118, 19366, 134297, 250905, 383272, 173537, 276041, 149980, 397659, 60025, 80249, 236899, 430442, 93089, 297321, 203842, 290324, 87510, 420404, 145267, 414713, 286163, 265971, 238728, 193595, 300458, 210989, 432146, 121403, 127375, 15453, 458735, 312058, 228446, 183643, 368863, 170850, 180241, 261438, 119303, 138145, 428271, 127634, 53308, 301081, 198647, 51873, 440581, 27294, 406662, 33316, 167798, 210285, 493172, 410034, 60905, 240726, 309187, 168804, 439309, 233106, 327574, 129288, 40686, 163043, 410187, 460864, 439217, 280317, 295791, 361797, 449490, 350295, 435135, 84070, 49796, 245997, 399856, 400824, 105973, 347155, 315592, 338011, 20994, 54200, 82655, 436946, 34264, 241741, 202021, 464316, 272607, 176982, 431906, 78281, 157455, 362876, 419365, 197730, 408012, 83108, 274048, 186898, 463974, 205245, 300435, 380208, 301877, 82227, 328794, 276627, 7299, 463539, 205184, 346310, 66426, 129641, 45037, 63257, 486594, 456853, 44872, 478675, 168074, 388325, 292280, 176285, 243303, 53425, 134439, 493159, 234084, 141729, 481030, 475488, 82881, 477115, 418281, 67072, 394620, 484105, 232514, 491488, 34643, 74328, 262413, 297856, 342029, 166481, 9274, 225148, 333627, 190600, 146667, 302688, 390024, 28926, 287493, 213482, 362966, 12114, 291742, 496884, 298548, 102944, 328024, 441150, 131957, 322837, 77519, 197790, 292273, 175972, 32348, 130837, 317970, 309530, 111026, 234501, 82515, 483899, 453045, 230954, 21014, 469183, 339384, 220971, 484188, 143626, 319841, 37303, 196572, 116799, 247462, 448540, 380696, 106907, 10059, 156168, 243315, 10545, 134936, 146487, 339082, 481145, 254971, 470659, 26661, 263578, 114059, 456118, 56105, 127293, 424794, 396130, 357283, 302607, 194384, 404215, 103929, 371614, 171610, 235864, 442844, 244068, 280380, 260985, 417724, 414212, 389377, 76634, 210011, 225589, 123606, 233154, 408936, 259644, 480815, 352738, 97418, 349559, 17368, 213131, 389840, 218740, 135567, 417206, 33881, 232728, 413691, 378474, 395299, 249550, 332148, 395331, 177449, 320815, 129201, 338221, 143454, 463330, 67428, 14633, 342966, 276440, 2503, 128381, 430927, 337678, 428058, 471343, 200517, 107160, 79671, 92255, 144030, 263512, 2205, 71138, 428453, 187372, 307085, 63640, 230591, 35880, 126219, 279198, 69605, 15319, 278891, 188807, 253267, 434245, 395970, 100212, 61615, 385179, 104940, 116287, 81441, 260107, 289898, 441976, 237338, 440442, 66452, 200477, 125360, 321342, 13290, 408131, 152807, 387818, 210834, 78482, 280887, 255547, 394957, 176485, 307091, 42813, 49868, 57691, 257186, 189589, 417011, 300489, 155487, 447308, 279624, 192746, 328882, 454316, 402460, 295307, 79199, 216176, 208951, 356979, 125302, 469998, 224152, 398693, 61670, 318834, 140426, 165364, 77780, 423911, 473875, 216577, 95531, 36114, 292616, 464405, 309983, 99419, 93480, 216834, 19835, 126491, 219420, 301769, 116652, 26194, 185018, 245880, 491683, 341182, 336826, 323420, 149, 458722, 114837, 376641, 274317, 215953, 485486, 204600, 17588, 243399, 20461, 493239, 316477, 226593, 468263, 202699, 318962, 111712, 206314, 496692, 53974, 367326, 266734, 122934, 289354, 50463, 238855, 116102, 143206, 12174, 487140, 121865, 460987, 282219, 348497, 451298, 266606, 388472, 37306, 98348, 277530, 225906, 380549, 17843, 353996, 224001, 465128, 155463, 294169, 366355, 383253, 82495, 351879, 223920, 365472, 328578, 22944, 334725, 433696, 485093, 448191, 234951, 70652, 133991, 145935, 252941, 43526, 450829, 167886, 197498, 432237, 219380, 218760, 187642, 50468, 110881, 53642, 431543, 461594, 87367, 431802, 128685, 52561, 393731, 113757, 417002, 244320, 457545, 491316, 20259, 333384, 255229, 288334, 2949, 429771, 226409, 250879, 413027, 21681, 208314, 53890, 390533, 140089, 489191, 169887, 40940, 474327, 130614, 183092, 350116, 49890, 161497, 276968, 28807, 59909, 54041, 357946, 247940, 366322, 130319, 415521, 84575, 140641, 106237, 187224, 69912, 467775, 421640, 373700, 54318, 158458, 26670, 211372, 343794, 244726, 210355, 101903, 81735, 4529, 468285, 379824, 134003, 155110, 317338, 20981, 330207, 140195, 31042, 27774, 118715, 310863, 430028, 326059, 105246, 87094, 234753, 319779, 233427, 286830, 134897, 24400, 375711, 287194, 280605, 377786, 478356, 131017, 268315, 285293, 325329, 412438, 154163, 30586, 225149, 375109, 100126, 424578, 177801, 416535, 64578, 240984, 488599, 147698, 213154, 88273, 229094, 415047, 190497, 72413, 240446, 182642, 185520, 13951, 310700, 290014, 251936, 170073, 479068, 492000, 217031, 395521, 46875, 244765, 219444, 243967, 405444, 359696, 142616, 356746, 337655, 477041, 73504, 177026, 291398, 175544, 423060, 389141, 171429, 29217, 427090, 184253, 221862, 315836, 372743, 16048, 376060, 7977, 139669, 478090, 326326, 1308, 391193, 241406, 414685, 21195, 369368, 62796, 44066, 35976, 162300, 115330, 364802, 447948, 290267, 157608, 233438, 156032, 344373, 386616, 458215, 122772, 422213, 72538, 78018, 393419, 106460, 382738, 357364, 191471, 267519, 452554, 297169, 333257, 476895, 406784, 87336, 164632, 438685, 62218, 90809, 453699, 142817, 120917, 274647, 185887, 77434, 143078, 48852, 389973, 189615, 464866, 385280, 3998, 30032, 99340, 127903, 119040, 302112, 489826, 374299, 438595, 294234, 107200, 135236, 109734, 460403, 360720, 139896, 342051, 303189, 77184, 393966, 57067, 314258, 448007, 165149, 459204, 53475, 339965, 390684, 264523, 218340, 469086, 80251, 385194, 491899, 49501, 378308, 439017, 61279, 10563, 236747, 355695, 30188, 18176, 28377, 230019, 111574, 360687, 369234, 399502, 329169, 223474, 123796, 222658, 246296, 47260, 188414, 17961, 8523, 297379, 282780, 466876, 71187, 373785, 349245, 430631, 141723, 261232, 68851, 423582, 42984, 268705, 432698, 136677, 363823, 42209, 488153, 63947, 388791, 411526, 174659, 212208, 383697, 136545, 454494, 377903, 477839, 139592, 281342, 438361, 478333, 332601, 33727, 445617, 386034, 379634, 265190, 141142, 278150, 62812, 164295, 476887, 195900, 442911, 359721, 97548, 203336, 446791, 89851, 125569, 192215, 427932, 297491, 478350, 217390, 57927, 357184, 240907, 86276, 422657, 9038, 177083, 364652, 350157, 23548, 174200, 284919, 21951, 391824, 88865, 267730, 195858, 428260, 56000, 427382, 462643, 45999, 289199, 396686, 288254, 141174, 227218, 423250, 47615, 412668, 210029, 96872, 261927, 213618, 313851, 311894, 82050, 153813, 159555, 171626, 368296, 227360, 134547, 258160, 480230, 186627, 157647, 143834, 441430, 254733, 214114, 143841, 276983, 356883, 101693, 77034, 49372, 226049, 354392, 9639, 275552, 378635, 147709, 239305, 330986, 499697, 472966, 337583, 276627, 151615, 241789, 95234, 437802, 304898, 52182, 438820, 172085, 320377, 473054, 287141, 99599, 270228, 22160, 15861, 446879, 55564, 472662, 478264, 222089, 2388, 356831, 189660, 219022, 466479, 433507, 12337, 129264, 458972, 467378, 27002, 147137, 200395, 21935, 304380, 343988, 52914, 53231, 17019, 113183, 280624, 394794, 436948, 266300, 201437, 233918, 234612, 215774, 6357, 76237, 390224, 65128, 138036, 316758, 429176, 16170, 190992, 462447, 297696, 297117, 285668, 465597, 475878, 222337, 109223, 377941, 285953, 73560, 153725, 446006, 224689, 490960, 13325, 123549, 100943, 251190, 319657, 134954, 121097, 422800, 489946, 405754, 284974, 374582, 23641, 260625, 421783, 173443, 9982, 98203, 321422, 206655, 117499, 454162, 490737, 67105, 104118, 127498, 186013, 282522, 293044, 216376, 99027, 254548, 423342, 306634, 114081, 385186, 414975, 165183, 352205, 497297, 157230, 477758, 296835, 361151, 135123, 128804, 265887, 67709, 238779, 390351, 37908, 75526, 466122, 36936, 15541, 306256, 200813, 173869, 105428, 275620, 455898, 193189, 9875, 97256, 478078, 318129, 44099, 471971, 54779, 454213, 30934, 419633, 38403, 50019, 243362, 92841, 293075, 238395, 367973, 421758, 34512, 205794, 323339, 128409, 273241, 263651, 353911, 105339, 253076, 116897, 207577, 469263, 83899, 39102, 25492, 51406, 253820, 496819, 137538, 58926, 397571, 119666, 133892, 345496, 175362, 46017, 165513, 149753, 36843, 234173, 318341, 316315, 344107, 11428, 376140, 334842, 255707, 92480, 267285, 416917, 439439, 396354, 203377, 290267, 247829, 161022, 140405, 99837, 301137, 103466, 410974, 83001, 208255, 413617, 89299, 99440, 373253, 157291, 278581, 12927, 309171, 275130, 67056, 441158, 378638, 113121, 19707, 366731, 345424, 445719, 52176, 418264, 20705, 77038, 24660, 399450, 45300, 53144, 284154, 239962, 499883, 291799, 162830, 39590, 207891, 421103, 337305, 321253, 357762, 289559, 110442, 114420, 73908, 44231, 78986, 319443, 309713, 241377, 448801, 19699, 444729, 461889, 196308, 20476, 98342, 156275, 275688, 277346, 381671, 109949, 127073, 327998, 136703, 476062, 260168, 497467, 48121, 59373, 66303, 139835, 378137, 260744, 300804, 493644, 99912, 137806, 209674, 378094, 316184, 242599, 324880, 358545, 144371, 257214, 328084, 376677, 45493, 128518, 20071, 405911, 409390, 317253, 58466, 428614, 487253, 22808, 38473, 230591, 149514, 283480, 165387, 92929, 54095, 257735, 46381, 239976, 417528, 60573, 182128, 16864, 112565, 293672, 131, 4680, 210699, 279906, 387761, 357854, 187504, 29293, 47180, 165457, 114131, 148754, 129759, 339206, 30988, 431643, 27052, 410535, 353289, 422096, 468106, 465376, 252388, 129657, 311313, 275172, 190689, 141147, 285441, 484349, 374049, 150265, 230906, 270715, 382046, 228239, 360, 459154, 78284, 197874, 470902, 419589, 280589, 94044, 59935, 78044, 73272, 429085, 113391, 107355, 303582, 216609, 74692, 481491, 110869, 26486, 147811, 430922, 181094, 16914, 322852, 30399, 272792, 153320, 68556, 464514, 493353, 447183, 397006, 358073, 250290, 444437, 496409, 352784, 221328, 56504, 451422, 122423, 146988, 95834, 132913, 239041, 467558, 426149, 173859, 486642, 141012, 143037, 96467, 102894, 289538, 77033, 64798, 63285, 493925, 354286, 336413, 326083, 291869, 372747, 492193, 331414, 175861, 230039, 63868, 350019, 305647, 232983, 413483, 289644, 240248, 440685, 416549, 198021, 47094, 331797, 44973, 222112, 174931, 250906, 330221, 299304, 155651, 459023, 455506, 325596, 117777, 94633, 68395, 59170, 28262, 87798, 468282, 224897, 324868, 222735, 150436, 54251, 238287, 130545, 21441, 5690, 200758, 47074, 465623, 178280, 94159, 443493, 424940, 62796, 433603, 83898, 84922, 148579, 295925, 253396, 113716, 398341, 33027, 247902, 357348, 490464, 352823, 152036, 199611, 373714, 40372, 350048, 85194, 56272, 353980, 367829, 43887, 452914, 376323, 3852, 202337, 209506, 167562, 349754, 482540, 166242, 405268, 5272, 175041, 347452, 205047, 328104, 372122, 210755, 180208, 321747, 65808, 261597, 190703, 117989, 429618, 320094, 25736, 431256, 20014, 2689, 32165, 186261, 145276, 486611, 27694, 129123, 142945, 489835, 121269, 451649, 164413, 27178, 371278, 217514, 249738, 362855, 188196, 121243, 480075, 368173, 216936, 267756, 451120, 102049, 204669, 168067, 310775, 389596, 268822, 47758, 443332, 332667, 281500, 78887, 324522, 426467, 240724, 456623, 254491, 408886, 315233, 187175, 327908, 303979, 456066, 65992, 429344, 9882, 234025, 472601, 383278, 426222, 303836, 223234, 400434, 130915, 347155, 400127, 440311, 371464, 35059, 280896, 229308, 114683, 338123, 76959, 68242, 490134, 94606, 179656, 205622, 429904, 2074, 499415, 358368, 379576, 12435, 177470, 328030, 214130, 497999, 161186, 230244, 118063, 573, 121981, 84600, 59760, 339157, 89968, 388961, 73099, 454221, 82358, 464473, 106222, 63671, 282745, 336039, 375046, 458534, 454569, 46947, 84280, 449781, 138304, 279711, 164629, 81264, 179843, 72049, 454754, 111798, 54875, 413735, 495901, 50574, 98417, 284082, 250365, 262438, 192359, 323259, 119973, 9414, 25750, 417600, 437276, 69800, 315878, 441368, 318270, 38961, 262958, 217952, 18108, 429471, 116404, 462107, 228617, 144918, 114401, 481113, 54842, 25853, 343013, 403284, 368504, 493746, 283174, 233846, 364038, 293334, 180268, 94130, 403667, 113831, 222156, 280965, 130767, 416117, 139315, 265573, 387873, 494212, 149177, 180178, 155202, 127064, 180123, 385785, 315497, 177191, 331940, 13342, 177642, 408022, 274139, 383332, 450857, 236592, 20120, 161602, 184601, 210133, 56156, 193270, 810, 421682, 331635, 478436, 201307, 195070, 301268, 72785, 224019, 158642, 213380, 489900, 449555, 207393, 433143, 98704, 324654, 244075, 399191, 184818, 22710, 318693, 370820, 390231, 64175, 235901, 241713, 384874, 428823, 175282, 395282, 190765, 40173, 438645, 220542, 261599, 5652, 220138, 493649, 31528, 368018, 290901, 186680, 476202, 149381, 334421, 276215, 318929, 284177, 467735, 202511, 297383, 62305, 13889, 7890, 496454, 443691, 84425, 238040, 164385, 238872, 21199, 70273, 448615, 365704, 78663, 112790, 490811, 159785, 159996, 126104, 225678, 64934, 494443, 366920, 171320, 205954, 131766, 472786, 247608, 98663, 395930, 464202, 308644, 295555, 369304, 207105, 174516, 458881, 464602, 160941, 490888, 311842, 488219, 454722, 340907, 118724, 481283, 122027, 129615, 335342, 206821, 62076, 398063, 141499, 356555, 271545, 191777, 368434, 138660, 38861, 166557, 450089, 239779, 23411, 295251, 158933, 431923, 357418, 24596, 380445, 261927, 475243, 264456, 230234, 407592, 120548, 443464, 429436, 38481, 158137, 441610, 38145, 460453, 148501, 286561, 324159, 70983, 19724, 417507, 404641, 252126, 232978, 82419, 67869, 349815, 83232, 275032, 302908, 310019, 307852, 125331, 81584, 258531, 198503, 240686, 48714, 251312, 392822, 373980, 21581, 304380, 105097, 376690, 234705, 172219, 461438, 168303, 462375, 285965, 246087, 51509, 246707, 11514, 398890, 331489, 26649, 495615, 462641, 2148, 318054, 150982, 476778, 64605, 43955, 185919, 246426, 179318, 345474, 5838, 182693, 234599, 204753, 497541, 386842, 223113, 238479, 120628, 47341, 102323, 315452, 291540, 399869, 28036, 3925, 281063, 477474, 266744, 199509, 303681, 189644, 182993, 472389, 192846, 342838, 278360, 460210, 203837, 285114, 460949, 285073, 26898, 325645, 28366, 110675, 385109, 181074, 228210, 352242, 8195, 301113, 102940, 164016, 110775, 26456, 341691, 100805, 83039, 459202, 247195, 121536, 150391, 202561, 103468, 173505, 21863, 418758, 254662, 349758, 429918, 113213, 495496, 204684, 361689, 192224, 56818, 406301, 451966, 370628, 227197, 379350, 392371, 384237, 307511, 229349, 337817, 24596, 404574, 281221, 254991, 112778, 404965, 73795, 444727, 369305, 405162, 150019, 30905, 282131, 433475, 89605, 492662, 62274, 394601, 362299, 54609, 357637, 315471, 63452, 64492, 259608, 338103, 218671, 495133, 109674, 488254, 412296, 21597, 289629, 307145, 247296, 369328, 327061, 487690, 11630, 264443, 457845, 385954, 241797, 284458, 492152, 451115, 195928, 273515, 402719, 431520, 482386, 236620, 407787, 55855, 269183, 257096, 153939, 499260, 290747, 334570, 88313, 311718, 402005, 150531, 18161, 105618, 364715, 293650, 336410, 8495, 444586, 499248, 496154, 83606, 122710, 247435, 281560, 327300, 53879, 163432, 112593, 159896, 29841, 55677, 202708, 243574, 178154, 36599, 103901, 27485, 103794, 316738, 6560, 290045, 457888, 401688, 294165, 51734, 260340, 128736, 440368, 161437, 52063, 365142, 422205, 164496, 312543, 212756, 312335, 443924, 144819, 206020, 203847, 52363, 209550, 329236, 109606, 217414, 172717, 233909, 193122, 86236, 108971, 403387, 114482, 437743, 260538, 280104, 319156, 1369, 169672, 3914, 436282, 370345, 232515, 478011, 494410, 415493, 224029, 135038, 369752, 365700, 28366, 321427, 411474, 315327, 345316, 155629, 110685, 311115, 282136, 37780, 321774, 273095, 312751, 138105, 35036, 400465, 254018, 16962, 4830, 122131, 183479, 14777, 180935, 227121, 152217, 380399, 486986, 474545, 217077, 219303, 180517, 369488, 138542, 273941, 323549, 454293, 108715, 292720, 212442, 329677, 285786, 307533, 399974, 25505, 303514, 59075, 22679, 274102, 461854, 223650, 197457, 133772, 424968, 99173, 178327, 407162, 199098, 71570, 445806, 422031, 123792, 317178, 293091, 59493, 286085, 482214, 116356, 151385, 438793, 437949, 388296, 297913, 216708, 318950, 72056, 49632, 150926, 34000, 266930, 338612, 477696, 203642, 259193, 227087, 187654, 323174, 133811, 236054, 127523, 495925, 282389, 475119, 424237, 307808, 379846, 465979, 414260, 34861, 336809, 56382, 159408, 180749, 490000, 200074, 263016, 203655, 439820, 124846, 335649, 390012, 393143, 69368, 85066, 181868, 6155, 471999, 303546, 205464, 472742, 177698, 112872, 364968, 364172, 121794, 468868, 127362, 313918, 150806, 236971, 286315, 449306, 142661, 76114, 213618, 285474, 400689, 403724, 457855, 417107, 93310, 462181, 132193, 62384, 218740, 97293, 329629, 411524, 477529, 159570, 285221, 108517, 191785, 214672, 43302, 85490, 230363, 204747, 35370, 82313, 399219, 302354, 92470, 220555, 56038, 480485, 122288, 128654, 42547, 370653, 130129, 394956, 461451, 182944, 171159, 197215, 14392, 449294, 174980, 418318, 419692, 184623, 429541, 354734, 212453, 380697, 256767, 304426, 110394, 98910, 466660, 91539, 186113, 375619, 58666, 157883, 145183, 197229, 220722, 337657, 287289, 47373, 431730, 90831, 233110, 336736, 427725, 102275, 442995, 230557, 419246, 38399, 90650, 303520, 306318, 473624, 433136, 319197, 276899, 175728, 333748, 115023, 260580, 69860, 152080, 438836, 70282, 110501, 141203, 257889, 79605, 380508, 363099, 364573, 185677, 218921, 407281, 421716, 9952, 150278, 403717, 327820, 20112, 143810, 204938, 245391, 395367, 461528, 132083, 309090, 356435, 285482, 100295, 364586, 31640, 106456, 459720, 40467, 422160, 398356, 120614, 411256, 332407, 248110, 496778, 222216, 442681, 275243, 23564, 190481, 429302, 268342, 106590, 415242, 159836, 306290, 190528, 105592, 405538, 82733, 163131, 22449, 456693, 105897, 203999, 127253, 322485, 150018, 37548, 476924, 223280, 10774, 121104, 66808, 2204, 15596, 243268, 72116, 449467, 231039, 63525, 134814, 15152, 252852, 98829, 133196, 275862, 302200, 176599, 451114, 347053, 117885, 432974, 468566, 143227, 192174, 147378, 499744, 56686, 294789, 338668, 142069, 291742, 102575, 418330, 327706, 441132, 190050, 224292, 80281, 160272, 207698, 395821, 367946, 460551, 191659, 90767, 100448, 9278, 414951, 287319, 317740, 266258, 447195, 2459, 339022, 6226, 146024, 457280, 285057, 420041, 327421, 227451, 403736, 172903, 416192, 269972, 381629, 84572, 490025, 33379, 482704, 244284, 274764, 41062, 442637, 117037, 452121, 48078, 296857, 459328, 198903, 199274, 3701, 79054, 174724, 177460, 440351, 130381, 435639, 27351, 163052, 93279, 278622, 207002, 267922, 334123, 352288, 256942, 115725, 366667, 319698, 248114, 400211, 116402, 429565, 92325, 244238, 360188, 315197, 152669, 114193, 409557, 97614, 204528, 237551, 498671, 346915, 133078, 375461, 351326, 462370, 432976, 213596, 359051, 182952, 336792, 455475, 407044, 60998, 10852, 459148, 27875, 134513, 319777, 293173, 385496, 118895, 189831, 463924, 63185, 377957, 440602, 127405, 455908, 499881, 56696, 372296, 6289, 70279, 97252, 230923, 491861, 271118, 56668, 269250, 340259, 127237, 126341, 484924, 9439, 267586, 473737, 287263, 410238, 407911, 497741, 438436, 72378, 32860, 79051, 75295, 214964, 397482, 27686, 476777, 237301, 357986, 92959, 496091, 176783, 193390, 307411, 149278, 358587, 290101, 435013, 47309, 69160, 91509, 147550, 124222, 210506, 69565, 360922, 29332, 380243, 416798, 261273, 13840, 299171, 6966, 415743, 272319, 46381, 356715, 206564, 45254, 189236, 25962, 1061, 30926, 167733, 367766, 257693, 480421, 351429, 414846, 383766, 332530, 200805, 387381, 185918, 361614, 92603, 261940, 97991, 339209, 114431, 323747, 32796, 348770, 297845, 216678, 1891, 359513, 217845, 398927, 425324, 26039, 77122, 130871, 138288, 230127, 400837, 302130, 295218, 61882, 175299, 451583, 138926, 263317, 264608, 340117, 442574, 473948, 174054, 129440, 490383, 431499, 7016, 441864, 244518, 316988, 15585, 411696, 234271, 478964, 418689, 88841, 423515, 417184, 346826, 86417, 327315, 407248, 311776, 145518, 235798, 46858, 470385, 192433, 75343, 323874, 466457, 157264, 484270, 362985, 445711, 385908, 234219, 112089, 303831, 178662, 306730, 178548, 111486, 275732, 433627, 464122, 25874, 388341, 101386, 95214, 6468, 399944, 254055, 426100, 52159, 128237, 392126, 156516, 275737, 133242, 147285, 88499, 11628, 180528, 132635, 111505, 288055, 170136, 288406, 173881, 101300, 343644, 125359, 299176, 243596, 87560, 480002, 326009, 228518, 271720, 463383, 295427, 199388, 348945, 132483, 133821, 145976, 245688, 72924, 331749, 499562, 314777, 311622, 60410, 457815, 308283, 472918, 144537, 183072, 173935, 457378, 212187, 315833, 30189, 237114, 177588, 137862, 277614, 356241, 271633, 437252, 449746, 376094, 351758, 242993, 202212, 100953, 381146, 489192, 349408, 186864, 454650, 286461, 164013, 323301, 484229, 451818, 260392, 263558, 346516, 385217, 70282, 250975, 443264, 484838, 140829, 321682, 454241, 331075, 432697, 134975, 260065, 219808, 79704, 267290, 444507, 147552, 453603, 5525, 37161, 37883, 284198, 393125, 338869, 249608, 370732, 201129, 7835, 43657, 50963, 140991, 21417, 178149, 190737, 82670, 196948, 199756, 418592, 118705, 437110, 248060, 269799, 453533, 183011, 361573, 288538, 9059, 93861, 421358, 67015, 480859, 333784, 325049, 294280, 342523, 33399, 108565, 449091, 77664, 188113, 137029, 242908, 492175, 300562, 364324, 81221, 146432, 465107, 194348, 83082, 338844, 104644, 467428, 418351, 380544, 389818, 389409, 358094, 265034, 25814, 108606, 297385, 354880, 209806, 288525, 245584, 317738, 282565, 144747, 407411, 477286, 431132, 112014, 341577, 226993, 365182, 360747, 475054, 437327, 273465, 156670, 223361, 71070, 249538, 425588, 283791, 253078, 489950, 66321, 497366, 121047, 176355, 242674, 222453, 349864, 354124, 84728, 70383, 476417, 470011, 422450, 165235, 277727, 397704, 153005, 77376, 353124, 141600, 222462, 280574, 204106, 308744, 96983, 411798, 106431, 176707, 294083, 268371, 354975, 249901, 141546, 491063, 94549, 128720, 4013, 396350, 79973, 427088, 33986, 145471, 222672, 115967, 485267, 53662, 428923, 211093, 110156, 335583, 9647, 27196, 101917, 130315, 425563, 248917, 392156, 264681, 489971, 53222, 494246, 359480, 158374, 398635, 454138, 121142, 326115, 397694, 134795, 191434, 50864, 425501, 72365, 36740, 209903, 310331, 414492, 41987, 404768, 463066, 39256, 209528, 46279, 107659, 286504, 425280, 216376, 57869, 394086, 150558, 7622, 165291, 88226, 74888, 470680, 330967, 183455, 204062, 336996, 23296, 253929, 167471, 68586, 99143, 218595, 289799, 16191, 278601, 1684, 46789, 33242, 412583, 326104, 309463, 2862, 366919, 190933, 331401, 491373, 42123, 458750, 279166, 266861, 416660, 421581, 233096, 311319, 112046, 95083, 33689, 38020, 254984, 339351, 27922, 185324, 264132, 320217, 468631, 84062, 28666, 348895, 426255, 492709, 402140, 55598, 359877, 44227, 238349, 64987, 426317, 104900, 187909, 395054, 409780, 438816, 488992, 354854, 25107, 309696, 483774, 238866, 336015, 257307, 388684, 126125, 403910, 140118, 85838, 18456, 372203, 109552, 73157, 414170, 395575, 345298, 456077, 356330, 244751, 418480, 124196, 455782, 56166, 269715, 183352, 152303, 130354, 40304, 164126, 259753, 458744, 392449, 150728, 175659, 332573, 247399, 426181, 9517, 254520, 245695, 293574, 103854, 207765, 388705, 159663, 470182, 355255, 337635, 51980, 66966, 65336, 264975, 471113, 496232, 24801, 96052, 499079, 134947, 73598, 319477, 294047, 196926, 112581, 27036, 304269, 31341, 351896, 358519, 230135, 412131, 476204, 441723, 263515, 301142, 362269, 257751, 59369, 9961, 201278, 108498, 3722, 329100, 303153, 405634, 123482, 131614, 58096, 352311, 462563, 157935, 339139, 236686, 278691, 18586, 238018, 13724, 452620, 155507, 254266, 145866, 187423, 262767, 332535, 184974, 309949, 42265, 309818, 305653, 270840, 489462, 121492, 474835, 467425, 282772, 51021, 451184, 99298, 373804, 108524, 431697, 266113, 45411, 124046, 246888, 389420, 415548, 471397, 10446, 480200, 463892, 174651, 94102, 396638, 79360, 373328, 11465, 134756, 182556, 370274, 274483, 370384, 384999, 483894, 145318, 271081, 38447, 72956, 180968, 102917, 205676, 300722, 123155, 442517, 394790, 382543, 446312, 255485, 198426, 112007, 391753, 190898, 328328, 449227, 12539, 312963, 429352, 278958, 375573, 469017, 397346, 92087, 118916, 379229, 326422, 333842, 470175, 95133, 434771, 108482, 49562, 289178, 458753, 367765, 297091, 347294, 23780, 456036, 397037, 399514, 475240, 332632, 131412, 400052, 56014, 82599, 348676, 132837, 16535, 460890, 442330, 477452, 470247, 13024, 333292, 441267, 281442, 96393, 79812, 209339, 313446, 77675, 152297, 277364, 340626, 204162, 127754, 283538, 466008, 59710, 463863, 412665, 126263, 479238, 128325, 304913, 456078, 51142, 172538, 365543, 437967, 23414, 20541, 270757, 354567, 384192, 97181, 182676, 414290, 332104, 310166, 69883, 329735, 127036, 496597, 426671, 441387, 75979, 311652, 360380, 297528, 258142, 95471, 260167, 295357, 266697, 127546, 34231, 495179, 464818, 376675, 329384, 491755, 450945, 221949, 495634, 415431, 12632, 351992, 102704, 382712, 199270, 340000, 442945, 454648, 333623, 159695, 242527, 286383, 278467, 494738, 318968, 315695, 46426, 27031, 27472, 102083, 80011, 52947, 159069, 392895, 443402, 452445, 130518, 370590, 193560, 273431, 497858, 158199, 229939, 46472, 280967, 412407, 135267, 221016, 176503, 291215, 83081, 450499, 301927, 449767, 494250, 453943, 179031, 252570, 244480, 99285, 97862, 22951, 30582, 297123, 411807, 143861, 204045, 48584, 286387, 208665, 18552, 385896, 321237, 146212, 192772, 234688, 202936, 188328, 354668, 28454, 453016, 486439, 155239, 498322, 211537, 155811, 355121, 125530, 228811, 422101, 11377, 497262, 219851, 61121, 75248, 284773, 356635, 460450, 185319, 326707, 81424, 464503, 401595, 371556, 426822, 107568, 472950, 132304, 249360, 136072, 197898, 140902, 466489, 173661, 245903, 188084, 381560, 461635, 232885, 413952, 388620, 196830, 193163, 106803, 455906, 317227, 469980, 498363, 428986, 417514, 84065, 35198, 184861, 407180, 8418, 283773, 299431, 254936, 237502, 161727, 342933, 281522, 278936, 85899, 379358, 76653, 412675, 419537, 127687, 149636, 491932, 379001, 133669, 258034, 8436, 134117, 251796, 52541, 472447, 351496, 287717, 325841, 72122, 124229, 149782, 105243, 170982, 146253, 215614, 338952, 20868, 251666, 12933, 384946, 158795, 300335, 302561, 88948, 183400, 58349, 132088, 140062, 127796, 388223, 191786, 13722, 133092, 254321, 227204, 397353, 350524, 49759, 156584, 339192, 448409, 8938, 63656, 21306, 473330, 142404, 397296, 441266, 280661, 271108, 261854, 421818, 166409, 154498, 384243, 213091, 483305, 72275, 126361, 249259, 357704, 55189, 62746, 204119, 273848, 324637, 169698, 137253, 34332, 383095, 306002, 328336, 262278, 350846, 261870, 156618, 32144, 62397, 281554, 343655, 308930, 281840, 425558, 440908, 314494, 343435, 469595, 71943, 436448, 109130, 111115, 176561, 333996, 281054, 114181, 151892, 113439, 477595, 401335, 211855, 264784, 104112, 434060, 330254, 154895, 50099, 193227, 231092, 341533, 225841, 344965, 277312, 186684, 296262, 274812, 157592, 275086, 240097, 238520, 312890, 244399, 139130, 283705, 260962, 84423, 496596, 136391, 369024, 399649, 301585, 479248, 27977, 72550, 114262, 140332, 290941, 127716, 384099, 440988, 416863, 64003, 66247, 34750, 472159, 322674, 196959, 105494, 347734, 74030, 231683, 59652, 65513, 219991, 349266, 371591, 98340, 304908, 68574, 205934, 16686, 260322, 471827, 253412, 472542, 53084, 122823, 442548, 436327, 488594, 101472, 231980, 141395, 305838, 251260, 157822, 98010, 206170, 104663, 145433, 230163, 295719, 178238, 389231, 96708, 265461, 316665, 279943, 224781, 251124, 372368, 117240, 273785, 160950, 149155, 206593, 343381, 38587, 169505, 71752, 237490, 301191, 427769, 161245, 88321, 369797, 213645, 470777, 404130, 448808, 101367, 56873, 275533, 162373, 321142, 450416, 271990, 84780, 362699, 179332, 456570, 266031, 29566, 342943, 476439, 391823, 274835, 314651, 94179, 1791, 468642, 307556, 376887, 75613, 253779, 261351, 213750, 228485, 328966, 253731, 307528, 410652, 84066, 269890, 318602, 290873, 130240, 55343, 470653, 69102, 297175, 425189, 297992, 246903, 27412, 42660, 429722, 175993, 36413, 498959, 253291, 71275, 74262, 445398, 394720, 170800, 370057, 134968, 496119, 215264, 375371, 397469, 33711, 220700, 326139, 308149, 379731, 149685, 224897, 291516, 7936, 140565, 129807, 433028, 208564, 271254, 197879, 204808, 22194, 384124, 138044, 465412, 155096, 311908, 311666, 296165, 461014, 278657, 319271, 329924, 206669, 88522, 498555, 299414, 396058, 254512, 125237, 195534, 209937, 173459, 70197, 345003, 327808, 315635, 419994, 201812, 208622, 241438, 125832, 348056, 405211, 378645, 430366, 182927, 361993, 203096, 95061, 345629, 133511, 169998, 85697, 222243, 319760, 149041, 365926, 395461, 441101, 97521, 447673, 299016, 364173, 188697, 315885, 345291, 398900, 284108, 394407, 453554, 204757, 121225, 470105, 375854, 106864, 307888, 188257, 264064, 1335, 160222, 51973, 396661, 172987, 317521, 369181, 418029, 235378, 159296, 173027, 497744, 407517, 429071, 74126, 90102, 405419, 183475, 115273, 193023, 207353, 202891, 176774, 132915, 233592, 298224, 296676, 252385, 388044, 347347, 469735, 460479, 404416, 57209, 73176, 183762, 31057, 325923, 206096, 369087, 394516, 250183, 415528, 377136, 411726, 576, 491208, 297086, 179737, 248284, 161247, 287733, 163183, 365912, 424352, 118618, 441758, 266492, 468968, 122241, 82318, 74848, 116947, 217523, 452292, 382820, 404276, 382517, 31569, 121385, 472505, 413293, 225947, 152611, 428647, 366685, 253287, 331367, 485248, 362809, 285987, 32279, 418387, 185532, 339582, 39731, 132189, 85412, 204954, 495033, 173249, 260514, 368471, 471488, 360406, 438701, 233685, 119734, 438570, 46345, 466063, 446833, 442137, 238251, 353270, 350062, 126184, 429938, 25771, 199991, 433752, 208434, 301971, 84026, 478004, 433685, 36874, 304217, 152780, 182328, 238820, 169870, 122616, 357300, 201264, 313040, 343480, 471881, 368929, 494348, 481936, 472685, 155562, 300629, 178041, 398421, 71773, 154717, 320032, 63446, 370518, 110501, 244502, 440957, 25283, 479535, 353606, 177491, 205215, 483538, 474584, 127110, 321776, 222921, 220022, 478387, 371754, 377027, 175203, 321347, 410692, 348772, 492842, 236438, 252527, 392941, 396155, 366814, 446901, 461970, 373722, 45447, 354198, 123253, 142519, 447357, 308471, 282267, 20523, 262143, 309667, 60173, 394819, 5843, 350936, 253876, 361766, 225906, 411290, 458038, 261407, 42811, 290146, 112765, 375589, 433872, 435921, 480813, 327458, 130879, 356539, 407038, 57275, 346003, 27859, 477946, 135048, 322898, 436240, 376097, 186466, 464481, 72407, 371793, 494317, 465618, 278448, 102412, 132204, 161517, 379202, 372881, 344911, 176116, 50280, 143702, 164371, 51682, 136056, 317612, 378465, 40155, 342826, 417008, 448330, 477660, 303991, 47429, 168564, 178609, 118301, 249433, 309175, 387987, 424300, 130379, 157905, 466604, 296976, 369291, 45747, 112644, 128683, 56737, 453999, 358454, 469781, 78865, 267779, 329106, 441312, 377862, 199240, 302759, 3984, 457387, 347842, 263926, 149383, 226166, 398300, 237723, 447665, 274796, 308273, 134906, 144641, 451218, 284023, 397514, 225242, 419013, 419535, 253704, 227892, 390533, 238623, 484354, 270538, 126844, 156118, 37324, 127699, 85752, 194383, 476717, 133167, 158471, 275793, 118359, 376256, 32571, 431458, 445495, 453325, 316767, 496730, 360019, 173531, 351699, 120936, 99162, 320, 169620, 45016, 365861, 358584, 94928, 373274, 232692, 358748, 111643, 61999, 342419, 334894, 149747, 144990, 33267, 53899, 483783, 330544, 247112, 299776, 106848, 52314, 407743, 322970, 341051, 218944, 270782, 46199, 138628, 445367, 430729, 244997, 105621, 199159, 73049, 263904, 425762, 53950, 203544, 291974, 9399, 23948, 433643, 391798, 446026, 223898, 411094, 433632, 181570, 457787, 162539, 72220, 456582, 231290, 244162, 330379, 191694, 307517, 271759, 351708, 293298, 168476, 40280, 330608, 158207, 148257, 497425, 314134, 293410, 157931, 304392, 251680, 298019, 40955, 217386, 164294, 274927, 412741, 416492, 420764, 327081, 194075, 378900, 218373, 425901, 447248, 192606, 436378, 252789, 22767, 400258, 54419, 397463, 332249, 354596, 139233, 201071, 266677, 375675, 407282, 362831, 386564, 420543, 473887, 153012, 198559, 434764, 419543, 365102, 455089, 115256, 95672, 9643, 353760, 268793, 2050, 91509, 279598, 315991, 286241, 24212, 153150, 453853, 436052, 124645, 50383, 75259, 241084, 497722, 305582, 354500, 484551, 389658, 237238, 424026, 471724, 136986, 466302, 10294, 286817, 326002, 115065, 237679, 9753, 61151, 378466, 471075, 33971, 41318, 44330, 253256, 340880, 31220, 371492, 401166, 144578, 162647, 278308, 315898, 148149, 105102, 175999, 363775, 456861, 158154, 70607, 131135, 164084, 405800, 398119, 308681, 283942, 425947, 472409, 136868, 127633, 208241, 309157, 48536, 416998, 149946, 235612, 17069, 149025, 293413, 302759, 72101, 464559, 214360, 108495, 209120, 205419, 209511, 14742, 86523, 196942, 233696, 427379, 77346, 60126, 1003, 442133, 454581, 110747, 433737, 278503, 197664, 379507, 212295, 142416, 223323, 383955, 445293, 211150, 421619, 378227, 128751, 498461, 69442, 49808, 493598, 459738, 217567, 86877, 271462, 154634, 150258, 52802, 283495, 264438, 186997, 291904, 419724, 117560, 27822, 468083, 179129, 460815, 237664, 32246, 391069, 235369, 116263, 369792, 230516, 462059, 326207, 353108, 301528, 69465, 211383, 23815, 405009, 192411, 18007, 394539, 308198, 301949, 133224, 366870, 483748, 83034, 88321, 404589, 123514, 43113, 478538, 487758, 209830, 4650, 93336, 490901, 196834, 382764, 271172, 39178, 226972, 60185, 165394, 159699, 94328, 100330, 418879, 375861, 360127, 18649, 10517, 286895, 362360, 435254, 170953, 104574, 153693, 25505, 244365, 421228, 495598, 101692, 474728, 54996, 76366, 72766, 476458, 88688, 421015, 149387, 283004, 23011, 7264, 496122, 186664, 147638, 11758, 463169, 137241, 333062, 266408, 423915, 206142, 316541, 342115, 381994, 381879, 396088, 232412, 361587, 319024, 425876, 490714, 63746, 367238, 433869, 375633, 369985, 172591, 86961, 175159, 131325, 434816, 169375, 438378, 104660, 193809, 472203, 176251, 487526, 333578, 225970, 228835, 472744, 15827, 206375, 141520, 295688, 493192, 91200, 365972, 224875, 285721, 28765, 342189, 430266, 430886, 186187, 35273, 465616, 489415, 269691, 103322, 418391, 419030, 422603, 447077, 185608, 416784, 110239, 57554, 366682, 192742, 60208, 352001, 3466, 164235, 437530, 303277, 461951, 224177, 344517, 231962, 54471, 99876, 223726, 402250, 223078, 240295, 107472, 492390, 97360, 280110, 121845, 473482, 398961, 411404, 103951, 37837, 458025, 5295, 381764, 383279, 248362, 315077, 386766, 69750, 397384, 316902, 178430, 415588, 115230, 84641, 173129, 85631, 273355, 68166, 309077, 43429, 103083, 415669, 178202, 264178, 450152, 36719, 397141, 442098, 48349, 37041, 213447, 262771, 313398, 115718, 25601, 70886, 390097, 266944, 66789, 268852, 414813, 168, 451713, 125678, 24628, 442448, 439479, 70079, 452445, 59024, 348030, 14070, 217372, 443739, 12690, 249321, 250842, 203064, 53040, 141819, 284118, 333582, 396631, 445382, 72060, 254478, 369353, 162731, 286147, 378382, 743, 365281, 461167, 363757, 135463, 20161, 34548, 447961, 301825, 431017, 362553, 317457, 8957, 393077, 245316, 52651, 598, 186381, 177990, 213775, 234109, 339549, 337601, 470229, 302705, 458369, 50513, 208899, 289323, 384760, 244196, 155570, 416148, 341533, 198559, 225172, 492062, 396356, 79827, 355589, 252486, 367921, 24697, 469620, 157754, 421770, 222871, 168904, 64719, 179936, 135940, 446986, 231102, 176191, 14912, 262162, 65124, 123303, 394601, 341758, 418428, 390554, 247127, 73249, 107643, 127639, 480978, 473481, 344352, 332125, 282623, 126029, 335812, 190304, 79969, 285454, 103186, 429410, 314666, 425798, 169955, 496086, 455623, 447554, 479083, 205239, 241448, 2387, 395216, 357176, 463577, 332618, 141221, 245823, 262718, 179655, 41698, 486494, 41319, 483473, 27192, 347838, 5911, 399806, 448330, 35787, 490438, 1764, 398616, 323826, 486169, 110608, 186369, 364908, 232810, 269971, 234718, 463137, 224614, 147927, 99434, 453847, 26529, 478808, 134774, 407764, 448673, 303491, 121410, 420033, 243362, 379217, 338720, 184531, 469537, 257601, 317563, 90396, 59536, 401323, 185470, 144908, 29732, 378531, 60904, 200597, 472366, 3894, 375055, 351550, 387735, 277387, 275376, 246490, 470784, 326357, 280507, 339191, 100845, 311374, 36794, 222176, 230450, 423608, 107641, 21858, 156064, 432574, 8275, 310245, 359048, 335194, 247161, 483890, 94690, 53734, 472186, 8417, 21285, 410478, 354499, 170324, 375457, 272652, 181426, 495793, 68234, 103208, 488866, 429795, 434428, 340974, 353620, 190166, 172002, 12782, 334985, 454984, 459472, 273787, 292960, 15602, 120539, 124689, 163578, 115848, 187643, 96961, 278813, 332820, 403136, 320193, 34600, 450169, 150758, 499193, 130624, 315862, 47359, 93398, 320707, 442427, 11747, 343166, 26122, 209519, 193525, 197889, 309445, 94319, 364672, 349530, 461170, 69895, 71956, 139455, 407784, 164871, 184936, 452746, 437936, 120898, 234546, 299144, 176254, 71727, 20741, 54142, 100742, 327778, 414907, 307808, 55917, 115392, 204523, 267577, 200707, 92975, 258718, 428013, 341522, 335282, 88640, 454434, 304413, 121518, 209696, 52279, 326284, 277668, 265640, 73299, 489658, 466422, 382547, 430646, 213777, 172928, 172591, 163876, 208497, 120752, 289336, 488244, 220035, 191673, 81957, 421033, 280876, 273258, 107485, 204389, 127840, 436755, 109628, 371327, 497077, 440419, 60907, 464547, 404902, 129578, 59771, 315175, 47298, 62903, 289797, 318229, 140778, 260637, 283353, 6372, 18573, 160026, 402856, 285218, 41475, 186551, 394083, 406447, 258573, 32428, 382132, 207776, 78361, 115822, 384891, 342090, 344111, 452970, 94242, 384815, 333780, 432726, 155976, 38428, 237036, 121283, 685, 145689, 349266, 282768, 312414, 120040, 343295, 498488, 330457, 438611, 197233, 294675, 93815, 273563, 442408, 274616, 31851, 370801, 264843, 195824, 293797, 487018, 62054, 412648, 468721, 107929, 191189, 226956, 434301, 454798, 150489, 173653, 387427, 378289, 62335, 453766, 336058, 365237, 69056, 291429, 353892, 94211, 169489, 145682, 167179, 297496, 443793, 349996, 396770, 231245, 485364, 317508, 221372, 22883, 259691, 132242, 52837, 76875, 330971, 480379, 87921, 484969, 259348, 177713, 192247, 148453, 140462, 286867, 461530, 106660, 105052, 308146, 128089, 298325, 432745, 177631, 479668, 353939, 195885, 369371, 18113, 287046, 123591, 422655, 42339, 361923, 26160, 228090, 386243, 317469, 8638, 65065, 25483, 193443, 309134, 194720, 251884, 406519, 278316, 246192, 164580, 16113, 159293, 115033, 163254, 337187, 61050, 298406, 486104, 82578, 175215, 6209, 2753, 448873, 340629, 414368, 294775, 131488, 11348, 232774, 166507, 169904, 362581, 292713, 141816, 417687, 346552, 70993, 77436, 311886, 395577, 164306, 82, 67536, 364718, 238717, 7528, 384684, 119366, 287964, 183723, 95470, 417066, 38625, 217753, 281006, 286074, 163376, 179406, 113937, 391776, 412133, 87300, 186900, 455625, 431376, 226839, 207042, 342153, 258631, 154967, 316051, 164531, 423693, 12646, 114758, 324776, 318748, 190898, 377136, 159855, 356662, 180472, 250662, 288, 340155, 147555, 215272, 385132, 142958, 32322, 249213, 110890, 479959, 349146, 447692, 106967, 159796, 72717, 192461, 162290, 360641, 250137, 268043, 436785, 5060, 32452, 206319, 391218, 415465, 201545, 161086, 98521, 389187, 219212, 254749, 491800, 192984, 172891, 353722, 400894, 196410, 363364, 356728, 154351, 27904, 335326, 3729, 321866, 223212, 114083, 479633, 434587, 107821, 283669, 232988, 79542, 24758, 5898, 287758, 409553, 444204, 466419, 203027, 213137, 160944, 329220, 157803, 328361, 342321, 94613, 469224, 14110, 435321, 135009, 231195, 309587, 459900, 40125, 475356, 351118, 45142, 100054, 469612, 19588, 130971, 61200, 182921, 277432, 468508, 122545, 250069, 63335, 381284, 453884, 62393, 368480, 152930, 175629, 463579, 283877, 321301, 341522, 256167, 98829, 476232, 177470, 72800, 477107, 280560, 36494, 309608, 34382, 394704, 17421, 216584, 229460, 468, 122212, 82874, 380656, 191599, 273810, 438681, 62606, 156421, 411919, 156124, 371481, 227109, 275766, 229022, 176136, 261906, 93338, 419618, 100933, 344263, 237105, 99981, 497239, 297752, 118204, 181040, 29464, 70801, 280833, 171016, 470792, 290958, 251613, 163075, 364283, 309947, 230381, 402367, 140663, 452378, 131008, 269714, 234211, 131294, 144218, 21887, 139387, 121332, 357388, 11922, 236226, 59014, 2062, 463265, 142196, 190173, 110633, 410379, 321409, 10806, 308634, 131238, 258807, 72973, 308394, 467135, 9988, 431057, 92428, 1205, 233038, 224894, 143882, 141363, 420796, 351096, 56197, 161993, 326377, 396546, 243315, 119977, 306369, 374226, 432231, 335210, 318945, 18409, 93972, 322684, 53254, 274120, 472205, 470082, 115550, 433666, 275139, 483036, 246282, 426869, 269721, 379113, 493493, 388974, 465087, 279053, 258967, 203626, 377765, 58912, 143835, 82145, 364298, 35196, 317263, 312328, 121358, 741, 203699, 378687, 260, 94670, 6633, 332451, 496041, 349064, 351341, 425021, 431094, 25461, 111630, 333940, 436152, 128041, 451934, 54502, 155654, 225206, 264429, 417451, 246528, 328482, 361163, 449665, 339365, 421709, 99030, 476174, 170799, 261663, 257724, 46699, 343018, 170550, 144732, 478389, 280621, 307009, 475335, 105452, 498312, 211019, 72045, 421697, 402545, 281085, 60349, 25454, 313074, 79876, 273395, 32168, 88115, 182479, 325367, 247542, 433480, 103100, 79341, 47404, 375837, 459222, 98811, 466397, 109597, 158734, 445540, 43839, 250987, 478543, 459361, 215126, 395248, 470689, 281139, 353177, 441928, 110405, 190702, 323950, 434541, 491427, 273292, 163767, 61053, 224482, 214014, 75265, 113545, 26019, 143292, 429714, 122378, 455772, 271163, 424477, 85550, 126645, 481939, 428371, 151652, 44596, 466255, 397161, 63956, 494511, 489987, 387395, 87340, 148961, 302921, 340138, 1769, 223814, 190069, 162149, 40666, 19101, 346179, 390377, 249807, 134695, 395227, 403520, 388056, 452209, 292930, 493918, 293443, 312671, 203102, 465977, 497661, 174544, 490126, 243919, 377606, 302077, 423444, 326204, 49558, 143675, 97162, 246154, 274857, 175340, 44777, 206186, 148046, 372023, 276332, 1125, 411394, 270484, 445858, 15679, 67802, 11760, 32420, 299136, 242344, 294317, 366289, 52035, 206280, 330773, 113538, 25659, 281685, 365122, 123764, 110714, 39432, 251993, 305178, 419141, 367760, 429615, 362267, 240346, 44170, 257522, 341044, 339066, 221825, 104031, 318144, 137274, 375705, 455937, 176505, 367355, 471870, 73336, 433217, 367484, 151204, 6387, 334846, 405271, 337869, 360094, 38558, 247243, 345167, 256252, 120347, 407076, 142689, 288619, 464720, 50188, 312550, 347738, 217665, 449345, 153180, 98359, 325006, 170689, 233106, 266774, 82065, 196692, 474452, 75482, 158826, 46554, 385045, 277649, 319598, 61802, 447452, 369874, 88170, 285308, 170039, 251509, 146897, 247383, 188477, 223454, 299823, 278296, 100454, 23348, 307461, 273928, 387609, 4758, 19310, 224166, 19768, 436975, 497877, 290254, 84656, 164090, 162787, 190096, 493759, 131808, 294301, 478498, 397374, 159723, 17833, 352443, 13133, 473573, 14059, 200584, 209367, 172432, 351974, 272088, 164478, 265587, 452982, 18105, 199968, 406914, 125784, 470359, 58480, 87915, 305244, 202746, 175799, 58125, 63356, 388303, 162865, 363357, 347227, 360885, 443502, 366686, 438182, 466240, 450003, 415976, 370237, 159515, 281014, 486964, 210182, 300853, 210388, 121088, 492577, 290564, 149098, 328984, 286673, 344636, 450942, 96222, 119508, 247826, 85731, 438295, 105768, 107765, 279902, 497726, 425851, 484387, 202908, 291395, 182934, 368860, 14189, 265368, 259082, 373187, 249998, 122496, 372616, 447595, 447394, 126943, 215441, 389185, 127083, 99432, 242641, 210020, 254939, 433326, 365149, 18284, 338247, 169222, 478226, 320418, 401785, 166137, 236070, 429519, 244793, 350816, 432279, 494207, 460274, 422252, 200468, 492922, 401215, 124570, 468858, 381661, 62757, 155478, 284150, 77804, 490692, 233127, 351914, 209742, 486419, 152115, 70467, 456927, 347323, 63974, 123387, 195982, 421550, 216599, 169746, 487247, 312546, 51038, 486480, 279544, 477116, 389870, 390580, 464067, 252701, 439998, 423545, 77934, 269053, 164066, 271245, 79992, 411824, 224946, 104807, 32070, 433619, 371039, 47235, 285478, 414094, 220179, 498456, 24806, 21994, 455386, 243047, 272789, 277399, 256035, 297627, 453047, 113644, 109148, 338635, 378802, 25546, 256890, 317176, 256583, 128175, 51014, 268586, 323702, 91978, 39009, 347440, 408427, 97318, 195350, 367456, 124971, 215133, 33062, 57290, 272245, 155686, 187780, 490797, 356809, 314989, 366037, 282747, 122762, 445065, 8716, 395707, 270388, 236502, 311618, 416336, 281793, 5045, 183698, 150864, 75707, 338142, 477847, 349238, 457345, 98420, 213804, 472314, 268352, 162553, 493586, 392807, 90665, 161864, 301142, 462934, 227333, 335957, 395220, 140529, 373979, 469701, 250362, 377137, 206088, 419211, 320910, 290360, 247135, 187725, 312709, 131671, 207748, 481747, 111909, 96768, 36565, 367861, 163285, 299665, 452158, 166318, 298191, 323495, 211558, 344079, 15908, 92353, 98317, 269471, 340967, 358491, 131068, 341058, 334779, 281747, 84816, 367752, 41480, 488881, 331817, 446211, 493463, 136317, 357634, 13783, 238041, 319633, 362856, 228555, 231561, 94312, 436762, 347465, 91310, 426209, 70305, 480294, 141419, 110097, 144945, 261833, 210213, 135450, 306327, 221993, 56354, 60894, 314212, 349769, 253359, 69929, 136208, 28417, 215705, 206091, 311583, 348782, 231673, 222013, 325413, 324766, 435929, 88856, 491811, 252758, 195475, 332715, 387615, 289800, 208941, 292304, 416887, 320535, 447641, 290572, 360909, 18397, 478500, 225826, 238411, 444528, 248311, 246363, 229574, 35834, 299361, 189016, 310189, 308195, 484068, 406064, 41314, 321964, 337285, 69681, 320241, 496699, 466644, 133790, 11326, 308989, 67241, 100251, 177911, 408637, 131770, 175848, 496822, 432213, 210464, 460947, 100117, 443336, 166308, 62657, 305994, 450337, 97034, 310091, 251595, 28256, 235723, 318651, 37532, 241867, 41569, 357602, 275373, 451562, 180703, 193725, 20946, 209220, 138341, 368028, 344856, 145478, 215471, 117504, 41954, 12593, 400981, 165235, 280981, 463569, 444270, 227228, 307259, 413729, 85029, 44282, 37029, 29702, 69609, 339399, 176694, 414571, 401229, 87931, 306395, 239489, 337583, 469104, 21879, 219212, 200847, 355589, 40617, 456185, 23414, 237704, 96934, 88462, 222109, 486590, 457638, 328965, 227733, 406094, 479473, 90322, 361390, 154312, 89363, 268542, 343311, 341168, 394585, 156367, 413769, 267788, 485084, 77646, 52303, 415842, 489418, 71697, 60088, 188629, 210088, 329957, 506, 127194, 457667, 464842, 27207, 403820, 240329, 380124, 224689, 390731, 426751, 125057, 30873, 232042, 411284, 271380, 66053, 375806, 267091, 290106, 371966, 254263, 36814, 281790, 156381, 225048, 104540, 128088, 246580, 411617, 231723, 266060, 174839, 336563, 263970, 69217, 187762, 36260, 99107, 432543, 284940, 207764, 119100, 369852, 348178, 352941, 94001, 284848, 276762, 50842, 364528, 140095, 472858, 270703, 429463, 5069, 335796, 92336, 341882, 338159, 407357, 4717, 426658, 124404, 110744, 272299, 382304, 200513, 470979, 422227, 460332, 251658, 462469, 389938, 244359, 451541, 243554, 31906, 14774, 350186, 369888, 309289, 484095, 215301, 89692, 258308, 44552, 401691, 157818, 383864, 323558, 110630, 94283, 306015, 108496, 482225, 124861, 31577, 314086, 431538, 62913, 55400, 350761, 26275, 133843, 407722, 293811, 486654, 305588, 270631, 465859, 495015, 487945, 62160, 486216, 110742, 420701, 472648, 86682, 140793, 254214, 474911, 448195, 441239, 122, 253136, 485074, 457669, 39018, 494434, 117998, 67276, 338029, 21621, 229490, 370050, 154715, 119445, 215323, 192984, 312622, 483445, 81738, 373710, 491176, 431826, 174167, 468145, 193404, 471005, 348239, 423477, 248028, 57324, 163007, 6586, 394790, 118367, 2840, 369133, 89604, 475602, 357737, 167182, 219340, 114347, 61901, 378795, 484402, 410976, 481326, 37298, 213838, 473995, 111905, 352869, 254894, 64122, 380732, 70742, 50782, 320844, 224162, 83615, 246832, 363288, 3161, 285467, 312479, 233361, 375925, 66698, 125310, 341585, 303137, 30062, 89313, 133500, 460492, 342201, 190547, 89468, 228982, 53938, 131216, 340499, 34911, 231305, 200380, 391236, 162476, 144629, 79444, 482059, 151029, 440353, 163139, 164017, 68647, 173067, 158374, 300969, 472189, 134013, 219002, 297744, 233529, 362832, 325461, 399785, 150085, 446444, 300342, 379218, 352004, 273739, 248155, 444716, 847, 374653, 167143, 137694, 216444, 294111, 195491, 335384, 378268, 427852, 190292, 189369, 7687, 268554, 89199, 435576, 270868, 128123, 197499, 289516, 214245, 259397, 295465, 313797, 231760, 181888, 386022, 37361, 430995, 273863, 338693, 66248, 138363, 270534, 303559, 314115, 140255, 364076, 458813, 476107, 259868, 38344, 126725, 28379, 323698, 311536, 319474, 216556, 478928, 72978, 32684, 168169, 459676, 123946, 368941, 347665, 386527, 43831, 37738, 468641, 107433, 209972, 221299, 455740, 306711, 448407, 302430, 440356, 108272, 400863, 328197, 423223, 298845, 143464, 33556, 130679, 439997, 218115, 413325, 236581, 141146, 362910, 11089, 52275, 164545, 371832, 451836, 313503, 134097, 323837, 36171, 481034, 138085, 140205, 172279, 229459, 266343, 342178, 142970, 355577, 235751, 361889, 379044, 338111, 449952, 189064, 51587, 327141, 460697, 11343, 457993, 182770, 144447, 42768, 443033, 215531, 313970, 247240, 213049, 463701, 238452, 183516, 357371, 365303, 107056, 401229, 334720, 172140, 57062, 390950, 93489, 137277, 136900, 73953, 43061, 116570, 56435, 487551, 64794, 336011, 104609, 397276, 104235, 45201, 685, 151540, 252982, 371834, 213766, 274386, 293305, 380199, 279192, 315462, 318045, 204778, 442105, 367724, 262291, 359729, 342937, 404926, 323123, 17276, 74722, 485455, 74798, 87587, 272297, 369439, 357880, 414927, 397425, 125528, 157251, 162801, 462371, 111157, 69267, 217033, 461667, 76648, 318087, 70200, 162491, 48991, 370258, 441693, 478565, 149875, 263388, 153645, 295539, 327668, 251086, 139988, 254371, 407775, 52296, 360409, 226132, 56224, 10081, 192584, 474502, 298662, 34793, 276971, 25072, 189993, 289309, 77012, 348766, 140728, 26002, 112511, 441017, 72897, 272821, 18562, 310288, 204834, 282339, 363778, 28318, 324701, 399179, 421716, 278627, 287013, 218450, 74419, 69482, 237206, 165766, 112808, 339912, 32905, 148434, 485920, 459887, 393250, 244917, 127620, 134520, 5194, 369861, 34175, 477315, 395666, 111303, 129158, 241171, 34539, 367472, 25353, 134626, 202346, 9029, 393558, 164694, 498629, 161071, 69091, 137191, 399332, 420508, 242490, 446236, 373121, 61941, 321083, 277448, 232115, 80987, 417539, 446087, 105503, 214260, 366564, 478672, 412508, 474718, 399598, 156112, 267990, 358208, 173713, 159959, 461695, 498808, 203723, 332318, 230578, 373723, 449948, 211805, 58598, 180206, 378539, 438065, 219636, 53580, 220880, 39231, 38584, 449915, 61536, 46163, 416260, 181683, 383280, 130276, 481521, 173097, 207474, 325596, 44932, 149728, 242674, 343703, 382027, 409700, 498307, 246733, 423440, 448996, 125766, 118600, 51460, 398833, 77077, 84985, 464881, 86902, 64116, 318195, 118244, 306886, 59082, 320785, 498424, 268420, 135773, 406291, 393204, 225544, 457041, 325765, 83586, 443580, 108000, 273641, 46800, 296251, 150648, 184992, 192317, 231618, 445770, 47876, 214805, 69733, 61568, 250637, 147987, 210220, 350212, 19630, 176301, 352120, 120830, 55373, 33601, 267843, 340484, 41516, 154189, 328590, 277145, 476090, 329123, 182143, 394448, 455551, 401238, 422524, 171484, 311388, 462934, 217269, 33035, 278421, 320969, 205178, 489587, 259288, 222815, 257899, 325663, 414263, 78789, 380457, 492662, 230389, 82614, 157834, 156677, 152207, 241757, 25665, 367201, 323972, 309697, 247107, 13545, 392877, 358217, 79206, 65087, 272820, 10881, 112133, 276319, 183115, 297969, 441214, 355635, 418761, 270334, 67595, 469168, 406385, 213957, 100178, 97982, 450881, 7282, 367587, 270144, 210514, 172553, 158276, 131550, 135640, 223265, 41288, 262819, 257719, 87051, 359885, 260390, 492444, 217395, 101289, 140354, 343955, 287197, 178825, 170176, 342482, 196165, 139819, 443730, 317691, 303674, 97524, 78884, 21572, 390667, 137117, 372104, 387895, 172708, 376266, 227706, 477890, 227613, 75271, 267486, 451617, 326920, 497470, 403768, 413190, 276760, 69004, 316690, 473947, 446716, 151399, 483990, 151757, 190714, 291781, 51629, 213125, 16899, 221930, 94044, 452764, 310742, 481703, 351382, 321395, 450977, 289537, 144647, 208227, 460570, 139139, 455211, 146850, 423117, 92038, 352450, 372973, 280086, 485865, 5893, 118604, 258843, 262845, 457247, 269188, 246889, 233418, 191715, 393115, 87545, 195700, 427472, 42088, 186602, 220302, 140950, 154733, 402734, 340876, 3696, 135810, 99812, 181866, 230767, 351327, 292644, 442330, 419904, 232851, 148407, 284276, 22669, 124593, 436787, 225084, 384534, 497868, 234945, 262533, 202857, 269102, 384849, 465419, 20858, 340155, 107831, 318751, 474120, 332854, 18692, 371585, 13765, 289006, 71334, 483584, 40081, 277328, 311497, 38368, 265545, 363788, 493613, 418076, 354086, 99594, 354926, 403732, 467237, 495105, 314529, 405927, 326385, 5289, 78728, 262580, 93640, 207755, 346863, 292719, 363759, 155628, 337221, 7651, 445527, 218137, 184728, 74824, 186166, 333876, 433422, 290206, 415437, 463025, 8693, 462449, 315837, 239123, 480738, 362740, 345872, 238730, 127572, 75986, 137898, 452762, 384335, 58259, 252303, 188245, 480304, 403867, 192276, 283538, 257410, 214543, 361415, 234595, 449696, 233299, 243512, 395295, 247170, 357888, 259850, 465448, 385329, 346777, 168421, 461387, 262515, 6506, 23869, 349621, 313176, 226450, 459549, 282444, 177785, 194983, 67051, 82799, 172901, 105318, 477254, 54054, 122066, 31938, 267346, 213249, 30469, 231501, 444212, 160215, 408103, 25681, 464786, 161023, 350284, 407785, 111964, 190249, 155099, 272755, 187093, 155920, 372117, 52457, 126656, 293154, 127523, 73126, 296111, 366713, 25624, 144, 479203, 411331, 476778, 448055, 246648, 23286, 82373, 222134, 149073, 160075, 175964, 431224, 410218, 145393, 461055, 47838, 257488, 12371, 77693, 189279, 370452, 43087, 101112, 19167, 420690, 70772, 58971, 17548, 194396, 348432, 47017, 117101, 95415, 49316, 367918, 414494, 424074, 204663, 57213, 346722, 45653, 128056, 474005, 202982, 159154, 30704, 226974, 184801, 297397, 154055, 67946, 65543, 85940, 133035, 456192, 484840, 153424, 342688, 460298, 325906, 347186, 389712, 45049, 65578, 94252, 350197, 106847, 159453, 419412, 240188, 313171, 488883, 193971, 234044, 89253, 213136, 48405, 137616, 465609, 141369, 428926, 316834, 233417, 258734, 326660, 194084, 247498, 300180, 491607, 123790, 129932, 387583, 269319, 497491, 196700, 433926, 476144, 36769, 374167, 234663, 350046, 282677, 240402, 450341, 133483, 375339, 371379, 447962, 79455, 474451, 300236, 131513, 131369, 422614, 287881, 217617, 244450, 62804, 107072, 296551, 482597, 273708, 252761, 274650, 369414, 483773, 85342, 425228, 439821, 486567, 168319, 356867, 393512, 100089, 365323, 440746, 11465, 6606, 217242, 141858, 484861, 319102, 265296, 491274, 324065, 342383, 2638, 368512, 484551, 264730, 4124, 108332, 181927, 456988, 495714, 209675, 446128, 184746, 36628, 216137, 274651, 438503, 359535, 242619, 327913, 454236, 227878, 34594, 128486, 203532, 194433, 479261, 24923, 297858, 188086, 63059, 116140, 131824, 403260, 199630, 476632, 378314, 300429, 240726, 481591, 19274, 358737, 301823, 344888, 462912, 434978, 4228, 132862, 424821, 141235, 380016, 79581, 136909, 61083, 127785, 67396, 94361, 108381, 392040, 374790, 356066, 181945, 18266, 130877, 51705, 448842, 444460, 135005, 181594, 213274, 41693, 333048, 488097, 367520, 252990, 28212, 23210, 130005, 377924, 240926, 47581, 474866, 183470, 99581, 87372, 17235, 291966, 161270, 371402, 7153, 365269, 32070, 351535, 469230, 244401, 165083, 62285, 257727, 440300, 106509, 486543, 460612, 131479, 301084, 440165, 400102, 221465, 443636, 425780, 420806, 95631, 385701, 376992, 331247, 423850, 187445, 271412, 300310, 35508, 463462, 306622, 96644, 406535, 142439, 243687, 303154, 202302, 110020, 299471, 282092, 447141, 381065, 223612, 101555, 59420, 437862, 29177, 90986, 442164, 141069, 115130, 54882, 220, 53286, 13743, 359647, 435850, 11498, 432217, 239188, 209871, 155236, 274546, 298625, 448678, 430989, 9238, 20514, 36454, 485586, 258419, 26297, 325566, 296115, 425138, 283208, 18498, 141554, 418336, 297071, 109994, 428380, 231180, 214687, 57347, 120909, 223103, 277149, 71244, 312361, 78973, 227918, 315205, 492037, 187996, 164101, 448285, 211573, 470215, 487297, 214650, 313945, 368772, 115248, 302413, 493131, 337985, 152933, 159588, 295063, 142207, 281839, 77776, 124667, 280508, 308396, 398208, 241268, 286936, 199269, 54759, 308192, 215363, 63536, 56644, 437296, 211576, 225949, 440928, 160041, 236307, 398405, 497038, 287810, 368020, 358970, 268584, 424253, 397754, 161094, 40734, 415605, 424027, 88938, 190979, 72963, 416113, 459439, 463160, 281126, 223304, 63524, 340528, 254061, 370165, 134178, 387590, 272894, 326519, 22629, 333034, 403600, 294365, 218141, 474163, 40594, 156661, 328653, 321560, 257545, 145282, 38873, 194380, 407233, 291188, 357705, 121290, 447127, 437677, 366237, 148397, 277269, 83193, 218160, 369947, 298853, 436517, 413788, 50391, 302503, 220342, 407065, 201014, 350080, 439013, 347504, 158266, 299370, 137057, 451216, 141146, 430475, 429304, 251198, 348461, 278871, 359287, 314070, 201583, 160256, 172524, 287084, 267211, 484967, 293726, 297557, 332072, 478570, 182295, 279657, 251211, 265800, 77936, 313796, 29082, 347742, 298384, 51997, 25849, 183637, 345312, 166116, 127348, 411779, 297105, 88764, 44463, 46213, 72576, 443721, 350657, 115999, 254712, 482299, 271785, 479864, 426843, 334792, 337381, 497836, 316122, 415762, 447522, 240605, 345535, 397039, 66808, 460874, 331087, 371991, 479125, 404854, 418943, 381173, 390033, 137801, 444024, 177837, 276799, 133144, 338656, 141643, 48231, 348624, 452502, 383576, 316497, 235186, 5479, 65195, 73170, 355806, 302109, 153805, 138578, 407769, 333723, 456040, 414183, 309561, 491554, 242845, 496346, 445356, 386911, 48871, 374926, 281699, 185507, 442702, 261298, 53610, 229092, 151985, 141847, 123629, 485509, 414720, 172046, 1777, 410164, 166457, 483166, 82359, 434213, 128025, 146065, 379804, 191765, 222517, 96764, 16324, 479388, 295538, 375653, 330370, 4323, 193890, 402647, 31947, 392979, 404430, 5113, 417892, 443380, 339169, 134020, 445781, 196809, 205957, 91532, 193718, 482392, 224860, 416243, 77417, 258452, 351790, 95851, 349175, 98884, 274748, 101284, 320545, 15696, 324683, 324309, 219826, 21230, 57439, 297027, 420809, 141494, 369191, 49891, 433841, 410823, 128310, 238561, 87074, 312315, 30179, 407141, 32722, 13091, 321977, 223527, 207072, 345828, 238851, 371029, 47737, 273204, 451764, 96281, 422442, 307844, 228305, 170339, 394883, 334063, 87944, 373872, 181134, 355361, 401112, 192291, 132575, 275037, 429085, 413268, 226004, 237464, 46386, 233913, 243581, 424806, 451981, 309083, 22100, 322864, 43294, 133146, 122503, 227988, 179183, 285424, 74174, 433621, 357742, 273490, 269606, 13397, 153525, 208458, 33813, 160417, 153278, 215163, 460751, 174183, 401916, 197069, 203797, 380783, 249325, 276702, 173006, 8143, 491205, 258035, 65439, 156923, 361780, 175278, 495563, 359538, 277031, 403037, 130204, 70519, 189352, 247171, 155588, 23717, 45638, 461477, 61815, 1314, 9294, 241060, 183096, 482434, 19408, 454441, 31556, 26949, 263126, 457997, 218673, 301918, 115895, 192085, 262487, 163976, 117171, 242673, 135546, 389051, 222721, 60729, 307494, 403406, 28015, 317305, 148234, 11879, 265508, 369533, 180022, 201181, 150284, 479457, 22928, 369816, 219271, 241522, 377635, 57622, 359531, 48917, 82076, 266700, 432119, 345995, 126279, 413205, 61963, 201278, 372032, 377699, 69203, 392770, 390834, 427655, 61489, 402766, 249805, 229898, 332128, 351318, 88425, 397120, 485097, 169556, 54226, 437825, 474811, 456359, 489405, 236176, 87320, 191142, 305959, 224243, 85303, 338249, 54747, 81136, 455578, 101365, 173940, 264269, 369317, 47952, 2741, 323991, 42643, 362955, 331896, 102147, 397828, 386135, 481527, 91036, 169301, 84569, 427860, 74141, 131573, 302202, 453864, 33543, 420676, 43541, 337016, 317296, 174435, 38266, 305252, 474464, 18336, 370919, 339686, 289685, 161522, 148629, 493835, 267308, 135172, 365125, 244061, 141571, 59952, 96971, 239366, 80736, 399330, 40777, 43492, 283818, 330245, 253487, 37275, 186588, 138780, 305732, 483192, 115694, 494357, 375839, 394172, 323630, 290263, 125369, 69358, 374001, 80978, 165083, 60105, 479861, 331581, 436003, 355437, 169069, 315380, 266852, 4525, 159241, 163441, 360860, 115753, 155981, 440798, 339647, 193092, 19983, 133563, 337688, 433513, 190410, 442783, 294377, 188547, 31945, 178643, 382024, 453135, 43603, 28000, 489199, 172043, 217377, 227518, 11968, 48621, 352347, 493488, 371896, 117763, 406025, 256509, 62282, 139221, 233276, 160979, 21865, 83305, 368524, 291232, 161310, 341371, 372772, 467695, 122504, 12180, 340724, 457862, 206138, 321760, 287763, 102286, 196582, 313676, 270064, 93211, 87104, 340228, 82766, 155804, 412825, 359802, 187963, 214211, 311209, 86409, 308468, 440688, 397099, 116986, 372088, 45515, 327901, 49675, 419516, 66494, 426711, 483271, 442918, 201637, 422850, 482210, 148877, 137931, 21599, 139041, 201483, 13044, 380908, 369244, 298119, 322053, 336072, 119162, 348660, 15209, 76156, 355011, 13936, 366780, 381863, 47378, 462349, 207276, 287822, 256809, 25749, 196330, 191757, 273968, 293745, 3413, 486502, 173072, 139559, 79792, 270127, 354757, 146875, 109745, 370429, 351732, 196870, 435282, 428195, 357665, 290974, 137024, 299944, 167916, 432400, 426683, 236020, 418930, 14828, 320573, 63611, 209655, 75206, 195201, 435200, 391816, 271849, 273372, 139768, 207977, 196475, 292207, 258590, 26144, 102132, 107130, 296373, 171257, 459447, 198258, 181897, 385801, 297095, 214189, 361203, 345089, 73872, 55128, 469060, 196644, 26518, 336174, 93474, 512, 119240, 155747, 36814, 65475, 61231, 377448, 91215, 280026, 127502, 209077, 11210, 165222, 452322, 448188, 317343, 498837, 168022, 61059, 307197, 101416, 444820, 164278, 211149, 410208, 480623, 104422, 495598, 338690, 403222, 349031, 421012, 237503, 44145, 17399, 312525, 198880, 148665, 116487, 119313, 185899, 419355, 206534, 387321, 329383, 455921, 185101, 178178, 430547, 11830, 190968, 100278, 325382, 112154, 34544, 489844, 129087, 228018, 190076, 170032, 264781, 411891, 282932, 419392, 295296, 444145, 253407, 90704, 261346, 108962, 338508, 487473, 59376, 254715, 248091, 23807, 217612, 432879, 308758, 436775, 188248, 46322, 276640, 127757, 323078, 155906, 208494, 302192, 278190, 6575, 207853, 121610, 387195, 42340, 240634, 7301, 249425, 30934, 119083, 94927, 382782, 391755, 256217, 254085, 51157, 292713, 44415, 13094, 458141, 338025, 460815, 126598, 189834, 430151, 188972, 322452, 133721, 76831, 474708, 134475, 178922, 442928, 229124, 466682, 127412, 160495, 364841, 432877, 88573, 299089, 273667, 460847, 271445, 320256, 279771, 472844, 338964, 258668, 293874, 47916, 6619, 212259, 115423, 63311, 345358, 258531, 373050, 193794, 267644, 418033, 9349, 8403, 312231, 14704, 163340, 137751, 324255, 196847, 360422, 52474, 370530, 83143, 11960, 360176, 201309, 9373, 87763, 259649, 128026, 411823, 136188, 195974, 466018, 375051, 443169, 46690, 318466, 121567, 415268, 413005, 450005, 40938, 56446, 263876, 106304, 432171, 413790, 356390, 190658, 162133, 385476, 479916, 25854, 155026, 141151, 163580, 55564, 229642, 139918, 221245, 353247, 487090, 290750, 350625, 112971, 157599, 490121, 48665, 299833, 73980, 308690, 355377, 42928, 245640, 161236, 264941, 139855, 290885, 216899, 149180, 98521, 465121, 415445, 437432, 28512, 440368, 181782, 392370, 217259, 309879, 327774, 86660, 334186, 370566, 58332, 145425, 421701, 424, 238128, 205565, 238842, 123818, 412610, 439548, 118193, 450846, 52851, 332014, 59143, 244104, 257898, 283423, 44375, 102041, 199147, 30465, 381276, 330447, 51656, 54569, 410515, 135688, 35682, 326241, 177483, 183077, 298965, 287158, 391572, 260513, 47063, 432051, 434998, 399454, 87480, 363029, 409214, 368904, 489872, 466660, 296682, 471550, 485420, 444121, 217075, 442767, 80455, 492545, 431946, 14326, 260374, 418800, 204960, 338087, 115377, 331055, 333857, 362159, 186499, 288634, 279498, 181895, 324856, 125641, 355516, 184492, 254354, 143227, 281562, 110228, 271152, 54687, 487487, 70297, 151301, 141192, 489164, 294446, 122127, 171737, 200121, 317015, 330664, 141265, 6902, 366442, 254877, 31656, 420484, 160542, 100801, 303015, 87811, 307993, 447547, 131973, 59662, 378437, 489380, 423318, 137593, 389511, 297592, 366578, 450011, 138660, 333675, 147355, 249895, 247548, 489115, 44191, 236671, 415637, 148311, 110823, 171911, 402201, 432501, 236866, 186529, 464069, 42673, 255629, 392730, 241437, 169649, 388123, 369363, 477067, 206355, 365708, 464725, 481440, 324360, 329818, 356077, 319381, 237445, 156617, 155145, 72880, 74498, 108379, 345029, 310531, 476816, 82612, 88926, 22944, 355486, 482804, 498230, 138593, 178090, 451269, 465037, 330197, 392884, 202966, 455886, 242535, 356346, 390414, 498646, 484810, 48424, 293457, 209550, 314514, 208650, 288782, 347481, 488258, 174114, 479756, 386370, 227485, 319180, 438611, 211982, 146157, 383972, 409510, 460030, 457439, 484154, 464926, 302492, 463372, 425369, 480676, 35015, 29171, 182483, 436122, 366378, 337619, 366804, 466414, 113758, 436310, 214326, 400612, 323876, 404577, 204353, 434293, 92273, 309574, 61575, 496414, 106410, 442208, 310126, 54014, 246846, 487509, 390409, 400537, 84638, 443643, 402343, 118194, 72831, 57423, 202347, 434548, 88080, 74775, 105667, 49201, 278917, 398340, 213622, 449188, 250267, 424921, 160401, 294395, 322620, 247162, 440994, 112097, 330968, 266345, 455583, 297252, 66414, 204288, 140823, 467002, 211831, 147849, 382184, 177202, 262223, 496938, 256322, 98057, 81932, 309554, 113811, 314426, 463766, 321689, 9431, 244363, 289253, 37915, 76491, 195935, 492306, 327588, 137612, 207053, 161102, 303508, 13526, 57514, 387311, 257803, 339102, 298596, 418170, 145137, 136263, 112185, 32603, 198322, 20221, 450609, 401193, 227217, 96385, 276729, 101399, 273508, 57289, 406051, 474997, 347797, 688, 406759, 232330, 206737, 426633, 76531, 418715, 315494, 177965, 266761, 421895, 143984, 265814, 18362, 237327, 338241, 81427, 164203, 402580, 217712, 234576, 397729, 238749, 333842, 240847, 272233, 402732, 461349, 81102, 128721, 298015, 86455, 359298, 351943, 131452, 261787, 328313, 25022, 477521, 292278, 138545, 61270, 412128, 497884, 150738, 152271, 494981, 407289, 300061, 64356, 296674, 475112, 436464, 352174, 305612, 367732, 231675, 307673, 272175, 196188, 433578, 221987, 275725, 81567, 95263, 176005, 404722, 169496, 339427, 196456, 374976, 190215, 478802, 1297, 335061, 402417, 152541, 57095, 467802, 174118, 301060, 484499, 327572, 97283, 214668, 251894, 433564, 211156, 232931, 256255, 245449, 200468, 145862, 158918, 57404, 198284, 288791, 129496, 416731, 280013, 64362, 459323, 250197, 305307, 187645, 303628, 444305, 182739, 102497, 289209, 350744, 444353, 11531, 168552, 364682, 471251, 327244, 275225, 482002, 46095, 181440, 216397, 472237, 269436, 237821, 362013, 271478, 220083, 408523, 122782, 296543, 57591, 231805, 210512, 111596, 477737, 172982, 212474, 236558, 376798, 167331, 260912, 55659, 450506, 95363, 79508, 290499, 480640, 185429, 481223, 37292, 353981, 360182, 275101, 389961, 172385, 301331, 306206, 401188, 182262, 256686, 127917, 53431, 258600, 58724, 169106, 180027, 132478, 289689, 167926, 429922, 59949, 177756, 444994, 227966, 409448, 10599, 396128, 222858, 88527, 312311, 189689, 147172, 457492, 142756, 15238, 152482, 457205, 43985, 104012, 192496, 166640, 485154, 369815, 434133, 251185, 109673, 321738, 93793, 71273, 160959, 55806, 211044, 326675, 468739, 74912, 144460, 349504, 256034, 402888, 309197, 293537, 476337, 56006, 343663, 130741, 39049, 345733, 359515, 485150, 58327, 391842, 123619, 129444, 453929, 103801, 251872, 498839, 345492, 408103, 468689, 346314, 273288, 30902, 14835, 210476, 365962, 223661, 208509, 21211, 314124, 142094, 490484, 307604, 191436, 483090, 152384, 362384, 331505, 298114, 112390, 283536, 93241, 57939, 201671, 444110, 127168, 478933, 256461, 201826, 436902, 272909, 475470, 310850, 421254, 338054, 47212, 321850, 396238, 238086, 487015, 181293, 14185, 443617, 136160, 284584, 249549, 52392, 224934, 171834, 66723, 327717, 498671, 92195, 451145, 316907, 371059, 321315, 209244, 50148, 171580, 191896, 394957, 391002, 53565, 103599, 219010, 414226, 120319, 304910, 244664, 210482, 400946, 173133, 478338, 350181, 435809, 267732, 213000, 158860, 373284, 222865, 103662, 5955, 483165, 227622, 261464, 334144, 118300, 361662, 102335, 59345, 364450, 93852, 437609, 432003, 379229, 166947, 229793, 186139, 360763, 194902, 480535, 335693, 342224, 130602, 49735, 68593, 422692, 149955, 404282, 288120, 332520, 37497, 481988, 72767, 89739, 152703, 96719, 345622, 264496, 203377, 316963, 337857, 40114, 233178, 406298, 25655, 27834, 248222, 340529, 453861, 152634, 240447, 168165, 336144, 467801, 31119, 405430, 444994, 356921, 178955, 202602, 335736, 360283, 91723, 467536, 439526, 122685, 210116, 137105, 282414, 255391, 349758, 81504, 199973, 244388, 286201, 113499, 244999, 438535, 360946, 480485, 245913, 248540, 86931, 135933, 324353, 66553, 347537, 431704, 224707, 109978, 379144, 329195, 413905, 400920, 132360, 299806, 386401, 91038, 466428, 447972, 76999, 306305, 381582, 167734, 262545, 357372, 451426, 2636, 199966, 401990, 34978, 278278, 190262, 303140, 21325, 322726, 247255, 87128, 386965, 492600, 276082, 367499, 360138, 339188, 5739, 203829, 212721, 369387, 235067, 382000, 264002, 336398, 230170, 242887, 32800, 434095, 77723, 363850, 189113, 421577, 330093, 236101, 158405, 175045, 359582, 424475, 65552, 255806, 221748, 248878, 105430, 128740, 15933, 129420, 168646, 465305, 314501, 394114, 202822, 231949, 17541, 293694, 259739, 356602, 58339, 247837, 119042, 427902, 198124, 138227, 121657, 131884, 446625, 271786, 37055, 391181, 487200, 233157, 348668, 346930, 127596, 370411, 216407, 374482, 255031, 152669, 343684, 458186, 41514, 442104, 283560, 305445, 117706, 50317, 393337, 152785, 1065, 276592, 263657, 89240, 133208, 440672, 115590, 112785, 343260, 8039, 476499, 276367, 164573, 348090, 215379, 261800, 122464, 480719, 450018, 325547, 417468, 310867, 325048, 379158, 424761, 390521, 220088, 445848, 261201, 95799, 48366, 121879, 366526, 248397, 430971, 102269, 14526, 430951, 232536, 459306, 78841, 78486, 430216, 248613, 71255, 83959, 296041, 492994, 35372, 476912, 308459, 418016, 195190, 138118, 373401, 335487, 237291, 447329, 48508, 379946, 314826, 383880, 195319, 70419, 295090, 308114, 456247, 415904, 62266, 110187, 368915, 151407, 388648, 126878, 298242, 182029, 467193, 142179, 185839, 119932, 288465, 141225, 383542, 315944, 386033, 432434, 346162, 99417, 77059, 178803, 135124, 441647, 465109, 13850, 228398, 26698, 134096, 210779, 71380, 447745, 130049, 370522, 490659, 358997, 418279, 263096, 318903, 408595, 464555, 493291, 221572, 328052, 30036, 323143, 462721, 485559, 413590, 470331, 307628, 238791, 233382, 250718, 395603, 255336, 324098, 180066, 16871, 345238, 238073, 154672, 322009, 154959, 173685, 175677, 406323, 81116, 164244, 499911, 17382, 448507, 147245, 17475, 396283, 130549, 292022, 56576, 121450, 446081, 15457, 197888, 398673, 387782, 331984, 237454, 151288, 56166, 206453, 101946, 390309, 140826, 248456, 25825, 46199, 195310, 255170, 108717, 94035, 486213, 227539, 53934, 163006, 166494, 335843, 483163, 48561, 38094, 472788, 492484, 301441, 403654, 270932, 435175, 248258, 110241, 427150, 465997, 399604, 248223, 220370, 47945, 27558, 182713, 385442, 443602, 327576, 466354, 210861, 404119, 392508, 187823, 47418, 290638, 88211, 461255, 181436, 65039, 279850, 252402, 93882, 365817, 254411, 174018, 136102, 30760, 323413, 269337, 212180, 56235, 348361, 151277, 202935, 165607, 233847, 50511, 243729, 240388, 344281, 114557, 187460, 431004, 239112, 353709, 327241, 74278, 449393, 253100, 208598, 498991, 344022, 226216, 202355, 4417, 367894, 21557, 327462, 395238, 346536, 426331, 274423, 88887, 405674, 454944, 353271, 356307, 187562, 227163, 61299, 380852, 369004, 240579, 88404, 92230, 118720, 427811, 327589, 155648, 341435, 14981, 425726, 410802, 99760, 255127, 352591, 36568, 310044, 42657, 187382, 442803, 10775, 428783, 386485, 347213, 233665, 483557, 446148, 17394, 437374, 166903, 299872, 207501, 163743, 326573, 404698, 337008, 242976, 95067, 101469, 459709, 142703, 139200, 290195, 382146, 155041, 447035, 81610, 91791, 360023, 226174, 290538, 426521, 37645, 75736, 254096, 153622, 303257, 447806, 238, 37052, 342347, 306274, 108615, 161658, 331544, 445682, 460406, 420021, 81443, 497726, 235989, 280448, 433403, 346564, 225803, 14922, 135287, 343050, 399704, 21725, 477149, 324950, 68627, 443024, 452494, 69022, 368167, 275771, 259113, 389106, 392641, 261698, 67923, 292362, 317755, 381415, 331862, 430612, 26623, 82056, 264250, 463880, 352509, 294941, 83521, 456257, 414881, 115723, 355194, 391142, 128182, 316926, 129611, 235732, 73532, 275796, 368098, 82364, 42413, 297075, 171734, 96977, 96368, 159215, 474467, 177682, 158528, 427177, 360868, 463690, 494894, 124975, 31826, 106647, 223586, 78379, 358207, 37011, 271468, 398502, 246456, 484926, 80297, 169094, 269398, 95158, 183439, 217547, 308644, 153388, 261309, 41907, 288549, 480817, 337334, 249638, 23084, 419418, 295678, 451455, 131591, 197584, 286513, 477843, 498241, 242260, 54595, 99846, 251380, 381710, 386846, 147285, 383709, 12231, 335453, 264772, 165570, 345331, 339072, 245698, 241329, 196671, 427241, 84349, 282588, 38176, 449000, 345208, 466033, 74128, 484335, 219052, 310463, 418140, 242671, 159017, 352367, 330628, 483814, 249551, 216870, 364491, 410871, 356190, 490310, 258921, 110087, 412578, 249104, 319193, 351676, 336964, 212230, 421801, 14352, 279072, 369133, 441106, 258657, 166113, 232632, 18442, 102558, 131748, 274516, 295190, 436051, 315249, 426896, 262901, 83811, 195068, 482481, 417453, 63701, 69620, 469893, 74140, 352195, 191976, 184672, 97300, 137883, 465108, 316952, 41614, 270429, 463659, 161685, 374152, 336408, 262170, 396861, 278484, 80098, 188663, 497302, 374030, 53777, 209717, 243355, 331629, 294327, 213451, 350096, 93021, 446343, 333247, 294617, 279928, 457739, 336421, 222629, 213876, 202418, 102167, 265989, 477459, 65178, 35724, 359928, 413403, 252949, 480582, 197673, 460792, 460680, 274086, 221883, 283354, 262665, 355261, 57019, 441474, 121155, 241439, 318590, 141848, 278473, 50882, 211451, 89379, 192871, 427983, 281091, 108241, 301817, 110472, 6760, 155735, 75973, 178524, 461678, 427844, 209891, 363896, 322987, 187729, 414634, 54507, 347515, 343405, 261238, 72928, 364244, 210641, 245038, 431226, 414636, 434918, 110459, 295280, 317237, 281548, 340239, 391185, 131477, 236194, 180397, 61840, 144920, 410892, 333296, 238644, 404117, 152560, 241300, 52086, 304650, 4455, 256290, 486180, 452721, 31930, 85455, 338221, 362925, 442991, 381697, 303988, 463858, 258740, 66633, 244769, 283318, 422192, 469542, 21403, 485362, 331757, 316767, 231218, 178917, 262039, 235890, 26570, 479334, 156251, 80427, 223630, 374638, 358365, 153363, 290780, 462985, 335575, 276927, 55052, 339354, 114485, 21512, 50706, 441985, 240973, 25704, 36871, 360883, 416253, 390946, 497068, 339256, 422011, 475984, 191580, 213862, 100003, 240153, 459160, 376030, 428124, 361988, 220404, 255361, 80677, 211312, 400941, 409725, 221573, 470314, 75911, 372874, 347368, 104714, 375311, 371027, 210759, 235788, 369700, 235530, 152154, 46692, 256139, 285044, 108748, 271031, 36435, 310355, 401043, 25674, 224664, 169062, 201263, 370849, 217906, 232428, 317674, 36286, 323563, 218727, 369401, 495283, 126019, 392469, 57116, 377075, 93346, 207593, 259562, 377825, 351089, 342568, 70456, 93300, 134602, 268332, 107447, 41855, 8420, 461429, 185719, 201523, 451063, 285774, 213530, 366363, 418540, 398850, 109451, 373173, 240272, 406798, 79837, 280826, 381197, 359103, 437989, 211011, 121519, 461376, 315302, 465583, 152141, 201934, 256285, 205330, 406782, 468505, 299675, 157585, 305893, 183968, 342533, 85146, 173564, 183134, 352899, 474046, 276132, 66720, 5809, 121876, 340213, 482656, 360287, 293091, 326418, 29375, 342084, 301651, 241217, 340908, 298709, 346438, 380212, 58841, 339477, 108324, 426686, 49259, 359716, 338809, 19538, 94456, 417208, 28967, 366802, 46647, 191199, 60760, 99109, 138943, 131796, 263093, 391184, 230900, 472147, 304448, 136705, 34546, 211342, 50837, 393195, 354918, 56365, 49487, 41318, 177457, 245273, 198066, 381299, 232951, 447433, 267175, 314608, 352312, 468792, 83780, 476895, 433265, 13078, 306868, 316684, 287719, 299161, 255700, 330468, 78773, 36878, 443593, 306400, 280627, 291739, 208111, 256984, 84497, 152206, 413983, 377691, 157771, 483127, 486628, 229843, 44234, 142113, 485545, 352034, 223927, 206894, 206840, 258581, 444041, 167761, 7099, 354080, 186697, 230390, 67927, 443492, 180696, 292501, 427225, 135360, 488701, 332332, 389067, 268782, 55259, 115040, 397302, 390105, 4022, 346822, 371245, 236224, 100924, 255207, 471834, 495572, 4882, 69833, 205335, 447697, 264312, 47387, 284356, 196038, 217375, 167224, 175282, 157601, 295840, 314876, 1483, 263322, 266384, 330266, 413534, 194952, 24922, 40298, 181910, 460495, 168536, 264432, 377151, 273402, 405740, 332113, 114545, 463803, 340737, 413976, 160876, 239258, 381670, 176294, 210403, 284826, 269734, 309510, 107741, 67788, 303152, 314178, 44154, 24730, 198618, 131386, 318817, 59995, 154415, 6457, 252987, 132733, 377528, 171827, 4768, 247537, 137784, 65734, 466, 403652, 55231, 80301, 431928, 212460, 277974, 248249, 193715, 64845, 130114, 496135, 81003, 271676, 108248, 59986, 277531, 1316, 59239, 221654, 388889, 279636, 485464, 281128, 2949, 202260, 222748, 38490, 202835, 44289, 128852, 144230, 494421, 455162, 32885, 378329, 450018, 157122, 309473, 448098, 310999, 85149, 291458, 221212, 485972, 82419, 201493, 318733, 216482, 295060, 426464, 281471, 186953, 232551, 26924, 222743, 420751, 480575, 145729, 139820, 265470, 400005, 51044, 98175, 270809, 47767, 46628, 224234, 364253, 201734, 252721, 143071, 73953, 296318, 62468, 127253, 208618, 114739, 61586, 18827, 473804, 351494, 288375, 370559, 104115, 71332, 239006, 311679, 431145, 298094, 67739, 22272, 187150, 478792, 401278, 163390, 434505, 301673, 133441, 57963, 190896, 47075, 374036, 146687, 210213, 425828, 237467, 65955, 266365, 5561, 286302, 382971, 460622, 122501, 126481, 345495, 441662, 312637, 22559, 352793, 17070, 182453, 123719, 348915, 480599, 107549, 438121, 245623, 176232, 64350, 494682, 282517, 417310, 186712, 58868, 182859, 285925, 202421, 499449, 431361, 287534, 311436, 327356, 278627, 209961, 429745, 94185, 458069, 352725, 488177, 285885, 443634, 180168, 461999, 101010, 105563, 361794, 312220, 359792, 307463, 424703, 230660, 187581, 414981, 327909, 139444, 262012, 429557, 12818, 121674, 337343, 458773, 432433, 27058, 237942, 381384, 11097, 298512, 347539, 431663, 78458, 467295, 394635, 465414, 294694, 414772, 115042, 384797, 218996, 299779, 227821, 474144, 366862, 104425, 499382, 167497, 393986, 453098, 212286, 432710, 231588, 322286, 251937, 381619, 254551, 318985, 187298, 297248, 347897, 81405, 154661, 209217, 368264, 475131, 84609, 255822, 292618, 495689, 308778, 328251, 245438, 382850, 451657, 144386, 135149, 199299, 41858, 55007, 166783, 366471, 319213, 366777, 437787, 461952, 495387, 339439, 59833, 216502, 334705, 5944, 175861, 291043, 311800, 55711, 4713, 149284, 160897, 276625, 325583, 373821, 484030, 135601, 318164, 109590, 496232, 153460, 345906, 292485, 156734, 391220, 494710, 179616, 165477, 393378, 139039, 130006, 192710, 327057, 130459, 3133, 492099, 194293, 115417, 433548, 287749, 332733, 443157, 21230, 298846, 166628, 262660, 370138, 142024, 498502, 467526, 209607, 295860, 37073, 132163, 215063, 92948, 40985, 108163, 279596, 267895, 103361, 94595, 225848, 366856, 327518, 69556, 485974, 313071, 188734, 134088, 243299, 422099, 115741, 394525, 321406, 418322, 460067, 286359, 240973, 228102, 148889, 82910, 268732, 165803, 486878, 403938, 247965, 484016, 155681, 340793, 142062, 489111, 468074, 441994, 210648, 245073, 66522, 4922, 99400, 137901, 279986, 487596, 7269, 116298, 127318, 296772, 297177, 89667, 465322, 377329, 111437, 320859, 331920, 169234, 51407, 465993, 485484, 367923, 233133, 192534, 350235, 38834, 61850, 345565, 406307, 147548, 347805, 219320, 393787, 311304, 260236, 248739, 152790, 463145, 343786, 214627, 498008, 426669, 429534, 356724, 340736, 396062, 486448, 348101, 155235, 46634, 25794, 36583, 374256, 59946, 320589, 251426, 362951, 388440, 346118, 206978, 218349, 463280, 103677, 332142, 394009, 348832, 52600, 474496, 457977, 456722, 407483, 498821, 378445, 94138, 428120, 96562, 285516, 162970, 226009, 69082, 41327, 265836, 159065, 117815, 375125, 260825, 396306, 29482, 41055, 201915, 113622, 236676, 19119, 382079, 76884, 182150, 349028, 68195, 5619, 288653, 249329, 399648, 113474, 416005, 375994, 282000, 487478, 135552, 224897, 367219, 34660, 164184, 195508, 480080, 450221, 283915, 286351, 77976, 375285, 453563, 365526, 15270, 144595, 280308, 250998, 460681, 363588, 364026, 291064, 171645, 416453, 97175, 62319, 400050, 75116, 262296, 230814, 198024, 428159, 12723, 176082, 427775, 27121, 449904, 187565, 116659, 289770, 252707, 166302, 161537, 137000, 136278, 331850, 156848, 390690, 168032, 79112, 419529, 293641, 79480, 185710, 495064, 300884, 121409, 171527, 359591, 114682, 281407, 433853, 336049, 359967, 430933, 259911, 209826, 273327, 334704, 207767, 432426, 152581, 4330, 488926, 279243, 409038, 24729, 47097, 309225, 262172, 341829, 21346, 233466, 344143, 25572, 226547, 181413, 471863, 414382, 483774, 462694, 469324, 352162, 34837, 347265, 205348, 462996, 232054, 202125, 275011, 161180, 335784, 82873, 294354, 295058, 56418, 8105, 142772, 423078, 157105, 283714, 319327, 292990, 359345, 361631, 165203, 435545, 433807, 39109, 426182, 403425, 460120, 249246, 475031, 175406, 285369, 51732, 135160, 412341, 251612, 142678, 424177, 460052, 431769, 356921, 383745, 89208, 364348, 41622, 24327, 484381, 183235, 419060, 459594, 407809, 238396, 473778, 172751, 447025, 332476, 486574, 168623, 32580, 264407, 334991, 11597, 254698, 326072, 431294, 42419, 152294, 391474, 6607, 255573, 343754, 497900, 92877, 256129, 289792, 379487, 437304, 96520, 245580, 358179, 95485, 50616, 211071, 165133, 432972, 268943, 212909, 331774, 132607, 272116, 278871, 255537, 352077, 53236, 8367, 101306, 320588, 146649, 207075, 19678, 335967, 258537, 231231, 158408, 150647, 390140, 491959, 115438, 171152, 262079, 423691, 431191, 413206, 54509, 398496, 262849, 216059, 15239, 371571, 399985, 96299, 316088, 438287, 11330, 433523, 351660, 209050, 12308, 357143, 252267, 418794, 216297, 27678, 352720, 422995, 204548, 404683, 317893, 245857, 12609, 413486, 343563, 82755, 51811, 54885, 65859, 109210, 285400, 483944, 24801, 476710, 297809, 385697, 63272, 47266, 46866, 34135, 449976, 325188, 474207, 213640, 143969, 177187, 205843, 430761, 189041, 485994, 294625, 427796, 453596, 176125, 278938, 288872, 28239, 391635, 35004, 169315, 194259, 422465, 460968, 227066, 327810, 281457, 431812, 184531, 105170, 365584, 414561, 405828, 246776, 237536, 1631, 451240, 234664, 204149, 448129, 331805, 177448, 2952, 72588, 102534, 128196, 423017, 411088, 165791, 234611, 398313, 325899, 148927, 352437, 255067, 277128, 114887, 351621, 195149, 419102, 444099, 69576, 210087, 69968, 120917, 58739, 391765, 470361, 382658, 187707, 357552, 474085, 234782, 379156, 10300, 36043, 211812, 165423, 99210, 455099, 478409, 217780, 392468, 216458, 177867, 174001, 136353, 306596, 45832, 206947, 288535, 16244, 65097, 67126, 42127, 64503, 325913, 166766, 472686, 345317, 260315, 1174, 320321, 230863, 95280, 31166, 371875, 105778, 490057, 364949, 422074, 418610, 156875, 31396, 287388, 457584, 149368, 486047, 100351, 377698, 438136, 435831, 131852, 285617, 262860, 164072, 39693, 147389, 217806, 27356, 345496, 57422, 69741, 216720, 376017, 356664, 499586, 127901, 168433, 303554, 99296, 42457, 54532, 345535, 468962, 384954, 137409, 244470, 355345, 324060, 429232, 271139, 165702, 178782, 484003, 325721, 222903, 158216, 439209, 368073, 68944, 369873, 454913, 303227, 2279, 184709, 238981, 139291, 269036, 149016, 175034, 323637, 256377, 430955, 29633, 81052, 361727, 346411, 43591, 275510, 214149, 256906, 175041, 259380, 423190, 376076, 218223, 379157, 486580, 45245, 206257, 405604, 215681, 197988, 17810, 51141, 204578, 342449, 74066, 391441, 316836, 284216, 485512, 355574, 152264, 179614, 375694, 31241, 411459, 74734, 329937, 314916, 73585, 375853, 287436, 244012, 2065, 325829, 353363, 425867, 151548, 54342, 476978, 244924, 470644, 472793, 176849, 379224, 471416, 404263, 134494, 349459, 163127, 37092, 348470, 325366, 461177, 228951, 435500, 430169, 308752, 393226, 388479, 499274, 386110, 319940, 437017, 419531, 110851, 203046, 408615, 149119, 17023, 289339, 137214, 275020, 3737, 258331, 493827, 277222, 345660, 443223, 363866, 447034, 234511, 490227, 79593, 313629, 321174, 489079, 351580, 215571, 448503, 319883, 126791, 428030, 379571, 7706, 44983, 88682, 410278, 430818, 136636, 198408, 337821, 89841, 270937, 13413, 172538, 87398, 495511, 184012, 432943, 92142, 205314, 491289, 199832, 124838, 383061, 332480, 375006, 465001, 452099, 124502, 290852, 208901, 149433, 497485, 308314, 312985, 135065, 176459, 268863, 320515, 21631, 159017, 426715, 236945, 219089, 92464, 76171, 493830, 440807, 294727, 60860, 403787, 55337, 38540, 62332, 429517, 269363, 71865, 470123, 314631, 467571, 440218, 209845, 156844, 84288, 94475, 203405, 113969, 385749, 147769, 246162, 115869, 135598, 99476, 211721, 410350, 445882, 5730, 211036, 141223, 318762, 350940, 34077, 470516, 287645, 333085, 416808, 463356, 334744, 443104, 438552, 413262, 445537, 103125, 177762, 202301, 312196, 445792, 119417, 255529, 392023, 272261, 130904, 244594, 367778, 69108, 442069, 278372, 338674, 452560, 337571, 301889, 133493, 63495, 43346, 30911, 351337, 80072, 241725, 368293, 102392, 366863, 141560, 124620, 200933, 98791, 407023, 349702, 412460, 169893, 71983, 108350, 351017, 262890, 361712, 146805, 469332, 244593, 35723, 268766, 307467, 49675, 356435, 189332, 114326, 293129, 266168, 329834, 31976, 289617, 493797, 218278, 62469, 53674, 499104, 470963, 349144, 495570, 186338, 52037, 410804, 56291, 8393, 66085, 25589, 250468, 135712, 360601, 62201, 293223, 26691, 141738, 76924, 332390, 35871, 163925, 164692, 437202, 49183, 291309, 87815, 35232, 202178, 255306, 206847, 475648, 96121, 361922, 292822, 138153, 252332, 432808, 212044, 430186, 413342, 6982, 248938, 235304, 474141, 70447, 463755, 203081, 372472, 491748, 323083, 29470, 189326, 167790, 277804, 38335, 15965, 178685, 243376, 237759, 240983, 182917, 268974, 209197, 448009, 339604, 328707, 112506, 240523, 427749, 321880, 132526, 338846, 356325, 28489, 314225, 165897, 193640, 460206, 329732, 491287, 91222, 370589, 278882, 267301, 439669, 45245, 341742, 281348, 35244, 350323, 358415, 465310, 219480, 105244, 345741, 302881, 241061, 61448, 321602, 336879, 471982, 497896, 464405, 81718, 199702, 272724, 59306, 200455, 59985, 483464, 87395, 252037, 224869, 10036, 377691, 143455, 91725, 144091, 496839, 218053, 92663, 220663, 10760, 13311, 157822, 50900, 421828, 302952, 156105, 153321, 65684, 337972, 125038, 478464, 91415, 328278, 172822, 76326, 378891, 240125, 61098, 367359, 387238, 283360, 323065, 419789, 461398, 291991, 462790, 417845, 314380, 171382, 105130, 109214, 147267, 75857, 366690, 490907, 321068, 77067, 474317, 49884, 171339, 22174, 196966, 194851, 244100, 374739, 132936, 55836, 279865, 38484, 425601, 302322, 19598, 143708, 278335, 372016, 186481, 258476, 250267, 289484, 434776, 352074, 414891, 178723, 152075, 121630, 480250, 328163, 361624, 454898, 258698, 18034, 268643, 445295, 321729, 322098, 346889, 184737, 445468, 344393, 407388, 854, 232988, 382050, 417200, 44665, 371542, 108183, 119863, 437059, 373633, 12858, 237318, 325820, 442830, 138219, 82394, 232413, 51329, 82871, 290404, 62397, 62355, 413695, 73910, 437887, 134840, 356167, 59935, 10003, 35471, 266561, 368011, 157956, 257112, 40333, 377742, 434508, 95850, 274165, 218083, 223288, 126235, 260929, 150129, 41188, 158345, 186944, 40486, 22761, 188467, 43695, 155365, 398835, 450753, 457362, 1665, 487900, 127387, 262056, 14155, 88910, 436395, 1647, 440447, 397034, 31456, 229214, 95529, 372473, 308060, 494151, 371954, 210186, 224644, 11854, 145698, 289965, 423500, 143139, 499962, 235948, 188028, 200580, 52965, 359905, 270775, 232687, 5478, 166402, 327371, 154702, 432037, 89219, 144845, 374561, 454601, 431292, 89559, 425140, 227537, 271931, 319983, 162910, 299177, 120787, 437776, 317792, 343995, 126133, 441674, 263250, 403235, 297999, 118451, 194799, 443764, 92068, 338523, 347195, 214064, 218348, 39765, 315818, 355675, 379159, 262359, 190535, 86241, 92818, 1661, 489309, 271019, 202221, 43085, 52419, 13110, 195674, 149934, 331726, 232213, 365600, 355692, 150213, 74341, 485333, 73972, 141629, 325279, 240957, 460299, 85055, 34207, 110876, 194007, 102018, 230372, 20827, 76291, 90007, 465684, 413225, 496747, 296626, 204802, 77169, 193818, 348675, 431754, 303814, 306202, 145188, 87758, 300225, 227423, 481195, 397405, 291631, 9723, 440386, 407497, 150808, 280774, 367003, 262684, 221388, 285031, 17593, 266619, 281788, 192788, 341521, 484925, 178393, 255804, 386657, 86876, 15217, 405503, 242588, 213620, 292459, 313815, 257740, 159095, 211019, 307476, 269488, 490669, 375555, 176860, 205733, 106458, 460381, 181849, 460716, 265130, 21365, 466536, 243678, 446368, 39535, 455825, 198970, 465911, 218730, 458326, 91991, 231912, 55221, 489558, 27228, 56329, 71468, 383957, 432625, 368955, 436961, 260939, 476618, 350735, 263262, 106832, 253473, 241976, 330745, 210556, 408437, 371628, 154246, 238340, 453334, 136385, 475099, 212853, 428051, 9413, 421665, 415787, 337062, 491300, 14874, 494444, 243775, 72818, 310276, 497759, 169213, 492075, 275120, 147730, 24717, 473334, 484997, 89180, 359117, 119143, 114650, 206698, 307060, 118457, 24164, 15250, 163742, 478373, 316376, 80669, 214219, 450037, 207234, 434714, 109972, 126471, 6234, 41413, 91372, 420209, 184107, 153008, 222771, 134313, 131924, 284218, 351627, 318068, 187946, 188606, 457222, 19815, 407775, 319218, 215188, 209264, 102276, 200721, 202397, 376509, 25206, 295872, 315155, 420767, 321284, 269293, 477777, 362077, 186872, 417032, 21180, 103913, 476712, 333720, 294801, 103283, 44449, 41166, 198496, 363460, 334338, 291251, 66644, 311334, 494979, 104913, 475062, 443857, 376629, 212733, 134577, 409383, 496741, 274462, 474420, 44339, 40557, 47833, 9580, 137303, 221069, 163545, 172144, 396482, 15012, 277678, 231106, 234797, 343520, 377072, 478529, 267900, 380549, 356959, 229772, 11991, 365983, 130117, 77645, 171109, 134051, 39301, 128076, 253851, 479936, 242949, 452481, 23751, 450319, 383120, 222196, 108308, 51942, 212825, 356906, 142672, 385242, 315589, 344508, 445169, 487699, 130714, 482136, 431314, 342373, 484090, 261715, 54804, 167063, 353810, 112841, 400323, 332511, 435891, 447579, 451079, 224388, 289197, 382855, 106259, 271755, 355095, 424961, 204995, 346534, 322408, 288739, 479455, 246541, 36663, 303456, 174411, 319940, 240119, 23845, 357263, 370798, 462661, 450852, 145558, 370939, 99534, 358792, 4816, 414912, 458284, 227562, 398136, 140140, 289213, 115101, 130913, 162117, 161486, 286683, 257186, 57937, 169968, 310727, 485483, 125208, 349154, 335156, 189930, 371434, 352328, 389693, 372718, 151849, 352570, 491161, 52835, 446827, 452638, 284104, 425316, 324586, 308661, 340259, 452975, 349285, 141491, 454065, 403270, 359103, 187213, 308354, 488651, 147913, 446688, 416931, 185023, 76146, 219547, 188371, 224502, 264778, 336821, 481108, 200853, 295878, 281823, 385172, 417338, 497166, 242166, 353857, 13582, 178626, 425234, 107614, 332890, 333540, 302199, 373661, 93023, 289472, 63010, 133609, 213458, 254891, 430779, 493720, 255054, 497158, 111342, 299513, 363607, 301984, 164295, 187092, 315182, 13323, 306767, 207046, 389474, 58556, 400551, 399403, 284516, 89445, 109633, 495885, 254724, 187580, 317524, 327118, 28726, 124693, 103257, 353385, 246882, 447343, 21036, 399103, 433670, 456313, 97552, 61914, 159350, 296232, 52645, 117480, 205382, 469225, 473476, 317931, 70383, 154063, 284516, 325471, 464549, 88353, 123529, 134875, 309152, 458175, 232548, 100619, 20802, 98303, 203351, 243173, 44133, 472122, 417783, 344138, 127893, 492931, 279719, 198721, 454460, 310241, 156103, 420140, 334808, 71952, 331712, 44832, 197235, 209604, 422685, 362354, 475919, 405607, 72689, 139539, 74723, 10997, 421778, 231706, 301728, 393810, 57162, 494261, 93473, 55982, 24715, 167236, 328780, 123819, 373757, 357850, 207793, 214225, 135376, 204004, 240911, 410447, 468900, 94314, 292549, 117932, 312509, 441745, 469724, 17793, 260537, 147913, 4791, 487153, 240023, 412419, 383554, 64155, 199801, 138993, 192351, 301407, 386148, 433379, 497713, 367263, 407464, 430396, 449919, 248316, 120944, 220796, 1862, 229331, 207644, 193599, 135479, 248054, 57597, 72687, 137793, 361591, 217042, 370905, 209886, 234948, 263525, 100499, 249516, 430039, 129571, 26256, 297364, 112993, 238160, 26022, 43997, 87986, 151182, 163203, 217946, 461065, 366602, 313494, 394183, 258585, 200156, 495394, 124867, 389696, 361524, 466970, 495976, 226140, 361212, 130165, 61233, 81153, 68354, 455055, 80258, 184046, 405026, 309946, 209719, 268057, 486890, 178052, 98754, 326071, 193242, 350967, 452955, 447036, 157886, 461632, 256303, 134803, 41438, 299378, 363482, 355197, 330906, 112615, 134157, 188686, 192601, 425446, 227779, 331186, 210222, 367288, 235432, 414569, 387196, 206663, 456558, 162453, 15948, 264410, 304349, 143363, 473007, 69750, 107173, 463927, 3013, 292260, 387069, 75001, 490500, 440292, 494601, 482851, 172360, 231910, 461068, 449018, 422714, 35915, 204091, 139157, 83853, 219462, 48917, 61072, 424527, 362991, 42025, 242894, 70972, 360026, 218080, 124193, 316396, 23836, 413444, 410483, 366686, 349195, 273651, 346437, 86885, 399662, 370728, 191574, 136740, 469672, 436224, 92730, 390431, 305217, 469637, 342185, 322784, 393467, 464412, 128095, 2908, 332296, 74676, 97910, 395480, 291935, 200887, 354483, 97368, 155539, 178022, 60654, 17391, 313332, 243304, 50286, 359288, 305399, 192749, 478032, 384473, 79169, 174028, 471960, 27601, 120147, 367770, 460399, 472620, 296050, 401252, 99392, 402052, 9835, 280195, 431892, 390008, 475056, 443353, 157791, 484887, 341210, 109266, 266906, 16946, 474741, 388037, 351305, 285080, 450982, 204, 130746, 493511, 94869, 295857, 487501, 451979, 64042, 177850, 403442, 407009, 198681, 400802, 263870, 221656, 206483, 343117, 94450, 490791, 427741, 110280, 238569, 161980, 396963, 138056, 294248, 352675, 466326, 149028, 397259, 155455, 214444, 78464, 222367, 333652, 56038, 185643, 191297, 280862, 162135, 157750, 156533, 113883, 339174, 240830, 350162, 210324, 200004, 191290, 141569, 121106, 442014, 310064, 249833, 251253, 414784, 389825, 449413, 307988, 472791, 460095, 123988, 292649, 346833, 363264, 204355, 140449, 159858, 459901, 305744, 412094, 386934, 194563, 105074, 335718, 206144, 10058, 464351, 379593, 89680, 82299, 444989, 286568, 315895, 429661, 414401, 471333, 459759, 26015, 112540, 427274, 267736, 60693, 212126, 278167, 132214, 222550, 12976, 145547, 116939, 179738, 65478, 114754, 372889, 341478, 360027, 252984, 270911, 404772, 231572, 435191, 121441, 106332, 43711, 230840, 35825, 103041, 214007, 391829, 95526, 465673, 438946, 453801, 362750, 180269, 148130, 486340, 144345, 430094, 336175, 447475, 358679, 433779, 191371, 365914, 309019, 265683, 237684, 247408, 278675, 342414, 158449, 446418, 401410, 250920, 2963, 135321, 436687, 384369, 235731, 320945, 16100, 333487, 166755, 365502, 213164, 115575, 346344, 335223, 245325, 148206, 166844, 405741, 65968, 384716, 415029, 27592, 54048, 97369, 375497, 172226, 190842, 181295, 54712, 411961, 276494, 81645, 220819, 130951, 230625, 283075, 195330, 395639, 207857, 127759, 62012, 120226, 231717, 352551, 380393, 37557, 315156, 376670, 490753, 462430, 488641, 488303, 365211, 390473, 345826, 305779, 194579, 117449, 311660, 276751, 380050, 304715, 36198, 19118, 250198, 296031, 225600, 176088, 284263, 302167, 482987, 104578, 144287, 366493, 101010, 163480, 49472, 199255, 322618, 423639, 183226, 104337, 327104, 357418, 417299, 245122, 480999, 460566, 137239, 417345, 499133, 249355, 124102, 348595, 29255, 214393, 275637, 432318, 314270, 212613, 352462, 294289, 162700, 197727, 165120, 263416, 166444, 190899, 345678, 181909, 283427, 456102, 382202, 298604, 325693, 121254, 231326, 268693, 111211, 227283, 248725, 281209, 120820, 289213, 474248, 210922, 407106, 185499, 224694, 342674, 401840, 443613, 220207, 446316, 304290, 201821, 413885, 110421, 46264, 465187, 141445, 305999, 498019, 323682, 14532, 63081, 3331, 48744, 459420, 354243, 433211, 360599, 567, 354866, 122970, 452489, 84313, 29772, 268247, 295333, 115960, 179752, 106181, 470943, 81549, 33228, 185734, 314739, 24611, 414777, 423143, 232361, 145276, 392762, 198875, 155278, 210467, 200836, 79818, 35296, 350366, 376718, 65424, 423414, 138535, 419748, 420858, 312893, 175858, 15817, 195746, 64396, 51576, 204474, 434821, 171322, 19951, 360594, 126473, 416123, 379956, 466965, 283889, 294296, 407672, 275677, 92700, 396238, 275002, 323444, 179837, 69279, 193595, 82775, 312298, 438063, 273837, 2249, 384091, 471847, 479582, 212038, 111969, 247147, 331182, 457492, 280658, 283013, 439429, 21638, 255840, 294917, 480379, 49359, 365271, 149694, 212765, 468692, 299204, 167373, 4308, 494298, 318780, 394655, 446543, 114249, 89134, 315383, 118275, 40434, 322927, 163, 52863, 85817, 275659, 371185, 332411, 213365, 382605, 315248, 394765, 428834, 62499, 133934, 66331, 310327, 68163, 352004, 75397, 235665, 399877, 153740, 323163, 231864, 216876, 348414, 41414, 298483, 281376, 226641, 426814, 409075, 268040, 42328, 407494, 123398, 100717, 306698, 37174, 24720, 432779, 247267, 200855, 482919, 361189, 332124, 256421, 30382, 319117, 125561, 319185, 206709, 177972, 70317, 202729, 72220, 29978, 493537, 346081, 255453, 286794, 324797, 3085, 238826, 113261, 204038, 229569, 175124, 90185, 277644, 223376, 28964, 432264, 333304, 458546, 204768, 33608, 209443, 137447, 321428, 807, 358060, 55636, 148383, 106194, 274877, 143160, 175929, 467379, 474576, 386757, 312534, 293860, 372244, 260876, 15203, 325963, 357671, 105675, 104640, 160210, 219490, 432845, 261319, 282511, 468676, 456518, 270908, 9476, 209710, 303904, 320978, 324399, 187214, 110645, 466800, 152179, 200930, 465979, 160484, 267387, 67374, 240893, 426396, 149861, 167072, 33434, 157047, 360623, 152333, 92169, 162477, 160747, 207540, 34398, 31811, 298640, 157090, 159239, 173059, 286297, 477486, 309222, 187613, 374298, 355150, 328424, 267227, 31404, 342523, 304672, 279450, 396395, 405544, 449830, 418591, 265818, 24695, 109846, 174122, 491060, 63133, 59423, 147026, 282814, 219410, 420795, 345805, 221177, 201457, 288595, 306353, 265520, 26077, 193149, 120593, 384194, 200392, 421278, 211582, 469595, 218093, 25859, 149801, 82391, 287915, 80732, 305772, 121105, 362222, 424202, 185407, 307777, 435757, 473067, 404266, 12932, 409519, 335261, 294596, 92522, 354816, 159476, 454014, 325103, 393092, 268790, 156106, 181645, 233853, 449917, 300615, 316251, 376831, 445010, 118661, 69469, 15132, 317688, 107241, 437167, 68101, 315603, 59730, 131858, 290722, 339754, 251207, 384323, 339471, 157548, 44602, 356122, 218224, 104621, 472572, 428656, 78989, 499688, 150414, 170499, 425140, 305206, 95371, 113021, 60221, 336169, 52199, 285357, 447674, 385073, 170379, 364602, 223616, 329646, 40648, 146264, 118539, 427897, 248686, 398325, 101083, 240896, 23459, 350732, 85105, 80384, 60504, 270004, 139133, 358131, 264659, 223822, 432563, 206032, 231872, 116169, 209746, 485128, 203855, 328882, 24500, 1866, 301803, 272391, 439607, 278482, 106200, 20811, 260799, 405987, 252327, 303560, 437535, 186970, 275738, 345467, 21694, 382752, 192869, 326986, 335833, 73127, 24502, 347532, 237832, 303833, 138552, 157549, 195304, 435247, 360514, 468950, 476631, 437606, 202657, 368506, 256797, 232471, 461154, 29515, 324156, 4802, 173578, 490214, 48840, 363477, 159579, 130452, 351748, 399212, 92951, 96245, 298405, 109929, 92689, 485662, 32148, 455227, 161876, 155991, 190459, 12453, 254143, 290635, 185740, 384522, 100959, 336961, 126975, 497198, 265714, 400599, 82042, 352877, 114265, 333953, 407529, 471381, 372094, 142150, 145604, 442215, 298846, 493650, 27665, 481266, 142303, 434193, 466966, 457498, 142739, 360702, 271582, 294486, 350970, 380923, 463380, 104718, 53592, 126908, 283988, 203698, 134253, 363844, 111669, 213998, 135334, 342080, 281516, 90641, 198085, 167872, 387964, 109388, 421883, 224052, 174499, 323987, 385595, 339386, 410177, 67327, 394030, 98776, 331552, 248283, 260178, 12763, 155165, 453273, 201101, 227119, 156230, 376425, 295860, 309898, 247360, 130531, 296400, 242052, 78981, 128033, 85198, 463447, 347265, 203682, 30879, 317343, 457947, 317273, 81867, 314253, 491637, 14977, 159453, 188593, 450222, 361202, 193385, 141471, 198553, 36636, 278707, 241950, 314892, 68180, 369011, 109072, 352145, 275625, 366226, 257529, 393168, 71764, 56163, 230080, 438378, 252833, 307218, 258618, 422728, 421840, 377217, 262844, 484833, 155949, 399788, 26692, 304913, 202222, 96260, 400154, 29373, 248952, 382226, 425973, 442682, 298810, 167521, 454773, 323100, 87880, 44015, 79893, 220652, 315744, 299215, 14609, 449812, 251895, 102491, 279200, 318522, 481168, 74026, 224654, 460544, 276981, 245482, 473291, 348298, 98968, 36509, 177035, 435246, 431473, 393973, 443901, 267370, 58613, 443396, 191473, 346562, 266488, 12467, 314318, 448298, 405492, 1110, 59001, 411176, 450256, 243961, 397470, 422098, 67404, 137684, 277833, 98452, 163407, 480369, 220409, 244176, 279349, 277261, 422809, 436713, 379275, 217047, 259835, 134141, 92399, 233696, 253381, 356579, 183445, 242532, 242287, 169544, 386815, 124326, 42261, 218642, 245532, 397911, 290104, 420883, 222017, 445792, 168660, 250881, 461510, 7359, 494014, 121958, 75716, 377590, 221274, 51119, 213219, 278648, 90276, 343839, 179383, 152863, 361865, 189403, 17920, 56656, 15295, 238565, 395381, 494043, 178735, 271935, 128585, 17254, 262927, 274266, 109504, 81618, 324969, 428440, 97197, 307748, 225574, 293221, 360231, 498731, 382256, 237936, 348473, 405281, 161209, 148587, 322791, 350963, 410764, 325564, 299184, 401045, 17947, 173185, 176882, 80920, 237464, 62857, 63658, 221639, 292667, 179862, 17357, 131979, 162288, 197915, 430932, 270071, 52536, 471164, 327911, 317403, 115923, 97329, 416271, 263517, 95229, 476943, 465085, 91472, 325230, 112684, 32487, 108510, 336959, 479619, 70362, 332960, 398784, 180864, 200340, 317910, 156924, 17950, 73298, 426450, 414171, 404148, 426299, 453912, 53364, 447598, 210585, 406882, 467024, 98745, 448919, 468758, 231676, 153527, 212970, 400079, 472465, 324849, 450389, 474218, 274540, 130771, 459264, 319382, 89756, 255050, 216669, 206726, 484608, 348356, 254263, 183129, 449163, 485876, 494705, 180114, 262112, 400882, 424909, 191582, 23481, 431508, 24201, 151393, 113846, 320230, 428232, 39537, 125853, 339642, 201824, 105459, 129747, 106128, 381910, 178615, 469689, 391637, 413784, 317666, 67832, 448729, 356963, 492510, 97861, 358709, 162019, 108619, 12721, 4772, 97669, 210452, 276668, 179325, 108633, 391107, 184174, 26684, 131723, 313793, 297561, 121345, 29680, 151724, 326322, 30056, 269664, 245169, 103218, 349927, 4544, 81978, 188403, 306045, 390406, 130666, 408721, 151998, 419599, 376556, 7067, 14475, 400183, 124581, 115584, 37370, 91889, 294447, 393241, 83445, 412214, 293744, 283441, 217201, 184532, 161601, 317627, 357356, 168535, 245648, 287956, 451366, 129137, 441259, 176924, 19684, 175778, 144782, 439093, 120998, 159892, 188623, 258297, 155135, 368781, 346695, 492877, 358352, 177924, 389083, 103020, 450223, 10135, 401846, 136708, 210349, 328753, 400696, 375526, 453576, 93214, 335566, 175267, 224615, 333730, 121445, 372557, 375111, 396242, 139713, 428616, 165121, 36054, 485627, 30083, 376151, 10481, 476573, 144452, 117540, 260505, 358398, 133514, 383045, 186326, 141882, 133340, 465730, 378332, 345639, 374308, 3435, 115837, 363494, 161889, 368399, 394405, 153012, 71752, 438331, 339860, 489052, 464632, 415418, 480425, 115690, 87613, 170824, 456265, 175337, 116094, 329012, 38023, 260803, 152083, 365729, 397125, 120790, 344609, 315969, 420689, 437303, 298209, 5921, 353990, 209715, 17699, 442107, 170026, 443039, 446580, 231859, 8404, 272003, 87585, 493896, 317273, 202129, 134651, 67616, 317323, 34050, 31035, 49326, 31859, 166022, 71515, 338620, 196542, 51753, 401925, 260590, 94590, 463995, 406712, 37714, 383484, 304677, 401940, 355084, 393835, 208570, 174159, 110800, 142051, 472554, 106371, 185141, 13330, 473259, 365497, 444905, 469633, 246141, 182355, 316284, 434982, 310176, 481069, 344546, 397158, 130057, 281434, 220388, 118724, 374631, 376093, 464747, 481297, 428095, 124347, 114757, 129154, 299193, 117559, 413353, 86351, 60932, 398043, 386421, 10524, 414188, 48159, 260472, 219908, 433084, 249505, 210177, 382974, 452726, 194324, 42663, 405631, 42182, 78323, 475236, 388802, 293866, 362436, 266435, 277778, 216658, 283351, 377276, 268123, 14585, 129884, 8325, 262317, 417765, 142347, 341978, 126728, 313983, 106916, 5800, 396471, 24638, 416597, 258656, 95782, 91834, 67206, 444773, 10471, 58311, 79515, 168406, 346942, 101674, 165008, 6185, 94331, 146681, 433804, 330998, 275217, 137022, 405923, 221339, 247748, 29180, 327797, 172273, 387272, 293255, 477555, 478360, 277234, 481635, 390350, 21866, 362788, 433644, 135245, 273063, 85576, 298353, 186306, 170974, 349978, 19922, 346732, 356926, 206935, 175839, 368453, 41004, 20237, 129599, 75117, 82263, 300824, 217072, 115090, 223952, 74365, 219772, 298095, 38142, 220696, 132663, 433788, 421108, 363899, 417396, 28197, 447732, 237745, 120617, 423086, 440093, 491528, 303537, 342051, 286517, 185558, 376914, 418717, 273810, 4983, 478200, 339417, 166310, 342813, 368832, 493533, 21342, 342842, 150857, 495949, 371985, 391513, 426107, 215798, 449018, 224918, 121194, 333172, 360621, 398994, 227916, 25708, 344603, 342373, 286764, 118515, 139624, 241866, 346065, 336371, 115334, 112469, 439193, 423107, 101712, 145659, 330611, 173536, 167434, 387660, 35006, 10223, 412806, 161337, 392372, 21761, 428022, 492163, 462019, 382432, 304315, 429034, 254168, 126877, 26797, 92210, 472469, 450153, 1646, 461476, 252011, 249110, 73133, 183836, 363861, 103154, 264454, 2715, 16444, 312815, 214830, 132430, 479135, 200952, 17527, 266564, 343063, 125124, 112338, 250234, 266598, 154058, 127484, 417665, 414278, 410652, 375131, 488124, 467434, 262710, 387236, 9968, 309059, 335242, 274454, 395065, 87815, 472857, 193479, 272552, 272155, 250621, 489726, 188588, 374575, 228653, 488139, 362832, 69415, 485214, 105030, 186971, 78348, 381483, 465046, 221553, 20278, 417472, 251084, 133053, 262916, 117433, 30983, 202220, 66836, 464596, 455386, 216948, 283778, 87815, 398237, 215697, 382690, 102756, 245212, 217644, 196977, 471130, 429032, 347546, 460763, 375703, 402378, 178906, 397311, 361782, 321049, 285545, 79638, 269140, 267262, 84556, 255901, 269381, 461301, 399359, 352733, 10041, 207343, 50210, 227125, 301462, 296270, 45996, 459036, 197406, 337243, 348038, 328939, 40531, 327187, 344679, 278924, 202091, 397130, 91328, 227359, 451500, 417240, 11539, 163846, 163616, 111843, 339686, 375939, 163774, 399023, 421705, 48996, 39900, 419177, 183591, 36457, 25238, 287318, 14967, 335233, 139263, 194085, 15364, 129653, 45824, 359099, 489380, 108769, 350110, 361486, 378918, 470746, 8471, 42459, 347206, 159833, 183567, 102309, 277747, 152818, 135019, 104815, 390870, 145017, 415467, 366537, 418807, 278676, 237663, 162188, 309353, 402824, 268976, 12297, 120076, 420355, 103397, 276658, 405373, 87421, 183459, 492380, 400606, 285034, 368028, 414868, 306147, 43137, 426032, 133544, 288286, 392540, 12803, 443013, 465558, 495457, 215398, 43492, 132967, 105136, 206564, 470681, 369093, 213454, 373759, 52452, 93454, 229661, 78439, 102750, 409118, 449161, 168846, 79759, 205534, 455345, 491208, 133942, 221090, 192441, 288596, 210597, 208109, 483138, 197202, 496590, 427866, 16263, 328832, 18341, 28417, 391708, 315238, 233414, 432143, 376365, 178715, 137737, 422223, 138513, 135597, 328855, 268258, 210364, 476671, 256314, 333226, 445054, 20047, 339854, 123445, 292622, 497085, 68813, 26914, 346243, 415161, 288725, 422876, 33203, 221859, 439091, 58870, 472083, 419461, 258653, 313394, 461588, 327162, 360895, 426088, 291189, 192205, 253660, 220129, 386951, 25897, 357267, 174891, 3298, 399107, 378626, 395185, 381754, 296, 100531, 28269, 405265, 102837, 14722, 171328, 228318, 294061, 44641, 251222, 328660, 381036, 183000, 319869, 474455, 358119, 171391, 134488, 411795, 471245, 279918, 300824, 106629, 30226, 59464, 281540, 354198, 272487, 481057, 405027, 460383, 58208, 16729, 283517, 298945, 256628, 314864, 21990, 489456, 207301, 280995, 109897, 89597, 362036, 202226, 465110, 388619, 376745, 393183, 101135, 74220, 33296, 216465, 442619, 403390, 47154, 436933, 354145, 342403, 486072, 280052, 436332, 394714, 392845, 79375, 207041, 116172, 328629, 161002, 292795, 311608, 384253, 29932, 37703, 356293, 454105, 26377, 101750, 43797, 22805, 138816, 200539, 204789, 141828, 386880, 328325, 471707, 132142, 196153, 330919, 115033, 302997, 462675, 128941, 398556, 371836, 353397, 182633, 18647, 298424, 320526, 138726, 448529, 400606, 256723, 117847, 127805, 235701, 181303, 83296, 248205, 268501, 426759, 205664, 13778, 289332, 255158, 359181, 270933, 403483, 42393, 456261, 213395, 384633, 396406, 96041, 414827, 342250, 340288, 125228, 275544, 431076, 35364, 244712, 117242, 107312, 179613, 482962, 277546, 56522, 493615, 369808, 155457, 6486, 232099, 332511, 438340, 452924, 12453, 258682, 217533, 137010, 206211, 383675, 437458, 120126, 112468, 165830, 320428, 268476, 304256, 346452, 110898, 99627, 75053, 465314, 488518, 364636, 46652, 373671, 375374, 421787, 328265, 316803, 21360, 134706, 137359, 18203, 201469, 224043, 115807, 164514, 343933, 273417, 303795, 43091, 416852, 176704, 494029, 416177, 360835, 84166, 132241, 219032, 325174, 360530, 189360, 451312, 74442, 193763, 12162, 275975, 290933, 284623, 298140, 316859, 232154, 60277, 20643, 122032, 413430, 73425, 166920, 355221, 308407, 115139, 403932, 316555, 90791, 419641, 459025, 43644, 181393, 204285, 499190, 210521, 264418, 32947, 152237, 306013, 456385, 31713, 188349, 402349, 220541, 282683, 43522, 65206, 25181, 129875, 335541, 364024, 327828, 411589, 228883, 421409, 303187, 431773, 106947, 357791, 493833, 184055, 312130, 448856, 329879, 288410, 277818, 181260, 153311, 358714, 114329, 160037, 348611, 278435, 124427, 222591, 19678, 490999, 96619, 156620, 87387, 33754, 455576, 288497, 332556, 277545, 334355, 117191, 483120, 254959, 153157, 262237, 280385, 298193, 237780, 398851, 251436, 243785, 392443, 333792, 256381, 392136, 265031, 122223, 343529, 3674, 298712, 224013, 80125, 461402, 311950, 56333, 174689, 348188, 215548, 19145, 411993, 313920, 60517, 425075, 273419, 492010, 193956, 196568, 268441, 73590, 434154, 21143, 342189, 401435, 309648, 317081, 463730, 165827, 84105, 192666, 62254, 270729, 449780, 438341, 57580, 104692, 279066, 119021, 64596, 172559, 124700, 361984, 308962, 327535, 373040, 204657, 419846, 157457, 222439, 490855, 449928, 232483, 410777, 31075, 218710, 305299, 151129, 212744, 215758, 193083, 340811, 393336, 146024, 437330, 374626, 43234, 17100, 161754, 19967, 490383, 378900, 125327, 364152, 203945, 466529, 249552, 467321, 138700, 354151, 209175, 199437, 204833, 282053, 265535, 137288, 206959, 284905, 253104, 242347, 370389, 261219, 195397, 252941, 416441, 183824, 307244, 212695, 180985, 207257, 422150, 215843, 279171, 179450, 302236, 139792, 488863, 432367, 487385, 295474, 347346, 289084, 160946, 243848, 423785, 421891, 273343, 366569, 382745, 293598, 38006, 35602, 354524, 178020, 445506, 153202, 79760, 270198, 217210, 27631, 342205, 198841, 163131, 167046, 151097, 293440, 3915, 321808, 358191, 179253, 411327, 289830, 231090, 351674, 352308, 102202, 348003, 312084, 284157, 272577, 215366, 221477, 241856, 305277, 58522, 363409, 473412, 14448, 436802, 78340, 461655, 132380, 177667, 146166, 437199, 461535, 98821, 445802, 274765, 306079, 191630, 52940, 82321, 425686, 378589, 467424, 18950, 135538, 273176, 165195, 167175, 70594, 232620, 284503, 77297, 67247, 136290, 68030, 317778, 180298, 443561, 473402, 485761, 272982, 179332, 375368, 233673, 59309, 146221, 420178, 143708, 223493, 17276, 458097, 34049, 300524, 285155, 454956, 241429, 273277, 378393, 416853, 230290, 229261, 394366, 53505, 135940, 350788, 177387, 333314, 143311, 293139, 235236, 339796, 53705, 173189, 409403, 307354, 301880, 124014, 493837, 126807, 346247, 275359, 307743, 234644, 57604, 334219, 31034, 205625, 229627, 279682, 367019, 169658, 93015, 466697, 74064, 372503, 115244, 20398, 22580, 28735, 214743, 172655, 78727, 50098, 357057, 82579, 117510, 292656, 110795, 296551, 169653, 354665, 164504, 359574, 353673, 174133, 24913, 456919, 265971, 251670, 35721, 232096, 374483, 385986, 43145, 391779, 68133, 439492, 180980, 96428, 57041, 314177, 111234, 322039, 362253, 322608, 409720, 389816, 330639, 2839, 450861, 80397, 109551, 50437, 465038, 376163, 415481, 446044, 264654, 493153, 410738, 443207, 256223, 135701, 85541, 408802, 191620, 175543, 38109, 85457, 186604, 414950, 278308, 463153, 220673, 32865, 473030, 385459, 163013, 261852, 12162, 22592, 444694, 195517, 156206, 307906, 6550, 408557, 295226, 156494, 164213, 366886, 247760, 85695, 59696, 401785, 183559, 87695, 265218, 82411, 12945, 299707, 438505, 36909, 242755, 414673, 238393, 281765, 154556, 247754, 36247, 449430, 478784, 77811, 81953, 212253, 348614, 63187, 134776, 98624, 24041, 178269, 43649, 208927, 282436, 338847, 101221, 174086, 145441, 480701, 16748, 165873, 319844, 291617, 375895, 158436, 154144, 310651, 419218, 351070, 185742, 428540, 129422, 34736, 57117, 140321, 158845, 304130, 300502, 356445, 432960, 211350, 230153, 15868, 159382, 344065, 381029, 185041, 419245, 375656, 212612, 187755, 364271, 499113, 113536, 188874, 276705, 466984, 126386, 289440, 304287, 318336, 406878, 257384, 485221, 448224, 199983, 276883, 301853, 227096, 377741, 431758, 43001, 121245, 466688, 383727, 470063, 295333, 184768, 134812, 81602, 396865, 57061, 321640, 405574, 347025, 288006, 244129, 83200, 348178, 298986, 59909, 390344, 168231, 293354, 169388, 311732, 1095, 164899, 236203, 260225, 168205, 13448, 394837, 410266, 239735, 46368, 130510, 345128, 52921, 100148, 336532, 458735, 139827, 298908, 491093, 467404, 403134, 3725, 168447, 498593, 151200, 190076, 98916, 220280, 15016, 176172, 457415, 323798, 51382, 382986, 147199, 74150, 33054, 279907, 260449, 340808, 51384, 63829, 304742, 391964, 400794, 149662, 137021, 217241, 275542, 445394, 232506, 146223, 285493, 172636, 399314, 430926, 479186, 43296, 88170, 284363, 449500, 343250, 257399, 376303, 135755, 234570, 239724, 423487, 66425, 443639, 324337, 426975, 253906, 360550, 43726, 362645, 143845, 290906, 376686, 399172, 422800, 490403, 108318, 474475, 99596, 343317, 286430, 499859, 241037, 465373, 111001, 470301, 161934, 318032, 47286, 274353, 146919, 68356, 400805, 295836, 132153, 383435, 63611, 78790, 412678, 48933, 308166, 458708, 183275, 43865, 219867, 917, 429355, 423579, 347791, 468265, 235936, 148655, 324546, 333225, 118623, 226237, 418663, 204365, 141100, 57478, 434919, 321977, 280956, 405109, 333103, 371831, 12153, 120682, 315104, 325627, 199533, 277867, 67761, 12917, 170175, 434501, 485101, 81109, 262350, 208160, 185453, 45089, 128990, 251237, 441614, 126086, 494794, 59827, 261875, 475468, 222398, 410999, 230335, 107007, 37604, 366945, 262130, 7854, 52373, 237665, 220724, 251599, 172728, 5704, 398340, 12698, 88775, 7392, 54493, 410660, 296197, 2011, 140167, 262609, 70560, 262366, 211014, 20060, 244311, 182702, 164159, 250108, 234768, 362986, 192880, 370333, 88909, 496623, 156094, 68579, 483477, 40902, 267429, 445354, 53919, 412595, 425796, 155224, 32150, 399238, 227952, 234330, 471848, 42652, 471015, 127712, 492612, 407114, 136099, 258286, 356926, 263726, 404179, 471131, 420082, 46425, 256596, 319368, 212144, 32940, 171204, 267168, 272674, 465032, 409451, 254097, 300824, 228111, 25293, 415008, 230700, 324026, 334030, 350629, 235147, 254362, 413595, 36753, 491984, 169898, 458498, 151034, 417531, 297086, 254665, 438171, 295753, 394395, 315536, 79084, 442989, 455692, 424939, 140515, 245832, 58718, 361999, 436203, 388335, 288806, 81912, 330058, 360118, 109888, 484975, 358172, 324250, 391233, 487532, 217164, 213767, 330832, 425761, 42599, 126471, 86027, 126882, 50683, 92788, 26667, 137005, 92176, 182080, 265924, 58787, 72851, 14862, 458884, 227253, 169874, 309607, 299976, 405223, 386359, 236211, 465569, 338810, 343706, 447463, 411572, 376143, 451455, 374026, 460225, 55625, 45962, 80138, 76069, 78993, 361758, 439128, 230536, 202518, 240632, 78970, 404466, 179201, 260958, 325549, 337812, 493450, 173933, 55386, 344875, 222034, 296254, 186054, 468381, 280456, 307112, 23287, 289322, 299774, 13488, 439451, 493912, 476827, 325458, 226353, 379286, 318368, 47751, 443961, 380562, 172690, 77860, 69417, 20362, 445759, 414075, 352094, 166845, 63995, 44790, 227803, 262383, 294548, 326500, 407552, 223468, 66749, 494333, 114700, 274430, 468028, 202353, 384903, 465640, 81455, 194372, 404626, 451404, 67225, 120681, 345590, 105114, 313698, 76243, 315786, 133383, 305789, 450205, 182578, 92700, 161086, 414676, 278626, 315660, 403327, 231537, 338160, 105295, 430297, 74084, 252313, 101133, 30901, 443188, 253202, 146997, 164527, 173898, 74055, 41547, 343414, 62716, 437223, 287956, 376840, 229163, 307157, 297529, 98867, 303889, 134178, 383353, 19774, 132224, 400550, 330081, 452172, 366018, 404954, 227177, 368932, 227947, 298631, 53097, 237326, 258507, 141348, 218593, 320932, 406317, 449856, 492811, 61001, 388063, 257117, 74756, 153951, 414976, 450981, 104002, 326275, 221374, 164943, 472059, 365048, 53617, 490453, 427156, 157830, 306470, 117688, 337405, 123713, 497868, 450178, 3067, 154860, 245090, 327202, 72940, 452066, 44796, 109080, 499056, 400178, 142361, 222210, 14847, 18561, 212883, 414247, 259931, 33740, 51551, 182362, 481615, 186307, 436100, 396164, 425628, 321063, 273488, 182211, 162021, 440806, 200965, 362441, 63084, 487425, 294484, 460715, 437588, 410739, 7694, 392857, 294735, 392782, 253868, 10911, 427992, 111545, 475648, 5952, 269619, 151433, 387167, 45731, 352130, 105942, 319518, 336008, 204713, 164247, 467000, 451278, 416734, 285495, 8202, 197561, 409826, 30366, 489871, 96547, 391992, 275523, 176925, 268932, 267426, 44887, 396509, 148190, 38370, 446119, 373410, 260948, 391747, 426758, 276717, 110600, 428614, 298028, 185166, 13890, 46334, 336278, 110156, 146724, 220759, 179767, 329883, 43412, 286739, 172801, 81206, 300904, 206106, 443889, 467646, 453429, 248290, 81324, 161859, 43629, 480761, 414219, 464151, 19742, 276490, 180597, 390439, 15124, 111951, 110451, 77248, 51098, 343588, 96515, 406564, 5484, 467450, 27422, 249533, 257635, 454863, 46231, 5402, 404662, 211866, 101428, 78093, 383584, 158144, 446182, 97080, 45518, 447056, 49207, 45576, 427345, 451862, 455012, 219750, 352155, 62226, 105306, 143300, 128963, 264666, 24013, 180866, 453761, 380241, 128649, 291402, 225174, 330462, 360944, 199586, 400774, 455919, 569, 377576, 110220, 48337, 484175, 208757, 286787, 27509, 11618, 140253, 127976, 107479, 248202, 437222, 296481, 322196, 42594, 381883, 107534, 386034, 59801, 193793, 45641, 473684, 333875, 243925, 248232, 408799, 284912, 328319, 320490, 284418, 450877, 74602, 102611, 182658, 405599, 348499, 425262, 230323, 396049, 309074, 119908, 145485, 369246, 360662, 349614, 240007, 381314, 263282, 126620, 345192, 397694, 64254, 223058, 495181, 8990, 263749, 257354, 471715, 192897, 363006, 198900, 237639, 367590, 167837, 160661, 492013, 205885, 358687, 145628, 215520, 82858, 191818, 366857, 69723, 135662, 244178, 392154, 21783, 388253, 233788, 292970, 1659, 80917, 95806, 446988, 272304, 265976, 461160, 86664, 87250, 59380, 16281, 214658, 425003, 498291, 122728, 107464, 421080, 300091, 499090, 291863, 72848, 426525, 470195, 93166, 53749, 242090, 63024, 261545, 303766, 459939, 449199, 425120, 427964, 152139, 400955, 53852, 284615, 124573, 483479, 439507, 75958, 143002, 170611, 20160, 474994, 174273, 399784, 456842, 239253, 272587, 112563, 465169, 345058, 196081, 360378, 49630, 11356, 324205, 161222, 171368, 168840, 62308, 407890, 16022, 159760, 203920, 355903, 346710, 490129, 90319, 51762, 444534, 135491, 477597, 422089, 156122, 351282, 84793, 299913, 475586, 286267, 99567, 84333, 267331, 225143, 368058, 251298, 347402, 208690, 271559, 26924, 207234, 380336, 437995, 329059, 356088, 181459, 380215, 199694, 488303, 462866, 454372, 257036, 181288, 443600, 172932, 336199, 304895, 40982, 90303, 59915, 359486, 96338, 203907, 115819, 27351, 21097, 306216, 270352, 19690, 454275, 213156, 438661, 374627, 252481, 445836, 291225, 124343, 131828, 403026, 307102, 219348, 327167, 122864, 115631, 243187, 328030, 160478, 212857, 34924, 323477, 225025, 353636, 241314, 404139, 380941, 275673, 243896, 314163, 106294, 361504, 42107, 477582, 179184, 450997, 177109, 353187, 298080, 236600, 463103, 320415, 146951, 438003, 395907, 291744, 413808, 463714, 361973, 419649, 115618, 499914, 259927, 489403, 194836, 498235, 389944, 391030, 221034, 471876, 183590, 149604, 100054, 302049, 468515, 30360, 497532, 262603, 33245, 293599, 82403, 262587, 452692, 215338, 281235, 452683, 77373, 49955, 215608, 384339, 497969, 445387, 434874, 497925, 432595, 459924, 145732, 478482, 364652, 35196, 34005, 390887, 320798, 351696, 467837, 298748, 362677, 140717, 257015, 441722, 469345, 389381, 488341, 49573, 469735, 498593, 455224, 77960, 56377, 82706, 314096, 372351, 494174, 314861, 214183, 311020, 300228, 427978, 299778, 90244, 165122, 277288, 221866, 60553, 107730, 478905, 25074, 139655, 398290, 105163, 261564, 185924, 499278, 208066, 22892, 109847, 89817, 181994, 424235, 189184, 404657, 420728, 146470, 263202, 455278, 160386, 286554, 382517, 475609, 116339, 133447, 85171, 405385, 442460, 355577, 258417, 136705, 262561, 344731, 363565, 170448, 476965, 98317, 250725, 284515, 194898, 492217, 208747, 424005, 94396, 236893, 44492, 24508, 44520, 72622, 128187, 287043, 253961, 231817, 293860, 298334, 276253, 187591, 292155, 489810, 28157, 347195, 410363, 401663, 126277, 329159, 479155, 296030, 317123, 248646, 237239, 222513, 110113, 211969, 112590, 437234, 479463, 131647, 378701, 54586, 147086, 80503, 289079, 4556, 494054, 252946, 452940, 153620, 148914, 295018, 145948, 250239, 472390, 297984, 85252, 11416, 41593, 102040, 163099, 50697, 361044, 161043, 302916, 262720, 19308, 474858, 317451, 127418, 370449, 117557, 248169, 428837, 8394, 426748, 269212, 325056, 124430, 115142, 232458, 170041, 281860, 187855, 84167, 496665, 36990, 421654, 19143, 315718, 304898, 176510, 140479, 52334, 452660, 428141, 399794, 380579, 392325, 182772, 72574, 419142, 227842, 464145, 234998, 18793, 211962, 474339, 479911, 381262, 122699, 113214, 316863, 374449, 331795, 8968, 242704, 18614, 449019, 135644, 187788, 462726, 83427, 473744, 391330, 352640, 275939, 129596, 178210, 162621, 342671, 20078, 384367, 115304, 393563, 40511, 65643, 477830, 122272, 435846, 124643, 439266, 145178, 397765, 488290, 262866, 153694, 271486, 268568, 478017, 94298, 466256, 357312, 393346, 33148, 142668, 213157, 239794, 338529, 467053, 275970, 28098, 178085, 39882, 301180, 440266, 309062, 231012, 490617, 67607, 174833, 274539, 44494, 262914, 163798, 169287, 136902, 238399, 93701, 186546, 467498, 464273, 24616, 415949, 22900, 400390, 47131, 131022, 348740, 370833, 9276, 29091, 163212, 357160, 131843, 64823, 452445, 495069, 50464, 353265, 497561, 496946, 301299, 329727, 116890, 420754, 52065, 33567, 30980, 175219, 396292, 494979, 132537, 327230, 274908, 244742, 81991, 25545, 212192, 21690, 293438, 118238, 163569, 463650, 443046, 337297, 480015, 461091, 166877, 292040, 189850, 29179, 107461, 281093, 325057, 181662, 294163, 264318, 247490, 333264, 76004, 253973, 339432, 180697, 322965, 339578, 38323, 497151, 55824, 342710, 168317, 460984, 2830, 112592, 195225, 369123, 316319, 424083, 229560, 351230, 442839, 382810, 359380, 285561, 224909, 433839, 454448, 454413, 60077, 89655, 346586, 198038, 88677, 333798, 421735, 457866, 435353, 247632, 456589, 25456, 411069, 247005, 376525, 399306, 211108, 359114, 288251, 315365, 354241, 448911, 259806, 418272, 168794, 175324, 292399, 484757, 480093, 326272, 394412, 346250, 41794, 495435, 388740, 181040, 15282, 313657, 236328, 217031, 271036, 318139, 260126, 69658, 491725, 169850, 309679, 347551, 354254, 205467, 6297, 31657, 450404, 257912, 240773, 457296, 121219, 87485, 39844, 274801, 288080, 412671, 315241, 266926, 155199, 431084, 1265, 187441, 373776, 110009, 71910, 499743, 351769, 43849, 156204, 87093, 54446, 143446, 32016, 213406, 5605, 274028, 338056, 471666, 207389, 337311, 452918, 454783, 281835, 371455, 66641, 45924, 21350, 320029, 405932, 420950, 244752, 418268, 246630, 491337, 380701, 356760, 96843, 426276, 473354, 261593, 116268, 176129, 468396, 74906, 357342, 36433, 251894, 2097, 488966, 452697, 135673, 75387, 222763, 27312, 364701, 454657, 217423, 136508, 63130, 58529, 468502, 379312, 318551, 270992, 397753, 457767, 23108, 342553, 103088, 78391, 351894, 407247, 448916, 269709, 237842, 161444, 16558, 14750, 213788, 467537, 51152, 432518, 203400, 396554, 347518, 83790, 286251, 463808, 255753, 390306, 277173, 365611, 346915, 16687, 281969, 224955, 468909, 219248, 333999, 207852, 405692, 484116, 204520, 345895, 387839, 2370, 491257, 55495, 179160, 173568, 187531, 360656, 337059, 57209, 176618, 251947, 287448, 158686, 301023, 435981, 486147, 419656, 145271, 274870, 119068, 118935, 23732, 494291, 359458, 193881, 2485, 129727, 304249, 180905, 215503, 220849, 171192, 254894, 267082, 485271, 36566, 44160, 119301, 235278, 172647, 449826, 28196, 447841, 152201, 52114, 321145, 368486, 34925, 223308, 195510, 481477, 318137, 432542, 140056, 205721, 407107, 268498, 120284, 164507, 296664, 70349, 327370, 434384, 65836, 300813, 395635, 78563, 451465, 24226, 495990, 308099, 202918, 24111, 216196, 343679, 371806, 39350, 280542, 164076, 450628, 308616, 153379, 139857, 471634, 270343, 228591, 147379, 190960, 383391, 213566, 78730, 399782, 276371, 32046, 262908, 351557, 156735, 289348, 295267, 149844, 310167, 113386, 93010, 264531, 358649, 231866, 372306, 377916, 72317, 378529, 72957, 417323, 176189, 168729, 192465, 130540, 179211, 411248, 195982, 245836, 70320, 276477, 381014, 470846, 177184, 340682, 109476, 499431, 361192, 199732, 478441, 46833, 200857, 312020, 378970, 310240, 458290, 362803, 182564, 33601, 116316, 247686, 287951, 99203, 397925, 249323, 297194, 423419, 184760, 96337, 178715, 238277, 280231, 117600, 297777, 346950, 452762, 274241, 196810, 475473, 224397, 144782, 469959, 19047, 54588, 143883, 314404, 342139, 161531, 487796, 422871, 257922, 246912, 332538, 347963, 468996, 216757, 84421, 275734, 406907, 49757, 239764, 216897, 168337, 54173, 148538, 5950, 169262, 492630, 279990, 165555, 324312, 82620, 200197, 121643, 83515, 488971, 304621, 23416, 470679, 300814, 249581, 431682, 114676, 148295, 341227, 392963, 381911, 381935, 169073, 405926, 205942, 290490, 467903, 408935, 13257, 482024, 494982, 63199, 7551, 84618, 457701, 432329, 330202, 303852, 105970, 198551, 143507, 480646, 400659, 166959, 19412, 418691, 117896, 350253, 376053, 41697, 140445, 115098, 106563, 113628, 225444, 23930, 478276, 435582, 47276, 78960, 262765, 152165, 318927, 51353, 446269, 470636, 438049, 348051, 357751, 97132, 228765, 191615, 122479, 339126, 207974, 400400, 364815, 378056, 418958, 334401, 305758, 202891, 31350, 169827, 407646, 278539, 473755, 339456, 342100, 354876, 254196, 259330, 158350, 447129, 196613, 365886, 393125, 374695, 438537, 119006, 363226, 306996, 487425, 250613, 94041, 284636, 272013, 294389, 454134, 432511, 443283, 360385, 356014, 322261, 454128, 61580, 52927, 383162, 79275, 109891, 399507, 156611, 289408, 226685, 343374, 459423, 102532, 297480, 392913, 379256, 5790, 312458, 427563, 285176, 399082, 353843, 146917, 56834, 102840, 45655, 358744, 393449, 297294, 412424, 474867, 102570, 164187, 359093, 339038, 241459, 390564, 166947, 87595, 401169, 386074, 365818, 139250, 153221, 358482, 309454, 222875, 140894, 459361, 32921, 280731, 137979, 15692, 176571, 319206, 145394, 336087, 257082, 141185, 8273, 254764, 66, 249580, 90194, 1522, 154987, 342335, 346805, 132829, 479676, 113651, 297376, 193609, 268482, 226911, 164901, 318432, 51582, 265179, 315320, 74206, 235264, 462755, 62965, 473845, 49057, 419370, 472041, 173521, 240979, 393437, 381291, 348201, 306730, 268262, 347969, 440581, 397105, 296348, 205354, 73300, 355018, 383470, 441931, 223509, 37297, 438747, 353819, 260122, 165156, 18221, 217083, 343052, 284240, 16595, 183863, 47274, 16136, 184403, 287950, 140584, 370449, 308875, 35764, 51246, 49636, 225216, 4894, 214596, 417385, 173173, 154126, 35631, 7493, 317102, 183189, 168413, 338925, 16374, 13429, 119044, 441457, 455697, 432179, 394152, 273567, 143553, 341475, 50040, 64321, 198193, 350167, 305095, 113762, 229647, 352579, 439240, 81027, 29641, 396032, 175287, 148239, 438511, 5101, 342402, 281122, 263297, 3694, 231062, 371788, 283627, 142435, 78455, 298714, 492105, 292281, 471117, 403973, 347857, 251862, 93875, 125511, 247800, 65728, 285317, 380305, 256147, 242473, 458130, 487870, 428025, 346879, 408918, 352205, 339410, 420056, 436109, 49079, 497303, 483192, 11634, 455646, 161629, 300077, 275406, 102191, 272849, 231999, 403623, 398199, 184272, 455090, 6083, 364477, 122577, 380001, 196060, 46039, 326350, 98787, 296168, 60364, 111557, 247324, 342032, 63955, 35988, 363381, 237205, 256791, 32929, 437814, 247049, 486328, 132106, 157405, 104930, 216209, 254366, 47949, 295906, 252749, 379805, 496072, 398491, 67452, 279246, 410385, 78306, 305451, 416301, 90047, 434927, 267885, 26338, 447312, 382571, 371606, 37544, 34003, 276027, 306983, 137659, 162653, 212459, 438339, 360718, 3196, 287389, 468664, 163987, 373880, 485304, 109301, 129389, 136764, 169336, 293961, 205445, 254183, 77391, 344513, 17523, 155267, 247305, 248318, 171283, 498466, 147633, 296692, 226150, 254311, 283515, 479869, 86065, 78840, 337549, 422638, 350183, 345264, 403160, 246085, 309071, 107163, 363376, 310715, 295633, 366320, 434404, 350981, 180825, 354188, 48605, 208889, 453773, 387946, 96460, 130123, 446807, 313182, 358543, 125592, 237410, 433410, 183668, 22842, 228732, 45518, 487247, 311623, 198566, 84044, 190822, 489229, 183764, 195753, 335634, 61673, 138408, 43063, 493479, 251798, 282629, 152105, 89404, 153621, 467435, 161746, 30346, 187341, 138203, 205416, 318060, 307629, 97126, 496097, 11154, 50232, 24074, 428884, 72869, 338495, 52923, 276610, 78932, 462299, 94848, 410063, 230021, 275368, 80559, 127197, 487316, 286350, 468245, 435987, 386137, 363152, 159700, 184699, 284774, 195902, 354905, 107444, 332714, 78252, 469104, 85105, 317787, 383979, 395757, 487883, 279411, 129700, 396019, 14375, 301529, 109945, 107423, 179514, 456819, 95194, 24237, 492067, 171492, 208775, 233625, 106887, 205329, 5573, 383336, 491669, 153786, 152122, 220099, 331488, 389141, 486685, 20471, 161774, 451046, 407038, 169986, 168013, 210941, 19002, 481817, 149160, 179228, 139316, 362347, 344249, 279499, 18670, 327055, 471634, 9378, 182485, 284468, 8323, 24883, 167253, 344127, 459464, 498704, 89264, 15197, 470023, 221097, 219599, 141339, 160781, 117054, 16190, 116056, 123733, 56490, 124590, 158456, 349103, 361783, 54792, 349017, 268830, 1206, 61863, 67517, 38383, 61848, 36951, 354049, 100779, 304687, 419251, 217847, 199881, 422817, 296336, 382262, 368174, 31665, 195701, 247490, 313063, 238790, 250053, 107497, 328217, 85217, 405281, 281067, 499780, 378769, 289256, 488150, 22049, 340373, 478839, 213813, 462684, 273973, 43208, 93757, 452670, 42224, 2900, 102898, 296123, 76178, 342908, 498826, 434591, 112, 408609, 342276, 217166, 282057, 142104, 453184, 156751, 405172, 391557, 325825, 34145, 331714, 141413, 240693, 283259, 326562, 315660, 398676, 44037, 274935, 481106, 99242, 496296, 9813, 330444, 250751, 77289, 170769, 252462, 142776, 476081, 490455, 118274, 373296, 336355, 207315, 53711, 329191, 81222, 207517, 234078, 463405, 343160, 120903, 174807, 29385, 414317, 305765, 200739, 226761, 404017, 449304, 180758, 469951, 414806, 203042, 398844, 255878, 322616, 474974, 68116, 196337, 359195, 325102, 77901, 246762, 151258, 279012, 1386, 150242, 403644, 260410, 148730, 386896, 422602, 187101, 236704, 429867, 448630, 385869, 49677, 483081, 387734, 323369, 167804, 262463, 213095, 72440, 398338, 39135, 377438, 12803, 46774, 213793, 1752, 254777, 481026, 340042, 473212, 235999, 205708, 290309, 23889, 134413, 19273, 496152, 78661, 230702, 321990, 310132, 317371, 307403, 179177, 381404, 317903, 54463, 196325, 105695, 33600, 466390, 268695, 6491, 246438, 89740, 314686, 325068, 23754, 299923, 77662, 159531, 409118, 273956, 53827, 215666, 419277, 2112, 173446, 450703, 463434, 238479, 92367, 129183, 267630, 262682, 467331, 461794, 279694, 54819, 304400, 264934, 146625, 21068, 252588, 37364, 210439, 16031, 90384, 111380, 358867, 241026, 227740, 56581, 343693, 88808, 18843, 492384, 52278, 322933, 234862, 425305, 295169, 60301, 452161, 34399, 274926, 182293, 415328, 208252, 142625, 387474, 236318, 280511, 334718, 333142, 288687, 422394, 365408, 431508, 67700, 484429, 406794, 164814, 428701, 87483, 410308, 37101, 366572, 447142, 244221, 32254, 256648, 259989, 46068, 258519, 431548, 264203, 382841, 340186, 303018, 239764, 305377, 303737, 288304, 407210, 357911, 386467, 6814, 182866, 189763, 337039, 319092, 72245, 229992, 306282, 100662, 457831, 307632, 96557, 169559, 81579, 444452, 399105, 436565, 274701, 404063, 17388, 319329, 310691, 81869, 359571, 231232, 354233, 428415, 466955, 449282, 208812, 460796, 85195, 85742, 434548, 96346, 480794, 441351, 92640, 449778, 286474, 217416, 487301, 70492, 280086, 112518, 31262, 334054, 77131, 426546, 388733, 136387, 14122, 12012, 188428, 113577, 93583, 205674, 162075, 99301, 185464, 182955, 145431, 373016, 174397, 372779, 106717, 282451, 44240, 272902, 290385, 35991, 365528, 300490, 235013, 466182, 449461, 185064, 217776, 434311, 139578, 158622, 472774, 479215, 386681, 419784, 401401, 41358, 107231, 205874, 135333, 27602, 9838, 95810, 103977, 212018, 21137, 124034, 277695, 350644, 362783, 465228, 305598, 203129, 64183, 357575, 150254, 495878, 281049, 20733, 48632, 100652, 283688, 53438, 181101, 126590, 162407, 105180, 282704, 333679, 426519, 8877, 163388, 137917, 371688, 284146, 251205, 230767, 419908, 397443, 159318, 52307, 320512, 315169, 190707, 58878, 255659, 470958, 269807, 379357, 23991, 124014, 105036, 88952, 214519, 253645, 32769, 60597, 40282, 10661, 133615, 457350, 272016, 34615, 7975, 142818, 333217, 242935, 67238, 216456, 213297, 22291, 343351, 98392, 297210, 236064, 273061, 292815, 93022, 89176, 399588, 172407, 326929, 223639, 118257, 331740, 483738, 268184, 62630, 142080, 52083, 432182, 372776, 392277, 62356, 488240, 436987, 53671, 42405, 188744, 345726, 58, 123754, 143098, 5389, 353791, 415023, 206010, 254809, 272190, 397932, 282220, 491237, 408046, 48091, 470761, 455661, 2829, 81534, 259386, 335487, 5018, 268300, 157331, 95860, 322318, 271970, 5215, 332209, 277639, 284889, 148006, 121832, 426553, 22232, 466499, 96551, 388420, 374006, 495224, 140212, 451378, 181105, 249099, 488408, 428378, 138529, 409731, 302937, 480035, 469798, 91382, 143669, 238786, 454623, 215642, 149348, 191091, 353476, 437193, 271691, 123627, 227107, 322863, 170059, 431925, 248577, 420966, 102916, 142259, 183244, 493213, 307148, 490227, 248403, 323397, 321320, 66063, 109188, 168531, 392625, 375824, 50913, 331412, 397132, 67551, 199597, 122788, 488626, 188879, 127989, 455874, 444124, 428482, 139251, 383416, 82979, 167782, 211678, 481053, 6426, 380525, 158739, 54447, 330407, 477556, 385013, 363149, 89792, 71427, 409621, 152380, 45663, 389128, 499796, 217638, 139770, 111955, 202320, 359909, 303294, 394381, 59751, 165221, 313930, 68484, 30965, 175008, 295868, 411340, 1589, 213867, 246582, 274494, 497357, 90760, 51589, 202452, 264619, 403408, 271667, 192362, 135544, 134697, 471457, 361309, 212196, 249457, 19277, 243604, 473634, 13929, 148697, 144081, 442839, 499286, 489289, 270780, 338624, 343150, 65026, 466447, 344105, 201040, 211113, 16948, 409966, 6716, 450260, 95661, 422945, 243922, 428659, 271392, 106866, 379685, 162504, 355953, 496998, 47758, 152149, 42689, 420821, 327772, 22274, 312065, 240318, 366393, 355069, 411351, 275501, 353384, 135260, 346467, 441758, 58187, 466882, 31451, 206141, 186032, 495566, 228290, 152850, 185967, 422975, 87307, 79184, 286167, 212915, 83314, 435199, 55349, 174055, 27593, 299506, 298734, 435459, 276410, 196314, 461673, 127275, 58594, 147650, 310906, 332660, 357131, 102543, 447806, 341837, 134167, 423005, 366633, 328831, 436304, 93046, 379893, 459418, 3492, 433633, 421414, 221209, 213148, 129950, 195990, 176208, 346816, 430599, 469488, 31175, 127707, 99041, 22514, 292549, 318462, 161482, 267530, 497182, 242199, 73126, 64565, 27648, 469042, 464040, 92957, 53840, 319682, 33370, 381515, 280070, 396048, 4831, 40141, 238218, 29090, 101508, 234126, 413456, 309730, 25727, 234918, 80742, 384375, 14496, 293663, 251954, 384073, 348965, 37345, 52637, 219651, 361968, 269046, 40590, 238819, 42576, 172423, 38220, 481451, 31211, 50639, 332471, 382785, 451848, 61282, 123870, 149230, 134885, 173924, 139784, 27793, 79059, 172159, 305079, 498229, 380651, 56287, 3948, 305296, 286731, 153126, 297474, 68418, 200544, 199519, 77295, 81114, 220004, 208696, 142592, 388605, 166894, 342797, 203474, 15014, 433620, 68950, 278224, 376321, 67197, 446149, 168015, 167766, 317399, 372002, 134203, 419719, 78351, 166611, 273642, 191908, 72961, 38468, 262735, 171155, 73842, 23682, 229593, 156842, 71078, 183884, 16766, 383494, 371614, 224187, 399337, 498710, 469755, 36547, 490379, 122576, 477063, 12322, 197013, 391410, 484830, 341396, 439874, 442042, 356532, 32367, 418716, 414401, 145652, 274951, 473104, 9253, 359572, 490268, 49405, 390034, 329919, 31142, 88490, 263755, 142541, 40048, 115834, 246195, 192582, 246272, 376064, 326378, 78738, 479502, 123195, 102661, 261195, 46155, 202664, 305882, 32993, 69366, 336992, 108666, 162121, 153373, 463814, 267613, 218700, 186578, 247363, 226782, 397657, 15303, 284636, 497869, 483328, 309980, 279704, 238245, 129548, 9750, 320318, 411174, 467373, 461275, 67750, 198588, 96618, 336369, 81061, 202660, 330158, 312084, 135503, 346715, 187403, 159880, 328661, 119541, 27680, 54775, 403340, 133547, 245042, 285103, 488164, 171703, 155033, 409438, 436621, 438254, 454680, 190509, 118768, 380642, 25430, 313747, 317408, 178961, 89945, 384071, 318287, 431775, 56696, 197447, 449329, 417426, 26025, 84084, 242235, 346884, 224185, 401901, 222620, 348450, 491305, 98208, 476289, 414897, 427533, 321773, 460622, 327280, 105509, 427711, 188750, 396318, 329678, 20125, 296186, 62148, 274275, 182295, 17565, 408559, 433590, 417998, 180303, 297822, 487297, 242466, 231298, 137620, 472628, 26595, 242455, 354991, 431726, 363337, 365798, 274705, 150124, 13688, 125986, 216855, 290492, 257589, 420891, 87132, 463677, 392522, 133823, 112418, 223116, 480854, 409964, 162067, 162459, 236205, 179936, 466733, 265178, 422041, 31082, 86973, 142801, 46685, 105008, 301224, 243574, 206397, 54149, 450490, 26731, 189344, 46799, 247451, 159876, 102923, 468651, 315441, 211590, 154171, 482982, 118873, 162996, 434130, 416953, 188863, 463887, 86591, 41939, 441027, 198121, 484375, 132355, 59756, 346134, 75820, 392200, 465774, 360715, 298384, 286941, 9234, 159124, 43002, 464143, 162373, 38198, 475860, 323688, 30971, 442763, 127563, 385739, 162161, 129004, 270974, 499707, 486433, 406623, 86337, 451692, 185354, 248983, 41922, 254490, 124794, 483200, 290844, 302603, 23252, 337729, 86587, 378106, 133253, 238368, 61676, 151707, 48648, 240794, 498182, 284298, 130313, 332516, 130447, 122616, 36297, 242516, 224660, 382757, 88363, 261015, 111136, 311207, 448604, 147948, 271737, 134781, 327354, 261510, 234211, 94237, 36675, 164528, 114910, 314379, 10595, 212644, 114536, 398221, 462052, 177571, 122967, 243948, 379124, 184142, 448383, 53151, 18615, 305748, 353190, 49083, 498254, 218522, 181793, 303907, 390518, 83089, 32906, 442740, 115066, 267744, 328603, 493063, 469657, 366463, 364834, 477842, 331622, 84243, 236247, 400802, 76882, 129191, 142190, 491874, 34033, 462435, 180996, 346900, 22285, 305115, 302874, 180392, 153358, 218366, 69605, 433561, 473261, 373383, 65190, 143124, 249622, 313974, 88479, 179098, 115310, 156115, 124554, 57384, 454004, 318916, 366717, 80199, 351503, 250675, 29668, 326127, 102203, 487619, 385080, 339546, 352100, 216683, 277598, 20253, 163046, 383514, 254442, 377821, 430232, 22865, 47106, 428331, 126838, 378193, 255608, 293717, 241980, 467954, 168064, 460623, 343354, 310115, 469670, 216630, 34642, 304119, 179502, 214023, 127488, 472036, 163194, 354138, 89068, 74716, 277975, 311904, 246896, 280479, 496766, 20132, 434540, 248311, 339465, 58143, 197876, 182182, 165074, 125411, 195721, 221915, 176622, 440680, 428964, 400554, 483842, 291887, 87625, 179050, 82024, 332672, 407841, 423998, 174392, 467732, 229226, 36303, 156996, 372055, 489108, 159768, 279635, 104610, 419068, 50949, 63092, 5201, 494813, 275155, 382898, 376335, 22545, 198009, 381162, 332361, 182181, 427554, 143754, 143758, 114504, 22598, 125697, 298553, 102296, 27462, 409999, 248124, 447121, 166613, 223428, 465577, 348596, 179768, 448376, 181534, 132644, 301961, 457790, 330337, 145554, 323463, 225953, 4156, 172968, 436056, 86108, 221179, 227647, 436293, 484137, 332258, 145043, 372564, 28336, 384709, 337702, 324007, 17555, 43819, 162483, 433824, 149918, 224336, 98999, 76592, 157748, 420573, 450754, 180086, 38707, 270839, 412180, 283796, 43400, 496314, 118960, 198764, 346498, 404796, 421146, 254711, 163304, 452704, 186203, 43029, 276728, 77573, 234519, 131598, 420688, 115345, 100664, 9783, 186287, 122091, 213260, 304891, 258632, 476348, 457947, 102066, 302058, 7280, 490607, 439731, 444175, 325472, 261404, 274599, 233501, 238675, 110579, 278965, 302972, 361265, 35446, 461440, 394813, 148906, 166268, 466842, 465753, 42807, 26967, 35851, 158204, 379157, 113122, 27122, 53363, 183215, 95017, 35220, 154028, 293019, 222398, 170084, 388746, 97058, 44632, 106939, 379785, 398407, 244964, 75182, 17881, 16266, 123288, 112102, 120153, 380708, 370635, 409582, 300408, 185510, 463909, 125868, 121958, 93075, 394015, 92094, 148113, 322154, 31803, 186494, 129070, 253877, 76899, 109177, 98535, 378058, 226465, 223016, 409771, 233812, 435192, 230250, 262383, 188296, 310312, 355451, 200089, 442848, 293107, 486375, 426880, 414676, 407844, 198845, 166440, 425765, 355235, 486756, 60238, 443586, 96411, 438444, 109881, 54362, 31822, 356915, 168518, 44479, 482561, 339821, 241841, 383866, 38508, 144045, 121491, 17505, 150454, 394434, 279122, 356346, 193466, 255738, 117608, 313970, 291483, 135963, 281377, 24239, 348069, 470359, 396098, 156724, 338464, 305093, 154027, 418998, 33923, 397681, 289080, 252964, 196568, 468086, 418334, 270695, 267738, 472741, 151911, 375510, 140828, 26406, 174351, 201625, 100181, 178730, 452549, 286999, 384719, 408660, 226944, 437228, 90354, 259334, 107450, 126171, 410923, 14339, 473216, 471475, 131308, 401249, 157309, 64408, 363854, 90511, 343243, 320302, 100893, 88774, 53595, 342898, 6995, 414274, 335403, 203128, 335890, 38164, 64123, 399481, 384582, 56997, 288223, 493139, 25127, 466137, 271756, 496033, 220624, 34385, 118310, 415003, 152243, 342056, 290199, 452322, 465269, 69585, 4026, 481875, 15549, 51844, 274336, 62504, 296000, 282071, 432231, 258110, 236307, 492074, 389976, 456226, 49064, 267894, 320276, 313866, 144969, 372611, 191962, 319581, 319007, 244908, 252897, 188281, 250133, 171028, 84277, 334430, 58376, 224811, 313103, 350397, 117542, 296964, 485832, 294121, 147393, 356504, 82129, 414801, 315396, 57541, 52823, 404233, 120388, 28983, 274814, 10612, 24466, 349303, 489104, 405659, 56902, 93899, 206675, 216378, 436575, 98112, 160574, 98691, 70348, 80000, 342914, 118383, 272228, 347264, 156375, 370910, 444349, 278481, 152504, 418139, 79029, 87302, 430219, 495712, 131335, 196989, 461896, 454980, 337461, 106946, 63005, 195708, 370101, 92261, 363144, 111952, 100791, 26007, 378046, 71916, 215416, 215669, 217678, 462990, 434148, 16308, 294358, 149935, 81855, 254649, 30556, 424188, 6828, 167531, 127113, 481171, 247497, 31914, 479849, 288121, 167609, 391733, 106326, 157720, 55698, 213771, 460876, 19184, 178589, 2760, 161330, 158881, 304733, 260738, 41067, 447081, 367440, 109686, 477409, 239580, 14875, 478472, 334005, 477956, 338379, 447650, 413748, 39097, 343586, 437769, 248, 70005, 416017, 48462, 40197, 81949, 259058, 318772, 397023, 397531, 139740, 20251, 232777, 309657, 288398, 356987, 123579, 489157, 244624, 435035, 410817, 118739, 85784, 483687, 64196, 252779, 136371, 362928, 286318, 280405, 392093, 478091, 270143, 363888, 371326, 265641, 347035, 159594, 405052, 356066, 162194, 205549, 25045, 352098, 313, 98420, 259454, 251616, 295870, 257219, 101391, 245878, 247333, 421361, 368617, 405165, 283538, 469206, 278794, 404231, 418753, 374288, 276621, 274178, 223400, 449778, 398605, 90837, 144583, 333109, 196594, 425003, 432487, 113597, 84569, 353033, 460725, 198332, 305903, 256118, 443886, 226299, 18016, 330229, 140028, 123041, 362723, 447963, 178236, 466320, 273753, 407784, 351878, 175487, 470973, 312385, 436868, 306550, 353655, 369122, 170453, 415674, 172956, 353213, 107134, 127807, 144274, 268372, 480081, 450503, 408773, 162478, 109945, 258695, 60528, 241348, 425302, 341086, 46127, 297316, 39946, 447239, 478994, 243457, 99490, 204025, 347601, 111268, 153349, 116610, 373129, 10134, 225954, 452902, 455488, 157772, 419070, 87121, 302080, 319461, 410871, 446807, 438563, 476290, 279983, 485179, 410749, 327397, 276377, 192870, 124960, 56448, 144224, 90352, 57617, 335226, 130450, 235832, 308708, 444831, 355559, 17534, 2904, 296879, 410515, 228431, 203848, 50553, 239375, 124574, 170977, 101427, 142522, 67644, 312011, 358338, 134593, 386887, 348609, 84770, 249402, 10208, 41842, 389734, 86855, 490289, 140521, 201214, 410847, 151973, 410522, 239531, 286638, 219831, 11541, 492645, 362560, 250678, 140887, 332774, 316865, 254383, 19328, 154148, 315866, 479361, 75219, 493627, 259162, 18199, 236228, 173199, 90539, 363743, 257009, 49794, 461946, 325076, 121752, 20994, 198292, 330686, 247735, 112119, 110065, 270899, 320941, 451168, 30265, 344573, 128164, 274836, 389391, 125326, 165487, 485934, 399594, 254714, 137187, 315187, 272314, 381658, 165274, 371845, 408281, 407036, 364645, 303731, 220381, 172190, 372246, 208226, 241096, 373928, 483497, 23350, 90550, 236691, 469136, 233523, 29488, 251742, 153794, 118534, 418197, 292867, 331088, 471353, 213376, 421896, 60603, 98465, 487742, 201208, 14764, 232306, 86009, 401911, 82142, 274021, 476903, 69620, 331516, 375586, 86873, 373357, 306738, 50554, 93664, 109643, 188309, 19527, 135654, 349900, 376257, 348597, 444247, 460335, 96537, 430603, 18450, 341847, 192575, 341397, 389181, 169108, 1961, 495958, 445484, 405163, 310014, 446344, 56763, 444122, 311213, 236776, 368136, 279826, 425017, 405590, 10676, 387129, 172400, 178189, 38215, 248675, 308844, 275222, 459866, 60275, 13804, 455067, 285116, 251671, 279665, 174981, 354151, 21089, 182703, 142132, 93600, 455263, 250713, 434103, 304232, 386912, 72600, 487004, 56839, 296116, 12438, 336213, 43764, 471654, 61838, 168668, 120520, 449457, 55748, 395482, 228651, 289192, 55231, 163008, 320555, 63372, 388863, 157211, 23781, 186660, 406576, 200940, 229627, 491404, 156636, 228178, 495590, 211882, 277809, 399145, 227285, 401355, 309075, 265643, 311983, 377008, 119167, 336160, 86214, 453004, 277835, 415485, 392666, 463452, 323099, 376823, 87951, 174707, 119724, 74821, 151483, 924, 227909, 68979, 152840, 53326, 441098, 341632, 106285, 355078, 492059, 434083, 431734, 266511, 255577, 275020, 341859, 170526, 266206, 186315, 79212, 416482, 439091, 27605, 155819, 97371, 319281, 315095, 339291, 24644, 226005, 240439, 249762, 64555, 428303, 234711, 378251, 297725, 373584, 290899, 131194, 317001, 462348, 360016, 300937, 142580, 129127, 384450, 128295, 101903, 336760, 282576, 402920, 486000, 9539, 182011, 24295, 302207, 392169, 54998, 183346, 484221, 253638, 81309, 464899, 427586, 494539, 191850, 370358, 362778, 363101, 182126, 363155, 148719, 475533, 389196, 497556, 434707, 352021, 443294, 180916, 368567, 180917, 409622, 268441, 118211, 461652, 204661, 272326, 181844, 26534, 57720, 336829, 91908, 391004, 154464, 233690, 184990, 19913, 16774, 308267, 93695, 254368, 120888, 48809, 298211, 297641, 383553, 445046, 175309, 315319, 461591, 330674, 217174, 363425, 199371, 231630, 217441, 420000, 472533, 7162, 71907, 2343, 397893, 104469, 134254, 37065, 67363, 358525, 334790, 312642, 183659, 294635, 460789, 321675, 302059, 123306, 175185, 316875, 341863, 273662, 147654, 243659, 102737, 334123, 395370, 181235, 17253, 448268, 178049, 359167, 160824, 141599, 414543, 395312, 329703, 305257, 433744, 29374, 362703, 63034, 50737, 446433, 23217, 284277, 229789, 3311, 428334, 112507, 132239, 319590, 291534, 111295, 95660, 122831, 185145, 64084, 364872, 412992, 352308, 146196, 287632, 82107, 274870, 16890, 72549, 4204, 470140, 203387, 393304, 242619, 224564, 145177, 101038, 330478, 164103, 364790, 394871, 13764, 351306, 146360, 237378, 125434, 20284, 279917, 34796, 188860, 266265, 114730, 90245, 123833, 422286, 449785, 436179, 543, 97461, 398942, 127282, 137541, 118810, 385878, 98471, 323770, 183769, 401407, 250287, 400068, 189343, 166225, 230024, 494331, 167308, 148265, 369156, 277726, 279005, 171806, 348706, 40167, 192711, 169228, 85808, 467898, 152156, 365506, 94414, 267920, 144443, 277689, 282263, 78985, 187486, 84669, 278544, 262478, 420108, 331237, 227412, 154450, 465993, 487811, 391762, 289747, 89697, 167340, 343565, 128528, 486702, 433654, 32966, 75292, 218309, 468528, 296101, 93876, 331126, 498864, 416939, 447994, 490489, 250478, 350340, 467574, 252427, 397345, 458345, 191660, 379985, 124211, 80374, 58648, 385390, 180927, 473232, 460019, 478049, 328569, 161584, 131559, 132148, 404785, 460820, 107730, 342281, 82415, 477801, 51099, 177988, 376126, 98090, 27760, 83208, 151189, 153779, 287627, 377457, 415820, 267109, 284419, 321874, 172687, 226681, 432562, 351479, 59523, 196889, 297135, 481836, 181797, 250080, 332440, 474173, 328962, 188631, 294281, 348333, 48759, 265301, 173484, 194123, 386152, 134746, 1467, 241816, 19293, 453035, 485454, 409279, 188355, 459023, 447479, 122756, 70646, 330689, 379713, 222889, 206528, 272319, 357237, 354628, 464524, 303510, 279860, 406250, 86280, 196192, 177428, 486847, 188587, 458890, 259557, 327255, 495918, 404831, 229419, 83765, 472918, 80381, 472988, 294473, 279559, 233505, 20647, 80099, 170375, 358220, 61865, 239800, 26346, 59000, 276977, 377498, 346887, 213647, 283113, 55857, 117687, 285513, 289567, 320978, 258549, 426929, 20685, 305492, 177411, 223175, 478708, 193734, 159817, 135991, 239638, 246070, 264870, 92577, 65580, 381614, 137125, 142367, 261109, 115411, 150033, 178478, 287584, 307462, 426049, 50273, 152353, 227085, 83323, 291060, 350379, 24614, 245977, 193302, 105870, 132956, 353500, 22329, 11500, 34820, 104320, 198743, 361964, 68957, 163675, 437765, 104061, 34780, 245495, 190036, 421614, 331074, 30530, 2933, 40923, 324757, 405907, 418244, 159591, 283041, 253055, 4599, 280388, 426373, 236287, 178422, 27015, 374819, 227326, 407822, 93623, 361683, 15870, 483456, 360287, 429117, 404064, 163679, 264461, 74148, 135547, 136444, 301544, 345645, 496685, 304933, 433766, 346592, 462034, 171903, 409919, 117532, 204442, 136799, 103266, 491377, 88359, 496715, 334950, 106384, 479519, 86726, 113720, 103435, 49559, 204344, 48934, 200625, 431436, 11133, 244938, 190671, 256730, 176874, 271629, 211714, 71940, 473553, 198316, 114444, 300742, 180477, 131275, 416409, 134059, 20034, 162584, 232770, 52530, 152634, 275757, 354163, 107515, 325368, 406018, 260791, 390769, 36113, 471289, 452998, 180771, 388607, 273095, 421128, 332914, 318997, 320437, 335381, 92898, 370901, 218913, 260271, 21439, 24701, 169924, 469216, 490399, 463084, 8644, 46862, 358372, 144106, 486740, 487175, 403685, 422331, 339422, 301227, 491180, 152970, 242747, 412427, 141674, 388350, 284168, 413085, 488976, 89418, 112480, 393861, 64804, 326972, 387221, 319482, 68169, 227778, 94777, 103450, 300147, 267922, 105505, 171097, 324440, 417668, 466333, 418861, 110366, 44596, 134177, 184101, 261321, 204223, 160895, 102588, 95228, 294809, 125697, 440834, 150439, 79701, 256965, 242424, 273887, 189017, 446051, 275500, 165900, 223831, 428246, 6599, 26476, 287061, 151483, 209229, 435343, 77938, 285322, 276546, 298257, 255449, 104873, 348943, 358215, 424184, 285447, 92620, 277123, 86589, 475630, 415047, 330954, 238862, 445619, 9244, 105521, 195620, 424977, 408027, 357219, 251498, 457736, 211234, 220979, 413072, 246700, 97049, 433439, 45200, 199392, 1133, 166465, 325463, 283483, 195049, 49910, 322956, 427080, 146159, 112871, 459783, 469016, 441776, 242410, 308304, 107152, 476475, 99947, 209921, 339024, 227338, 583, 462876, 368342, 108535, 439694, 98769, 85607, 496393, 274596, 433649, 9317, 1500, 124452, 15827, 223639, 335716, 178935, 361934, 434423, 354864, 396990, 61766, 142384, 206559, 371708, 221538, 125858, 243365, 438503, 467629, 352593, 302574, 55867, 242887, 365561, 255490, 221842, 404425, 383487, 99790, 7194, 314580, 44869, 265758, 425864, 161143, 328152, 297698, 21463, 47244, 276018, 175738, 280606, 294803, 65243, 162746, 383584, 468891, 286070, 252841, 386, 2371, 437860, 118369, 253366, 124073, 432011, 111782, 297806, 383410, 61727, 496413, 462688, 375960, 324735, 250907, 461169, 350279, 275081, 22968, 304346, 454000, 471747, 66800, 360282, 330801, 302232, 269964, 53137, 303909, 345652, 219042, 469127, 67768, 249887, 76022, 415944, 79444, 377568, 365814, 122450, 227476, 436142, 466682, 277373, 1955, 58660, 247827, 83165, 374157, 219537, 223948, 20347, 280945, 164847, 338296, 303513, 222879, 276467, 195355, 485254, 242438, 360815, 200258, 116831, 117103, 248441, 191039, 289322, 383644, 79551, 303605, 475137, 68686, 333639, 166353, 280880, 29317, 349587, 202246, 411854, 383174, 225821, 69536, 423409, 357724, 291068, 88396, 414251, 170029, 7505, 396612, 290842, 466994, 104493, 254864, 3004, 322087, 588, 381279, 487797, 365908, 285874, 147033, 242327, 285539, 85134, 126036, 202796, 179882, 290830, 8215, 108033, 444328, 214754, 398299, 49049, 2313, 148160, 294606, 128336, 238663, 30212, 147022, 93472, 307039, 490995, 422633, 39753, 353880, 37876, 338475, 3067, 466374, 213877, 62558, 308185, 288104, 470428, 419543, 115179, 396411, 380059, 338203, 428797, 208562, 101202, 311973, 411709, 377671, 12267, 125044, 295182, 356741, 184974, 266186, 388555, 318248, 362995, 480329, 381454, 315730, 229149, 339912, 164916, 265682, 479750, 496077, 97074, 13455, 321478, 8397, 386745, 310639, 363575, 146810, 76910, 288461, 475027, 273302, 373444, 230217, 260818, 43826, 257326, 281278, 176941, 376071, 71263, 394403, 280036, 238691, 171016, 77352, 56984, 236760, 76284, 395567, 330403, 309428, 455901, 85414, 462767, 436715, 24954, 113346, 84122, 120131, 286414, 385794, 456438, 423347, 206642, 252857, 358308, 342587, 274439, 95313, 310483, 188545, 449864, 366134, 424590, 245526, 271864, 211320, 130811, 279306, 62815, 51153, 391638, 449772, 377822, 288340, 32212, 376031, 151453, 316336, 212442, 281471, 343784, 181222, 402074, 11816, 341382, 316464, 485652, 353945, 211425, 136020, 296280, 246744, 453182, 257367, 87608, 213230, 225146, 247308, 287900, 403475, 51749, 382788, 79214, 53395, 315277, 304179, 411182, 31067, 150236, 51830, 257374, 189159, 119444, 409076, 27363, 178784, 346340, 256015, 415058, 411264, 3252, 486535, 226988, 118313, 398661, 423107, 326826, 163726, 311699, 393573, 246206, 315729, 402565, 403724, 213670, 97507, 125219, 299480, 371146, 19412, 96572, 381367, 455531, 316342, 160085, 281564, 89525, 348565, 372437, 447742, 453732, 273762, 402311, 154496, 289064, 159784, 279941, 369467, 313690, 141623, 110421, 354859, 9046, 150124, 445674, 22839, 21981, 117988, 138531, 378566, 235271, 68387, 55379, 318560, 465448, 282196, 29391, 88038, 57458, 484135, 97246, 379384, 89742, 195994, 470545, 304480, 80293, 132827, 284485, 329251, 140903, 108762, 51716, 212471, 51101, 186409, 74681, 53615, 495268, 55449, 458739, 304754, 73142, 371221, 90985, 97178, 37670, 431427, 217915, 402385, 296793, 37903, 370897, 337513, 254478, 202760, 180438, 202428, 438510, 97129, 100055, 243032, 11772, 423556, 123067, 368948, 221653, 187668, 334265, 298798, 349604, 159804, 93780, 481611, 262989, 268591, 395699, 330195, 106562, 36752, 381229, 469226, 247393, 406521, 444612, 38747, 175886, 372604, 314419, 138919, 332241, 124314, 359936, 51916, 438141, 400987, 434134, 312980, 336902, 373865, 422565, 337286, 170092, 253439, 18086, 459913, 111648, 467007, 486358, 456987, 174187, 403027, 398868, 58652, 89450, 428973, 388637, 134265, 23814, 57755, 105590, 220257, 46699, 329645, 66415, 327118, 50945, 78272, 203158, 376212, 196938, 131403, 479581, 9919, 476685, 139180, 257632, 99115, 356813, 422030, 344700, 139753, 364999, 93282, 337325, 495098, 293299, 307750, 259832, 264117, 101892, 176746, 335120, 59224, 265386, 3252, 355934, 492032, 358722, 43297, 32697, 370969, 222907, 238670, 307485, 152232, 215243, 295268, 218947, 366821, 390281, 25028, 139654, 433871, 322485, 356495, 378092, 119309, 129909, 277675, 89172, 37785, 343032, 467572, 206611, 470518, 470513, 300780, 123355, 205987, 78024, 405247, 487261, 324089, 73317, 134899, 427946, 163476, 39125, 432988, 279061, 313409, 328053, 366713, 72492, 488653, 265041, 16566, 447110, 406244, 94553, 397440, 174122, 407306, 179140, 344717, 197671, 422549, 314, 414583, 392243, 205734, 497486, 309979, 2945, 238500, 438660, 168468, 437742, 326857, 265352, 165807, 477601, 430758, 38354, 429291, 247810, 283554, 293983, 306086, 215619, 97669, 134096, 7825, 44325, 452959, 52267, 311171, 145298, 451452, 439973, 221866, 205494, 187186, 192039, 487329, 73894, 239890, 247230, 237759, 109106, 82731, 28656, 344595, 461707, 204385, 159616, 68257, 243633, 347990, 229248, 80349, 463833, 414158, 65947, 169478, 125541, 264599, 300270, 149928, 130443, 469644, 60086, 150660, 146797, 395220, 245567, 120477, 970, 207354, 412055, 228919, 289634, 12549, 140129, 345745, 221726, 43293, 20945, 389533, 491192, 422937, 201071, 37366, 167367, 166293, 50917, 29804, 471285, 308237, 455077, 404255, 302562, 28383, 125117, 340946, 370506, 86513, 190907, 346974, 70263, 291270, 107886, 92670, 99336, 103616, 379317, 82818, 245610, 255805, 478110, 494193, 21019, 355119, 9424, 477945, 495118, 353669, 269051, 303130, 51423, 342859, 456030, 375715, 293278, 399341, 497880, 80323, 49350, 102063, 227845, 290324, 160606, 429586, 475165, 93310, 470453, 69441, 368956, 245722, 139636, 200436, 424947, 442010, 74541, 481023, 274105, 11509, 386588, 329842, 173510, 373638, 171004, 441233, 276434, 394637, 20315, 471721, 127447, 182021, 479085, 308382, 97461, 31239, 28697, 247152, 82854, 219181, 29744, 371044, 339703, 428187, 419042, 54132, 388821, 95595, 78798, 48383, 210839, 324189, 433853, 234354, 425701, 227011, 499535, 156472, 276547, 377701, 371899, 316618, 261246, 386467, 205878, 437724, 125969, 124634, 498620, 364246, 471149, 183135, 279644, 64128, 375564, 263111, 236523, 181950, 315534, 305989, 272116, 491336, 42572, 234856, 83179, 188198, 430890, 40176, 353582, 234146, 397830, 393428, 238160, 310799, 183134, 337114, 115183, 68332, 294663, 70603, 13996, 288312, 230510, 37937, 214951, 23710, 397805, 371296, 267698, 352217, 138462, 140425, 89360, 263433, 28646, 235268, 248788, 213922, 436068, 105969, 464792, 20539, 176625, 191934, 416848, 320672, 266516, 455516, 341021, 265057, 173582, 192987, 80438, 495662, 279452, 121775, 393356, 136447, 384156, 209726, 239872, 54345, 20623, 267763, 102244, 423754, 260226, 246281, 53557, 105310, 37499, 318368, 139675, 407727, 129074, 477731, 240524, 441330, 195069, 399041, 316847, 103695, 265167, 99252, 138229, 157679, 20735, 282374, 318905, 357434, 7605, 45734, 205759, 90129, 308608, 76245, 353711, 224927, 317285, 18747, 334155, 383953, 361880, 378625, 356722, 137289, 203309, 436740, 10934, 193274, 436128, 52245, 106648, 348695, 307111, 429333, 290743, 392008, 88647, 186484, 276128, 127496, 333583, 489833, 274259, 62454, 389129, 406247, 314958, 375234, 8401, 369688, 365723, 217705, 417437, 40607, 257423, 401631, 75079, 383840, 160147, 437602, 410514, 252704, 429005, 108182, 326336, 56397, 287307, 298689, 420484, 61729, 313963, 358406, 307129, 244125, 299329, 456369, 158532, 369852, 128988, 34578, 235338, 26223, 297106, 89018, 476551, 230487, 283009, 25017, 356344, 107335, 107270, 372581, 153376, 309078, 84432, 413929, 142177, 313462, 158422, 266556, 206944, 46443, 354343, 147759, 55534, 408598, 454572, 160315, 217928, 80218, 164081, 116476, 441322, 426362, 491692, 234942, 365884, 369263, 162174, 238527, 99957, 407302, 54788, 204443, 9611, 279373, 211505, 167465, 487496, 103209, 243199, 329608, 151315, 152766, 148502, 403241, 411893, 156508, 244904, 158812, 183654, 206595, 77601, 481652, 411831, 243732, 332264, 354048, 440355, 313242, 180447, 466210, 261812, 230957, 488153, 142926, 402198, 90920, 271244, 241538, 273641, 35531, 81526, 240724, 458101, 22885, 272601, 2845, 211686, 437767, 171871, 413328, 48292, 38215, 100333, 416854, 440965, 236458, 84366, 93545, 381466, 350302, 338944, 307723, 143200, 457480, 291220, 171281, 475511, 199684, 130036, 436088, 458877, 375468, 59579, 187600, 384638, 491811, 246023, 415171, 343341, 107054, 400878, 190812, 263335, 334624, 425467, 199378, 78091, 460879, 243975, 242972, 80494, 428896, 139741, 433995, 119723, 102230, 296593, 242145, 227627, 153947, 280522, 289605, 138972, 438987, 55818, 241137, 449510, 81264, 90052, 435025, 43575, 428080, 150065, 405516, 31341, 464114, 374485, 330355, 79562, 187643, 446346, 348135, 274710, 40531, 440307, 249758, 265861, 369279, 101372, 96480, 58729, 455615, 461074, 234578, 4227, 396310, 364457, 51380, 218760, 368724, 347792, 128451, 225898, 79182, 289454, 128892, 255515, 314394, 242701, 89366, 131120, 404608, 388923, 495673, 433125, 124081, 325475, 387363, 246362, 80293, 125191, 214588, 364569, 401166, 453118, 244403, 454152, 76036, 413840, 449760, 471529, 138350, 352653, 274737, 253797, 282244, 4241, 404565, 179793, 450281, 34590, 251505, 455484, 296143, 232289, 102313, 131981, 123451, 106095, 13659, 27999, 320147, 436499, 154035, 420495, 303512, 437322, 188540, 193755, 301829, 298398, 182172, 282629, 147298, 300175, 394943, 208080, 147150, 190909, 1565, 290621, 109959, 68292, 398842, 77794, 413965, 153062, 297396, 244169, 61941, 229091, 177821, 428365, 172765, 200336, 308163, 44875, 197376, 316385, 414477, 411547, 26453, 83291, 119629, 148793, 468909, 311358, 474271, 482533, 454913, 170691, 25536, 497714, 227925, 457399, 399588, 421631, 103173, 413504, 377863, 84980, 226083, 438256, 245362, 88143, 32777, 430926, 173155, 457356, 460993, 315424, 108452, 97599, 315007, 144229, 94194, 262147, 127660, 189845, 429155, 78665, 339326, 408873, 409364, 184906, 210140, 303858, 401902, 212173, 151911, 257733, 95161, 177730, 150699, 49255, 274623, 24520, 103200, 94650, 296935, 386302, 203436, 11878, 475414, 102943, 442419, 431467, 207054, 416117, 52218, 244477, 291301, 64917, 402274, 233789, 58134, 48191, 108231, 110927, 285395, 61264, 335594, 8075, 421486, 419111, 181458, 43670, 353849, 163423, 379711, 51475, 220998, 26370, 289491, 239574, 41555, 111189, 360006, 229888, 29153, 227097, 378878, 253784, 69903, 319116, 477554, 91074, 323767, 348963, 102831, 285546, 60740, 388093, 125629, 60378, 190837, 40910, 99715, 201397, 182020, 257173, 103471, 462900, 230936, 481342, 36149, 29025, 378990, 464788, 215051, 420800, 426787, 346755, 358455, 387426, 277096, 254263, 12210, 276009, 317706, 373211, 434261, 385237, 349319, 205629, 430939, 146593, 12018, 28291, 230688, 61519, 117991, 351253, 271018, 102669, 158236, 157317, 479369, 199134, 191865, 128378, 425387, 284813, 418976, 61389, 87064, 436856, 247929, 290403, 251995, 257728, 339798, 39781, 229394, 201528, 74252, 422975, 81646, 19754, 363579, 138919, 70365, 327071, 86883, 100819, 58248, 209448, 25796, 30191, 141924, 477307, 371926, 328916, 303214, 335855, 221449, 481358, 110029, 327637, 349526, 72754, 73163, 473605, 138010, 303297, 492606, 362918, 48221, 443478, 335970, 455681, 458427, 228045, 382109, 329166, 350511, 414949, 465863, 433547, 424027, 433307, 380446, 472742, 443776, 225835, 121045, 482706, 457681, 153490, 465369, 109563, 137034, 319109, 112863, 214431, 385272, 175746, 255545, 429660, 67045, 461449, 305796, 43505, 284526, 448349, 359137, 479447, 31821, 450015, 350846, 141882, 123629, 456810, 495653, 468338, 470362, 71401, 443579, 69246, 393901, 410545, 65043, 269740, 40558, 291755, 407045, 77395, 354062, 409037, 497264, 86403, 307649, 385196, 15706, 406035, 413980, 427492, 244808, 289439, 172290, 60907, 390197, 225946, 409189, 353810, 121507, 51514, 466343, 499465, 37144, 240690, 468676, 393241, 170866, 212134, 461756, 380714, 17728, 218228, 126349, 480567, 257516, 395201, 45282, 40809, 310414, 3495, 166536, 33054, 107678, 212376, 405296, 277316, 168006, 478945, 477120, 237741, 178523, 190580, 318968, 319114, 195495, 447014, 376439, 436207, 114270, 24744, 136918, 363483, 396543, 412212, 468494, 426667, 205290, 289523, 146271, 229413, 207882, 44583, 140642, 489671, 254224, 296001, 154731, 478310, 23513, 7677, 267876, 439048, 490745, 246762, 32870, 36286, 453866, 30648, 234059, 335904, 265910, 128172, 69189, 74799, 322480, 338617, 39858, 249317, 177742, 64433, 470827, 215239, 157347, 66253, 99209, 406002, 299566, 259663, 60799, 259750, 385624, 71822, 223373, 130800, 472951, 115638, 153304, 97322, 413431, 258133, 29675, 92925, 463923, 410108, 427803, 290455, 112661, 445747, 351611, 229386, 7184, 478559, 476037, 37174, 350628, 479542, 495569, 96550, 361258, 241404, 448330, 473630, 347019, 391605, 167170, 178585, 39717, 354325, 191644, 366590, 178018, 363328, 53963, 417890, 262840, 433550, 308192, 37389, 353800, 377773, 281219, 446, 190290, 36500, 393804, 103489, 376646, 43825, 158436, 439083, 132897, 102711, 255624, 320416, 423045, 278462, 118343, 4727, 430718, 366021, 431568, 442532, 354335, 248357, 249305, 66143, 337890, 148380, 240574, 148219, 101498, 282164, 437232, 327835, 143171, 205524, 46960, 285609, 369145, 59557, 110486, 251840, 475861, 495927, 364510, 204493, 333960, 349087, 68033, 466759, 22685, 235276, 16415, 138729, 276297, 287071, 230031, 201569, 174685, 327753, 186091, 483955, 148970, 110903, 281262, 496523, 382952, 160649, 172711, 388601, 352936, 151359, 64982, 449037, 74652, 340980, 126582, 33404, 314636, 41576, 182878, 329711, 2489, 373095, 429464, 383661, 328958, 355000, 225414, 392903, 367695, 408924, 276628, 144367, 2494, 123213, 288474, 296348, 79564, 180382, 489453, 205602, 132923, 235740, 2069, 321981, 322283, 425689, 29077, 190196, 9337, 450930, 178994, 158193, 457497, 478413, 4007, 379757, 48441, 203038, 350603, 365059, 51730, 489244, 395712, 134076, 84868, 487197, 188875, 410930, 88517, 485520, 99162, 405381, 168136, 210545, 399108, 303014, 16504, 88544, 201716, 484958, 46770, 307334, 141936, 299497, 250208, 195820, 495590, 326774, 342308, 168168, 40131, 109633, 77895, 105898, 420249, 278035, 408517, 392282, 154867, 255871, 1936, 66867, 63813, 419555, 99343, 199568, 24254, 139127, 458806, 25600, 423982, 435596, 370801, 435821, 243040, 9068, 238246, 74558, 135585, 334573, 233745, 380656, 258086, 396292, 21141, 125593, 93851, 308749, 4869, 122140, 344630, 72371, 352025, 289173, 458547, 52839, 364867, 207978, 128223, 10564, 304552, 416915, 466729, 38097, 437181, 355441, 194418, 253529, 475209, 84729, 133346, 377237, 80405, 482729, 65330, 77909, 51999, 393214, 227769, 248561, 169767, 418080, 463383, 321586, 41048, 247976, 165403, 123991, 129780, 440177, 156682, 82371, 319739, 440752, 353251, 384833, 119145, 207214, 347211, 353008, 243530, 428156, 100672, 138210, 315423, 365328, 225876, 149107, 39555, 227617, 373261, 324163, 167882, 275112, 376288, 10540, 127427, 60583, 30837, 397817, 496983, 408140, 476642, 405609, 32658, 352432, 337189, 147819, 262724, 97968, 473711, 456575, 95127, 182145, 324572, 101577, 220637, 358347, 292362, 333206, 82072, 222215, 305609, 62120, 411008, 264785, 219040, 230098, 369898, 356557, 110991, 34495, 474800, 117184, 240915, 27145, 186659, 256320, 318613, 449475, 49221, 383110, 122388, 106253, 1355, 170451, 393891, 132746, 426172, 407629, 237586, 254798, 487178, 394618, 420699, 173325, 96879, 108183, 69922, 130555, 378794, 67755, 327350, 339834, 422099, 133242, 479659, 209555, 396879, 354742, 198678, 272120, 353221, 353068, 131457, 257454, 479362, 490047, 497796, 105818, 94700, 127461, 347109, 407655, 489307, 282771, 154010, 358254, 405600, 251403, 323961, 177835, 171068, 427253, 274296, 13808, 483918, 170449, 202510, 305763, 23912, 317780, 149481, 234180, 100816, 350027, 154891, 170091, 467911, 25279, 101676, 215950, 242333, 162323, 159432, 181373, 384211, 246783, 337515, 239114, 148725, 362853, 274921, 264731, 409512, 329991, 20027, 201280, 427180, 291889, 70229, 153774, 452538, 215919, 39609, 369345, 196850, 248225, 284960, 247410, 498728, 41178, 373902, 349686, 163169, 247201, 372625, 365185, 1518, 78364, 329961, 412043, 321988, 226705, 344027, 312468, 230071, 195692, 153615, 372211, 290715, 15433, 174704, 369377, 452877, 461407, 129939, 128110, 424464, 332506, 246830, 369813, 70094, 65747, 113273, 121838, 224695, 1783, 7033, 419109, 449941, 295272, 437466, 460758, 191469, 215711, 397657, 330742, 385324, 324860, 406541, 122566, 330983, 465858, 406694, 394161, 289091, 268560, 279393, 199103, 254768, 104682, 411164, 447604, 327258, 235301, 104811, 234968, 26280, 257964, 149673, 127966, 66508, 198929, 52509, 150326, 358547, 496145, 63990, 34576, 117457, 134452, 22249, 392609, 216256, 153877, 480027, 289504, 316448, 491972, 411196, 106991, 129223, 470905, 80290, 175902, 396530, 143760, 310456, 436698, 233731, 422889, 160605, 166007, 438052, 143365, 115916, 62588, 236282, 222130, 304255, 248504, 314066, 48246, 155410, 436958, 112126, 339424, 462841, 402878, 363208, 150541, 245655, 449029, 497262, 278428, 11416, 13881, 15607, 383917, 397849, 225320, 26280, 449785, 435984, 26442, 87124, 483303, 345970, 99363, 111082, 419281, 201312, 74036, 96413, 212174, 141750, 329418, 11953, 305203, 37488, 269067, 41263, 22975, 120921, 491858, 298756, 112714, 225388, 14314, 319066, 119901, 438523, 435735, 256207, 197708, 238360, 447615, 214313, 345661, 392748, 400103, 44732, 419492, 289253, 26528, 127564, 100329, 147059, 178863, 176586, 485923, 116817, 379619, 275530, 74675, 394203, 153493, 486375, 414787, 41770, 72370, 290651, 411097, 259934, 358252, 433938, 349239, 10821, 444860, 82509, 198928, 140070, 233741, 256101, 38978, 143892, 251964, 46541, 164082, 263595, 453522, 93959, 237588, 281690, 337755, 226742, 408522, 154583, 442820, 10100, 358315, 276060, 274383, 307227, 237201, 207549, 246155, 107775, 406159, 384021, 490124, 27366, 374373, 29502, 132895, 334591, 276542, 388980, 170320, 8615, 195180, 7923, 143456, 24227, 142248, 160562, 486569, 289721, 477352, 462645, 483813, 126011, 8543, 249813, 24692, 261099, 237968, 465471, 220533, 489043, 13101, 211834, 477976, 149614, 202661, 321013, 324007, 447671, 165410, 494881, 44983, 21888, 273891, 34712, 60758, 164500, 104319, 213077, 336401, 398703, 299253, 85365, 109076, 19310, 310575, 477112, 338262, 263263, 237089, 274450, 485617, 379484, 160708, 456040, 115691, 34575, 75306, 286888, 162639, 173421, 262295, 51720, 447847, 251453, 246934, 273388, 234341, 336478, 432392, 212714, 223953, 407292, 375868, 63372, 445998, 155931, 84932, 299314, 27009, 470493, 428348, 341550, 49844, 4659, 242982, 244636, 84199, 360534, 48955, 277205, 87378, 463283, 18289, 369919, 336001, 405617, 360743, 445127, 155673, 426318, 499330, 318396, 449044, 467927, 407484, 408494, 345703, 404051, 55223, 270214, 36101, 128664, 411470, 420593, 241568, 94406, 99832, 114718, 329080, 372034, 131614, 338721, 23445, 354579, 266379, 198866, 37098, 190180, 366192, 240050, 406217, 203969, 122169, 494475, 417700, 423576, 5925, 49844, 136804, 32526, 148091, 128518, 120885, 400724, 178964, 255772, 471940, 337625, 448796, 65406, 409828, 455143, 244717, 107496, 396373, 158182, 341412, 194273, 230759, 83681, 28342, 483208, 263863, 311865, 334702, 457016, 496892, 284037, 170427, 194558, 423723, 83103, 344480, 106042, 490054, 124614, 219592, 334573, 389222, 292576, 240018, 29821, 310496, 251301, 341257, 170019, 392091, 253652, 488938, 61856, 28806, 165776, 102867, 344969, 409761, 400959, 293845, 332374, 139008, 164425, 41032, 98849, 149839, 441573, 133605, 127296, 337353, 222309, 128596, 95257, 449473, 145382, 256918, 425588, 346465, 308819, 412299, 478792, 215112, 413291, 235889, 371046, 382276, 320871, 370478, 272306, 35549, 420487, 32305, 52373, 184380, 73974, 493615, 258285, 240820, 434522, 354302, 462099, 244353, 290380, 21440, 233882, 87569, 432794, 198241, 476396, 45180, 38521, 51667, 382842, 171287, 435670, 412705, 487744, 477623, 409595, 123493, 299119, 445692, 147297, 125130, 464580, 350847, 51068, 448753, 478199, 14936, 178869, 68682, 9527, 325515, 21074, 184824, 365105, 423937, 126603, 127281, 302549, 478131, 105716, 243691, 173766, 460614, 187577, 357413, 429333, 41730, 247539, 478278, 427762, 256233, 175637, 262696, 373364, 14953, 474868, 48976, 355285, 133812, 415838, 74377, 346424, 268834, 48546, 55763, 54751, 466877, 439761, 366522, 269818, 13136, 333991, 275802, 275412, 102946, 224014, 148477, 381424, 70566, 357172, 298383, 322108, 130958, 324106, 436298, 88139, 350012, 255319, 207505, 183158, 263107, 469856, 188741, 27945, 320174, 279672, 123789, 340035, 93668, 291928, 47760, 187443, 155459, 51073, 12305, 362869, 91292, 495036, 205270, 389417, 472887, 264632, 119744, 368499, 198718, 124060, 275895, 147107, 345077, 134249, 278519, 62183, 258132, 226661, 119782, 21077, 22274, 196871, 214436, 388701, 29840, 311646, 407532, 326399, 217395, 485224, 60889, 356065, 292135, 274282, 492300, 134964, 467748, 128983, 350337, 492214, 431326, 388610, 207038, 376374, 232252, 404590, 461908, 72867, 86660, 297796, 374419, 159562, 152724, 138080, 354531, 311625, 130022, 99129, 394809, 59181, 273263, 463500, 128043, 74371, 381780, 139588, 391292, 52502, 324499, 56129, 15665, 395537, 428068, 424471, 309713, 405953, 289448, 182491, 22994, 175966, 486151, 300728, 58711, 401671, 313355, 286265, 162797, 292408, 493488, 257541, 446365, 101975, 165156, 496417, 58243, 88406, 158315, 285490, 482985, 46171, 483695, 189004, 76374, 392555, 350387, 314968, 389791, 85544, 455461, 476872, 126507, 293574, 243147, 432143, 39525, 160204, 428702, 220120, 171376, 250291, 364461, 104213, 454873, 66755, 127297, 244982, 133778, 374916, 196911, 171104, 363547, 333820, 359798, 272291, 485149, 234165, 25125, 217138, 71219, 270614, 61796, 333746, 54432, 420024, 381978, 448705, 316818, 168687, 332341, 122124, 88415, 136928, 257403, 36569, 210023, 130939, 64775, 384309, 427881, 451248, 342177, 259086, 324256, 453182, 88066, 445279, 108430, 474739, 71034, 322927, 357143, 355087, 117820, 9915, 210728, 116219, 205245, 232508, 111968, 99866, 252095, 108200, 236078, 259364, 298322, 85509, 499638, 477640, 92810, 333015, 173161, 137148, 2061, 12349, 142079, 425955, 254436, 222071, 488186, 61185, 432439, 207775, 406963, 424754, 92986, 460465, 120852, 291299, 380898, 444058, 68135, 291577, 147950, 441665, 114654, 415328, 137006, 19334, 368608, 439123, 466699, 289864, 283258, 253107, 223467, 420705, 39555, 141854, 280821, 350894, 187726, 74858, 141697, 275929, 178878, 331600, 472119, 306265, 88178, 108022, 229766, 470038, 268385, 126756, 19204, 291786, 435918, 180433, 209075, 161761, 200690, 413685, 315887, 213976, 308778, 345456, 173060, 319843, 352980, 463559, 238811, 336305, 152018, 149076, 59917, 350010, 439375, 260766, 79361, 412189, 292953, 103847, 142425, 357490, 55626, 60376, 381052, 425933, 158215, 204419, 150753, 358761, 267357, 305012, 5566, 447244, 15881, 179566, 277764, 276903, 231196, 437272, 460427, 244953, 15312, 41704, 47961, 52851, 169193, 456933, 255462, 230357, 89133, 453843, 409684, 77467, 451715, 425091, 151544, 83112, 125782, 11723, 52467, 408116, 375236, 495262, 400770, 161776, 394314, 301655, 261693, 118907, 478667, 322180, 491937, 291721, 23291, 162070, 497359, 332204, 197503, 489973, 464863, 357982, 65065, 96420, 136159, 256838, 256795, 25459, 239591, 176633, 169844, 42277, 375821, 413226, 181109, 46190, 341129, 71081, 346023, 159765, 254159, 95201, 62954, 188822, 108851, 45769, 100081, 14018, 399823, 292438, 378545, 321804, 300069, 314652, 363671, 405311, 12011, 321815, 143085, 194806, 61795, 485407, 29311, 474525, 42687, 261262, 287631, 193288, 304586, 118257, 89585, 132962, 56614, 250035, 107172, 344657, 66593, 380498, 143953, 200128, 298269, 300801, 156660, 220496, 320525, 84560, 282835, 84356, 165078, 87899, 363596, 276208, 254545, 109549, 202415, 258663, 491456, 158332, 414713, 419499, 246309, 317710, 290224, 335586, 397214, 423051, 363594, 68441, 118425, 4571, 397782, 328413, 356382, 34290, 448610, 352402, 26144, 128242, 122993, 110327, 20675, 80416, 469851, 257560, 100830, 106640, 401642, 468872, 493788, 479163, 326055, 145420, 29521, 284813, 166315, 347277, 79563, 22229, 286952, 291653, 322258, 29965, 231954, 498138, 485121, 251618, 293009, 156403, 195816, 260652, 200041, 23498, 157938, 423931, 140723, 317430, 46180, 389858, 213095, 471547, 440620, 499878, 43210, 373970, 227709, 488408, 360503, 239375, 280920, 187094, 367456, 365197, 158677, 163658, 344048, 192512, 374272, 482090, 132736, 391385, 200284, 186731, 373380, 246899, 131189, 452439, 292280, 264238, 92995, 383519, 314130, 89702, 455746, 361216, 78508, 125799, 409515, 428902, 404990, 302624, 373277, 293404, 488405, 457825, 465139, 85670, 95512, 141867, 129724, 75406, 149237, 427523, 254187, 246616, 288418, 76071, 133028, 56127, 307388, 298787, 268397, 199398, 65342, 296258, 241269, 365400, 231967, 494672, 217000, 415815, 271568, 482306, 133867, 280078, 336161, 381001, 128323, 288103, 348578, 49370, 190728, 337798, 301310, 156379, 460263, 366086, 355974, 54946, 45941, 85280, 93191, 109196, 374622, 19035, 450547, 359711, 70703, 401212, 113271, 480188, 320730, 439549, 21725, 252205, 335562, 277809, 87500, 155467, 411538, 480122, 60486, 293735, 320427, 149148, 418907, 333891, 284368, 286675, 195519, 218428, 454525, 104172, 135945, 297237, 441049, 288699, 228619, 159770, 451680, 260761, 248148, 94957, 454479, 8288, 248725, 263413, 41157, 15825, 24459, 223472, 182331, 241062, 146038, 187775, 356049, 92442, 185422, 94783, 157706, 7221, 98574, 99296, 462919, 382183, 424324, 253942, 382715, 94463, 216738, 53678, 265708, 183040, 43697, 298246, 257749, 128295, 149720, 202077, 124093, 478288, 61199, 451438, 7916, 259169, 10007, 170504, 485021, 273054, 176597, 155447, 174222, 31777, 425111, 1860, 270415, 451507, 364613, 201789, 41582, 34494, 70520, 40085, 146278, 218277, 488221, 37795, 95635, 108590, 108541, 208758, 174776, 417667, 143689, 362857, 61068, 356000, 93045, 71896, 378026, 350505, 208713, 80448, 166300, 376820, 295443, 83415, 336251, 164306, 43068, 383277, 267617, 47680, 333943, 104889, 477237, 12455, 161637, 298317, 398895, 396693, 280847, 154348, 430801, 158518, 166322, 142207, 182407, 19780, 495628, 316269, 294676, 320369, 134314, 375449, 48065, 371671, 186147, 277924, 489612, 102203, 122359, 342000, 495262, 438797, 120680, 69156, 9921, 407233, 289837, 489345, 276110, 297436, 472206, 418473, 320023, 432687, 19640, 280254, 65999, 444067, 210026, 363529, 200463, 347694, 349743, 55542, 466486, 62379, 120389, 11512, 323979, 495597, 449987, 166935, 24383, 331545, 324258, 229188, 458029, 378129, 345378, 366722, 127038, 295632, 144489, 207863, 192544, 346841, 320804, 314309, 101424, 76266, 113238, 191452, 92308, 32624, 449335, 346006, 90275, 137321, 404948, 221121, 286042, 227773, 127810, 470616, 6588, 363336, 405758, 321768, 476973, 224680, 146500, 219328, 147715, 103306, 323255, 421674, 391371, 390051, 16929, 123185, 249589, 232749, 430239, 205071, 247455, 468555, 456622, 77783, 14251, 321215, 470340, 238138, 370935, 322082, 215574, 176852, 96966, 171592, 156234, 273383, 458578, 499473, 92262, 112529, 283382, 143678, 376785, 489456, 438852, 202080, 477814, 240659, 439893, 125074, 17284, 286843, 12684, 137584, 463069, 68088, 157546, 336140, 13435, 339686, 110261, 169289, 396590, 87236, 248189, 174153, 79087, 413887, 325109, 296235, 287301, 369766, 383745, 247609, 268889, 191507, 153006, 67909, 245275, 117064, 29864, 490292, 348640, 165010, 406747, 314413, 283317, 156030, 107482, 184340, 480201, 83969, 332289, 466905, 208926, 97380, 254039, 384121, 139510, 324454, 358903, 346188, 361766, 460866, 49959, 352455, 409697, 242112, 266682, 278880, 364604, 255904, 489868, 418594, 497788, 395004, 474266, 346166, 196062, 175586, 193072, 202490, 273219, 438431, 148449, 211610, 457387, 348764, 372248, 393761, 5767, 175503, 340313, 286391, 468882, 76815, 475303, 479807, 36462, 442056, 53252, 288903, 402683, 207989, 429572, 125236, 104892, 124896, 464633, 437637, 265999, 405868, 192711, 350144, 286473, 236251, 333723, 142009, 46427, 468111, 49051, 89009, 435851, 178155, 374950, 236963, 24615, 375721, 90094, 315570, 137689, 102077, 183505, 37447, 16798, 32980, 221529, 262789, 356525, 324240, 122432, 107182, 348354, 263759, 311275, 90481, 408578, 131948, 422190, 187509, 328461, 179517, 825, 413517, 246623, 479180, 310862, 410123, 454482, 27028, 51914, 51913, 105048, 338643, 95364, 416744, 408733, 226337, 384390, 42848, 400822, 351241, 465206, 387170, 144590, 17347, 471138, 258551, 127518, 449642, 349065, 349028, 247603, 243276, 334278, 482350, 160239, 27723, 343065, 239069, 102417, 442869, 275089, 298416, 258938, 3314, 183653, 128769, 104670, 89762, 100523, 357822, 432044, 105328, 368155, 238939, 461396, 381634, 459278, 281458, 85639, 386269, 272771, 14907, 373996, 65384, 291733, 348613, 496290, 153526, 50865, 271867, 166747, 393755, 193420, 253140, 336164, 494844, 421754, 2345, 433454, 359614, 451429, 308574, 117692, 326709, 489486, 197758, 230924, 154258, 309740, 30, 241205, 65640, 146834, 350091, 375311, 114282, 308507, 76352, 193416, 458779, 87464, 493350, 176029, 483399, 159487, 149348, 46400, 199723, 53204, 89121, 95588, 369364, 7433, 159400, 345793, 445564, 7951, 313880, 320439, 255705, 285036, 194047, 128215, 16034, 63762, 252841, 430796, 402057, 223387, 248846, 199973, 377239, 354625, 178077, 416729, 368409, 67438, 134704, 121522, 40880, 93207, 410233, 455334, 113574, 11362, 226904, 436917, 43092, 210051, 345463, 104214, 45706, 5638, 189188, 218298, 84308, 241265, 495319, 170454, 273892, 252506, 456338, 235699, 445443, 30895, 3855, 499793, 410784, 496431, 166142, 93748, 345781, 209878, 94038, 20972, 18403, 437895, 199327, 153497, 91719, 123840, 4835, 407671, 451928, 133276, 231771, 165595, 250430, 185458, 408577, 423561, 457597, 299187, 84851, 317311, 80725, 448156, 105476, 463591, 65156, 246137, 485160, 6772, 460691, 14217, 249852, 165504, 123366, 253020, 20217, 136917, 409498, 184076, 348014, 470558, 136248, 95201, 181103, 371742, 199948, 11838, 219200, 150059, 341134, 490984, 428075, 435637, 226011, 258573, 23479, 441628, 91299, 145926, 35029, 89287, 410336, 232707, 202000, 298307, 187920, 409542, 305208, 85617, 474807, 227613, 461544, 273416, 272215, 114254, 211473, 299262, 488045, 112845, 302757, 355309, 269048, 86446, 175391, 252300, 264046, 230382, 34168, 380109, 171045, 432903, 346090, 478013, 369470, 470093, 477140, 212642, 30597, 290186, 359032, 348841, 485791, 452763, 9919, 473414, 424384, 62307, 140723, 1860, 203260, 324454, 137841, 417475, 9499, 14000, 389320, 184813, 44614, 202219, 278983, 361695, 225928, 74757, 337192, 349771, 276473, 226179, 445195, 13172, 110113, 286393, 497289, 326951, 120499, 73237, 253182, 117387, 395095, 89269, 1051, 107582, 137741, 460522, 228460, 164902, 221375, 11127, 107541, 101719, 144139, 449107, 288463, 464935, 300813, 477278, 74759, 23842, 283160, 29738, 6216, 469270, 359434, 169346, 153070, 299525, 83979, 425792, 63267, 280486, 337707, 471613, 375709, 242034, 428693, 130963, 456079, 159141, 324496, 116305, 446005, 327459, 202497, 376333, 18186, 340616, 35901, 48917, 156046, 83906, 229832, 255432, 454766, 303435, 378752, 201491, 77876, 262077, 471404, 173579, 356655, 252448, 133934, 299304, 305212, 473428, 319430, 275760, 175307, 454868, 10487, 126357, 168713, 88085, 304419, 12522, 426173, 89843, 311670, 322597, 53175, 95324, 184470, 23441, 299217, 183842, 226366, 171710, 344127, 75644, 158865, 401980, 460764, 190675, 253547, 218504, 282430, 110542, 470007, 278456, 84454, 470560, 197616, 59464, 37402, 259069, 257673, 427159, 203608, 225444, 167152, 20488, 32673, 407382, 116090, 165990, 291474, 364357, 396288, 431952, 405401, 444310, 375151, 269699, 372326, 311730, 388519, 44611, 245611, 22213, 180105, 266774, 252438, 98667, 238292, 168207, 422315, 23184, 3381, 301564, 250843, 352791, 399883, 439580, 256765, 467405, 78200, 449537, 370151, 342371, 20477, 31571, 421754, 290315, 410138, 329514, 134985, 246519, 100063, 24423, 252450, 1872, 194854, 272595, 16174, 51561, 405331, 16446, 63230, 426331, 130993, 21251, 408734, 264291, 54180, 77450, 407636, 278766, 188954, 83954, 3786, 209811, 80198, 310865, 498515, 245424, 85071, 433744, 41751, 341558, 46804, 288172, 456979, 17444, 117809, 402353, 159220, 111124, 27357, 208109, 146537, 170728, 263704, 321695, 211237, 479515, 373924, 83776, 459199, 466323, 126778, 203896, 108226, 205182, 269083, 484158, 497378, 133088, 429681, 65217, 118043, 398310, 59919, 159890, 256411, 223257, 449083, 155388, 378881, 133914, 247554, 125555, 160572, 287059, 181344, 309162, 236189, 266597, 419351, 493079, 208476, 158064, 359793, 179646, 167388, 479444, 44819, 259502, 27395, 331051, 350718, 216334, 456601, 342395, 234299, 337590, 441456, 13557, 243382, 310089, 444262, 487588, 460423, 187455, 33248, 160149, 356982, 209926, 278324, 305581, 24847, 930, 55503, 488751, 143187, 253237, 171335, 188466, 154150, 66299, 209941, 64582, 212315, 326408, 176066, 140431, 30761, 355253, 275905, 191061, 120329, 276527, 384745, 152368, 226576, 354795, 116103, 430884, 388178, 487420, 117746, 321664, 466805, 414357, 340313, 189280, 63920, 256096, 346987, 157712, 9512, 183957, 117654, 180463, 310647, 160590, 367996, 496271, 66452, 495578, 374565, 354, 279455, 392753, 269338, 398282, 164725, 485506, 247180, 66538, 280901, 9620, 413235, 312894, 95480, 157745, 1592, 226489, 382752, 218441, 99267, 220177, 105679, 287264, 9425, 395393, 385802, 343809, 454572, 80623, 336827, 478866, 293765, 474482, 271514, 317051, 406730, 372946, 215343, 186198, 498151, 118610, 451668, 101945, 297545, 84571, 223783, 409738, 468763, 200251, 423397, 121309, 288686, 340306, 78739, 22529, 99005, 17678, 251094, 93197, 460702, 234980, 339655, 188669, 43242, 11146, 19667, 33127, 3170, 202993, 437871, 369308, 212816, 483466, 364210, 466187, 494167, 121183, 343999, 400893, 374065, 234555, 3236, 275218, 101317, 195254, 87475, 357195, 156248, 93667, 204702, 333048, 10306, 156674, 330758, 122634, 61221, 427389, 471961, 4014, 190156, 464605, 414403, 65162, 244108, 228109, 147089, 15296, 286736, 123477, 204816, 205548, 358241, 224652, 296767, 75873, 379354, 42416, 151749, 469792, 495362, 120702, 353398, 118612, 250735, 449937, 397606, 378319, 222730, 106933, 313803, 81460, 199243, 326071, 152315, 183679, 328156, 362131, 278628, 341806, 475120, 218248, 213684, 43412, 330281, 349078, 236656, 50285, 261567, 69766, 131630, 336702, 4020, 13084, 246313, 479426, 479525, 25538, 36235, 112854, 493967, 497652, 371207, 248353, 389561, 475223, 5534, 173406, 315599, 121548, 268392, 474297, 366632, 233833, 1024, 25079, 495254, 218177, 168235, 312047, 414594, 77931, 168089, 88353, 353250, 214669, 485227, 411181, 225984, 171843, 486934, 41244, 306896, 394465, 362638, 376635, 422842, 499462, 371463, 24290, 394263, 136403, 37633, 355341, 334858, 238567, 21806, 69393, 79546, 471923, 25729, 240436, 37135, 131085, 163957, 81310, 463572, 110593, 248684, 372570, 224828, 254034, 492936, 125557, 31180, 470936, 360381, 306011, 65190, 342335, 223560, 135191, 253386, 280156, 271836, 92118, 271625, 340180, 145780, 457871, 15172, 336261, 309161, 58040, 328069, 112795, 35715, 176700, 3193, 144406, 31562, 440533, 499567, 181326, 188426, 57052, 404310, 428214, 386878, 406419, 185835, 416693, 389481, 388670, 204581, 54519, 161803, 261052, 128743, 30063, 120177, 172643, 402113, 24537, 430928, 47164, 156355, 198420, 356728, 10430, 276109, 222971, 463306, 182741, 302112, 370022, 271021, 484634, 240637, 392398, 383504, 484655, 39109, 356482, 79498, 450584, 53068, 207406, 49489, 243380, 14270, 278221, 365516, 274876, 424608, 187217, 143487, 112705, 403077, 268647, 129317, 400479, 62453, 267933, 19717, 247871, 338499, 178229, 336532, 251194, 473567, 142741, 190707, 263841, 329633, 199524, 110557, 75921, 397659, 408795, 241011, 21992, 269787, 366250, 276618, 227832, 422237, 141224, 243059, 62507, 262530, 327558, 259027, 370482, 398369, 172718, 298593, 22480, 7056, 482099, 203900, 210260, 152615, 475047, 485904, 5459, 79330, 148178, 187327, 265469, 440684, 314808, 137070, 329612, 392173, 385925, 177680, 428139, 286499, 437457, 472504, 269985, 408194, 234200, 494584, 305236, 453595, 469617, 440746, 6734, 278767, 420214, 326509, 475436, 473559, 319112, 132879, 185402, 256617, 134020, 233028, 127278, 398276, 377787, 31953, 355150, 427975, 241828, 437579, 136126, 186858, 248350, 96361, 315197, 406268, 218912, 484603, 395264, 300325, 448859, 274811, 493632, 334078, 438048, 317272, 150057, 423531, 106407, 384058, 366499, 435640, 125274, 479788, 430965, 461777, 367101, 460130, 151389, 414557, 245156, 330248, 258650, 362547, 161159, 346234, 320342, 143352, 99268, 221050, 314325, 368402, 348824, 409260, 63624, 203264, 265411, 467617, 462057, 70531, 86446, 472197, 435620, 307790, 43687, 378966, 369547, 495840, 340387, 100422, 258920, 424207, 393434, 304172, 357366, 365503, 56883, 207096, 29927, 369046, 490607, 329787, 124118, 461410, 229326, 200839, 35108, 366090, 317525, 301057, 335310, 242240, 433890, 4787, 352144, 342250, 252152, 231135, 73350, 117790, 217973, 11979, 182012, 67916, 99800, 432638, 153504, 15326, 42218, 462337, 268435, 319383, 20474, 386901, 94978, 450055, 239732, 294004, 470229, 70306, 19596, 109621, 437209, 158736, 413834, 124919, 341411, 441434, 248091, 286660, 105637, 497442, 387231, 178389, 362509, 55759, 62856, 114225, 211730, 80776, 374745, 74654, 14957, 125876, 380465, 236057, 449115, 147491, 17736, 359506, 23900, 316982, 380505, 438151, 328955, 389320, 240670, 23673, 213857, 51868, 313876, 394493, 44884, 367169, 356506, 343508, 487199, 392545, 324398, 321797, 167075, 125266, 14341, 461803, 346486, 398389, 377801, 183699, 119902, 146877, 314633, 42581, 190257, 217244, 18166, 494696, 343643, 71871, 200061, 400762, 128556, 57056, 70921, 226772, 146897, 422537, 401702, 439843, 276710, 284339, 446176, 58240, 478038, 225106, 415985, 48450, 353426, 22694, 481762, 426873, 350675, 79052, 88968, 28803, 155206, 255586, 90597, 85221, 234118, 163831, 399830, 435066, 161164, 201717, 363487, 407517, 27013, 234501, 333847, 41499, 355781, 8062, 419893, 329495, 211280, 289571, 345823, 124587, 440401, 5400, 363701, 55908, 434206, 393365, 209627, 182088, 382383, 396896, 252629, 261032, 267978, 69469, 293699, 107972, 418563, 463392, 286528, 252652, 218939, 203260, 11052, 114666, 233036, 425943, 243049, 227550, 71975, 225578, 16068, 379649, 99337, 404756, 158698, 88793, 279880, 305440, 171647, 251188, 18461, 386769, 229752, 299551, 210905, 6413, 326755, 423185, 482802, 494694, 65154, 28913, 40180, 125174, 107021, 483925, 146712, 276145, 376229, 186830, 162776, 30626, 126186, 386265, 196586, 35080, 294348, 92937, 142495, 343208, 295933, 237614, 86221, 80212, 243496, 49660, 225804, 285286, 476732, 438222, 408790, 118690, 88570, 27496, 281736, 466323, 361735, 409191, 476887, 359250, 248559, 248116, 145015, 5966, 493904, 471154, 34359, 231422, 31657, 122395, 264535, 72035, 396274, 395775, 121468, 28862, 13833, 436803, 93475, 16889, 386019, 463946, 326968, 430592, 131284, 162222, 376936, 287429, 328229, 295898, 359312, 89166, 143604, 321229, 339441, 124522, 434912, 419766, 493440, 135138, 377808, 459469, 73633, 17727, 36454, 355302, 152127, 456881, 373758, 390599, 29740, 404255, 269964, 410493, 477771, 92510, 242811, 392007, 310720, 85329, 483124, 275142, 202084, 486095, 4083, 425966, 471803, 95792, 50027, 338242, 202879, 271434, 120423, 106683, 457393, 340693, 115664, 91795, 317198, 435513, 395093, 108585, 476105, 150010, 460882, 327373, 60586, 232695, 337890, 294622, 146463, 73619, 439784, 278581, 475750, 202278, 458764, 71068, 69897, 438153, 56594, 329559, 209581, 123537, 303741, 194171, 357109, 60997, 419847, 241463, 373236, 174286, 369621, 205102, 4279, 195954, 426999, 157377, 368794, 57758, 383758, 325129, 278340, 290099, 239674, 171384, 243511, 297240, 201866, 284344, 232849, 22694, 51703, 115121, 491866, 433032, 293891, 287313, 370342, 414526, 484303, 303350, 315296, 225347, 55676, 102712, 408001, 434002, 205237, 360277, 154210, 344505, 202524, 382912, 300478, 404338, 393069, 233862, 477563, 473062, 396115, 101424, 95230, 496700, 181787, 161611, 83403, 312960, 235394, 371312, 476710, 409107, 67808, 448800, 30718, 462488, 183519, 413081, 393523, 110660, 207177, 461016, 5219, 127466, 288382, 421492, 142290, 179078, 136956, 279367, 443453, 420078, 481508, 398837, 40681, 347546, 402687, 102626, 347600, 240935, 466592, 170455, 80237, 53515, 374655, 179667, 55730, 303240, 359758, 109439, 409531, 233886, 172223, 165681, 58106, 96884, 182755, 491447, 405785, 227018, 421075, 375544, 311385, 100186, 71962, 489808, 397584, 334631, 462385, 117911, 456059, 318214, 154287, 38959, 387484, 100088, 119544, 192545, 230149, 60855, 375247, 12188, 104472, 394003, 277622, 42772, 234929, 471833, 366430, 478171, 437914, 340658, 407786, 499964, 186979, 326795, 65306, 473103, 224087, 47209, 201245, 159384, 300015, 200930, 31777, 148759, 48400, 48824, 103672, 12964, 136985, 216145, 487344, 180917, 247490, 391842, 465664, 304204, 207114, 144031, 165480, 370966, 443391, 329097, 179250, 203029, 174704, 78480, 207963, 338363, 20657, 483143, 162582, 332181, 166984, 292494, 293617, 304050, 330650, 158571, 183279, 313428, 262, 329418, 133292, 67503, 66077, 301166, 51709, 240471, 196694, 67211, 138795, 406604, 356466, 406, 331948, 33573, 310214, 366628, 362177, 398629, 70145, 442656, 171126, 335067, 149007, 262533, 425113, 227685, 122742, 384598, 491115, 377836, 7159, 258907, 152507, 87515, 3371, 388205, 197890, 104379, 145777, 432721, 414184, 255569, 442971, 324023, 457093, 186970, 221760, 274531, 151859, 404484, 29348, 471583, 454418, 331022, 207271, 419658, 168463, 309181, 371633, 166400, 450209, 192307, 123365, 341470, 352575, 162671, 348419, 472413, 301720, 381992, 213906, 404512, 381408, 345942, 401243, 27833, 219771, 139900, 167020, 217677, 334817, 74608, 86481, 396594, 213907, 379206, 150495, 312397, 255727, 62935, 248572, 376015, 421383, 72376, 102747, 434010, 129938, 312604, 319015, 85580, 192811, 112470, 105602, 419112, 352781, 410585, 100588, 140924, 77844, 242163, 354640, 400170, 8629, 459765, 412176, 132784, 87168, 108963, 476976, 21177, 293165, 12630, 325577, 455518, 432434, 196256, 327132, 109641, 401856, 218251, 355884, 428404, 455492, 112335, 252969, 332215, 229193, 126714, 24703, 421013, 260671, 224597, 448505, 59120, 228862, 473299, 168459, 426370, 390778, 484533, 224958, 81585, 258981, 165005, 440263, 318657, 305114, 371022, 210605, 19105, 185792, 334179, 219591, 176232, 254685, 281401, 434935, 461646, 32003, 443435, 60311, 177725, 353805, 345523, 151611, 101100, 713, 140448, 217296, 451303, 119395, 100432, 451218, 286705, 152637, 62342, 113436, 1384, 490200, 355009, 462181, 485176, 162040, 373038, 467356, 309005, 93202, 397815, 194562, 168640, 386628, 426911, 327075, 334491, 277539, 79321, 101333, 87417, 380404, 48009, 347387, 139237, 155402, 157619, 83966, 407014, 120901, 470320, 285953, 110349, 344855, 217847, 407139, 465472, 448386, 105625, 376781, 454779, 146447, 274384, 97736, 201776, 415602, 397583, 382598, 349280, 445387, 294597, 230940, 72758, 150104, 10457, 17206, 242820, 188672, 253161, 413133, 266735, 150014, 225968, 332428, 184003, 354417, 119731, 401407, 307170, 125642, 249012, 66076, 292190, 209029, 459626, 335363, 288481, 233695, 306324, 239807, 306538, 440203, 377454, 251774, 307639, 191492, 476655, 91444, 139539, 34770, 89127, 319910, 231119, 43586, 255797, 399834, 239856, 405902, 250276, 46018, 493685, 102174, 62894, 103344, 149460, 491239, 15935, 137341, 452621, 413023, 356842, 176259, 234382, 377719, 121430, 472426, 291433, 9419, 342634, 315044, 240306, 471949, 56971, 322708, 291601, 300311, 190699, 209550, 440412, 369644, 51934, 223541, 418113, 478690, 245513, 46903, 271810, 223101, 383807, 440238, 88745, 121072, 415315, 88085, 64861, 464041, 372041, 390640, 481585, 236498, 205598, 469851, 405457, 279764, 41548, 233801, 423047, 125872, 37728, 8994, 391167, 213249, 33098, 148221, 44053, 241252, 287384, 292000, 479460, 310127, 440040, 306249, 498069, 383534, 337810, 409721, 32063, 256839, 188349, 407452, 67822, 28436, 389273, 54578, 73879, 43237, 338452, 424338, 88060, 79356, 265570, 459766, 51254, 195057, 476651, 171994, 141187, 175205, 33947, 290581, 137482, 84667, 352018, 53567, 84888, 109604, 478860, 84703, 251683, 247832, 274468, 48132, 387480, 338103, 436987, 355719, 487337, 206271, 129049, 154050, 379812, 34517, 223300, 286485, 390836, 290719, 322752, 288038, 314799, 32464, 35336, 440565, 253471, 54539, 95176, 279148, 95458, 27014, 208447, 302539, 56723, 305637, 44216, 258875, 231853, 279579, 237038, 355063, 270615, 163473, 369025, 373624, 87673, 405432, 321821, 410191, 292713, 212294, 479090, 146683, 479558, 4235, 371284, 192356, 260143, 37548, 33000, 173787, 300568, 163524, 131231, 495758, 412376, 95968, 440147, 303892, 355739, 463027, 140131, 98454, 235469, 462252, 264210, 67744, 310111, 397383, 178034, 205325, 142270, 226268, 333670, 284114, 335503, 99870, 455915, 312021, 217303, 84659, 424112, 286994, 432284, 393135, 465519, 227355, 306425, 399489, 208038, 260607, 303225, 175057, 263256, 106825, 423208, 206785, 319329, 77802, 242471, 210837, 414018, 190781, 71532, 336118, 322491, 293566, 389078, 259738, 463914, 133566, 41003, 359127, 333814, 380771, 459299, 99305, 424419, 456228, 78932, 423898, 240289, 268351, 232778, 486998, 340500, 23539, 383099, 258606, 487643, 451331, 270791, 276623, 195374, 386821, 331149, 332890, 388411, 419406, 343443, 222045, 320082, 398370, 68797, 36602, 54447, 346771, 469336, 152767, 147935, 132641, 9417, 10667, 362172, 93880, 310844, 275679, 96642, 209881, 360333, 85388, 441972, 233951, 158895, 221254, 282920, 217212, 350320, 375131, 446171, 265540, 386909, 469947, 432182, 151359, 491121, 226197, 57451, 123677, 414857, 234422, 320251, 220273, 104149, 363862, 414044, 304976, 152409, 171236, 347471, 52655, 78636, 35352, 72027, 37467, 376843, 237626, 50379, 200448, 248405, 214961, 217650, 71108, 419164, 348282, 80237, 76901, 142777, 248285, 66870, 92156, 83640, 365726, 391443, 462774, 373504, 82062, 79937, 248826, 64714, 391570, 385216, 227288, 33291, 222839, 295990, 293802, 370060, 213241, 116879, 309963, 136023, 475953, 176875, 493573, 71933, 479445, 380566, 258599, 4589, 143243, 480721, 308708, 381985, 422510, 13116, 388566, 236878, 474437, 247651, 424307, 424233, 142990, 433389, 230983, 447689, 244538, 101391, 372724, 298333, 220417, 10406, 330104, 296429, 338565, 311182, 469952, 345658, 384051, 323165, 332623, 72316, 440712, 385903, 300138, 245553, 238587, 270094, 429512, 197010, 370432, 320381, 381426, 228285, 286368, 320078, 407005, 184792, 202407, 241355, 264503, 275300, 439953, 221808, 301605, 484978, 206705, 425959, 396354, 470816, 66234, 412016, 226346, 83345, 234105, 192577, 498544, 498308, 466697, 252000, 425865, 426198, 169653, 51227, 10347, 358587, 384952, 169787, 434347, 209803, 54098, 150696, 453524, 352136, 47398, 16410, 282049, 57006, 213762, 37084, 396720, 261098, 317614, 404378, 461638, 347844, 37133, 199856, 256548, 400752, 37850, 142303, 114048, 57142, 479506, 428109, 300751, 343788, 456692, 229695, 9790, 458147, 109004, 219261, 49085, 438345, 103376, 166078, 267050, 235224, 438450, 641, 46619, 132683, 444740, 317871, 72507, 61283, 167626, 353445, 151113, 418534, 247447, 427232, 428450, 228576, 499057, 139834, 103188, 149658, 322493, 476647, 429888, 250277, 312916, 284566, 435239, 61087, 386978, 76744, 79679, 113378, 121479, 116760, 396372, 398047, 111990, 78058, 238903, 232392, 9232, 241924, 128152, 402373, 215708, 258656, 148971, 149588, 158475, 156272, 243013, 160047, 456817, 321833, 251087, 246288, 216723, 336038, 33394, 161919, 231614, 289100, 158069, 271436, 85229, 490230, 195363, 82118, 297543, 58240, 179056, 145402, 384565, 158238, 498121, 278522, 150421, 270265, 316435, 361808, 96856, 244924, 275890, 413905, 347787, 106983, 164477, 267682, 89713, 370980, 15324, 376210, 425081, 375289, 258730, 26602, 213549, 118389, 225020, 324538, 144167, 124983, 181369, 167529, 112786, 423905, 157273, 442543, 463221, 4125, 477315, 446078, 201499, 416893, 169687, 395467, 317267, 254243, 77745, 140139, 150548, 299464, 32851, 52025, 255662, 62934, 173126, 466764, 106326, 321216, 57943, 416212, 340437, 444226, 88654, 371649, 211734, 463633, 294129, 432959, 81097, 27140, 169296, 8747, 350428, 41149, 210234, 472946, 184116, 487677, 251256, 325846, 372328, 78720, 384191, 428874, 304675, 299231, 436587, 271636, 50443, 399401, 324981, 171118, 2793, 176831, 114629, 484505, 470884, 121595, 245618, 160277, 305160, 54748, 285997, 219503, 348732, 424582, 396880, 257833, 183921, 224614, 448296, 194226, 271864, 433616, 214767, 36395, 125422, 355970, 298851, 52012, 105210, 176724, 451056, 419806, 239280, 87528, 267151, 133570, 175659, 85715, 263665, 113669, 484453, 309928, 161118, 401424, 229012, 26218, 209084, 455244, 295839, 180156, 269901, 220846, 29557, 438451, 31740, 350312, 121358, 453704, 77540, 86223, 126155, 445125, 299812, 401281, 79978, 474799, 240912, 309957, 136133, 390804, 169066, 270244, 189496, 384284, 79277, 302712, 249669, 2379, 211523, 4734, 433544, 117220, 30783, 69372, 377804, 20898, 380711, 40851, 27384, 38057, 311188, 167988, 261457, 292155, 169549, 53100, 364169, 360936, 117082, 218789, 303665, 86093, 114378, 191664, 43255, 313098, 9886, 134470, 29839, 9322, 380358, 207295, 113133, 394247, 36276, 305260, 331789, 116003, 410338, 203333, 422916, 70161, 265897, 421585, 193959, 379798, 412155, 160524, 209408, 169740, 260738, 495881, 28045, 256430, 454801, 274836, 130704, 483252, 227679, 52440, 130068, 309811, 367203, 390364, 354560, 461440, 105901, 409085, 23411, 170885, 499841, 321223, 339446, 264633, 60224, 441303, 66825, 195648, 339429, 384367, 480264, 349, 204094, 86259, 285510, 71986, 58487, 36954, 232688, 130524, 312720, 305643, 367570, 478680, 450288, 93624, 217538, 118395, 499000, 74788, 463707, 285641, 115763, 26469, 53300, 220048, 415687, 481570, 14508, 123334, 461425, 192407, 89703, 327258, 230663, 39828, 452115, 182877, 405275, 188609, 198307, 204557, 437331, 409811, 94549, 297808, 13226, 485616, 143542, 151759, 317882, 105640, 391202, 380943, 143713, 462152, 459562, 453346, 50287, 234361, 274976, 339098, 10325, 313923, 94505, 428294, 286276, 350997, 80150, 11642, 390012, 420704, 76627, 1747, 98179, 407372, 260945, 285006, 370042, 282916, 431153, 367619, 288433, 470046, 144742, 467432, 486722, 430971, 342942, 434752, 483982, 282262, 178250, 261116, 145521, 191303, 469898, 182788, 183712, 179914, 424080, 367252, 41941, 17414, 424899, 460892, 448435, 153686, 57335, 236238, 384757, 323862, 210311, 479211, 322136, 193362, 200891, 354894, 104804, 320117, 339058, 154857, 405847, 178024, 36872, 356663, 256206, 62975, 240399, 201519, 25941, 290940, 469080, 392805, 50677, 302501, 371718, 138827, 360287, 465099, 479643, 26663, 375186, 16354, 217280, 65756, 429987, 91625, 258677, 189595, 104184, 457424, 481431, 379521, 165765, 47106, 59737, 109844, 478511, 243431, 27238, 110670, 326807, 291688, 412705, 118223, 169408, 140069, 418383, 280750, 115602, 56040, 320608, 260472, 396303, 55966, 458080, 435568, 356659, 61494, 81588, 454551, 362480, 424502, 54986, 50309, 305310, 285300, 134520, 241390, 431053, 248366, 133911, 302171, 399698, 379402, 324022, 156755, 226399, 262000, 324197, 184325, 254084, 135996, 40896, 429203, 323327, 105536, 189835, 326849, 225823, 370809, 262179, 400253, 74796, 15674, 364814, 439950, 435215, 47289, 189053, 229279, 133955, 57852, 128519, 347603, 57808, 201564, 31407, 224260, 350873, 216113, 255593, 219522, 62728, 366840, 101260, 465367, 369838, 357081, 26630, 379866, 185642, 286931, 295305, 43400, 400889, 333957, 27997, 303447, 205586, 333697, 484848, 59966, 55463, 339844, 351922, 444609, 448182, 355933, 439733, 105344, 189125, 11144, 176604, 21454, 438431, 295271, 54500, 35081, 290173, 219789, 494918, 30190, 33317, 227066, 494985, 111570, 355177, 337604, 184556, 159776, 263716, 219646, 40676, 323930, 312728, 212356, 136168, 288284, 401977, 225901, 210168, 399506, 113259, 447835, 53459, 98696, 167720, 496069, 459603, 467776, 135837, 444382, 272563, 435782, 419863, 468542, 370588, 450532, 362537, 342360, 372641, 472371, 298920, 150087, 190901, 421466, 160049, 49, 286223, 284603, 105564, 489484, 103331, 1569, 33517, 256540, 368690, 351204, 489671, 26205, 299627, 384448, 372047, 416228, 494400, 492255, 102328, 445005, 298482, 179545, 340364, 1317, 100020, 53500, 302144, 181124, 285209, 383356, 149839, 485847, 432009, 51358, 69001, 409126, 156160, 3373, 263127, 376217, 137569, 333060, 354898, 239124, 242726, 155038, 428858, 460755, 406640, 276508, 71269, 211128, 553, 146186, 408726, 51458, 5232, 372719, 258156, 18810, 4178, 128258, 173047, 113034, 307, 277149, 363647, 54923, 256009, 417273, 58531, 269120, 67843, 328695, 276579, 315000, 42295, 454370, 249382, 55080, 164908, 95323, 455991, 63423, 94086, 25634, 404490, 27493, 108635, 219376, 465724, 398327, 115807, 377925, 36866, 1115, 315723, 297789, 266495, 483788, 277005, 268174, 434231, 100079, 306819, 238191, 450985, 139848, 342289, 499385, 262917, 273131, 416774, 27498, 278404, 327705, 171426, 334678, 226165, 20315, 360442, 420579, 417, 5121, 324421, 341101, 256050, 110084, 443416, 341541, 142922, 68420, 214406, 322147, 444197, 27522, 350130, 183696, 23350, 413760, 93307, 366196, 258459, 249271, 154253, 210333, 286910, 459109, 484751, 103281, 277248, 354334, 305382, 214062, 145743, 344924, 117716, 264142, 111634, 203442, 452802, 47175, 81909, 303142, 149025, 437638, 376731, 39253, 383659, 342631, 450310, 188882, 41476, 246349, 297755, 134663, 312897, 148204, 423345, 291436, 324750, 217649, 2528, 79348, 155625, 4809, 345480, 341721, 251111, 257122, 167432, 465714, 268548, 123697, 83636, 195953, 318506, 220226, 75057, 124762, 37267, 387270, 83164, 218939, 319259, 319248, 477653, 354456, 285510, 342226, 62598, 465631, 235110, 83770, 214866, 71864, 372791, 354386, 18195, 10164, 205217, 147652, 62266, 446013, 200924, 96864, 163079, 185406, 481423, 468750, 210617, 82769, 177068, 459046, 98039, 407380, 369132, 67166, 464220, 338395, 138546, 33578, 36594, 211352, 211915, 427838, 347285, 495955, 104328, 138230, 406289, 337474, 125643, 383379, 69736, 480949, 121583, 382367, 251059, 454964, 1564, 319484, 91922, 252958, 148892, 138661, 332168, 293879, 190974, 131746, 113244, 213104, 104184, 321449, 86767, 286737, 288770, 499525, 153924, 80479, 245363, 238925, 108987, 188644, 317501, 236807, 357920, 146249, 178546, 488726, 243866, 383018, 479937, 349060, 319347, 186971, 179629, 301985, 152845, 112570, 61658, 105213, 280588, 361604, 391789, 294190, 289096, 421579, 340291, 389035, 88432, 407020, 455941, 304592, 470336, 372402, 267570, 299031, 466827, 343342, 164337, 145403, 181244, 188949, 277406, 145022, 370758, 83537, 129439, 55245, 85276, 141088, 227595, 382900, 65312, 412175, 397807, 496484, 457051, 393689, 128350, 495940, 301775, 278421, 210713, 312197, 206882, 484655, 449946, 118515, 146898, 210608, 413155, 20711, 383063, 383820, 440224, 9744, 293108, 427950, 72566, 61261, 248350, 239089, 71747, 4852, 103372, 120787, 216706, 190628, 95677, 497026, 8027, 402202, 316567, 379003, 230054, 279285, 127718, 132350, 328701, 65446, 404960, 436119, 217019, 155205, 241563, 109046, 484052, 192653, 367928, 90837, 436882, 197232, 292215, 364543, 120515, 407730, 325247, 454056, 208600, 229591, 72249, 46298, 77664, 402847, 242778, 31012, 149022, 232619, 281713, 122545, 180868, 360043, 42259, 368105, 90823, 407867, 228629, 200409, 370514, 304796, 250927, 247803, 360403, 184296, 113830, 314254, 319558, 64701, 499948, 55227, 143517, 134635, 182822, 361579, 94331, 202989, 18454, 113935, 131857, 273192, 118648, 237663, 97724, 136486, 266166, 408955, 91135, 162981, 357493, 453603, 384394, 239893, 131999, 396420, 253134, 107172, 422154, 37143, 59776, 408951, 74473, 291373, 109530, 48647, 128977, 397496, 484734, 410152, 384238, 52279, 380983, 150360, 416895, 431964, 395892, 198524, 127769, 177737, 404399, 116186, 88425, 471721, 278886, 165966, 342485, 134660, 49672, 345374, 88247, 438513, 321487, 336043, 281146, 370184, 410225, 119738, 443152, 196791, 37958, 468349, 373938, 232200, 55892, 371293, 217470, 302744, 44916, 128584, 268061, 42831, 261753, 25992, 351368, 400933, 147130, 139310, 140678, 116943, 398722, 167248, 380489, 440585, 36444, 439703, 402324, 113357, 119292, 169981, 419823, 454622, 377885, 189791, 158004, 227475, 422976, 260261, 466321, 115736, 200708, 492359, 47916, 278175, 83985, 369868, 49184, 262557, 378197, 169329, 94402, 18259, 377503, 289618, 490895, 139363, 308473, 354843, 311551, 259574, 483537, 475275, 371808, 497140, 258542, 209987, 482052, 407390, 16283, 468258, 31323, 489454, 191977, 231346, 341892, 492189, 32319, 138840, 110226, 53304, 474787, 467428, 142999, 163245, 277079, 402708, 116511, 319023, 224405, 33104, 484465, 147660, 483663, 254978, 45838, 370322, 150687, 284915, 267794, 473449, 469977, 52642, 276092, 23986, 291808, 475836, 5104, 302223, 152326, 365410, 174854, 297102, 315757, 165415, 221191, 154124, 271392, 444901, 232431, 211945, 17822, 120307, 6856, 69308, 365409, 14985, 251229, 193992, 435511, 480030, 382952, 191110, 363487, 131699, 365711, 5933, 170037, 171760, 233853, 432103, 324539, 280967, 97077, 471273, 381932, 213697, 487431, 377695, 122720, 468482, 38558, 200080, 300798, 37507, 217560, 19809, 71226, 251665, 466877, 42972, 493105, 423795, 45347, 102956, 339890, 27419, 45095, 188351, 402470, 100470, 102437, 88454, 279474, 53530, 136415, 275181, 405460, 56693, 200036, 133657, 375990, 36309, 255316, 257247, 186022, 365675, 65826, 9171, 182405, 293043, 6014, 229087, 96952, 319766, 113102, 164148, 217832, 350219, 28644, 309581, 372023, 162377, 353090, 24695, 210755, 483811, 409630, 395879, 84038, 482862, 338534, 197927, 182236, 70890, 31123, 134387, 344719, 171611, 157660, 87859, 235042, 316451, 105174, 376369, 254703, 299711, 389337, 222702, 235077, 311084, 187651, 440970, 157139, 66015, 102513, 1726, 285884, 478758, 111463, 49821, 11142, 363614, 355593, 358087, 437415, 305377, 339320, 213461, 253645, 231270, 157452, 427920, 303553, 382965, 48779, 96392, 125039, 113551, 332511, 181397, 173410, 12046, 277109, 369260, 78277, 183159, 307766, 93446, 167368, 221869, 45897, 49933, 37111, 73723, 237968, 214579, 199283, 270917, 222951, 370195, 228105, 305235, 49213, 135715, 358983, 157677, 492419, 403624, 389782, 115948, 316029, 242845, 361712, 324095, 2934, 10683, 78968, 411599, 244618, 411934, 129777, 453892, 26445, 405930, 445135, 266039, 74990, 496878, 422720, 375433, 233799, 92160, 404918, 376543, 272851, 218697, 159210, 363733, 112533, 390940, 134932, 101451, 433221, 456133, 82670, 297123, 56971, 70516, 492504, 248598, 448904, 412399, 311097, 133709, 453978, 288189, 12658, 217321, 421361, 473847, 209597, 62093, 389744, 416819, 262183, 455525, 499592, 170692, 223038, 486715, 231121, 339938, 219059, 218037, 200110, 102086, 468980, 431379, 182646, 59895, 365082, 270934, 355356, 17358, 394262, 386194, 402031, 494582, 284514, 319077, 96930, 42807, 318728, 332208, 373593, 279170, 245572, 274421, 193520, 71133, 158261, 380745, 404964, 347026, 287681, 275905, 384614, 160305, 56574, 478420, 237110, 70963, 187731, 29748, 45481, 360988, 372703, 381313, 335510, 222961, 334578, 197638, 486192, 32454, 143476, 419430, 289882, 438953, 296639, 213001, 493291, 218108, 65339, 70128, 288355, 3454, 155553, 457092, 81586, 341790, 313382, 36478, 3020, 311442, 444470, 300168, 180062, 20378, 131253, 238361, 266753, 342253, 231613, 7822, 167033, 245798, 326706, 431920, 485001, 422580, 25921, 124770, 324929, 48580, 221902, 52673, 490520, 189281, 251415, 386541, 381415, 423122, 461107, 199731, 471071, 271249, 301069, 139273, 420396, 175720, 389860, 228445, 117563, 34419, 164658, 497359, 141474, 15616, 318606, 420851, 72048, 342428, 46544, 168417, 129244, 79971, 37966, 53190, 355146, 132209, 127134, 82383, 149380, 362576, 23038, 163485, 241045, 153932, 486492, 11524, 126440, 52247, 85875, 464167, 151496, 199107, 104280, 56880, 394632, 11868, 185066, 146614, 111304, 234245, 160661, 198765, 55486, 103656, 286247, 178554, 287934, 224543, 478972, 145642, 78430, 437918, 413442, 222635, 201449, 225497, 231160, 412403, 182157, 294134, 6311, 54910, 393937, 196045, 99333, 154098, 404778, 227268, 268047, 40293, 457091, 308660, 431537, 346407, 497527, 188126, 147007, 244639, 463539, 161033, 437151, 84867, 411111, 180328, 298451, 477980, 213923, 218506, 81884, 415836, 488303, 438801, 329034, 444327, 126501, 392984, 118494, 380149, 418118, 221640, 362833, 101904, 251052, 92322, 405171, 45664, 231938, 498585, 391843, 258781, 248493, 495682, 344963, 449869, 447327, 317997, 238784, 259033, 193362, 123732, 387003, 11787, 123389, 386985, 146884, 399558, 192613, 38986, 174405, 238056, 38742, 420980, 493506, 105941, 96540, 287988, 260890, 126228, 294080, 401921, 78670, 345201, 445692, 350661, 346510, 401846, 497652, 289861, 219194, 68329, 146545, 185581, 272914, 308151, 308490, 361793, 342770, 494904, 125022, 70221, 105099, 283490, 306055, 423906, 61082, 136156, 166896, 293633, 381109, 142117, 401592, 210761, 161197, 296743, 264267, 389259, 392346, 377442, 378359, 363240, 241921, 210281, 150067, 36722, 175304, 82433, 12061, 486665, 377705, 180243, 117411, 395204, 216270, 303600, 118789, 103523, 42344, 475818, 391672, 304050, 265172, 63538, 234714, 308834, 32107, 429451, 105016, 134544, 494710, 63922, 418040, 322340, 107747, 359643, 192371, 232637, 472290, 121744, 183651, 295903, 172750, 403737, 286776, 38145, 170514, 490150, 206610, 411352, 370480, 441814, 189550, 454077, 97634, 2633, 258476, 290196, 116069, 175848, 375912, 46910, 244022, 266715, 202755, 201008, 354833, 141083, 398935, 220083, 171229, 349083, 25444, 240807, 244230, 377804, 411286, 46178, 336547, 266698, 129483, 240387, 2837, 233742, 62839, 385227, 102332, 337297, 123995, 384450, 403328, 332112, 161893, 4400, 437696, 111685, 197206, 39081, 237421, 317938, 163971, 11860, 365153, 430811, 198838, 204011, 354890, 172134, 192514, 52100, 456499, 401231, 166790, 496664, 460195, 243378, 389198, 180110, 220931, 454884, 470648, 72316, 356588, 100542, 478396, 437586, 150951, 410223, 33910, 452808, 307654, 390853, 31187, 167508, 358152, 291910, 155862, 103267, 355157, 176786, 317678, 83783, 165496, 288733, 74315, 476760, 128630, 79669, 112935, 480480, 184598, 13335, 276946, 261408, 30729, 234590, 326643, 363294, 407274, 258666, 74092, 423407, 463549, 301675, 395995, 298008, 265481, 486951, 399958, 42828, 352410, 467556, 18946, 41338, 399976, 108820, 472754, 230517, 209965, 53788, 17867, 15284, 301281, 223171, 229170, 482971, 376220, 237883, 115412, 267315, 21641, 208635, 123388, 389951, 222628, 310235, 166981, 393630, 464679, 66905, 64997, 40451, 93374, 451157, 477386, 93804, 309049, 318071, 473861, 41739, 58083, 292993, 303085, 148994, 395518, 298300, 223805, 491058, 455353, 84105, 117709, 471731, 111043, 173008, 99410, 486536, 401988, 355511, 312550, 404785, 101525, 481410, 253637, 490223, 469745, 186696, 240660, 358666, 232962, 70089, 394404, 456025, 447567, 465350, 36656, 443955, 213527, 245258, 5236, 202799, 256214, 43160, 486655, 329794, 482055, 278557, 338475, 367863, 51378, 465279, 435604, 478790, 84474, 470368, 70915, 180317, 307126, 351928, 115246, 345482, 130138, 224999, 50724, 494297, 234203, 72377, 73358, 50705, 15078, 494746, 331487, 127064, 298554, 81970, 81135, 233409, 303067, 114526, 309090, 426179, 282148, 155614, 411651, 320520, 424927, 167105, 34263, 78819, 255286, 90856, 310532, 136513, 95039, 136858, 159656, 232447, 446278, 198491, 173534, 307752, 257330, 487519, 289747, 337257, 19343, 237396, 70223, 248482, 494659, 251028, 446854, 78024, 52932, 271164, 297950, 378364, 234398, 12452, 24218, 185990, 29033, 198411, 167377, 246327, 342420, 77059, 78491, 416748, 354171, 15470, 346078, 329922, 430900, 396754, 189253, 44569, 365049, 355902, 376908, 294977, 251682, 321985, 471168, 304627, 328464, 120221, 318307, 272415, 203944, 196018, 256940, 125365, 307277, 382048, 201023, 418820, 344546, 214085, 485662, 380768, 428342, 79863, 258435, 401058, 480314, 218845, 315926, 199313, 158032, 52296, 483109, 269482, 378108, 484206, 383638, 376288, 202446, 447795, 354010, 486619, 427539, 292765, 66141, 445108, 123686, 266783, 65212, 62379, 368896, 123496, 148988, 126549, 218480, 456488, 67532, 51024, 485637, 115682, 249248, 291473, 304256, 338810, 119548, 429290, 487559, 140822, 171546, 199975, 321081, 92047, 348910, 441379, 459128, 33187, 414830, 476573, 132688, 331603, 131687, 446184, 103824, 168273, 467412, 46130, 223798, 404855, 494347, 326958, 145438, 343267, 358190, 318365, 72869, 72980, 221994, 104938, 127302, 172763, 239402, 122051, 359812, 203404, 3080, 367856, 348741, 102434, 435557, 364324, 77759, 89468, 422747, 254989, 180053, 165660, 491061, 295933, 406371, 331880, 110528, 245453, 248035, 35327, 485606, 374781, 284767, 362426, 313328, 75479, 234254, 491668, 48217, 435246, 26911, 333768, 59136, 281294, 497291, 341203, 190156, 44263, 412764, 221169, 24909, 8755, 435234, 157349, 139242, 375870, 356045, 340758, 177570, 362552, 45773, 421973, 235449, 322092, 247543, 139711, 241752, 272887, 422394, 441470, 452947, 457898, 300424, 257106, 189533, 464915, 97599, 149612, 252, 164955, 470358, 249154, 106172, 115851, 495793, 318205, 331397, 55982, 369003, 34309, 313597, 76683, 207174, 25705, 120448, 273868, 499534, 63210, 210748, 490391, 210219, 197997, 35195, 290114, 464249, 136663, 107860, 40793, 380460, 131014, 369374, 230517, 67126, 491519, 194511, 81605, 50322, 142334, 493146, 219134, 1148, 138316, 423626, 325497, 121977, 486985, 343388, 227560, 136511, 170563, 211986, 176076, 343054, 455438, 13263, 378979, 266186, 151930, 81091, 45611, 165489, 330848, 49583, 477859, 158699, 69421, 383826, 109892, 47068, 380812, 440212, 347405, 133274, 220173, 328490, 155297, 140203, 352861, 326028, 213090, 78600, 210364, 334852, 164868, 129540, 279845, 142503, 148479, 241346, 215208, 468961, 168934, 26061, 367910, 309109, 59352, 327795, 139036, 162920, 359670, 297170, 264568, 358068, 374998, 461051, 98962, 257369, 186799, 59463, 109618, 102093, 307767, 2370, 322483, 246723, 159074, 341853, 233685, 94241, 183464, 443000, 101350, 140719, 112880, 107712, 827, 408828, 396367, 143764, 432338, 242407, 364325, 81491, 107785, 142264, 20590, 349441, 51713, 66171, 256103, 159230, 343179, 47857, 358204, 273774, 53898, 111434, 1052, 362192, 20422, 376086, 375205, 77691, 96136, 330405, 74753, 5731, 495945, 31136, 471306, 499257, 263342, 117452, 401318, 317698, 207941, 360159, 10450, 371071, 167127, 82446, 477736, 491008, 346733, 374424, 4914, 114314, 259433, 3592, 47805, 302018, 429436, 15254, 41186, 23921, 164755, 397725, 21571, 279231, 407219, 496372, 453133, 186411, 263484, 212592, 100669, 489030, 151819, 290662, 50606, 263368, 210094, 83825, 234095, 244675, 63630, 297839, 239037, 210605, 15854, 51651, 175089, 274686, 466783, 127741, 174242, 411977, 176145, 277136, 489545, 346529, 32151, 345088, 343238, 106716, 32727, 50971, 239412, 87759, 199517, 14316, 390643, 459226, 186774, 332511, 409688, 386717, 197707, 493464, 101340, 164713, 116756, 289637, 180052, 237013, 255548, 380697, 100471, 66105, 37311, 230258, 162163, 366758, 67772, 102797, 436351, 380493, 433080, 278944, 302311, 319705, 5089, 428288, 9558, 411606, 58612, 337562, 217787, 146327, 498976, 151975, 117908, 196670, 158201, 147697, 276903, 489015, 323017, 330844, 457325, 125913, 397791, 457635, 179276, 314809, 268869, 31808, 71510, 302493, 231465, 17702, 397263, 177422, 438076, 357146, 195831, 61110, 194405, 73406, 431255, 245226, 325619, 473637, 200973, 165147, 65533, 250148, 37231, 13548, 113995, 346322, 213752, 468541, 18728, 246539, 69512, 243818, 164887, 193392, 456150, 76601, 347243, 139351, 102898, 348831, 156643, 103277, 339131, 345472, 106351, 121701, 16079, 164812, 258954, 329773, 296685, 488845, 188168, 65754, 218755, 285265, 459259, 18208, 98660, 304958, 63641, 216466, 268821, 82816, 126157, 236836, 286761, 23238, 478766, 98744, 143706, 71811, 39667, 281930, 98006, 54945, 134156, 435987, 449667, 19915, 179125, 313609, 285319, 200828, 106852, 266770, 292378, 466194, 94853, 366974, 364442, 365513, 42718, 101663, 301832, 420196, 215207, 11155, 421895, 456530, 228886, 329868, 168093, 320990, 110464, 383895, 51870, 208486, 48288, 135857, 32684, 46045, 157877, 109606, 138841, 323258, 116823, 278955, 479499, 195949, 249188, 424260, 266564, 272670, 66159, 179481, 253615, 234378, 159989, 140029, 231653, 13213, 92977, 158856, 448353, 172547, 358006, 365587, 130279, 432015, 182322, 52690, 408067, 315411, 261903, 406666, 287661, 148820, 336738, 261574, 12837, 69933, 222537, 363169, 355290, 489359, 392869, 141551, 202673, 2855, 11135, 394288, 182701, 445236, 152315, 2279, 490954, 491484, 328383, 486819, 464033, 374259, 229906, 154041, 437319, 322489, 199107, 420681, 334853, 374780, 288857, 254473, 299885, 229137, 470091, 3058, 347334, 304707, 275576, 211686, 307640, 219610, 198650, 128259, 352934, 326434, 245745, 392890, 19949, 475292, 335047, 79789, 317917, 140149, 388090, 47339, 485288, 152429, 462565, 230092, 200013, 101309, 328787, 362042, 421320, 220453, 295446, 32692, 360826, 346335, 127363, 229857, 43785, 413545, 192218, 94220, 312507, 358854, 375138, 103776, 395313, 141623, 371857, 486862, 491984, 75246, 453781, 385620, 86389, 126213, 218737, 256330, 389360, 377823, 290454, 364481, 466830, 355420, 331370, 428317, 206960, 291827, 118413, 434671, 17158, 340493, 24575, 202715, 472078, 62174, 225840, 413644, 411340, 426532, 476252, 392052, 152383, 292156, 273800, 392983, 129845, 242167, 709, 385630, 322260, 361903, 255949, 486053, 417469, 115803, 380435, 31776, 236378, 450204, 111770, 349364, 406373, 40965, 10216, 199702, 204647, 196921, 137701, 344501, 376472, 447495, 408020, 207446, 411683, 140877, 82815, 250338, 128627, 354831, 166609, 74535, 488001, 446330, 89162, 397909, 492506, 204333, 90873, 424872, 67461, 217714, 434778, 275431, 193480, 226743, 191352, 371519, 243190, 236021, 49484, 467718, 253499, 165866, 61442, 218689, 398842, 259851, 220145, 121812, 349580, 74894, 96366, 50887, 34259, 302977, 30098, 307084, 230227, 50796, 435997, 227636, 252908, 359618, 102199, 367951, 208621, 348659, 150859, 429837, 281796, 111646, 139290, 273610, 264980, 25076, 18587, 233671, 322078, 23542, 278272, 465572, 391191, 220340, 445286, 481523, 162821, 43908, 253794, 2947, 50307, 84754, 16302, 189031, 408625, 365979, 46317, 27676, 187476, 29050, 174634, 277514, 361767, 189635, 155084, 50761, 137865, 403176, 77881, 409135, 292288, 283962, 185833, 214726, 401125, 375845, 454780, 148192, 255830, 133649, 432254, 361002, 175680, 112579, 244796, 491993, 193407, 175428, 87831, 478352, 422090, 41544, 161449, 427613, 356514, 84629, 41039, 453183, 93493, 42963, 74673, 235513, 212162, 25765, 239943, 420981, 135662, 292356, 429018, 84367, 32608, 346625, 3144, 136046, 468260, 486743, 158419, 115132, 30314, 135831, 9130, 487898, 292918, 443937, 167748, 266622, 329935, 188102, 227219, 283757, 303937, 180676, 14407, 5107, 37805, 171340, 337487, 44481, 188030, 322179, 413268, 448655, 439605, 393022, 121806, 391229, 469718, 9090, 300490, 95228, 326537, 213008, 16765, 93610, 81322, 9317, 171342, 182636, 120642, 214152, 69212, 311388, 46190, 292557, 214749, 14949, 230695, 166022, 149777, 202668, 301892, 370982, 28351, 459436, 172240, 83676, 118948, 265315, 273366, 47142, 443901, 252295, 437334, 366879, 160218, 79428, 342669, 171085, 376807, 237395, 442819, 450218, 331907, 11611, 269181, 269343, 274351, 158009, 174731, 385554, 81196, 462721, 171126, 74024, 284017, 10891, 126768, 16885, 314972, 432053, 309201, 32569, 157158, 166816, 25005, 326171, 437656, 11908, 274275, 345986, 100927, 379819, 135709, 8193, 126912, 197650, 348127, 143309, 314014, 412840, 494813, 47551, 191213, 200986, 460436, 478833, 157007, 112715, 211666, 412863, 452645, 60355, 106695, 162777, 214046, 145920, 313196, 378980, 62133, 26770, 109225, 92335, 223555, 120090, 224822, 245970, 62953, 424629, 16441, 322861, 223684, 446378, 223932, 158025, 488106, 220355, 160722, 85733, 146830, 86948, 75264, 34253, 386024, 289167, 25927, 356294, 388227, 158026, 420403, 267250, 177105, 20068, 266677, 181547, 361522, 246691, 224680, 336819, 229577, 165571, 402291, 453730, 285201, 228604, 485483, 215598, 212679, 322111, 177317, 488039, 256407, 267139, 333995, 125532, 146951, 407086, 83443, 106268, 231571, 313051, 185557, 84972, 335008, 111169, 493492, 6007, 144368, 171292, 126683, 30716, 66140, 143726, 276961, 319458, 432776, 79538, 375216, 306023, 435562, 282426, 245202, 2393, 183049, 12594, 104606, 208302, 73116, 439960, 303891, 134659, 289958, 46687, 338608, 234747, 455312, 477522, 459464, 185152, 1783, 244287, 437039, 211386, 266163, 110928, 255852, 419966, 207312, 58530, 137496, 319250, 354517, 329672, 386403, 216642, 304553, 299702, 261237, 382108, 321790, 418429, 230299, 423444, 5016, 452459, 250865, 278459, 382360, 297557, 187974, 450326, 330463, 246255, 486099, 486259, 337335, 72651, 201737, 348738, 307799, 291605, 380879, 108393, 414522, 115298, 402267, 28194, 244481, 381688, 414468, 310541, 44715, 495302, 148577, 486653, 335272, 331482, 457867, 385625, 314412, 302297, 186090, 190818, 329488, 381098, 327350, 348799, 302341, 223049, 480303, 410988, 436983, 43401, 54816, 468344, 392304, 35050, 487825, 487349, 35505, 259545, 455848, 308819, 74703, 145882, 15296, 89389, 98637, 393202, 423591, 77689, 448947, 71215, 332929, 291194, 117549, 35986, 379483, 200193, 10327, 350408, 242178, 278239, 168857, 146165, 482588, 264994, 211355, 363400, 471422, 95788, 165745, 204966, 69646, 391146, 30979, 287701, 432280, 199514, 377149, 314380, 404928, 495365, 448734, 404750, 164646, 308537, 332342, 104607, 132564, 276833, 62569, 194380, 490817, 295744, 258114, 34507, 429924, 180839, 339577, 457578, 95331, 429765, 228406, 59947, 291086, 156872, 315896, 436688, 445474, 69012, 380766, 285976, 96626, 117985, 119763, 188097, 85888, 164887, 44937, 216401, 216116, 265782, 385443, 414719, 397324, 11542, 65815, 212713, 351103, 330679, 312489, 378158, 434307, 410335, 471030, 305472, 80035, 303427, 225003, 61134, 95233, 333210, 238184, 239493, 204204, 398466, 92619, 405790, 92683, 11550, 280648, 252390, 82875, 45170, 402716, 321822, 35501, 220339, 36434, 294165, 273818, 418587, 427716, 148346, 49876, 258529, 357721, 91094, 300291, 252370, 430888, 96661, 296324, 491386, 145322, 94139, 391846, 255386, 215817, 68286, 438804, 399987, 153584, 186845, 8539, 157126, 83607, 487812, 56067, 92205, 156555, 492898, 221743, 224059, 424008, 412285, 342366, 388978, 292890, 431326, 237053, 470686, 371845, 272174, 474101, 418676, 409019, 221395, 386425, 294543, 374612, 184623, 30273, 274864, 33224, 63501, 364625, 396133, 350330, 122197, 381104, 82933, 148854, 104481, 90612, 328420, 348934, 8127, 258933, 477064, 275377, 146751, 235365, 69102, 72942, 151529, 304139, 209054, 380693, 308351, 221038, 421562, 395043, 378076, 70838, 323488, 12309, 407718, 223023, 55366, 376884, 28902, 80381, 284062, 231836, 5673, 138023, 370874, 157382, 387438, 173198, 106181, 220515, 80872, 22352, 291977, 318980, 384359, 293583, 23923, 382162, 439184, 392505, 462519, 293706, 398734, 382783, 261427, 230108, 343816, 95463, 474547, 90975, 404224, 243989, 428676, 17296, 373694, 353516, 249028, 191, 462652, 142031, 478034, 66302, 10569, 331479, 274339, 282528, 247811, 482910, 403238, 464209, 252004, 215399, 18010, 25116, 57771, 138579, 407364, 231300, 194819, 242541, 189246, 73553, 466027, 354626, 452302, 411493, 406938, 429062, 305408, 24103, 83733, 361350, 237177, 101265, 140707, 157812, 224044, 359216, 417951, 254288, 161185, 409797, 185817, 341706, 487143, 157643, 78164, 16605, 278558, 398448, 63131, 431351, 316793, 197041, 151740, 27556, 468299, 113098, 94549, 153678, 200629, 45225, 364461, 479860, 168163, 193062, 176420, 43300, 13457, 281176, 13549, 423194, 54142, 493917, 215832, 394433, 35859, 276144, 127159, 286767, 192865, 153786, 10019, 428412, 382099, 330462, 94390, 62336, 408698, 361103, 218114, 78986, 138560, 377936, 135607, 471572, 37242, 465006, 445750, 93682, 184506, 353300, 456062, 123660, 51176, 54482, 29288, 478170, 457210, 176848, 454752, 431786, 45939, 312436, 426601, 396205, 12803, 279254, 434280, 80438, 423171, 484340, 182401, 24751, 31154, 319202, 350004, 290161, 256506, 255141, 63158, 27903, 156881, 441878, 110884, 202033, 69847, 164599, 233702, 36951, 292552, 202684, 65385, 53607, 12639, 195484, 439542, 279787, 141790, 338185, 197678, 484890, 442479, 234652, 78287, 218935, 290034, 472002, 423277, 65783, 314781, 344738, 201056, 67397, 225607, 144027, 312447, 261885, 130401, 261813, 221674, 36123, 438770, 185314, 247215, 105203, 243554, 198757, 120191, 386605, 470591, 401588, 308703, 413159, 474615, 441090, 224174, 404034, 396253, 426579, 210327, 274450, 305666, 38915, 384399, 157333, 137022, 282578, 389285, 245043, 356578, 106784, 16773, 447170, 190139, 191127, 290725, 55056, 100646, 214120, 126404, 46397, 362114, 367175, 148648, 233818, 164238, 296451, 205598, 20877, 459663, 495338, 388769, 382774, 261895, 135763, 67472, 424990, 398437, 352849, 392716, 455393, 235138, 85070, 20859, 127026, 143623, 308347, 449496, 163663, 486514, 320638, 259156, 13161, 334367, 401898, 186039, 204683, 281851, 157556, 43082, 147107, 331438, 302212, 482162, 12518, 73506, 285314, 415987, 14465, 476892, 465514, 339911, 316024, 128144, 366915, 453845, 452902, 61065, 479254, 459266, 56319, 440533, 253271, 271784, 223042, 355632, 123304, 29433, 149433, 380533, 383496, 147234, 78971, 405911, 404803, 61055, 186732, 271426, 379683, 164893, 16903, 97949, 462299, 495258, 363214, 326644, 258445, 214348, 54005, 336943, 342245, 153888, 170631, 112330, 461463, 222518, 241969, 368335, 280735, 293831, 355211, 366884, 350769, 207789, 275058, 168721, 136561, 265892, 333986, 69727, 323796, 373319, 475840, 147005, 4973, 219036, 241637, 455501, 64714, 171753, 353404, 169639, 188936, 91849, 192270, 223916, 166415, 21840, 403591, 449904, 243957, 299145, 363227, 211014, 113241, 408652, 250273, 121299, 443299, 216801, 324628, 382596, 208445, 184440, 319710, 192186, 337654, 313465, 492060, 232991, 276957, 230758, 335457, 241141, 457242, 171433, 84702, 147740, 444323, 253849, 478150, 247112, 218862, 163700, 379295, 227252, 404351, 91408, 465058, 255175, 208685, 367986, 243687, 131127, 323650, 271311, 365941, 90460, 154305, 16422, 17159, 11244, 329919, 40206, 78969, 211463, 289345, 285767, 430431, 119940, 285385, 355785, 249491, 96043, 336167, 341178, 185442, 265847, 188161, 120068, 143195, 243416, 104812, 228508, 12904, 345336, 131702, 61331, 244749, 119932, 276864, 253505, 422540, 95363, 423471, 245502, 254571, 426647, 368637, 392396, 463918, 420661, 186912, 204897, 149607, 104304, 58905, 281913, 467321, 497790, 211658, 20413, 317214, 173409, 270609, 336782, 413697, 310971, 110103, 374055, 360433, 143900, 232625, 112212, 195231, 279997, 484251, 186760, 412125, 448925, 491122, 294565, 21230, 123001, 385285, 217076, 224663, 472899, 434596, 389697, 15831, 127086, 135194, 394934, 122217, 148045, 392233, 73860, 330080, 262868, 396296, 185234, 211387, 82859, 433352, 375221, 188748, 326733, 385995, 163524, 98083, 210826, 7676, 214150, 85627, 311958, 206739, 53529, 120218, 246421, 93193, 179604, 157954, 270723, 264001, 368090, 62374, 413479, 252365, 204144, 421906, 85958, 312476, 43349, 394366, 248723, 397436, 101336, 463192, 199704, 27557, 315976, 345337, 473912, 406340, 35131, 475629, 456171, 491187, 469777, 173740, 100522, 453759, 105169, 354692, 375387, 494601, 242031, 423904, 323515, 355573, 378731, 214084, 428531, 85251, 486458, 383681, 203691, 334107, 213784, 42735, 377267, 437726, 276050, 36338, 198988, 408753, 289914, 45461, 174363, 265305, 30917, 245666, 296464, 397170, 371826, 342936, 210935, 374601, 481529, 191383, 50964, 65691, 212004, 8796, 323878, 283075, 278958, 63252, 247553, 467751, 470187, 419745, 330535, 39478, 210742, 209691, 487395, 2776, 223372, 2564, 121916, 31725, 242770, 391818, 131224, 471396, 405568, 337586, 142858, 427032, 301975, 447752, 331788, 305329, 109338, 112254, 250577, 418453, 419699, 33788, 300513, 429685, 445045, 233344, 30346, 396942, 256120, 451521, 307861, 152406, 202023, 401150, 181785, 434471, 476608, 89523, 437563, 329354, 438195, 365110, 384862, 214400, 202248, 14368, 249842, 495372, 167284, 243043, 20447, 217584, 416933, 223756, 472104, 79753, 88913, 387284, 263856, 327147, 70939, 471388, 444014, 218986, 78451, 223047, 451636, 211368, 223111, 496693, 404606, 379214, 230035, 141041, 189548, 296294, 79732, 287086, 391817, 393654, 387835, 129858, 266852, 42872, 240777, 169187, 478043, 415213, 349831, 196817, 449938, 276371, 474435, 44428, 50316, 382547, 114133, 98714, 401242, 53242, 108791, 32143, 74956, 303110, 37482, 15431, 60923, 366485, 317946, 255321, 382014, 113368, 216282, 133374, 263702, 345637, 23091, 37850, 184710, 407405, 345366, 424194, 255668, 238152, 490837, 77823, 32296, 387356, 143809, 458196, 105567, 163338, 468505, 254480, 312360, 449330, 193567, 164671, 194260, 339734, 394637, 138283, 481579, 398850, 281096, 377232, 481678, 75197, 382980, 291079, 457479, 227504, 76563, 181677, 273766, 423804, 82974, 2635, 229280, 379379, 140420, 479824, 281896, 87363, 443260, 372649, 498113, 202887, 97875, 395895, 388780, 352063, 78862, 312603, 306414, 191623, 179220, 29728, 215005, 104719, 181631, 58500, 97147, 319461, 223993, 250072, 272267, 192095, 297728, 200968, 198697, 4722, 494954, 179246, 383584, 106944, 176815, 266137, 132183, 135686, 360934, 158109, 296861, 178434, 284139, 425224, 134018, 431139, 83860, 143256, 408334, 154935, 46693, 103147, 399678, 257209, 469220, 464774, 91935, 73953, 47816, 120134, 380755, 68589, 224900, 4456, 442472, 190839, 395939, 377225, 61356, 141695, 156420, 406267, 154820, 225900, 380898, 342007, 448538, 96772, 299117, 92150, 145331, 489740, 130344, 145643, 276295, 128357, 101983, 275127, 125939, 240824, 274912, 126856, 491615, 47401, 296920, 61344, 36590, 420168, 236697, 243723, 442314, 135691, 236141, 152965, 412614, 202515, 302885, 158134, 278286, 440127, 276018, 32715, 486395, 198024, 53296, 155901, 178661, 314963, 162940, 212122, 39068, 175014, 495984, 219068, 18173, 324965, 334725, 417894, 400929, 129438, 305073, 86570, 291090, 161179, 120781, 157638, 460470, 96528, 41596, 274053, 108888, 294674, 62836, 395413, 224532, 465076, 262050, 50992, 291541, 457465, 448483, 159383, 250200, 426725, 25632, 358180, 150725, 454700, 44072, 62954, 57657, 118810, 348025, 145529, 106033, 324677, 344187, 36495, 336071, 198344, 289641, 290630, 381585, 36435, 149194, 384708, 471586, 227643, 248224, 469895, 310393, 216934, 246970, 40998, 155665, 366133, 319145, 183548, 89380, 130130, 46543, 101805, 157045, 430271, 490612, 104962, 103157, 368260, 319262, 19930, 164042, 463171, 35199, 357876, 161289, 362906, 468357, 105890, 491437, 26910, 491974, 58592, 400267, 104611, 455788, 277426, 454488, 248575, 452112, 458402, 53453, 417292, 116074, 374143, 137550, 157435, 214327, 22782, 397492, 298798, 365877, 325788, 265145, 170958, 139123, 162893, 23484, 417524, 7846, 164210, 433962, 335718, 494153, 218987, 378392, 254852, 43576, 392825, 236377, 31603, 431581, 145294, 424640, 116581, 463735, 252062, 183883, 341960, 78060, 373654, 286370, 483432, 5687, 81981, 227003, 139241, 413647, 154880, 408268, 411082, 143185, 209765, 146552, 294949, 354279, 333781, 310016, 377477, 50726, 24373, 498509, 394389, 202369, 361357, 140342, 328455, 476748, 487555, 442118, 233190, 188379, 47284, 272786, 247866, 285538, 470210, 374978, 110374, 225249, 481601, 421166, 149500, 159738, 222649, 163843, 144247, 217742, 314958, 19796, 431123, 52289, 202598, 409485, 488644, 279154, 316534, 71687, 482645, 228437, 283170, 381912, 154369, 280789, 186250, 16405, 59901, 466387, 274629, 96583, 463426, 24936, 434656, 388801, 252927, 364739, 201570, 499642, 485721, 461942, 437476, 424531, 208713, 146880, 81885, 14988, 123235, 319630, 372828, 218164, 401326, 255766, 142994, 229494, 466592, 119272, 365917, 290650, 305755, 328303, 82837, 292329, 22391, 113940, 429677, 396184, 77303, 172995, 248468, 445049, 12539, 246082, 377097, 404008, 97410, 431224, 92284, 61670, 323336, 44240, 272884, 218579, 107030, 200469, 4823, 225414, 30884, 11701, 52714, 306322, 354294, 68129, 34601, 50092, 44816, 155233, 428335, 477287, 65336, 313038, 174817, 43183, 481493, 262883, 456683, 107149, 324207, 405826, 215052, 264213, 494652, 393309, 188945, 243102, 324982, 413734, 421360, 62169, 87870, 469566, 359735, 364778, 483139, 163923, 168249, 417294, 41865, 440419, 243465, 185252, 214863, 138274, 329741, 251191, 406050, 85137, 308158, 328798, 83351, 163230, 416597, 333565, 483706, 213819, 45993, 64370, 437883, 442153, 329989, 259333, 78868, 496509, 19571, 256786, 490441, 246766, 494019, 128565, 339107, 293349, 294812, 413280, 258321, 203451, 141001, 237288, 389984, 279238, 472030, 446275, 432402, 259602, 470609, 81758, 468762, 347503, 462529, 83584, 232761, 488690, 119562, 207041, 332761, 350177, 70605, 118858, 495865, 23174, 442316, 29231, 197667, 215827, 337180, 335705, 112633, 202247, 265090, 412313, 285673, 243173, 473990, 174244, 131360, 494542, 297809, 220871, 142896, 350818, 272587, 197638, 492476, 6070, 361636, 258000, 106881, 146278, 410379, 185329, 478579, 107097, 339300, 480155, 54380, 321633, 111427, 94615, 130437, 23029, 5833, 238180, 5531, 82625, 348152, 21656, 394859, 133602, 466014, 260523, 184350, 129156, 225263, 182728, 248455, 300576, 16368, 166271, 339193, 164084, 347082, 405669, 226265, 496533, 466923, 53129, 325558, 175540, 330770, 225799, 151378, 340134, 165005, 478228, 82013, 290894, 287047, 378158, 467142, 193880, 477828, 52393, 59482, 100233, 353632, 361466, 276150, 315404, 19240, 253438, 356631, 14551, 352071, 53672, 269930, 287118, 74321, 39456, 51085, 490196, 26757, 100655, 232521, 199477, 130996, 69659, 484167, 340590, 490880, 195141, 4472, 439345, 244318, 38562, 395146, 427861, 352079, 319829, 267482, 233888, 178617, 25499, 86437, 185707, 250543, 349986, 193488, 94318, 351697, 255091, 205052, 47095, 193543, 64726, 156185, 106887, 288054, 206998, 256626, 343510, 395672, 266347, 434591, 358096, 444655, 458738, 394416, 122446, 72443, 404212, 222148, 380623, 423509, 206199, 365704, 397574, 338592, 137868, 91206, 430436, 457832, 160756, 4848, 299927, 452553, 272664, 104081, 377914, 305880, 152663, 223365, 63146, 915, 69191, 154739, 236651, 206061, 288983, 192973, 473191, 267157, 253053, 265653, 440972, 280375, 250066, 473161, 64217, 335411, 2787, 235266, 32155, 97214, 127053, 337044, 481355, 214468, 432086, 160310, 403971, 488949, 403194, 195694, 219838, 59236, 160329, 359961, 212595, 82469, 182803, 341550, 225202, 374444, 299907, 386098, 245943, 403903, 316537, 456152, 221214, 285142, 354712, 425836, 462152, 186648, 63100, 409652, 417555, 368982, 156212, 491450, 92084, 352592, 30238, 484875, 307965, 245602, 484507, 292409, 78249, 349847, 363887, 426207, 217190, 239980, 208076, 228695, 34720, 102160, 68309, 28619, 304213, 403407, 494791, 78237, 440046, 113878, 424873, 297403, 284253, 84378, 80932, 284355, 115700, 13994, 218041, 340520, 398883, 125931, 106446, 65594, 243556, 72446, 366258, 379768, 313507, 32354, 230683, 402408, 406502, 494651, 19299, 251792, 469633, 322847, 93286, 280966, 271538, 196475, 332739, 258117, 424020, 108233, 425485, 173307, 104877, 499452, 182184, 257668, 72314, 165008, 243452, 341832, 431680, 493890, 199089, 257089, 295814, 132308, 28215, 424575, 400180, 284360, 67380, 249437, 185903, 141118, 147163, 406800, 317363, 226456, 227878, 236850, 483525, 393929, 348066, 159982, 93954, 23291, 262853, 474304, 244216, 370886, 455041, 328757, 193716, 103576, 253419, 413352, 143261, 299501, 283360, 333505, 380159, 143662, 410403, 199283, 63936, 421449, 471406, 238086, 127728, 227905, 245941, 212178, 363040, 119805, 127272, 301047, 85712, 472560, 68893, 198945, 112035, 223813, 422293, 110156, 7832, 139951, 399085, 301790, 389845, 335066, 130707, 128455, 164742, 312373, 302311, 187826, 278862, 304378, 496238, 93588, 189908, 72246, 145739, 450399, 30370, 12370, 104835, 193435, 72865, 344410, 191286, 192634, 60879, 366534, 380283, 328584, 137058, 315062, 366513, 264815, 317146, 234662, 52920, 409152, 318729, 434274, 70893, 170415, 210401, 329728, 162468, 486936, 104004, 337615, 419964, 97560, 396415, 123706, 404726, 279789, 43568, 380117, 333652, 223386, 344693, 165441, 189368, 472887, 124776, 368216, 40775, 119369, 40507, 258340, 94118, 302735, 224414, 19810, 460873, 373206, 16552, 5243, 159340, 345218, 453550, 449481, 149138, 211667, 106024, 279972, 331726, 388779, 249576, 104006, 195391, 65565, 217423, 49723, 96428, 291702, 449556, 50755, 382012, 432114, 461168, 494281, 250159, 252287, 413779, 326496, 415955, 492316, 485027, 124176, 25645, 65336, 492822, 206489, 284325, 487153, 66987, 34862, 412863, 330678, 85469, 140343, 452572, 358884, 473006, 149063, 426670, 493809, 359094, 420654, 180224, 151757, 308086, 220629, 88913, 43509, 426704, 436574, 58286, 490795, 120856, 249166, 40005, 38578, 365413, 14190, 492057, 197624, 350921, 377973, 118828, 48887, 97965, 315671, 474641, 83790, 218416, 172959, 295643, 94578, 340082, 143485, 255964, 23301, 356862, 187625, 298705, 267031, 170552, 349945, 340812, 122345, 28779, 151458, 298983, 21499, 233226, 26996, 215155, 24195, 236555, 113310, 103379, 64346, 82604, 242497, 382544, 417412, 96759, 42926, 431723, 270786, 268899, 405466, 344511, 178687, 406613, 223027, 139318, 171255, 40449, 453490, 22449, 201137, 465420, 382178, 203953, 74099, 328382, 42511, 260961, 208108, 280537, 221391, 22404, 156309, 321827, 39362, 308060, 23129, 278170, 84245, 250690, 147470, 455299, 258295, 129813, 355459, 347624, 493687, 26618, 210809, 56742, 216815, 341481, 100910, 359917, 456849, 270510, 180, 434052, 255730, 407865, 94944, 105197, 328510, 377567, 384156, 268210, 416296, 164358, 193143, 36928, 180121, 383600, 191566, 116092, 345004, 178852, 325914, 380256, 429939, 169158, 408825, 137592, 124772, 474080, 338119, 420724, 20069, 117688, 69179, 445657, 310703, 460818, 91887, 209314, 184540, 387752, 335734, 207417, 31177, 261464, 431765, 357940, 475200, 445157, 320111, 113599, 186239, 476383, 138211, 324350, 249905, 30890, 484725, 146640, 23418, 317332, 328789, 150009, 29357, 85194, 68098, 96231, 22879, 480363, 264206, 44767, 12671, 301873, 252592, 317377, 362852, 344653, 67380, 208828, 485872, 76876, 374826, 303858, 262578, 414996, 3016, 67094, 365391, 80421, 209021, 478104, 321798, 463934, 376788, 456634, 309562, 324492, 131842, 432770, 455432, 59208, 343629, 475572, 81846, 52050, 483777, 240533, 357704, 483542, 196798, 414577, 239302, 482873, 325283, 1684, 139145, 149001, 356180, 35311, 194108, 204074, 401122, 13936, 498034, 4616, 324199, 478278, 258097, 347533, 389750, 196536, 118720, 292863, 339765, 388614, 338756, 222541, 382528, 380764, 121273, 116694, 135542, 189257, 7764, 424528, 261468, 192703, 112031, 432164, 203957, 276403, 367941, 408666, 149843, 16235, 290330, 212565, 488827, 38297, 173844, 375490, 135774, 422534, 136748, 209750, 55763, 340168, 13502, 408733, 48638, 129889, 105977, 488775, 81517, 290791, 171061, 327323, 327562, 72404, 185819, 155993, 198451, 199642, 123845, 7473, 92982, 150831, 407023, 273911, 347028, 375911, 158464, 245025, 54726, 479240, 410219, 423678, 50984, 178156, 465054, 20174, 117825, 292559, 494436, 285128, 234956, 214692, 249250, 195036, 152395, 468339, 146823, 480527, 149674, 224105, 485711, 182032, 459110, 85780, 100513, 307819, 342136, 93998, 432366, 99638, 142555, 133309, 9154, 91265, 189065, 336952, 381282, 134339, 52695, 187520, 405235, 413223, 175423, 104447, 189727, 186852, 161420, 122567, 482341, 287519, 129375, 415376, 330288, 257115, 463603, 297976, 249288, 292134, 339412, 139280, 264993, 324798, 322358, 308696, 405362, 50536, 67822, 180890, 159689, 443741, 47745, 377600, 290472, 154738, 28096, 250876, 78578, 11327, 378516, 410751, 326032, 51763, 342491, 212172, 1836, 122794, 363037, 263382, 406749, 431553, 497612, 238685, 126335, 226721, 492065, 282769, 438866, 121063, 293987, 485608, 258942, 482561, 499076, 394150, 175833, 459038, 373452, 189967, 448694, 275890, 76052, 499423, 58204, 453847, 108479, 272631, 302954, 157099, 321280, 373677, 217475, 181938, 479450, 476665, 155698, 188540, 179456, 974, 6286, 173887, 21501, 392578, 339078, 368888, 467850, 354007, 215139, 251541, 8014, 290714, 335686, 5349, 290391, 359902, 382275, 15407, 370872, 104470, 495849, 155875, 426406, 278161, 303055, 97286, 399429, 282583, 485726, 147006, 219411, 425310, 339089, 416702, 263248, 359607, 410746, 349091, 193673, 118100, 322348, 311952, 155167, 69499, 446500, 448541, 71073, 362822, 159319, 125347, 138609, 427219, 183457, 293968, 441569, 377742, 373592, 128743, 480323, 103607, 329669, 120662, 201037, 258391, 149316, 196627, 201796, 220033, 311103, 379727, 374063, 256333, 366026, 23644, 403689, 138987, 426005, 283347, 31058, 245128, 271424, 229437, 249329, 300243, 270090, 187940, 342220, 177618, 47688, 171505, 41933, 202114, 134070, 288630, 485328, 548, 398927, 452144, 193210, 17985, 103300, 146265, 385132, 123269, 241307, 253603, 140450, 54259, 209777, 201455, 398627, 199472, 187076, 96707, 3255, 364595, 206180, 16339, 102520, 105249, 452862, 376917, 111794, 363706, 10943, 94287, 401042, 304322, 260369, 474713, 440873, 291761, 130107, 52142, 346792, 350279, 332193, 497704, 297775, 246716, 21592, 112732, 361482, 244598, 376187, 243158, 275329, 221199, 131818, 484738, 381932, 119682, 169700, 463615, 437652, 4767, 196643, 140889, 167933, 277914, 84509, 424495, 32310, 438959, 353837, 400354, 299504, 95768, 125609, 404641, 123574, 394863, 234559, 381005, 351322, 72955, 246333, 252381, 439189, 450030, 322720, 467296, 172223, 38619, 15201, 62273, 331390, 43531, 425492, 336871, 63011, 427201, 69390, 396663, 24770, 252756, 86051, 11472, 433598, 432540, 449856, 50579, 292130, 22237, 169651, 92698, 157556, 75744, 373464, 463166, 132472, 441070, 425596, 284836, 376623, 123293, 442327, 284420, 391571, 192328, 166200, 226762, 354738, 177257, 409976, 171353, 344782, 59039, 237486, 481789, 217206, 77295, 437495, 487409, 113171, 1031, 366053, 346558, 385075, 7381, 415330, 67288, 343144, 102170, 97280, 415319, 123893, 457531, 491321, 49041, 49371, 916, 60358, 366789, 443788, 311286, 386311, 166192, 296106, 480179, 171448, 465336, 48012, 179050, 447376, 234577, 448188, 168759, 168456, 253353, 193970, 287359, 252287, 179739, 228306, 95213, 286973, 120719, 164111, 245981, 241244, 429295, 439696, 251848, 245470, 399794, 132212, 333423, 364231, 483123, 428554, 173389, 393047, 311990, 200392, 100615, 192757, 290500, 58089, 478594, 312224, 414263, 232013, 440320, 481519, 189869, 305602, 247577, 289660, 322993, 307635, 427303, 414771, 368982, 34924, 430500, 440513, 65301, 136454, 68408, 383386, 456119, 174109, 88775, 224238, 150715, 248178, 493753, 32564, 151047, 324479, 300284, 406873, 311181, 209239, 451140, 61846, 377849, 37518, 168218, 99927, 308090, 193605, 90894, 260895, 256563, 36175, 423085, 91796, 313036, 255811, 364182, 8841, 7981, 35359, 483992, 134184, 445924, 22299, 238401, 186006, 464790, 274419, 46551, 233077, 460586, 166207, 270698, 450758, 291911, 106029, 231661, 248609, 6591, 172196, 367633, 267572, 164533, 189359, 469840, 265298, 496348, 486810, 458944, 245617, 88204, 75266, 315123, 321502, 269113, 454543, 342908, 424638, 232065, 165582, 379678, 131752, 388606, 473306, 220127, 185333, 67747, 467340, 25218, 95989, 192627, 499846, 464672, 114039, 106596, 39354, 254526, 111550, 497624, 418392, 372969, 35366, 1023, 455309, 159434, 371336, 101220, 57389, 97471, 38786, 332828, 326574, 440907, 477529, 482479, 350119, 400732, 128055, 204091, 57478, 241076, 140269, 266643, 97122, 107648, 495099, 499772, 84735, 457759, 349211, 227975, 309548, 403967, 444, 152233, 369625, 383462, 313618, 350078, 207791, 6759, 13360, 91823, 3152, 413778, 259050, 366824, 118181, 212611, 493505, 241535, 86670, 155728, 110063, 346696, 374436, 454745, 328152, 178531, 319763, 343608, 273617, 370845, 145756, 124346, 358927, 446292, 221983, 93832, 182166, 357962, 80943, 323819, 317320, 346524, 459738, 239726, 374410, 455162, 162752, 452391, 15303, 111170, 283792, 192057, 300171, 393438, 323205, 175596, 245678, 267643, 461460, 245713, 433908, 123846, 449085, 26145, 173031, 392886, 227563, 59527, 239202, 448703, 151106, 164544, 66936, 230028, 138390, 103715, 205930, 86461, 351692, 308682, 32972, 323404, 459445, 459637, 36237, 101332, 458046, 105981, 281376, 110817, 359238, 155647, 378027, 342054, 388575, 455920, 120397, 281183, 176637, 343558, 236997, 196972, 204131, 129010, 472905, 48607, 117427, 365668, 17365, 255697, 115323, 69235, 369933, 322550, 460418, 376759, 107904, 95015, 37544, 272496, 484533, 243099, 342179, 433347, 265450, 269600, 59552, 184038, 222479, 154294, 379755, 95631, 286153, 227810, 12286, 3215, 440742, 37500, 393027, 239002, 157969, 250559, 437832, 396183, 54487, 30744, 74200, 431688, 233059, 35798, 238983, 92965, 13710, 181961, 474447, 201633, 244053, 476081, 357351, 64654, 125867, 69496, 458476, 385732, 233684, 29382, 105665, 247840, 26901, 158324, 461592, 37837, 101174, 339504, 306081, 232676, 459592, 445002, 140057, 253807, 199287, 449951, 491523, 423152, 339009, 94012, 301687, 445495, 462942, 326689, 348485, 162090, 337941, 430122, 493608, 149831, 223411, 110744, 371806, 384909, 138144, 205920, 466818, 172739, 123488, 428968, 398942, 273903, 429576, 165390, 490482, 232926, 94736, 485019, 268998, 323766, 161179, 43413, 401792, 474022, 388698, 430968, 352907, 401635, 428897, 99776, 102323, 403966, 254595, 245021, 149917, 320329, 187756, 233814, 148191, 325200, 78205, 435416, 158512, 202987, 226109, 412604, 242676, 410786, 223632, 112083, 82742, 244081, 290946, 402254, 125545, 329580, 255052, 63775, 486774, 24632, 496602, 395056, 368597, 61767, 289096, 436180, 361732, 240360, 274262, 87881, 30531, 339772, 142555, 250874, 209941, 166815, 481175, 5844, 387262, 324560, 373116, 155091, 23062, 25888, 54135, 72298, 272663, 204535, 150762, 12972, 261259, 11216, 416994, 216584, 431252, 10647, 103080, 409348, 349785, 545, 290855, 33147, 4640, 369192, 416772, 371565, 282959, 355959, 122436, 172377, 451714, 174894, 439916, 20478, 282392, 345204, 275318, 183630, 161535, 492573, 185865, 109866, 40265, 483217, 21945, 255101, 165168, 66207, 474472, 277617, 224754, 208111, 119136, 288589, 59533, 312137, 149691, 86725, 151124, 20661, 474530, 137769, 20768, 373901, 443193, 486877, 346575, 321403, 42652, 485127, 3037, 454848, 92074, 156712, 64869, 326245, 160695, 46683, 314659, 307663, 165635, 213095, 289212, 328163, 245113, 312612, 206944, 280475, 79589, 116391, 250582, 395334, 200554, 297767, 273395, 230952, 129798, 134198, 355451, 57631, 330794, 434834, 83593, 453438, 184032, 107043, 391797, 457824, 456676, 359895, 431651, 109197, 33263, 425265, 475820, 212425, 377727, 290922, 422661, 395506, 397419, 274648, 77855, 371798, 499702, 222812, 236067, 199167, 321134, 265096, 136420, 118838, 285610, 368821, 279312, 342137, 134076, 468605, 109745, 129130, 140211, 76138, 333289, 62697, 177611, 386903, 313990, 349908, 280883, 200299, 370403, 212941, 367681, 212940, 291982, 375126, 187746, 375559, 271297, 458382, 229721, 320539, 96269, 250759, 250923, 151701, 203284, 391813, 117114, 369004, 219995, 121594, 309582, 114396, 17826, 9568, 285982, 383302, 166071, 92140, 447875, 371081, 227388, 222613, 311996, 78929, 92252, 310596, 223087, 21514, 292877, 22268, 3223, 403837, 337782, 90586, 81444, 302984, 199749, 308930, 97551, 103466, 389831, 94354, 323877, 476884, 39485, 418393, 35686, 493601, 406876, 88578, 72894, 342954, 495611, 352551, 177674, 205336, 419111, 90113, 102863, 483117, 308889, 10738, 224249, 31748, 177876, 394105, 249895, 290578, 169076, 464751, 469770, 191771, 231678, 461628, 225361, 224362, 109289, 378448, 294553, 331787, 378817, 353154, 49104, 215580, 184850, 272871, 106264, 85864, 93334, 466064, 103583, 297534, 207393, 186784, 320618, 269465, 470181, 499866, 401528, 244595, 350486, 232901, 233284, 463002, 117831, 255646, 422092, 491973, 139609, 497213, 499310, 450617, 219963, 9272, 341101, 224503, 349182, 419619, 2226, 100169, 186911, 118079, 71599, 490295, 166193, 151163, 432887, 401475, 162123, 243316, 339609, 317455, 200464, 166596, 325209, 221668, 240725, 279836, 391113, 211246, 380555, 308476, 18836, 150799, 63156, 38585, 261634, 246694, 398825, 156178, 496832, 364912, 78886, 264304, 293004, 416928, 206131, 105594, 35541, 119286, 322490, 416908, 123871, 499789, 209755, 131724, 430479, 263914, 76811, 323183, 323372, 376100, 56762, 229259, 434548, 404829, 339785, 29399, 64356, 483556, 66350, 77835, 12085, 242205, 412390, 467010, 277658, 17386, 59448, 207866, 90102, 442399, 493766, 399280, 443198, 424362, 499978, 463516, 40928, 97716, 480389, 79399, 373551, 223747, 199734, 325262, 201939, 381158, 285185, 33389, 225162, 232536, 285243, 178652, 375882, 477654, 240844, 270847, 263951, 489509, 406529, 351392, 122869, 269006, 121225, 121531, 358236, 303934, 341122, 180241, 271722, 299976, 139917, 420740, 156646, 39527, 68088, 209278, 177555, 442723, 105631, 49644, 262878, 301307, 147255, 468568, 67973, 246182, 290518, 8723, 340564, 229694, 156987, 113966, 175488, 166800, 389204, 300996, 291836, 319603, 248221, 116448, 495959, 171397, 263342, 161026, 428033, 317115, 9361, 471656, 392097, 425380, 36362, 293251, 208684, 414315, 399790, 438751, 325619, 230272, 474492, 327109, 57783, 438614, 498086, 222295, 90843, 375768, 379437, 147815, 297358, 104849, 200140, 79600, 94848, 143713, 459589, 212149, 57588, 76826, 317998, 361788, 449836, 403858, 263356, 420648, 376529, 320597, 94055, 14807, 85641, 482949, 137574, 402077, 1790, 209183, 397535, 240513, 271800, 433756, 462244, 401449, 428785, 450814, 4719, 421510, 330576, 32365, 57739, 231284, 377880, 477358, 214970, 437146, 403930, 337401, 234665, 207800, 35788, 171270, 463863, 365728, 79171, 371441, 31331, 222769, 7167, 228976, 158544, 448838, 255599, 32377, 98599, 488813, 214809, 105005, 215316, 296679, 438082, 379739, 468349, 190568, 39038, 208537, 190839, 202280, 178732, 195174, 382767, 250, 221931, 81163, 463494, 313226, 215601, 389281, 260152, 440130, 447746, 16228, 151829, 234487, 378667, 495465, 190545, 339489, 417949, 429783, 306969, 27672, 367914, 352046, 205715, 191421, 346148, 133650, 15880, 364745, 395831, 326027, 371646, 497561, 1633, 272231, 35997, 171030, 141877, 328205, 395248, 145312, 284476, 81988, 315304, 17148, 131617, 186709, 487100, 263988, 294363, 428479, 393882, 343383, 223285, 83112, 163887, 491712, 83672, 120606, 140231, 428501, 155033, 121877, 279683, 84194, 311751, 183783, 41933, 214143, 456420, 231822, 496678, 48069, 413654, 452194, 372776, 493131, 275599, 153880, 382940, 45333, 466557, 458016, 390948, 187121, 260523, 95081, 220980, 163323, 421803, 53498, 408542, 192706, 46601, 155762, 314429, 17285, 122291, 176002, 289002, 353065, 35414, 483827, 285694, 417832, 455472, 374387, 282086, 131777, 37079, 214162, 316438, 458921, 464392, 120361, 97180, 46295, 223827, 90696, 378142, 104239, 48585, 14162, 117831, 168221, 8447, 164237, 395298, 359800, 319337, 318263, 303987, 144695, 359038, 134479, 46059, 134817, 133976, 95457, 122819, 474890, 22017, 262318, 402955, 116190, 198918, 184689, 269824, 11019, 320968, 94014, 455836, 157753, 231869, 445642, 239488, 284231, 352659, 428046, 183001, 333674, 22734, 94797, 297488, 90937, 231212, 13794, 101296, 364871, 47586, 18178, 447368, 192098, 441776, 40064, 168488, 183964, 174884, 296402, 97196, 379100, 211743, 369331, 304166, 242810, 184245, 151084, 426363, 198342, 370515, 416091, 176547, 139180, 266404, 115792, 114368, 479828, 132286, 342708, 427761, 304897, 280001, 185867, 424152, 429142, 132171, 209472, 438338, 277174, 424256, 196168, 486908, 247952, 107066, 272752, 497340, 61729, 431245, 1085, 497351, 382883, 278745, 246816, 255495, 378178, 327492, 156851, 59976, 312007, 387362, 386179, 276212, 286370, 387320, 335232, 25774, 205901, 76187, 320756, 379193, 449158, 54431, 349049, 355387, 159919, 126347, 493503, 233734, 131044, 223467, 86090, 101907, 72996, 471304, 16681, 259313, 119272, 146036, 339766, 16403, 332058, 422966, 83853, 136029, 41526, 483463, 266147, 401094, 45658, 349563, 345908, 401548, 266260, 107711, 480743, 276626, 348114, 126385, 69574, 456736, 20333, 463042, 416878, 7375, 105686, 387421, 95115, 334785, 477673, 68753, 177091, 115376, 351548, 465940, 482411, 323077, 44904, 103429, 32514, 301859, 85681, 3971, 322594, 38122, 214107, 142690, 485097, 340337, 68656, 241783, 30639, 251566, 178208, 275410, 70146, 106272, 216049, 200586, 415955, 360998, 286650, 295926, 86496, 290331, 382675, 193379, 211581, 120263, 102070, 460822, 247252, 123475, 84727, 79346, 407617, 118852, 328241, 263676, 347811, 304920, 145495, 215431, 198819, 243194, 91406, 418124, 233863, 46411, 228561, 150118, 51182, 218867, 40855, 11054, 207396, 6542, 119236, 278403, 225255, 356824, 278272, 8362, 344987, 196461, 49685, 43162, 301207, 81011, 408233, 36904, 166836, 493531, 433015, 329242, 71638, 208337, 387533, 252411, 398353, 432072, 347975, 61963, 292988, 448393, 218276, 101181, 467351, 373085, 457418, 480858, 387988, 203191, 138147, 468735, 63779, 320539, 172354, 260268, 206769, 423082, 75280, 422901, 298520, 199264, 226049, 187091, 350599, 322801, 146563, 224968, 497644, 77650, 109324, 34970, 141920, 370888, 151847, 262041, 276629, 144584, 333769, 412408, 340231, 456531, 369779, 487208, 231150, 306453, 341891, 195698, 380455, 256390, 26282, 20304, 473357, 382625, 13238, 463249, 113605, 442404, 385479, 335175, 181962, 140607, 473554, 42265, 442153, 182744, 362364, 319154, 231981, 95408, 334759, 148016, 15999, 169058, 4727, 58608, 330716, 443815, 382020, 365635, 280380, 38815, 44199, 215408, 204340, 203255, 198595, 26734, 249122, 191467, 191379, 240158, 339891, 453151, 399960, 449251, 20456, 414241, 4070, 361415, 377261, 312542, 1170, 300727, 437225, 310435, 419899, 262016, 261871, 425210, 127616, 111739, 178677, 484931, 90211, 492446, 175043, 453500, 396533, 122816, 325424, 96111, 435490, 86867, 117479, 382561, 315862, 80709, 19793, 272381, 285585, 331350, 416857, 200236, 258948, 310431, 430695, 352226, 239727, 81385, 405077, 157998, 278772, 161739, 477825, 405907, 140527, 421357, 457448, 112110, 439923, 264440, 304455, 151019, 205027, 295004, 419736, 85866, 323772, 162648, 330458, 329109, 334811, 13278, 386005, 217920, 135598, 289261, 203647, 330787, 250558, 115041, 42338, 164817, 33, 468269, 432170, 359595, 92133, 487172, 60495, 299180, 248264, 434331, 65237, 387675, 276764, 303605, 191116, 269578, 266257, 209875, 37444, 460340, 233184, 156886, 245887, 39478, 402139, 261568, 290709, 33905, 88998, 361057, 133382, 389890, 423644, 257450, 186970, 463961, 466163, 102301, 398933, 8858, 235530, 199268, 187363, 427460, 416383, 61644, 361971, 418981, 47136, 87262, 188266, 120820, 85063, 358184, 386144, 312999, 340337, 383369, 376040, 344862, 328651, 91339, 207647, 337204, 177890, 422845, 398057, 94549, 370199, 465274, 440765, 43789, 34505, 485375, 267703, 49149, 24541, 248205, 151266, 71927, 375546, 432303, 487035, 444345, 323899, 401379, 173757, 192973, 468484, 224562, 124288, 263874, 265378, 391983, 18106, 427014, 382527, 488616, 491234, 380843, 446901, 146515, 367436, 384020, 84011, 245997, 299853, 72203, 466808, 378895, 238767, 17081, 32307, 354659, 376600, 312922, 218493, 131469, 64714, 338481, 36128, 427790, 261599, 349259, 150797, 146465, 227659, 317949, 109570, 396241, 441713, 151038, 334897, 140480, 78854, 126741, 119920, 187608, 456118, 472580, 236087, 401829, 486205, 405832, 62809, 410121, 483100, 203757, 444552, 181221, 46015, 384904, 119300, 157786, 258729, 8093, 316683, 418198, 270123, 317444, 472198, 260583, 18217, 57072, 320703, 157135, 357344, 384766, 115398, 86000, 489828, 122075, 12343, 86335, 173019, 285688, 13274, 209348, 354260, 375604, 366101, 481163, 464977, 379519, 36986, 151901, 35324, 276971, 104920, 271159, 215464, 358865, 344125, 293247, 362801, 307802, 25072, 37477, 445276, 305890, 348423, 223327, 471506, 273440, 355990, 225267, 67884, 171926, 62952, 151627, 377394, 276832, 463053, 368704, 233416, 107724, 5012, 74345, 136733, 294847, 85243, 462687, 184523, 430111, 286206, 136399, 470156, 432140, 104611, 126406, 379759, 33596, 220841, 217419, 208083, 47613, 415725, 363941, 9526, 204838, 414932, 283517, 55162, 96598, 368616, 254935, 287041, 57244, 5440, 2958, 202841, 316120, 445122, 71499, 97829, 175893, 64465, 14690, 64484, 339516, 266096, 364101, 468049, 467310, 339813, 445263, 50537, 253169, 496568, 147897, 196209, 59772, 393777, 139862, 26634, 26722, 31877, 464046, 90469, 180204, 381829, 426126, 499994, 368179, 396993, 467013, 466210, 29305, 121089, 388466, 457651, 290406, 77122, 49501, 94885, 193210, 168481, 66082, 294882, 481815, 195203, 177789, 392032, 220822, 481308, 86085, 438795, 134652, 96981, 202405, 496569, 354161, 118846, 166055, 274630, 178703, 144778, 377180, 70310, 71362, 116106, 123408, 414435, 429367, 313704, 233228, 23448, 340003, 303109, 478571, 377980, 59879, 431680, 262763, 453559, 3404, 362206, 257864, 233785, 328406, 251082, 130994, 365016, 55213, 406923, 464415, 248901, 180086, 418430, 177823, 217114, 262428, 142485, 113682, 230916, 61141, 299905, 221389, 272699, 470405, 294299, 199613, 131322, 406226, 229611, 281645, 490297, 316846, 62011, 39720, 204616, 34189, 175962, 491545, 21700, 240760, 189222, 210607, 233638, 478791, 488518, 327075, 212546, 484593, 377532, 413313, 175631, 400586, 483299, 267789, 66921, 107942, 302659, 353325, 441347, 40049, 53816, 241930, 466163, 242499, 45633, 387750, 383459, 20247, 227088, 163468, 39013, 69927, 246297, 407148, 21561, 311639, 220757, 123908, 159806, 144035, 448906, 102458, 189146, 382291, 428054, 478827, 343984, 165845, 274524, 278337, 457448, 216282, 407335, 441767, 407805, 182183, 400471, 21697, 438485, 231708, 4783, 268759, 268965, 34596, 490409, 334119, 406554, 277625, 381099, 80212, 376638, 483231, 460358, 406004, 366421, 82865, 423625, 28998, 487333, 163798, 393666, 17976, 352054, 316512, 38129, 252913, 50538, 413636, 46138, 174067, 49278, 152646, 277997, 369519, 411545, 453123, 54446, 168739, 295938, 478578, 313460, 266592, 436372, 480195, 396113, 204713, 340687, 440150, 120257, 273024, 458406, 482615, 419412, 86093, 302429, 62299, 145180, 170356, 237848, 469035, 442068, 155486, 483174, 48263, 85142, 83465, 339478, 44218, 79832, 324530, 346075, 442873, 260313, 141003, 306521, 435014, 231306, 208709, 237342, 371109, 20889, 471571, 36298, 57255, 487425, 195202, 128615, 63193, 43700, 322416, 463515, 193738, 137041, 229930, 217365, 355636, 10313, 111640, 197643, 462551, 406583, 342221, 404895, 329460, 177999, 340205, 90355, 40808, 134766, 73847, 336929, 224309, 19404, 249484, 118066, 307943, 272297, 222409, 230954, 73682, 275143, 84886, 493263, 484369, 281410, 53501, 106012, 213648, 214411, 339041, 305586, 424321, 443733, 453508, 314824, 134497, 34861, 8545, 441670, 64502, 285313, 368559, 58178, 29920, 235478, 29950, 409765, 340615, 476010, 490777, 52672, 165688, 124093, 130163, 368907, 204000, 308238, 430210, 194232, 80652, 238385, 236614, 91042, 120187, 389780, 354482, 224901, 323138, 314388, 38792, 287159, 252059, 202268, 38303, 212673, 92008, 245718, 483585, 220915, 242106, 392540, 179447, 342546, 45102, 354353, 408770, 429611, 31292, 430702, 73714, 77323, 354027, 75223, 39662, 218546, 480014, 103465, 212792, 351303, 87273, 428482, 273, 211515, 95735, 240984, 301373, 262894, 270854, 117677, 347316, 174190, 485373, 432367, 132018, 12765, 214576, 380797, 209686, 168883, 75597, 464405, 481384, 436115, 477615, 124445, 289218, 217050, 404476, 435488, 483271, 9618, 326571, 205047, 469089, 362436, 22385, 99100, 455315, 368003, 144129, 395588, 294722, 324222, 122530, 138190, 118893, 185927, 290714, 203340, 190138, 192339, 199986, 433776, 24293, 20208, 210523, 454418, 445408, 240461, 383369, 192884, 380878, 177647, 175745, 292001, 344460, 236607, 190640, 476134, 453654, 105674, 86469, 225962, 228213, 284280, 231996, 54919, 123482, 275452, 66845, 164376, 377029, 300817, 311634, 5729, 256997, 427412, 383003, 300335, 395629, 103098, 152021, 291916, 100168, 16831, 73279, 135134, 446686, 419537, 276878, 452318, 477684, 321134, 475050, 97668, 234319, 267007, 36401, 403066, 82293, 13757, 485422, 152289, 176465, 47957, 432395, 283978, 93523, 355129, 87065, 83572, 44449, 416795, 322309, 355147, 54719, 136046, 119344, 49467, 467464, 440841, 179028, 494513, 230407, 21773, 127797, 153490, 227577, 495451, 344299, 182013, 287136, 158275, 246930, 116986, 42350, 303143, 385857, 185387, 370574, 138232, 320527, 400690, 185857, 364084, 282312, 458106, 344754, 477215, 355083, 387338, 150397, 463499, 87582, 438419, 153361, 70550, 19039, 199094, 28008, 196265, 457081, 406398, 237892, 185524, 71161, 218224, 64847, 170541, 79503, 113087, 259649, 33493, 65386, 19078, 489358, 342296, 470319, 332876, 14250, 324208, 177999, 101678, 23599, 137410, 150236, 88469, 435598, 351141, 395311, 340068, 353183, 260263, 34852, 81000, 345768, 477275, 61517, 107265, 318597, 361310, 122664, 487008, 86776, 108320, 449401, 38009, 12779, 269788, 192334, 150533, 277116, 318499, 218174, 93579, 253979, 125266, 81756, 111069, 190084, 168002, 422279, 162966, 337846, 249681, 247035, 12577, 256369, 482851, 125541, 305155, 142746, 247678, 189476, 217155, 228878, 24889, 416329, 246068, 957, 143829, 137664, 143995, 458223, 379416, 30330, 370362, 173969, 347619, 110087, 409094, 93929, 29300, 215390, 356289, 467788, 329260, 400877, 55694, 41347, 104853, 277770, 225381, 11106, 462855, 287047, 76930, 281596, 344639, 84679, 62310, 161037, 413496, 430118, 315091, 250695, 335952, 336191, 300562, 175177, 38331, 303614, 308204, 144200, 239900, 368456, 144602, 165341, 61502, 155681, 128849, 195472, 424951, 228366, 153239, 449394, 381436, 88343, 660, 393606, 308795, 12277, 296573, 206137, 266575, 19597, 263795, 131102, 316893, 260100, 179549, 248774, 313076, 189800, 499599, 189506, 340724, 431891, 8074, 383831, 222380, 415105, 313547, 260879, 380402, 421804, 269822, 169243, 492155, 27997, 336709, 113125, 296202, 466091, 192780, 83901, 180215, 53923, 198101, 110016, 323729, 476348, 249986, 87806, 301563, 388093, 328165, 457187, 343163, 447190, 240938, 465632, 244091, 81722, 402227, 28677, 61735, 195598, 213339, 160102, 48091, 158812, 42964, 363756, 424045, 20167, 315619, 227497, 346797, 327738, 493048, 274749, 39301, 217818, 384616, 411973, 173736, 447645, 460551, 282279, 249851, 108973, 265095, 293322, 81423, 47740, 237599, 257055, 456578, 498966, 274844, 91097, 395382, 166746, 387066, 287462, 43428, 227910, 301962, 396738, 454110, 46478, 247863, 28225, 491245, 427010, 375281, 26685, 73579, 322255, 162732, 472392, 469444, 207478, 90839, 249287, 42520, 437863, 376226, 294074, 356081, 447857, 158342, 349631, 485923, 90781, 18792, 298257, 203153, 178555, 369043, 226227, 402428, 133290, 497977, 367525, 259447, 473052, 421919, 479280, 249170, 42626, 117290, 450361, 161205, 164921, 93514, 462901, 322410, 309444, 423633, 458260, 277608, 224246, 281539, 186012, 162532, 106110, 94647, 189354, 13984, 94113, 485374, 106386, 319963, 345448, 308916, 489594, 22104, 454818, 403807, 268633, 237120, 15960, 88403, 326596, 107425, 223752, 99704, 194201, 323940, 49954, 439143, 285490, 114832, 76331, 43425, 129865, 353202, 359982, 482578, 406953, 457116, 435234, 69877, 394747, 269746, 13047, 89331, 121579, 386447, 472081, 260085, 437419, 37259, 53743, 327599, 277035, 145896, 234928, 455293, 84317, 258536, 323446, 98317, 40174, 388615, 193950, 132146, 282030, 404355, 185522, 200949, 268525, 312501, 371284, 244737, 123989, 405613, 338814, 366743, 430327, 188707, 180877, 85176, 308788, 105053, 411390, 352815, 456302, 64262, 217803, 201172, 378744, 311866, 486398, 484911, 351977, 400859, 172739, 210426, 459969, 165469, 499221, 101282, 335475, 272109, 119769, 234205, 430110, 371803, 315885, 40182, 329936, 54149, 443265, 83328, 20923, 36216, 267136, 30335, 437234, 170764, 301868, 196450, 213817, 261546, 451754, 180594, 486719, 408760, 87102, 487848, 106445, 412015, 102022, 9930, 482093, 377876, 278181, 175167, 366031, 124801, 298781, 367950, 172766, 7710, 233595, 295946, 57228, 297836, 84404, 222882, 62973, 382794, 230602, 477057, 5318, 64975, 358572, 461522, 419855, 485460, 334864, 211894, 375020, 216423, 283321, 374173, 227987, 143148, 155572, 480578, 200939, 40946, 379403, 366227, 399841, 163308, 426902, 196906, 161065, 298409, 28408, 67952, 194299, 377553, 39547, 297545, 17664, 119027, 436417, 492139, 52386, 144287, 376166, 92473, 124921, 171652, 132754, 2416, 295171, 272244, 451576, 286938, 326841, 295998, 402251, 288972, 252249, 90956, 487844, 358455, 58690, 73247, 410841, 17220, 158797, 389347, 95458, 25184, 330158, 463551, 167330, 430888, 328711, 474581, 315739, 60505, 486723, 426164, 209887, 16036, 198706, 414187, 451024, 211578, 227919, 61257, 393717, 26326, 357549, 498814, 173815, 325845, 237533, 300402, 474374, 305907, 440458, 359752, 451417, 307718, 214673, 378521, 445923, 491710, 352838, 135004, 255127, 364972, 80930, 410598, 418277, 124474, 128129, 179402, 382231, 323908, 212375, 387564, 223900, 370045, 238771, 354397, 445879, 418839, 99279, 8214, 152729, 151253, 27216, 50702, 475337, 473349, 401422, 114025, 103785, 26768, 37211, 204976, 368631, 311952, 346334, 320141, 262133, 441384, 448210, 394973, 33936, 350319, 115420, 291332, 292272, 169681, 472531, 100774, 87318, 417549, 374335, 149127, 442912, 445232, 261404, 280929, 304513, 213846, 152448, 102069, 3050, 247515, 39864, 365065, 447043, 365478, 142685, 352356, 96206, 428391, 411058, 119912, 348204, 90302, 278620, 199455, 52988, 452941, 277953, 334293, 497502, 263454, 34015, 172348, 214873, 119342, 484731, 44542, 87130, 95983, 5661, 108233, 242213, 273267, 30, 338973, 125108, 251879, 113403, 122407, 493802, 443025, 420638, 188646, 298750, 498754, 294839, 470166, 429091, 132893, 60957, 325585, 194857, 125508, 19005, 324962, 231038, 3539, 137308, 147249, 401872, 183512, 407702, 65060, 262430, 174681, 172550, 256726, 65871, 325869, 360305, 175876, 258161, 463496, 397640, 322967, 159290, 437750, 6732, 349839, 304114, 250947, 69742, 192587, 437178, 96649, 74374, 121, 245973, 270237, 30953, 393743, 392817, 224824, 234134, 369138, 271649, 425575, 314322, 209317, 59532, 110671, 186729, 204897, 289992, 242317, 326276, 301325, 488320, 241614, 171858, 162097, 249946, 326757, 176163, 22434, 39639, 334771, 397377, 357322, 142501, 479818, 189896, 358500, 71612, 497021, 128300, 462258, 481952, 283290, 488238, 485055, 146612, 425006, 361946, 136255, 82313, 47773, 313175, 385161, 444724, 63788, 200382, 497793, 216976, 94243, 387794, 384715, 166936, 335149, 100652, 33311, 420332, 239523, 222691, 497948, 104369, 276725, 128943, 181067, 112761, 268261, 115752, 183058, 499744, 240798, 294977, 273775, 296663, 217780, 433013, 356637, 119075, 441074, 139539, 216692, 253141, 379837, 337150, 368650, 445283, 191905, 173687, 290662, 60701, 311693, 295209, 329347, 92568, 180347, 33651, 271164, 267022, 138381, 183966, 324912, 131472, 288253, 151771, 13466, 201534, 124316, 116372, 426654, 205224, 193092, 264723, 85641, 88062, 209326, 98610, 28533, 351700, 215456, 285565, 490691, 472554, 191246, 198196, 31836, 328337, 161537, 311126, 31685, 244539, 465220, 11260, 249600, 135973, 324841, 236132, 401150, 357395, 219016, 242002, 424762, 58860, 131310, 321622, 91489, 412106, 463983, 195927, 66082, 154556, 195069, 26469, 143762, 344108, 394021, 304167, 185943, 311590, 229746, 154308, 371477, 115815, 355144, 282727, 308325, 485720, 89086, 304984, 315118, 148913, 120212, 60827, 408780, 24386, 25585, 89228, 174910, 467394, 45239, 266847, 420697, 252151, 241767, 367059, 150209, 272430, 74310, 161897, 208813, 72187, 487457, 20129, 372875, 41409, 299831, 60901, 459982, 247667, 236830, 214028, 72193, 22926, 416603, 448465, 49641, 307429, 459137, 455723, 300014, 393550, 140748, 376149, 81344, 344088, 66203, 206439, 465521, 301889, 368743, 125223, 410221, 220517, 345620, 378123, 189802, 481211, 115554, 417075, 255740, 323773, 4529, 116959, 315295, 188054, 259561, 438272, 126991, 415231, 168127, 367677, 228196, 278477, 422555, 117531, 157532, 28179, 94384, 196962, 23578, 299722, 190579, 119357, 489267, 212431, 309844, 380141, 23526, 448569, 369936, 336269, 1072, 487977, 325296, 120568, 79768, 415960, 404408, 490679, 86054, 192273, 181924, 445901, 228678, 413288, 216669, 432531, 285639, 165499, 111237, 248115, 487954, 228683, 205074, 328705, 368321, 390892, 405117, 60320, 341855, 200828, 310806, 165075, 173292, 151, 224068, 251052, 9354, 365948, 447915, 260202, 212300, 219118, 340595, 388864, 452745, 142831, 89480, 362538, 39379, 94984, 213513, 169678, 246124, 368251, 396052, 302450, 388484, 474267, 187174, 228375, 384195, 324938, 436900, 147063, 156265, 403899, 403091, 472520, 289405, 429531, 21283, 136001, 32399, 427573, 308391, 178434, 376366, 319253, 238195, 342072, 389887, 360190, 49971, 241023, 71017, 270111, 72954, 221610, 78269, 297773, 422833, 48853, 169473, 61354, 463254, 53215, 193577, 408953, 354421, 137443, 471570, 408050, 204907, 492681, 282410, 29930, 109874, 488607, 93270, 344910, 218476, 461244, 199545, 44201, 185130, 461709, 169221, 334068, 240399, 105015, 168833, 15998, 291539, 371469, 40743, 451476, 27458, 3000, 373734, 404414, 390266, 494365, 54173, 294298, 319701, 12518, 59030, 154151, 71962, 239309, 77737, 332663, 340514, 272543, 14382, 342019, 383479, 191778, 472110, 138960, 6285, 247679, 340327, 340322, 471521, 227768, 31244, 67307, 359178, 194447, 341955, 426757, 213096, 120191, 355625, 124380, 382314, 98408, 156228, 249909, 309998, 78019, 244578, 235921, 246074, 321075, 205135, 236321, 145248, 89711, 291366, 398916, 456661, 8800, 360990, 291343, 68480, 279149, 272293, 469493, 391414, 133473, 392720, 436619, 34572, 75494, 447624, 7682, 464522, 292049, 188542, 18261, 348128, 279701, 458453, 138939, 281694, 374202, 6133, 144834, 305813, 401664, 267590, 365448, 72538, 347084, 328586, 478527, 413020, 463647, 391723, 193164, 297433, 468247, 424564, 5351, 262926, 382024, 317981, 488864, 38234, 259397, 66835, 345236, 479522, 179119, 348958, 416385, 300798, 24822, 312697, 227277, 52826, 21567, 324798, 4689, 74325, 72732, 191042, 130531, 171223, 288012, 431324, 419836, 39282, 214776, 244010, 40494, 92935, 481811, 133600, 332530, 174537, 69000, 162419, 56813, 9223, 33696, 131026, 260646, 117940, 394673, 135280, 67906, 498100, 487490, 55267, 68466, 343273, 218, 297788, 331314, 313757, 236557, 270303, 362026, 266537, 213006, 303952, 475947, 245954, 129375, 486700, 358804, 335290, 230319, 451359, 160676, 12280, 51164, 355296, 253467, 498583, 37413, 199717, 109950, 274800, 123053, 269323, 465643, 66447, 133967, 499488, 230883, 288784, 424497, 433737, 202934, 165409, 73176, 10452, 442204, 348508, 249721, 200343, 28862, 403873, 473267, 404027, 395909, 136855, 337130, 242439, 140980, 394800, 484167, 489626, 359309, 470274, 150454, 468565, 499866, 45159, 68571, 95909, 252863, 190401, 124809, 111680, 469498, 48419, 221967, 469119, 445678, 333579, 151344, 256456, 208764, 171330, 69384, 59273, 55311, 279983, 298657, 22016, 486963, 389347, 105889, 180658, 13014, 6847, 148748, 442933, 95454, 145303, 364567, 393940, 307410, 496366, 138760, 442931, 429300, 22850, 40529, 492448, 389034, 303016, 302791, 278047, 459472, 48647, 288138, 426365, 28617, 381004, 18406, 156920, 134860, 57482, 174931, 88475, 199377, 160432, 68805, 65845, 235897, 123669, 447553, 436397, 380390, 119798, 434896, 74941, 232924, 87829, 8828, 138706, 253385, 98012, 365394, 161492, 22697, 490622, 299713, 124335, 14582, 483675, 264077, 91464, 430180, 269448, 210107, 450011, 308149, 237300, 428663, 122720, 348327, 351446, 91110, 332968, 342741, 289997, 110749, 447691, 162471, 414529, 75041, 72334, 33005, 145939, 69247, 460779, 112962, 251935, 484487, 252286, 499950, 91143, 149528, 139842, 219980, 146231, 81015, 316221, 172169, 339603, 352521, 257045, 269955, 35858, 157145, 186694, 175198, 138994, 315898, 256612, 323935, 377444, 373023, 408196, 293243, 304566, 54315, 106055, 466595, 132972, 460353, 36634, 231104, 342948, 436784, 101435, 265100, 116154, 215173, 198329, 417650, 49583, 359704, 207046, 106238, 145664, 405762, 475285, 259474, 153246, 286570, 6318, 475955, 133810, 355248, 376830, 29867, 183059, 53878, 291283, 337269, 308656, 97506, 164453, 334326, 386051, 424610, 371649, 125215, 262887, 370951, 221877, 145716, 402234, 325467, 390908, 213244, 17640, 128372, 31797, 98699, 388828, 472312, 437434, 471731, 476145, 360913, 284734, 38463, 328785, 446128, 204551, 171146, 162337, 70475, 261883, 300004, 3159, 4643, 409975, 92963, 218992, 402156, 86683, 357279, 377143, 66569, 391002, 150793, 191798, 400018, 32550, 137466, 157647, 91796, 3523, 26313, 340409, 275989, 326770, 11811, 154663, 477745, 452396, 414527, 364870, 292663, 281073, 251934, 3964, 275939, 256928, 434796, 158195, 227914, 423628, 212886, 15625, 417899, 292346, 424500, 195362, 211010, 472684, 489339, 383642, 171144, 457026, 278415, 178341, 294861, 463348, 460238, 83879, 222265, 386925, 467678, 83486, 343816, 332916, 259210, 209854, 215752, 13890, 455713, 476371, 269315, 95880, 50444, 231145, 86085, 37599, 187715, 496547, 409225, 122471, 105402, 472790, 201247, 108330, 296200, 181375, 160079, 421380, 301697, 389049, 434953, 24667, 394185, 190995, 439964, 28166, 127710, 358367, 396136, 19996, 16293, 314948, 115837, 10467, 482527, 297697, 94827, 341455, 211442, 95820, 412999, 97428, 160862, 421626, 147549, 56763, 437394, 327763, 43124, 147999, 74534, 228775, 90006, 400919, 254406, 250483, 148643, 115363, 212627, 259510, 264471, 460907, 95071, 481152, 233861, 17674, 408130, 427804, 268900, 39484, 458899, 175685, 421578, 272345, 53458, 320870, 477015, 374587, 444183, 208782, 160554, 304027, 38428, 148948, 117321, 388290, 10216, 122720, 324904, 23848, 383764, 255036, 38416, 431263, 164725, 486057, 124833, 190248, 168306, 270513, 457754, 478423, 248263, 378295, 141369, 88075, 442083, 8447, 9065, 311397, 194675, 290408, 326698, 110926, 494983, 176084, 425121, 256288, 41058, 58754, 439812, 224207, 54407, 360542, 79231, 250812, 305978, 13046, 322543, 462317, 378374, 18506, 301285, 418396, 166991, 455012, 204151, 461874, 141767, 439815, 379544, 28236, 125441, 459267, 141226, 177426, 86668, 63166, 169000, 212358, 74992, 57975, 200720, 224233, 426284, 75007, 52807, 193121, 249998, 280350, 2677, 259645, 223347, 203925, 414470, 67436, 116421, 141466, 163166, 89435, 42869, 482905, 309694, 9943, 318300, 251623, 334137, 334360, 196095, 223775, 260370, 413872, 86916, 195887, 499030, 490995, 402481, 455116, 255316, 389350, 38985, 429746, 440637, 354440, 315903, 23739, 436109, 92614, 103887, 440710, 309437, 346495, 197250, 268411, 226551, 228947, 227075, 265787, 447462, 18734, 455278, 302133, 53433, 84046, 454444, 28116, 310965, 68531, 364613, 241524, 120360, 119999, 87036, 65173, 200594, 305092, 487172, 406147, 343624, 353837, 75480, 163393, 466492, 253579, 51401, 242829, 255795, 151454, 88793, 299585, 379453, 464812, 150228, 43778, 117439, 392683, 23581, 141851, 342842, 246224, 373560, 313968, 96209, 263396, 288266, 293965, 89816, 396962, 160286, 290682, 95552, 74211, 285190, 353646, 364144, 143580, 217171, 412135, 481366, 66070, 270110, 185763, 48718, 193376, 331690, 230278, 72369, 242882, 23368, 390775, 19151, 239030, 86527, 158899, 8892, 383681, 455101, 360153, 436803, 349911, 193848, 200321, 340460, 463604, 117618, 394047, 196687, 318508, 407895, 475499, 95955, 24040, 148649, 402254, 393556, 25176, 128324, 428542, 34850, 124971, 338648, 374787, 226886, 6082, 69936, 9567, 297166, 428054, 460494, 219095, 36713, 469826, 200003, 65890, 232367, 328310, 441473, 244318, 197720, 17569, 474916, 373204, 18309, 390741, 35006, 49608, 183542, 259439, 278066, 37309, 81108, 167888, 5011, 378454, 2109, 279252, 423122, 79199, 20382, 202512, 480826, 109067, 417471, 240350, 403646, 79927, 374085, 408196, 193619, 74941, 123790, 282158, 427944, 97179, 407186, 59947, 58239, 19171, 116378, 46444, 58341, 65432, 30733, 443799, 302932, 104171, 60139, 185127, 73322, 325942, 154463, 167478, 94141, 231098, 144594, 354899, 265734, 400409, 343366, 370599, 430336, 179926, 264451, 140071, 168934, 372998, 263379, 60144, 134497, 443700, 424408, 9804, 304240, 424621, 147114, 415948, 432257, 170828, 222029, 253104, 257548, 477503, 13120, 329147, 206715, 81193, 425949, 279506, 31142, 389804, 385432, 246297, 230707, 313943, 395857, 425985, 264903, 174667, 376306, 91234, 169522, 27379, 65385, 268031, 367441, 180447, 426678, 344740, 367681, 245912, 142590, 154616, 479806, 277810, 352549, 145826, 26699, 185435, 441741, 121928, 327433, 330005, 411599, 291914, 232334, 449431, 498673, 351279, 320868, 91830, 473808, 78604, 116083, 65786, 413037, 431402, 438529, 260489, 409848, 11625, 214709, 246053, 122471, 356291, 56807, 440913, 166135, 376638, 432669, 358836, 70031, 19325, 491625, 376754, 44768, 71380, 305953, 27053, 252328, 110773, 28396, 261953, 288128, 471799, 2177, 198416, 59739, 112159, 242851, 13737, 201818, 152961, 303433, 229998, 242454, 306375, 136324, 347083, 245747, 33320, 357148, 256082, 435040, 346340, 149700, 288321, 120861, 388026, 49879, 302891, 168339, 427656, 152060, 369182, 84355, 6310, 304761, 88997, 316158, 238463, 354565, 150028, 151091, 6238, 29324, 249749, 440005, 405567, 440815, 198149, 62116, 11131, 244698, 395385, 113222, 403680, 478893, 423607, 436455, 99150, 360469, 466410, 208898, 311131, 490059, 388087, 470564, 490708, 475659, 264975, 80804, 386979, 288606, 470885, 314727, 316725, 115661, 397937, 416313, 188086, 500000, 266074, 58865, 13473, 476404, 107441, 51465, 371107, 417149, 216108, 46067, 257907, 1738, 147584, 88464, 494213, 55942, 65150, 213430, 247032, 154555, 108956, 379704, 19202, 331171, 143289, 117654, 108931, 479813, 31907, 145300, 98640, 472895, 314027, 202944, 340480, 82540, 430974, 123918, 87197, 138335, 46103, 404388, 209029, 349426, 15261, 134397, 424028, 322271, 172193, 45899, 21422, 92429, 13155, 135530, 13698, 81234, 220398, 236494, 470389, 376355, 202295, 299530, 247668, 139820, 191412, 465938, 343026, 72952, 5024, 288981, 417741, 297401, 168940, 277813, 406185, 50245, 389827, 77706, 146592, 477189, 268390, 222003, 108181, 475559, 341963, 71312, 132560, 96189, 38952, 250290, 256664, 469199, 329910, 171933, 256463, 348999, 313312, 55917, 284892, 345868, 343424, 36144, 127251, 219485, 63435, 321729, 77713, 32269, 212903, 327599, 398560, 497543, 332095, 180323, 470915, 237064, 385706, 99336, 239500, 418648, 275949, 397736, 318276, 490857, 374017, 189018, 458816, 296687, 332023, 70840, 74656, 1799, 15074, 28139, 387908, 483917, 5592, 195515, 327756, 102678, 134798, 229243, 26346, 55469, 306282, 272716, 219263, 86063, 445454, 107415, 452405, 186750, 154378, 67523, 11595, 437102, 92690, 156332, 198963, 233973, 179274, 84822, 363594, 498612, 232644, 435003, 257792, 318931, 361261, 112714, 77625, 110004, 342803, 377321, 136213, 231526, 110953, 450924, 135843, 154001, 207721, 13892, 190118, 229459, 3184, 396657, 315457, 298453, 322481, 365330, 291974, 304620, 126321, 256794, 316926, 76615, 434188, 400486, 15575, 159509, 190758, 340058, 149282, 313506, 176580, 460117, 313868, 430466, 321579, 223995, 390099, 9133, 63277, 448832, 152642, 437783, 452847, 11971, 453343, 194709, 441859, 482745, 417543, 490621, 57273, 455388, 333514, 349510, 248356, 195288, 152155, 260249, 482926, 245295, 461434, 489225, 455877, 178594, 472848, 137037, 101086, 127405, 399272, 87603, 362465, 218718, 180624, 486920, 221116, 192221, 103710, 73487, 98895, 232796, 316131, 289698, 372195, 467056, 200728, 487469, 314889, 80255, 469433, 148630, 18408, 198077, 117275, 389320, 79921, 206464, 48628, 444661, 113621, 348585, 88884, 223058, 465575, 112590, 404523, 298708, 147929, 402843, 313728, 223565, 205381, 347603, 49901, 396653, 112048, 353884, 196907, 420685, 60621, 415284, 77843, 213114, 431134, 107010, 378875, 420031, 247870, 217298, 105411, 44234, 308477, 448937, 364120, 277781, 195974, 390846, 221534, 293496, 436910, 424930, 333041, 66147, 481736, 347307, 175964, 67021, 398517, 445392, 208666, 455981, 372074, 446600, 66587, 38609, 445064, 324400, 98777, 205054, 64827, 187818, 352477, 426360, 246417, 409036, 51513, 238938, 62413, 444939, 432034, 361520, 167849, 257127, 442773, 239301, 84720, 249070, 336290, 321374, 229353, 451807, 428610, 158799, 47512, 211928, 175389, 13445, 497152, 134509, 408936, 35254, 247529, 411132, 367678, 337561, 218099, 390716, 54393, 412241, 202756, 209276, 40684, 38766, 371251, 251996, 33141, 135902, 18493, 131676, 68346, 133477, 32799, 460244, 160692, 164040, 53975, 178936, 391233, 296932, 242379, 234494, 301265, 415432, 114043, 295828, 96402, 155254, 352251, 60368, 370530, 119829, 324273, 124158, 176637, 77453, 162075, 291521, 171436, 206954, 1534, 52457, 56150, 472244, 439650, 3466, 335526, 427167, 440716, 227414, 69040, 223204, 63948, 310997, 87290, 308138, 321944, 471324, 239857, 331729, 72638, 402211, 237233, 232758, 95657, 241063, 11843, 300098, 410070, 160942, 386962, 121354, 77165, 332788, 320592, 306868, 128143, 210956, 425323, 133772, 297055, 103293, 58564, 158221, 286594, 330351, 350937, 112013, 331995, 419973, 230896, 331574, 489010, 425471, 217539, 62631, 67157, 100012, 284761, 438619, 32002, 237814, 122129, 326271, 137774, 301837, 357692, 358584, 58757, 285088, 422933, 446906, 432643, 296367, 364976, 465308, 65985, 147470, 374580, 137332, 307069, 310928, 346740, 347544, 457578, 9065, 438639, 57573, 321435, 187455, 254162, 189602, 391593, 89004, 221892, 187392, 398590, 390499, 144838, 359782, 192131, 282288, 108405, 465429, 363179, 21513, 128113, 485092, 202125, 373112, 332441, 14634, 409872, 372451, 441884, 449936, 30366, 458895, 111493, 291757, 323190, 205189, 416287, 120725, 376398, 337725, 112655, 457160, 162347, 309309, 308799, 122862, 252956, 404500, 454174, 146475, 245541, 469084, 257734, 218274, 228662, 471087, 57068, 44860, 319843, 67570, 203221, 126273, 137168, 495746, 220482, 414713, 341624, 79997, 201109, 354791, 289965, 475577, 225949, 397290, 337593, 129406, 230604, 330177, 486385, 213392, 163338, 88685, 81152, 253324, 345382, 122750, 414399, 69352, 356792, 426974, 388814, 477701, 150815, 444085, 481075, 275043, 117031, 91812, 248635, 120722, 233718, 458755, 446195, 175642, 327115, 14429, 331282, 415351, 453720, 234430, 379796, 149116, 280143, 250400, 286020, 166649, 57896, 155734, 376031, 140460, 347646, 228107, 305077, 152753, 123783, 45916, 499036, 124243, 126863, 486625, 263684, 442192, 42962, 353765, 209289, 183891, 165592, 270765, 343279, 367298, 179024, 322564, 139761, 108217, 443466, 184223, 264311, 407071, 371761, 255459, 187313, 388192, 12160, 442846, 433542, 19177, 432197, 404057, 19381, 96829, 338112, 81621, 183882, 485802, 112828, 369196, 18949, 254208, 328169, 51529, 261512, 311285, 416144, 254998, 181588, 394442, 296712, 213528, 183224, 172764, 175124, 432094, 27997, 402820, 57638, 43032, 350887, 348353, 302772, 318514, 137737, 41632, 445935, 122781, 119384, 297734, 338338, 342580, 189738, 103602, 220671, 5318, 83201, 391554, 370030, 81085, 380387, 341407, 126750, 39688, 258550, 261226, 226198, 154404, 216601, 451588, 112829, 433747, 334059, 287234, 324552, 165393, 287551, 80644, 377872, 473484, 29841, 375494, 55701, 463148, 445958, 255914, 33576, 25329, 31099, 468629, 322121, 190206, 235086, 494154, 462128, 242865, 291733, 64224, 238864, 281955, 318995, 282344, 365081, 279622, 362571, 77442, 333767, 126465, 441701, 404797, 147656, 321499, 377624, 317725, 339366, 158865, 237776, 90561, 280773, 209866, 197858, 479635, 345636, 301651, 430989, 139632, 423337, 345574, 85224, 63878, 167388, 12614, 149204, 49563, 214443, 481491, 437320, 434855, 16268, 48926, 19827, 456738, 276679, 440673, 253324, 475020, 371385, 292608, 260363, 21065, 76740, 28761, 414349, 322876, 348496, 24436, 88204, 333958, 146665, 178336, 52099, 477734, 43573, 381594, 285553, 40020, 203942, 488145, 259203, 337074, 405633, 169465, 13038, 302542, 498737, 200193, 182335, 210834, 68273, 78819, 29198, 429113, 322682, 497302, 162311, 72771, 377958, 67126, 159803, 459437, 333079, 98200, 132282, 439003, 123967, 434080, 464859, 405906, 199761, 206117, 476890, 261371, 12053, 278449, 450959, 212288, 387126, 334527, 457885, 266258, 74153, 478493, 130243, 85514, 426778, 177109, 204230, 393451, 36717, 462995, 220718, 301288, 399770, 119857, 394671, 106995, 297022, 280495, 277363, 452664, 107082, 36166, 348199, 129921, 399955, 194568, 21859, 47195, 434484, 188129, 281066, 306228, 22179, 402926, 393626, 483430, 280373, 372600, 431329, 242369, 254793, 494305, 171606, 208446, 328394, 157840, 370273, 220728, 481820, 92982, 41570, 316155, 308588, 217972, 253139, 286125, 44620, 401546, 132200, 425110, 367219, 7119, 485905, 379529, 234495, 409052, 171452, 76405, 287980, 87296, 385788, 371687, 122074, 106335, 322315, 25685, 73627, 484521, 282231, 370157, 426271, 292763, 116919, 271261, 282283, 69315, 63455, 305899, 368014, 339922, 413169, 85848, 472348, 9420, 252950, 200936, 437084, 460399, 490571, 144469, 364479, 78451, 234415, 449824, 85819, 145132, 102761, 315119, 31603, 274765, 194919, 458371, 65192, 78855, 464409, 328848, 257673, 231931, 256145, 425974, 128407, 59297, 223026, 208457, 494881, 428395, 384678, 123520, 12339, 170745, 471222, 4639, 227601, 499398, 429940, 126793, 482962, 329021, 208802, 44843, 125114, 460419, 262776, 182151, 117986, 280502, 300787, 413028, 224499, 5174, 467024, 414222, 377578, 136343, 217625, 14624, 62209, 271810, 469033, 290068, 10367, 325979, 490200, 32844, 243076, 410635, 133599, 259234, 37295, 484299, 66616, 151840, 86214, 396711, 471858, 441427, 414400, 60464, 3777, 449153, 138035, 366976, 411288, 423369, 175829, 448317, 338211, 8019, 413394, 422414, 484697, 79386, 469442, 120863, 106202, 371408, 247600, 117823, 281385, 441471, 143857, 423937, 403170, 271436, 129211, 235102, 370582, 205020, 234302, 463099, 311454, 406225, 33148, 296451, 180746, 382432, 71030, 416751, 240442, 56618, 365462, 458319, 342766, 122496, 248131, 108934, 496594, 401940, 338596, 62493, 459719, 214251, 264391, 145327, 368583, 171419, 428795, 224446, 111505, 185550, 245361, 135780, 46897, 212803, 49235, 137254, 80154, 233012, 209422, 277761, 279536, 118252, 376014, 68481, 187602, 174155, 122188, 85844, 359133, 349135, 357255, 239330, 97778, 125565, 221026, 55353, 205210, 150386, 187823, 360444, 128943, 270498, 212551, 409162, 72239, 42094, 73299, 338382, 274257, 492474, 438395, 461630, 170100, 70941, 411946, 29787, 282570, 229582, 403811, 107715, 101171, 28267, 215426, 270117, 115902, 441788, 192041, 17236, 441514, 284174, 354314, 366392, 250074, 371748, 497744, 173760, 422291, 48158, 247424, 481481, 421691, 365735, 352261, 297161, 18380, 490088, 269979, 470778, 436332, 8276, 206167, 431660, 74633, 495965, 219979, 388253, 160845, 202578, 304026, 101033, 44428, 71500, 379872, 367488, 312501, 149201, 398500, 430412, 223044, 43065, 140011, 154423, 369099, 280150, 331523, 176418, 150393, 42133, 224134, 4308, 365527, 60445, 417045, 357247, 13427, 327725, 33890, 218492, 456791, 440277, 472879, 341799, 49126, 134731, 276059, 134949, 315124, 421659, 106779, 287136, 388633, 46238, 2435, 369107, 28735, 175444, 350037, 124858, 9184, 26932, 77322, 335956, 404245, 54409, 226357, 478405, 19493, 185716, 158483, 57105, 262736, 326242, 359852, 458749, 260641, 472018, 335519, 167190, 209480, 27198, 106172, 340215, 377492, 343043, 484499, 224666, 12270, 297024, 246532, 298493, 426838, 345675, 211381, 376094, 287451, 231568, 123268, 56789, 116730, 450788, 408129, 60702, 282848, 223315, 209678, 56560, 235531, 475434, 16292, 74145, 310599, 237747, 328998, 159329, 168226, 382637, 208697, 23796, 305852, 401174, 241525, 135283, 202500, 387055, 478114, 199187, 243066, 309212, 274013, 297838, 342134, 339437, 215224, 376099, 223495, 403761, 420296, 350371, 36377, 378246, 51788, 12684, 270644, 120617, 372285, 491431, 341970, 16479, 277665, 65126, 55391, 278633, 63293, 459474, 263638, 176753, 91973, 422726, 141130, 484587, 355210, 28527, 211347, 305658, 288282, 247484, 38611, 13393, 109215, 394917, 215726, 400400, 304545, 391101, 78022, 431682, 210102, 180023, 169520, 147264, 356727, 87234, 187040, 106581, 374445, 366055, 3642, 389138, 250321, 10881, 487145, 5544, 4083, 374031, 187906, 90526, 385848, 271083, 140907, 185316, 51601, 22796, 474599, 387464, 192097, 306997, 53690, 443725, 480067, 307799, 43767, 35497, 160235, 200731, 383327, 195072, 382257, 16233, 375082, 333297, 299827, 398021, 251605, 362853, 42931, 206653, 62918, 362792, 444505, 123247, 434314, 253740, 278195, 30187, 16076, 60528, 383253, 265347, 265918, 69316, 444268, 485428, 233680, 422329, 75734, 167377, 498390, 211594, 117930, 251720, 401185, 251458, 151786, 239525, 492677, 138591, 122498, 407400, 445161, 138147, 174911, 428319, 7498, 355270, 259565, 117259, 492511, 435860, 311177, 470319, 14557, 262789, 261943, 457884, 46013, 432069, 54786, 384214, 476591, 126475, 26341, 159112, 218529, 363270, 209928, 292907, 98008, 117278, 217111, 144377, 449530, 45281, 460352, 385820, 195544, 361059, 496925, 449711, 375600, 420742, 14128, 33708, 48925, 323288, 477835, 313833, 13564, 432099, 202563, 211318, 284208, 34432, 252515, 114923, 228904, 447089, 253768, 73851, 320796, 308571, 245488, 461066, 171271, 224824, 432694, 14684, 215614, 353640, 158161, 141194, 132133, 111898, 32615, 357717, 455864, 48969, 154375, 33302, 12228, 177907, 41931, 288888, 461346, 499130, 266910, 48856, 194632, 405470, 499888, 348589, 243175, 253011, 375225, 364320, 67171, 286785, 448908, 122084, 312202, 442772, 248182, 102866, 13226, 246790, 82316, 337657, 418372, 221494, 68895, 328348, 413147, 351241, 188778, 387763, 480831, 72431, 231549, 345484, 182490, 18074, 8029, 68544, 212778, 231728, 99881, 147872, 430638, 172718, 179786, 269394, 89845, 31903, 153451, 74233, 427290, 338346, 439018, 105023, 496, 247571, 31720, 247612, 193951, 133405, 308151, 470085, 25453, 45331, 439863, 41382, 444981, 232723, 397473, 478718, 26998, 78453, 92738, 59343, 271221, 231605, 92599, 273647, 261080, 362584, 51711, 148094, 174145, 466788, 113396, 224221, 461353, 85085, 53287, 493177, 284393, 423961, 449692, 311828, 121179, 252549, 472718, 125459, 11617, 365972, 252170, 311816, 267435, 297003, 386168, 423728, 67131, 104209, 443564, 382201, 90528, 101969, 376447, 1146, 490344, 302736, 209414, 455726, 44971, 125331, 241925, 326663, 408792, 173832, 364240, 208194, 247826, 419454, 448802, 83155, 303283, 282657, 399063, 363864, 488932, 169989, 74614, 151334, 66719, 248854, 24843, 165242, 2071, 297894, 430949, 185503, 178449, 323110, 408949, 60246, 457853, 303652, 54643, 441281, 405670, 185378, 332832, 399938, 255126, 129792, 313199, 315443, 55435, 448623, 495655, 169815, 33452, 127122, 182773, 369151, 49447, 114600, 226852, 191856, 444221, 355030, 261513, 346233, 407652, 234457, 112611, 472721, 425722, 143819, 199112, 373696, 402998, 320071, 29023, 61969, 319743, 14064, 163825, 107246, 193281, 160764, 404877, 139114, 450809, 431131, 191468, 300818, 111436, 418629, 463927, 112699, 425451, 444521, 289293, 331178, 281696, 441981, 125781, 68633, 373825, 288557, 25372, 494037, 176883, 439715, 172441, 126576, 328382, 127620, 291454, 61147, 190623, 349615, 98869, 230787, 489183, 44611, 305995, 451826, 483995, 179807, 12141, 63764, 246953, 59272, 206342, 332863, 168916, 291563, 54068, 150368, 311871, 2120, 30882, 490665, 267551, 279567, 92587, 452272, 356551, 360736, 63764, 80869, 358124, 243882, 418681, 20905, 339929, 412155, 358925, 357808, 160022, 458986, 35763, 61184, 215663, 34005, 73212, 383137, 428143, 303685, 302590, 134260, 11583, 423162, 364169, 165304, 194172, 329691, 194132, 70962, 124149, 309996, 307123, 87766, 269945, 109917, 405511, 436118, 340825, 450456, 163965, 232817, 342254, 161130, 97970, 433766, 418963, 176132, 122011, 256101, 237707, 420933, 25840, 319174, 221617, 321738, 311965, 422771, 206475, 189721, 46593, 343512, 447533, 327599, 463172, 452018, 401656, 476922, 254850, 203189, 357066, 229926, 157387, 30220, 468988, 329711, 495595, 230320, 52203, 417505, 238167, 219236, 211165, 131656, 491453, 5562, 55578, 358703, 256274, 353342, 170323, 1830, 19135, 455266, 437976, 181436, 106549, 493058, 126106, 385682, 373292, 344234, 301138, 99702, 100160, 23926, 439332, 124623, 203338, 242916, 118422, 302639, 63233, 142475, 351055, 20972, 103664, 267144, 348762, 19040, 478854, 417300, 367636, 214095, 344563, 86764, 405497, 382574, 421067, 453712, 451465, 17520, 28660, 488977, 392979, 71199, 155805, 227669, 201512, 153449, 102223, 168187, 21544, 64641, 306332, 245951, 45853, 387831, 448615, 1410, 93327, 453068, 37630, 290306, 365190, 461702, 452508, 216341, 285348, 48436, 141708, 217614, 195115, 277842, 489641, 239180, 174363, 459259, 88857, 438979, 291091, 487619, 215443, 169068, 127355, 419463, 240595, 495856, 82911, 162554, 214276, 462725, 336750, 293457, 284476, 212224, 284766, 495212, 228353, 71584, 179969, 487125, 210876, 323883, 61512, 31855, 60116, 104781, 305177, 444411, 354490, 435274, 443129, 53203, 404342, 103984, 213587, 244914, 472244, 50818, 200689, 412898, 435152, 240459, 220184, 180978, 448862, 50576, 263045, 351932, 243048, 358304, 200136, 398310, 108253, 342352, 283712, 345923, 62346, 275726, 27103, 16416, 462312, 204322, 189335, 97165, 454777, 339240, 137636, 232097, 116533, 177241, 330733, 394686, 371357, 323458, 483893, 446948, 411439, 416, 91516, 9931, 143958, 189101, 184836, 71728, 155926, 22706, 378864, 117319, 158483, 57142, 229415, 67392, 3696, 264758, 112972, 188932, 259428, 362959, 151720, 240706, 415274, 393515, 286582, 244074, 456228, 96453, 437324, 420398, 361228, 371112, 54685, 364954, 306054, 247635, 399627, 498055, 351769, 441681, 355492, 148880, 411879, 451048, 161105, 218409, 483578, 337040, 479565, 468318, 411965, 258591, 212793, 499209, 397388, 443921, 151479, 465297, 218040, 150911, 50302, 452313, 84928, 468107, 73874, 279698, 296797, 455020, 403795, 258462, 278149, 44438, 290485, 420441, 33429, 470312, 488972, 188076, 133427, 432005, 408643, 450750, 373427, 20488, 228105, 178512, 37313, 136107, 283750, 205989, 437560, 395543, 207445, 352992, 370894, 352651, 425561, 187778, 343910, 237639, 17043, 100617, 198574, 46384, 65731, 231086, 57656, 366750, 289976, 318363, 423763, 406753, 173370, 106252, 479991, 238614, 158970, 397567, 208636, 430101, 52160, 89961, 5772, 274426, 226065, 204463, 231929, 50073, 456572, 218006, 96322, 30539, 100077, 68308, 22163, 471327, 316435, 187628, 363948, 106744, 212090, 439392, 265310, 1918, 148991, 201194, 339419, 245682, 86207, 403039, 325726, 193687, 480819, 474113, 352441, 488384, 311560, 127796, 197199, 293191, 386161, 281265, 339051, 443341, 491035, 294345, 42385, 328102, 392446, 293733, 179764, 485475, 246950, 127976, 233131, 70311, 3386, 173625, 487282, 386877, 307463, 110475, 244298, 474753, 490532, 97702, 335286, 438467, 304366, 1076, 79371, 19266, 184486, 422155, 238111, 9162, 372492, 46079, 83742, 377389, 403257, 168496, 252132, 444213, 217686, 246526, 132566, 270846, 285301, 224976, 423399, 399977, 97935, 426768, 493577, 315818, 149827, 91261, 351863, 155238, 102586, 336294, 185827, 158458, 471593, 36238, 439623, 399462, 136342, 440535, 149368, 191457, 456987, 295990, 483067, 44686, 283106, 414987, 296380, 239096, 448619, 26708, 255295, 15693, 410681, 256132, 158221, 366075, 437864, 244595, 61977, 205121, 221329, 178966, 204715, 498532, 398894, 100464, 63537, 18478, 249067, 18237, 467220, 31873, 193017, 180178, 327772, 96838, 136367, 116343, 301991, 192281, 318568, 198579, 429136, 341814, 236829, 335407, 362514, 321066, 63345, 98051, 293006, 425385, 50314, 64000, 199073, 59539, 228452, 151243, 48882, 496968, 478481, 95209, 135177, 414846, 263303, 414815, 167343, 374046, 294077, 385662, 315735, 385771, 170351, 216891, 206162, 432994, 406298, 91628, 365689, 420534, 470277, 303066, 14053, 73285, 207987, 83274, 498513, 375029, 157167, 75102, 45649, 45621, 358935, 270073, 269940, 52673, 321494, 326509, 426438, 251066, 386904, 491875, 396547, 226823, 391665, 180230, 426142, 294613, 487620, 42188, 437697, 364472, 269909, 54684, 338754, 312788, 75657, 169528, 334373, 232523, 16934, 460118, 192822, 396665, 6962, 60976, 437675, 199320, 99773, 279104, 69162, 221525, 56121, 149970, 472000, 489195, 89988, 453616, 256274, 178919, 271412, 180402, 19687, 241465, 351164, 178829, 91245, 468254, 246417, 166518, 56680, 19691, 272380, 615, 33577, 396224, 379332, 330225, 292754, 141157, 36374, 331491, 44947, 404511, 278987, 231630, 123177, 152284, 361472, 106810, 262417, 382403, 137567, 278803, 476510, 62102, 115692, 469506, 365695, 146395, 119780, 282400, 486964, 273713, 137935, 447789, 79029, 201478, 160825, 379200, 120699, 45894, 48942, 276628, 9489, 77671, 160306, 31054, 157010, 256710, 213269, 51952, 128720, 241532, 50986, 60145, 370295, 461798, 43881, 130662, 391835, 258004, 433653, 385592, 48421, 143478, 402754, 153246, 327022, 166443, 220903, 398419, 60302, 21172, 309442, 134155, 389416, 337366, 26282, 92646, 348425, 148241, 371139, 419013, 164204, 479581, 220860, 118522, 330902, 28367, 83610, 189744, 447682, 335187, 406239, 439347, 256312, 218616, 50298, 65483, 1401, 198434, 211728, 127116, 340210, 228132, 239909, 319752, 374987, 296818, 436190, 167222, 460708, 420674, 353627, 240865, 296689, 471471, 89390, 812, 429441, 404598, 55490, 302473, 30696, 98612, 80680, 51354, 199539, 420792, 186945, 377060, 165465, 405444, 354854, 447735, 179516, 140601, 298343, 424813, 110215, 197367, 297592, 342359, 446163, 390645, 49285, 461205, 214181, 3288, 371313, 453157, 429649, 273843, 447753, 16473, 398637, 232379, 26588, 385292, 462061, 332404, 352513, 315386, 162471, 95732, 18698, 22449, 103927, 462777, 492915, 1752, 427352, 479328, 241277, 229349, 440584, 230808, 236477, 46628, 197045, 312686, 32728, 386612, 300530, 138080, 235011, 204080, 267579, 95808, 195270, 179153, 79841, 313504, 154777, 324050, 215420, 308372, 497154, 267321, 188099, 77234, 79222, 6932, 302912, 368234, 6830, 73414, 32277, 118361, 397659, 113907, 492761, 77173, 420170, 62851, 337889, 227348, 481767, 286546, 377798, 149695, 475803, 98217, 262676, 460287, 220269, 370684, 226724, 134555, 89941, 469858, 32331, 384958, 99405, 169465, 191034, 73058, 68464, 248739, 257173, 175923, 200721, 219804, 51588, 294936, 302931, 227438, 197970, 498831, 439515, 182646, 390919, 370360, 292227, 385209, 486096, 269392, 169578, 73952, 83168, 105270, 467786, 170281, 423560, 335554, 83481, 492886, 412620, 85482, 413247, 157566, 384759, 143137, 418868, 419027, 394465, 333327, 415646, 454820, 417835, 112413, 231313, 357535, 359756, 98658, 58557, 211963, 124864, 68828, 307579, 172326, 53520, 485870, 426415, 478080, 23129, 380557, 202425, 82665, 497874, 32920, 398698, 293004, 75868, 120247, 8044, 334333, 376786, 20834, 395248, 265542, 217758, 299250, 248805, 348628, 30658, 21614, 496069, 255476, 85383, 216969, 394492, 313826, 70478, 50641, 61708, 341203, 313641, 404903, 456863, 423786, 84533, 321216, 452809, 380213, 139969, 435223, 308224, 131483, 206344, 70363, 36222, 390450, 486927, 473415, 295048, 370635, 232140, 315967, 313061, 254864, 39200, 390608, 289599, 177310, 263164, 252673, 144672, 146867, 110097, 364950, 498188, 454537, 315028, 69730, 461979, 43037, 67438, 226477, 156886, 119981, 382538, 381835, 1000, 203778, 258891, 238368, 105184, 114359, 259794, 34928, 457164, 116800, 204558, 61475, 190178, 284434, 472359, 75878, 230726, 254818, 138019, 309989, 367356, 298983, 243890, 287326, 204969, 7144, 46209, 4543, 417071, 259132, 206716, 267134, 177916, 487986, 409335, 157762, 382553, 121907, 425625, 231016, 44387, 449751, 484924, 494498, 71523, 138069, 294228, 411927, 341611, 252792, 372931, 171953, 17607, 365975, 464382, 270331, 271508, 199606, 23665, 200939, 458682, 267795, 136021, 481669, 223054, 7506, 10248, 390449, 382688, 263009, 317043, 466580, 87830, 467236, 143902, 16039, 60274, 381114, 370730, 419071, 21736, 291129, 276006, 364565, 442900, 412990, 431408, 378950, 43903, 227192, 394140, 58920, 171687, 88453, 440890, 490443, 436647, 464926, 27479, 171558, 188454, 4227, 284955, 197488, 416729, 311268, 295231, 422634, 390211, 365919, 297957, 332543, 217653, 357478, 266755, 369411, 270785, 314874, 115816, 274856, 299863, 32111, 275691, 445138, 368499, 422650, 395084, 354418, 77978, 53010, 455600, 278848, 112576, 222273, 101901, 338577, 92591, 496183, 336954, 442564, 181989, 72966, 32657, 343124, 318392, 326315, 76372, 118073, 422180, 109533, 208511, 261526, 420886, 250370, 473648, 331854, 359690, 262503, 292689, 292338, 63122, 396305, 108446, 299984, 52660, 27059, 167890, 496027, 193192, 178303, 322412, 93974, 344595, 444253, 96296, 358635, 305168, 257579, 494526, 44976, 162895, 298231, 383164, 412276, 442279, 398736, 360236, 79227, 483882, 36295, 283361, 159764, 133691, 481586, 17235, 54760, 77931, 25434, 50994, 356288, 377525, 263096, 210477, 78443, 224980, 102317, 412666, 417979, 70176, 281702, 229051, 281952, 283886, 124972, 366615, 234504, 337853, 67293, 287309, 103234, 345363, 249574, 296204, 289389, 19172, 231635, 120632, 82047, 257354, 359572, 127646, 62511, 172073, 444078, 148687, 323927, 121400, 115579, 214102, 63322, 51687, 415491, 274215, 198630, 357649, 408779, 222262, 397733, 414229, 61593, 410453, 215781, 473024, 16671, 170081, 172027, 53480, 374867, 316729, 386176, 476407, 423920, 272078, 86796, 417808, 235837, 488817, 224450, 125151, 332298, 346415, 160942, 40412, 245576, 85224, 147046, 20012, 323124, 485895, 396759, 194830, 236585, 90573, 407231, 193328, 46068, 163176, 244292, 366132, 373919, 378194, 355887, 417523, 410058, 121783, 253219, 484629, 3651, 462723, 23144, 229805, 475216, 272402, 237089, 98380, 218780, 415693, 107727, 62121, 34643, 449743, 377691, 137313, 456451, 207497, 159746, 184960, 332321, 305166, 403786, 186910, 222415, 271987, 300749, 84067, 88903, 426279, 258487, 335511, 228897, 272451, 25838, 391793, 184188, 172060, 461936, 347069, 403524, 71456, 380941, 58233, 393114, 27302, 495877, 409941, 109454, 421202, 145241, 55768, 445272, 166383, 137581, 19311, 398844, 460197, 481136, 320537, 233604, 374531, 414460, 354473, 308496, 145077, 370795, 84740, 81838, 208808, 354908, 321297, 489039, 394784, 168683, 346110, 420643, 427708, 93329, 139984, 250928, 43906, 495425, 471515, 457667, 455231, 475116, 51012, 54366, 470638, 7609, 92010, 219525, 426430, 183052, 139226, 197373, 70183, 328844, 275390, 39547, 141944, 451255, 441516, 427166, 219438, 461272, 217142, 377398, 462079, 465622, 342423, 77480, 462551, 358746, 132077, 410618, 421178, 48051, 392247, 62292, 125635, 305511, 57765, 382998, 120432, 317953, 102211, 445555, 212433, 215237, 268256, 400869, 352803, 38939, 380618, 497280, 234823, 300369, 305295, 313098, 51903, 497753, 177987, 270208, 266494, 170482, 84125, 424766, 354815, 391197, 113371, 137210, 330507, 111084, 291735, 376918, 151317, 17007, 219997, 200079, 196669, 428992, 318953, 119002, 394223, 238648, 90430, 399631, 210154, 332186, 403492, 285464, 363568, 208194, 346492, 346044, 176627, 282849, 228291, 241815, 309638, 361620, 407369, 42384, 54008, 445120, 41148, 438585, 332103, 61525, 461975, 419577, 139404, 395188, 116907, 492033, 484282, 30533, 394601, 136969, 66032, 193542, 479629, 366499, 253077, 43775, 295932, 127221, 129955, 445048, 136762, 215808, 451041, 322627, 147649, 174865, 478397, 212455, 479127, 337741, 455505, 196168, 405317, 285208, 251680, 370229, 142506, 43543, 371419, 149215, 70816, 112805, 114174, 285282, 310538, 86516, 461363, 292434, 315583, 499970, 491490, 439121, 302976, 97902, 169101, 174938, 213516, 218504, 343719, 387356, 262416, 420849, 342307, 127782, 289888, 117798, 475757, 466657, 168049, 140840, 167793, 276189, 299947, 6039, 42705, 286419, 78783, 30206, 272692, 153561, 498767, 386731, 474346, 347417, 87891, 115503, 93012, 164798, 34695, 273405, 187676, 202704, 377434, 289111, 29182, 425996, 22302, 244066, 487048, 402225, 232037, 202210, 460590, 489935, 484201, 163359, 24891, 469930, 97765, 146643, 463128, 205525, 79196, 151002, 258762, 484594, 147094, 227796, 473951, 68237, 297001, 326669, 145183, 384455, 177689, 257602, 14890, 136898, 280333, 361911, 478992, 36333, 456509, 136256, 103751, 391808, 252872, 344919, 475515, 125240, 155087, 66546, 385196, 17001, 415547, 404365, 380477, 103039, 222484, 90350, 309499, 422808, 77203, 423098, 22155, 458770, 438520, 472983, 97363, 231081, 225103, 363113, 12104, 361723, 447439, 261542, 160173, 387575, 277204, 277891, 299053, 317254, 22554, 195890, 48733, 446171, 66230, 343496, 366925, 181211, 462264, 356474, 146720, 8093, 65949, 112221, 179572, 88402, 12249, 375770, 141198, 469829, 488989, 463155, 283674, 103859, 443190, 186324, 227188, 291002, 75553, 163418, 99206, 242981, 442838, 223945, 250336, 381632, 456697, 339520, 22070, 335831, 208095, 82391, 87105, 260648, 212173, 394718, 88266, 88812, 88062, 144464, 168373, 80198, 152132, 382297, 96804, 72924, 145085, 68641, 328796, 371903, 135331, 91842, 2906, 161130, 478017, 93060, 442356, 492449, 363478, 237993, 464677, 498909, 120150, 291233, 494568, 100017, 360350, 387459, 14305, 166853, 223068, 431714, 227099, 319191, 238808, 371331, 466142, 308385, 334379, 448873, 499952, 490373, 99772, 293866, 236513, 406826, 40216, 295597, 387629, 473418, 131303, 407803, 264302, 448863, 268233, 334614, 469298, 129201, 407840, 53913, 489374, 130171, 192968, 309591, 457534, 163307, 301178, 58718, 321136, 117207, 152648, 199586, 362663, 76831, 458423, 80315, 187742, 360856, 383418, 106651, 147531, 342639, 58344, 487753, 109074, 200173, 137545, 127519, 139059, 33115, 128038, 4115, 141982, 297747, 95529, 377861, 438359, 196975, 197116, 398115, 432954, 231690, 170421, 20372, 322674, 489497, 230940, 328612, 499834, 405704, 432529, 190682, 398881, 474003, 487567, 60030, 488183, 467984, 453747, 246652, 114467, 265582, 183532, 255447, 81517, 464548, 418542, 92582, 173578, 344047, 184277, 443655, 381149, 265879, 302445, 135376, 463469, 74012, 334544, 113079, 155009, 276737, 478572, 499726, 74208, 343186, 138119, 241265, 46271, 463950, 318257, 139324, 124988, 148483, 138323, 158948, 225327, 114623, 106564, 57858, 395618, 202791, 134032, 179204, 462664, 151091, 496749, 7800, 487309, 485167, 448501, 31828, 187725, 178823, 335743, 189801, 147179, 32046, 95052, 221001, 29692, 495551, 413099, 439446, 225664, 466514, 480024, 26655, 25096, 84609, 158905, 138493, 42584, 329970, 240365, 53802, 207828, 156733, 265894, 33672, 480660, 402595, 32821, 213939, 79007, 268871, 22097, 12355, 187042, 416974, 489634, 73316, 403628, 215092, 130739, 235095, 475795, 317043, 409351, 132237, 402895, 381772, 461837, 350528, 58599, 358062, 155242, 13264, 189473, 356323, 257993, 91883, 138665, 204409, 369383, 468374, 74597, 58097, 427122, 433400, 56485, 197114, 90611, 58426, 231915, 308442, 75307, 495355, 159023, 234987, 91569, 243039, 322730, 307383, 415027, 248329, 163195, 238994, 495546, 72206, 321601, 194033, 199242, 423464, 399597, 8109, 351457, 151642, 362774, 343802, 255198, 476858, 117086, 439853, 212995, 179319, 149052, 306148, 446124, 317458, 327580, 261021, 251263, 381604, 15676, 456893, 45986, 36314, 336595, 222905, 329574, 102270, 349364, 338738, 225027, 481997, 88316, 297372, 395562, 412029, 318186, 259340, 9692, 468336, 204587, 449126, 140200, 44807, 298486, 250994, 381600, 236167, 428197, 275593, 325210, 88601, 397920, 179156, 41177, 153265, 308440, 467527, 243376, 297726, 144463, 89546, 60660, 353322, 140219, 252788, 403867, 218416, 471484, 138662, 15979, 175200, 96207, 154894, 441510, 263936, 337714, 267327, 167134, 454569, 452109, 466207, 230930, 106603, 313762, 453876, 225085, 425643, 86939, 459473, 197738, 103543, 497870, 75205, 106866, 175714, 134622, 214995, 237146, 38870, 166985, 354174, 66957, 318382, 306360, 278117, 269050, 47929, 212684, 293139, 476426, 77694, 301700, 38208, 405587, 461743, 433734, 119840, 459227, 202745, 131337, 254349, 290458, 24893, 400916, 341077, 383378, 93195, 60861, 375723, 439436, 316766, 434395, 46867, 5139, 49413, 45334, 196597, 340236, 125108, 111592, 243127, 356446, 256297, 270963, 421701, 22512, 192112, 476523, 66667, 389005, 358755, 320799, 30548, 429150, 76843, 450589, 37287, 177334, 464167, 192045, 284216, 389820, 45564, 14664, 208347, 301217, 178303, 320429, 106445, 366851, 164708, 30717, 95284, 430472, 139202, 399000, 186211, 408790, 69908, 251172, 135078, 323400, 104273, 116738, 420449, 26036, 308668, 191840, 352400, 499507, 358909, 280348, 268636, 280359, 55499, 89667, 70490, 387676, 23453, 259727, 50366, 402558, 243096, 289151, 289921, 300976, 398653, 459073, 292352, 77985, 86270, 222980, 345003, 484508, 448968, 445988, 411007, 208710, 487374, 105455, 205791, 224101, 377487, 258013, 233853, 118925, 385833, 466591, 415317, 365940, 171831, 153203, 239536, 116622, 413599, 458286, 310784, 52571, 224091, 294070, 137706, 478113, 221379, 82081, 379218, 481294, 343494, 431986, 21787, 169184, 114595, 14541, 447364, 67767, 351319, 67896, 35702, 104010, 258059, 159108, 188620, 332109, 466863, 272640, 194341, 131929, 115011, 158263, 376432, 340879, 226619, 233598, 74748, 211825, 9127, 347878, 72152, 258132, 9868, 151928, 296711, 225478, 234970, 322572, 435383, 415204, 184849, 190968, 74617, 8612, 348734, 74931, 252716, 386707, 21449, 446861, 395056, 212783, 376991, 195407, 422397, 67945, 171236, 62025, 299263, 321220, 351554, 344147, 364245, 346523, 316892, 265113, 352863, 315952, 83566, 476233, 165669, 300516, 15839, 55410, 401976, 167929, 397294, 52257, 91142, 268475, 340446, 90515, 430999, 434702, 92630, 464511, 494650, 465228, 171828, 254203, 297518, 485209, 190454, 305423, 74429, 379935, 250210, 98247, 412986, 286515, 120680, 234654, 143132, 419688, 255676, 231644, 188394, 188176, 166662, 60166, 454429, 407302, 480528, 436164, 481678, 353801, 131025, 193263, 18880, 86640, 292793, 19251, 228243, 130895, 213992, 80019, 168556, 207025, 186003, 75159, 403637, 415542, 3360, 156646, 417404, 485793, 350872, 29854, 304236, 343910, 461336, 304537, 205184, 353439, 216741, 312473, 369982, 350529, 112019, 132037, 440783, 368842, 42076, 339731, 266718, 175546, 314295, 207373, 276525, 284874, 351991, 367248, 356190, 88386, 344456, 451809, 193143, 430992, 147901, 34741, 222366, 334471, 114624, 455463, 379475, 201319, 405731, 422309, 452815, 340580, 424831, 391503, 95653, 87108, 280099, 333415, 494203, 469249, 15937, 270915, 232349, 113158, 495224, 217226, 128375, 420917, 278988, 462987, 292841, 223628, 399775, 417649, 317944, 483329, 245169, 438376, 81824, 434013, 485614, 474099, 355327, 122067, 15541, 235889, 8522, 71781, 186039, 248603, 181414, 91689, 144071, 205933, 184521, 167273, 270268, 290243, 452562, 80463, 312960, 223673, 9610, 234605, 308137, 265001, 298834, 134543, 403762, 42023, 13066, 258928, 114362, 350978, 258813, 283452, 107875, 475935, 251852, 270836, 193589, 428895, 431205, 406158, 254955, 469917, 57282, 432051, 481157, 113122, 445043, 264138, 232776, 128831, 130463, 51290, 368095, 158730, 121925, 446526, 31025, 369364, 482624, 493306, 79784, 96094, 172700, 425633, 87852, 295640, 155090, 226094, 32784, 229220, 243704, 266336, 323574, 270990, 44899, 286906, 134546, 164628, 397838, 95216, 475828, 136073, 199972, 45140, 290008, 405100, 76443, 265112, 260510, 438100, 107153, 317323, 247366, 495453, 191332, 363455, 241833, 119065, 468002, 164667, 299938, 470738, 208742, 72154, 123831, 391968, 104490, 460807, 411020, 138707, 2316, 171893, 255513, 395400, 274261, 456174, 450811, 93304, 140818, 272331, 437433, 234293, 261322, 287378, 499280, 100240, 211612, 418142, 360980, 459707, 280126, 361361, 28143, 336444, 461681, 96696, 437316, 39190, 220829, 149819, 312587, 179643, 455358, 247741, 89182, 342519, 386186, 246691, 247378, 489024, 178887, 242951, 316372, 271924, 257422, 77960, 428725, 334930, 75438, 138919, 203666, 182353, 230538, 158006, 178541, 12234, 181462, 380186, 324135, 283398, 341332, 316388, 284707, 381283, 344702, 465653, 89114, 160471, 372639, 93096, 23158, 160362, 139146, 361852, 394393, 435258, 446974, 175156, 120012, 345796, 86241, 497194, 60673, 196695, 301691, 256715, 11526, 119260, 198298, 107432, 269135, 41139, 63242, 239000, 405790, 432703, 369543, 105834, 36917, 400571, 129832, 266085, 274535, 193837, 151403, 301229, 388105, 482604, 309706, 88715, 499094, 218898, 116206, 372110, 439271, 412812, 286528, 295115, 311025, 186212, 321570, 37502, 113274, 150272, 312448, 183004, 96903, 34443, 329128, 478692, 475448, 8133, 348944, 138143, 149095, 327049, 458328, 212243, 231698, 384929, 192863, 283283, 281581, 295717, 9868, 315872, 200417, 182734, 297540, 97210, 234529, 257499, 218723, 44960, 470715, 469058, 468784, 270884, 372194, 426021, 387198, 450425, 105634, 214863, 135307, 345218, 100933, 428050, 483145, 19107, 432104, 104851, 4098, 33808, 383728, 206415, 212029, 468866, 204124, 329221, 149215, 471703, 171883, 227459, 108210, 195764, 286948, 168416, 170041, 71789, 375782, 390402, 375578, 320176, 421749, 321807, 27841, 184226, 82725, 191349, 134433, 20562, 200110, 29863, 403363, 258330, 262614, 2871, 417855, 333503, 222959, 92226, 167542, 92641, 39586, 239912, 184694, 494631, 212823, 331159, 19490, 146332, 113490, 185959, 480046, 53037, 190399, 280285, 371460, 163974, 259772, 192711, 222330, 421690, 196993, 154934, 330761, 408695, 91952, 466217, 102350, 474141, 325593, 143591, 472466, 381463, 136303, 69577, 463723, 322674, 376482, 132332, 11585, 275335, 88459, 289310, 380598, 7540, 1328, 198328, 197677, 129100, 328033, 333, 36979, 254731, 316552, 296252, 154617, 137207, 385821, 467324, 450705, 19633, 20243, 63737, 360065, 242285, 294894, 150933, 161636, 120807, 347277, 418711, 479665, 320870, 303307, 173385, 497905, 164388, 216296, 117331, 174290, 394511, 217099, 392576, 466799, 322774, 354103, 82675, 192847, 70357, 210046, 495283, 30632, 152709, 244366, 217073, 239, 36509, 77558, 177475, 168079, 13562, 90811, 153630, 265078, 73027, 140479, 406882, 196676, 190426, 269899, 69817, 71155, 453220, 212624, 413079, 292087, 126357, 399316, 499794, 252874, 362484, 292289, 385918, 461442, 152073, 97104, 176003, 332938, 436718, 416041, 11321, 34758, 202395, 416635, 122521, 44767, 195518, 69672, 170178, 366230, 463987, 444715, 422992, 426233, 397121, 238102, 328314, 413021, 149234, 259596, 408811, 5848, 384615, 247516, 222630, 198953, 361725, 469455, 294059, 112161, 145719, 245269, 55583, 235313, 195613, 36358, 470366, 137105, 409719, 41595, 407828, 292167, 59715, 118925, 38908, 442172, 484305, 224664, 315686, 221976, 394301, 122367, 95835, 19472, 357263, 164202, 199679, 304880, 83404, 426020, 408147, 172625, 415401, 140927, 74845, 417312, 323751, 367352, 42207, 303868, 180757, 324982, 244542, 250507, 313735, 491736, 14976, 482286, 488457, 287751, 7008, 209989, 463640, 211158, 333973, 104345, 417656, 382786, 457348, 94685, 159363, 219913, 459378, 60963, 11478, 163876, 53955, 169460, 331305, 453999, 248149, 83113, 181636, 270581, 156948, 365728, 435821, 20712, 145196, 263953, 471289, 263113, 396676, 57883, 459664, 317501, 317502, 485336, 8393, 7533, 166353, 117340, 288774, 271025, 102161, 1287, 271545, 385931, 10372, 256070, 262852, 177440, 440056, 122960, 54916, 415808, 317547, 356320, 310976, 462618, 269674, 651, 498552, 124694, 236531, 125264, 392239, 393180, 404817, 125337, 412232, 168198, 85661, 100412, 80041, 136479, 143272, 291456, 111293, 22278, 231565, 411839, 144205, 268343, 26103, 117900, 387236, 368190, 488828, 429612, 17457, 477706, 471950, 213287, 16410, 389576, 67804, 141689, 439886, 414356, 306099, 236392, 52384, 31465, 178216, 277768, 128731, 138073, 123356, 428258, 366316, 201071, 202873, 452191, 161912, 264221, 494559, 177568, 353139, 283950, 53844, 462640, 186920, 342245, 350283, 194143, 107851, 231560, 312004, 480199, 296712, 272045, 63735, 512, 275521, 418203, 14137, 171062, 376097, 252859, 83068, 11868, 192105, 9913, 149141, 288168, 14217, 210246, 353843, 285118, 372032, 226620, 335100, 237864, 416118, 109028, 446651, 118745, 276969, 185283, 223738, 256160, 156975, 375576, 405552, 4480, 223224, 133989, 314169, 345142, 243688, 69522, 360636, 215223, 191684, 440795, 254989, 197320, 445754, 105518, 161682, 497941, 83793, 168664, 471915, 190886, 235524, 109484, 29826, 179370, 93465, 321945, 302053, 421112, 22510, 137024, 142827, 307110, 470074, 430356, 56744, 185594, 277901, 466348, 324734, 111205, 159610, 255136, 425660, 93038, 201251, 188879, 138431, 196532, 415353, 110560, 485540, 879, 182540, 327324, 434232, 229739, 200371, 391103, 432775, 482355, 79585, 490571, 31688, 442993, 82249, 150489, 88831, 237949, 193888, 97531, 122141, 62094, 98320, 310101, 298789, 360627, 437906, 217764, 599, 75843, 458812, 367013, 142354, 125843, 441101, 175964, 339020, 368413, 462554, 321024, 191403, 390579, 347706, 214188, 305328, 299194, 252110, 228493, 396051, 144992, 233004, 140318, 15803, 60487, 164787, 167839, 487319, 349449, 351214, 95371, 197434, 7728, 255094, 37617, 9396, 485838, 451294, 299896, 299448, 486506, 81728, 272047, 185138, 220471, 216995, 318, 496237, 215797, 9574, 289149, 223928, 315502, 272032, 452890, 282961, 424074, 240732, 422147, 295632, 210381, 360398, 92839, 384691, 103459, 323475, 111412, 476530, 364929, 24553, 229009, 251145, 419926, 466137, 216435, 477378, 329391, 374296, 237144, 331489, 92392, 348176, 383520, 215624, 355231, 175911, 488372, 263838, 422204, 66114, 66528, 74124, 318786, 46880, 412260, 456457, 482173, 112983, 178854, 311160, 138682, 408778, 456807, 277263, 270893, 287584, 328772, 143969, 144316, 452145, 498934, 296066, 299356, 252067, 189695, 69501, 43881, 475532, 182652, 116651, 101488, 43788, 323262, 413759, 476146, 307578, 380804, 357888, 64312, 86298, 26509, 340654, 58951, 303157, 161257, 72953, 194806, 170918, 445393, 405442, 441993, 159005, 189164, 253199, 457985, 67174, 463554, 409747, 487453, 120757, 240374, 238104, 326009, 157166, 373347, 452268, 5798, 212720, 121709, 71601, 340778, 295068, 84214, 313217, 130707, 472232, 167906, 469442, 11741, 81291, 284465, 219617, 290366, 467827, 471433, 458568, 73503, 114798, 162079, 182495, 88008, 235298, 439628, 93634, 171334, 213631, 355255, 352933, 134276, 420313, 148326, 301002, 114499, 351726, 277918, 301702, 274170, 15853, 76709, 27036, 137936, 253716, 170056, 116984, 290274, 434576, 153744, 44573, 62655, 309116, 101462, 129693, 65746, 40264, 420605, 471272, 194291, 197815, 152846, 338592, 409608, 9990, 269820, 462195, 58501, 170306, 106759, 107248, 78855, 219970, 34234, 479154, 119111, 456029, 33475, 266086, 280736, 449435, 456910, 404528, 143882, 235628, 276162, 46027, 136928, 83398, 458518, 31400, 325400, 154136, 304932, 458753, 466123, 479784, 274251, 193967, 252091, 21001, 360577, 194574, 243026, 4852, 6261, 371826, 397640, 411891, 69952, 318482, 27557, 208833, 205613, 33877, 454149, 253832, 64310, 109382, 426836, 27188, 358974, 444254, 217398, 68804, 78745, 463059, 345274, 360221, 72394, 123226, 365694, 74751, 332814, 301342, 231249, 374966, 96660, 124031, 45216, 151990, 2542, 293508, 362355, 169378, 189358, 282037, 54474, 85507, 389014, 366015, 482795, 492216, 345669, 389483, 265340, 492097, 173057, 167786, 24757, 369189, 266021, 181491, 248947, 277119, 173761, 344470, 366126, 48209, 436766, 64494, 250239, 272746, 279472, 121278, 129841, 272403, 354382, 250664, 382996, 401780, 344920, 33711, 276249, 494836, 179915, 241425, 216197, 295676, 445488, 328614, 65506, 324925, 108740, 303291, 410142, 313040, 99991, 268849, 195044, 268364, 413903, 300851, 19215, 237940, 230978, 99153, 484598, 11154, 334911, 279846, 149262, 488110, 121934, 110293, 368094, 232581, 186479, 104783, 335607, 296885, 137304, 89520, 236853, 345692, 275509, 150979, 396534, 298222, 338243, 44450, 32834, 203018, 424803, 295494, 294836, 357728, 240318, 412599, 130431, 426598, 300085, 106763, 165074, 489565, 433187, 409940, 268419, 282477, 363993, 417291, 271884, 411369, 450096, 87073, 20531, 428270, 209242, 471631, 325295, 424475, 132287, 64825, 165560, 31509, 101828, 390894, 136402, 261849, 340413, 247743, 325123, 295977, 113195, 35116, 374517, 17363, 236553, 344359, 487183, 77344, 222761, 486569, 113391, 474063, 390362, 26850, 76353, 486151, 214667, 322049, 50078, 43949, 193399, 14375, 101853, 370235, 96031, 379168, 293422, 65152, 30255, 269720, 221318, 394951, 34080, 250340, 356310, 472020, 200863, 297123, 372928, 106475, 477690, 265536, 9995, 204018, 13721, 200828, 199820, 339155, 122999, 127598, 318344, 240410, 490381, 436013, 312772, 24988, 178353, 122399, 246168, 293566, 240101, 204435, 310956, 478185, 256449, 284029, 343828, 297848, 14570, 62585, 256538, 40051, 257319, 70527, 296043, 360666, 310388, 204199, 71787, 473462, 193757, 109024, 223399, 344067, 63772, 102466, 258894, 143124, 406981, 55672, 95387, 463461, 95557, 447614, 238266, 150048, 175462, 192563, 436575, 156689, 169237, 489967, 255179, 65586, 337382, 155391, 388459, 107325, 265603, 268044, 361078, 149486, 346147, 14098, 250478, 61010, 452645, 293306, 411888, 164429, 362549, 129352, 46629, 488525, 227342, 153915, 408953, 70579, 65566, 307437, 31584, 343490, 130703, 493103, 277057, 265546, 294983, 214213, 57389, 257585, 295289, 395403, 150629, 28807, 103821, 352700, 348779, 490603, 94583, 200429, 494565, 416649, 54172, 297203, 402714, 302291, 184091, 368854, 426235, 297790, 131125, 356935, 27859, 175023, 435092, 117240, 85338, 142051, 153381, 345631, 258512, 11771, 365867, 449846, 121224, 276305, 366083, 458617, 384937, 25426, 342302, 203246, 106045, 216010, 255897, 145053, 285722, 228227, 309851, 260527, 131367, 150479, 257623, 164468, 196905, 214408, 401932, 316706, 170832, 314356, 494605, 223098, 419790, 64378, 197112, 40526, 401337, 339505, 477482, 84367, 210361, 207099, 486066, 72706, 70708, 190453, 37269, 25758, 339980, 156202, 49635, 98951, 83615, 431269, 91429, 24142, 496683, 133643, 146320, 147187, 341539, 398673, 360873, 174914, 426971, 80546, 128489, 4910, 452171, 387902, 118281, 499925, 446597, 286147, 330796, 235621, 564, 212366, 154626, 447764, 27429, 47946, 130336, 55538, 415383, 223122, 461827, 238279, 352202, 129353, 275463, 306885, 298785, 457119, 164080, 470144, 378894, 303810, 196140, 470215, 44967, 203977, 9356, 79392, 16675, 165910, 145336, 338576, 470679, 71187, 389800, 213135, 443739, 159521, 80848, 337329, 75353, 140055, 102909, 41196, 131905, 196626, 137564, 82151, 21361, 499381, 378439, 367384, 217613, 256074, 61285, 149480, 290512, 492428, 147211, 178175, 380672, 322751, 388697, 174477, 357954, 243332, 473986, 45844, 205153, 452509, 456228, 119878, 85937, 303319, 145105, 281825, 165449, 169221, 378518, 190231, 310697, 230356, 258320, 108962, 421230, 179921, 223506, 193377, 309464, 404053, 371992, 31875, 103203, 366721, 413869, 161156, 396392, 133544, 265371, 341867, 380175, 357554, 179137, 5214, 355795, 157335, 472650, 3590, 76192, 109188, 331364, 366016, 74468, 339163, 461669, 240480, 38795, 116644, 5792, 314385, 242531, 210770, 117930, 353274, 296696, 441827, 84202, 26840, 440213, 294488, 465488, 497551, 155623, 262854, 104134, 8099, 14266, 468693, 88394, 14324, 442428, 366060, 10392, 101228, 180115, 477665, 20988, 13093, 62677, 385046, 257006, 472219, 310824, 21892, 9692, 367978, 167090, 346249, 283414, 485533, 33123, 415550, 58033, 432001, 291187, 275563, 119383, 193032, 484957, 319710, 237046, 325312, 126595, 360232, 439872, 486349, 62903, 129158, 366979, 186322, 67652, 99189, 356476, 289603, 423288, 367836, 430174, 258424, 31939, 329608, 321989, 306219, 469357, 370745, 423339, 483853, 483410, 124293, 313523, 323692, 472527, 291976, 487681, 291651, 468555, 10626, 270787, 318093, 124606, 293823, 95606, 50651, 366250, 334719, 180237, 388052, 22622, 130618, 245586, 266790, 230964, 168205, 387651, 9957, 375225, 235216, 39864, 433363, 67709, 345288, 438759, 400495, 232157, 287142, 433047, 488119, 134295, 330246, 378958, 332281, 143868, 322475, 412714, 235547, 189009, 453634, 464425, 319250, 483565, 118279, 285740, 371394, 102203, 437427, 461120, 345928, 119455, 155261, 120303, 432717, 11838, 497369, 365081, 131673, 128710, 492992, 491725, 197367, 159725, 56584, 80208, 140634, 358392, 322941, 170613, 488718, 259322, 416279, 280382, 477586, 23718, 303510, 263737, 186133, 184608, 389618, 315203, 469327, 14512, 45543, 82128, 280364, 182209, 183124, 328850, 85436, 248603, 427424, 16850, 156697, 149134, 110496, 74633, 334063, 358984, 368659, 332633, 123230, 110238, 222712, 133260, 176511, 38397, 33463, 62780, 12172, 463667, 191333, 406367, 336219, 324007, 439579, 432603, 476225, 169796, 10647, 270486, 188968, 30896, 47757, 200125, 352892, 139931, 377326, 152567, 172089, 466770, 224699, 388182, 247708, 209700, 339508, 128001, 190601, 248018, 270670, 182331, 327589, 121614, 451754, 300629, 463019, 465403, 273776, 287357, 482331, 390948, 367875, 378152, 228496, 428248, 27352, 49917, 335933, 96612, 121051, 180769, 631, 223907, 191150, 493457, 330051, 125060, 124472, 71131, 185417, 12122, 144705, 438046, 35189, 135287, 199282, 432133, 111225, 244461, 424100, 323350, 46950, 473203, 102943, 297560, 188069, 345311, 17687, 151229, 379335, 30460, 435251, 421674, 483371, 139561, 54831, 128733, 11983, 442866, 366835, 273188, 163737, 148590, 199199, 398304, 41222, 11545, 340094, 183242, 178324, 290349, 205309, 374426, 378771, 272938, 479591, 433880, 431546, 62128, 162843, 461486, 270738, 191075, 364627, 361609, 441205, 210670, 172028, 326835, 461674, 254231, 95321, 478901, 284133, 155715, 178425, 427959, 244393, 439657, 193401, 343718, 417295, 198191, 172868, 289814, 141735, 117738, 380230, 297729, 461515, 302201, 276420, 280961, 347355, 50948, 422308, 314117, 92635, 116492, 446167, 405099, 140012, 259203, 145126, 270457, 177233, 61658, 396465, 476250, 98858, 350369, 349118, 83573, 497662, 436471, 431416, 175839, 287164, 327472, 360631, 216750, 366161, 255292, 77563, 25145, 5370, 421121, 251449, 254994, 110154, 205473, 142883, 272813, 14635, 473291, 438064, 396921, 349498, 136550, 112889, 200710, 278538, 107908, 435900, 59091, 313347, 267257, 11820, 162558, 40391, 467576, 291132, 177478, 376586, 257422, 28451, 418801, 9366, 208518, 168329, 496059, 318292, 317142, 9690, 387629, 143766, 147786, 190466, 33996, 309180, 252835, 112235, 165107, 285706, 178731, 93681, 52648, 274966, 326341, 280433, 317173, 472154, 286311, 195985, 389057, 313342, 357875, 19079, 82692, 100780, 103305, 77802, 246475, 243323, 43126, 198212, 326554, 185889, 64258, 320961, 184726, 341625, 130639, 323499, 263658, 323137, 99018, 206097, 77502, 107939, 420787, 340312, 272844, 486274, 441307, 247450, 178838, 452948, 454096, 249012, 273957, 234239, 457948, 41472, 151361, 414137, 155919, 75063, 195612, 449900, 23217, 8345, 410043, 394761, 26223, 407013, 297102, 223360, 61628, 296158, 181078, 143077, 179277, 464212, 50663, 316494, 219343, 51611, 160640, 225493, 342468, 208383, 253252, 116760, 479168, 447730, 7275, 390445, 77644, 453976, 214758, 267888, 210610, 499781, 264192, 132521, 372211, 291747, 230643, 404946, 92463, 39449, 475871, 91424, 232039, 316719, 137115, 280569, 216544, 340581, 488144, 181824, 354552, 354245, 457950, 106861, 62874, 111124, 469614, 12385, 459490, 188942, 11873, 259166, 368914, 75364, 241777, 296333, 213903, 85797, 178945, 201499, 46435, 192707, 491555, 184898, 416899, 439904, 331429, 441364, 140918, 193964, 70307, 75956, 280812, 399119, 458704, 4334, 52717, 128141, 191620, 234500, 478638, 400782, 436160, 455969, 418662, 338518, 270284, 177050, 302782, 156901, 451788, 373982, 415115, 288571, 62205, 290768, 9532, 298700, 410322, 177272, 364286, 97932, 42859, 152641, 409522, 87936, 467136, 424967, 275039, 292751, 379407, 416846, 178114, 122340, 394927, 464277, 136636, 453106, 465177, 323687, 77690, 121193, 162441, 484078, 11745, 308392, 493146, 220857, 230420, 332010, 449290, 319714, 344354, 1493, 210563, 445201, 268306, 375149, 271631, 126440, 379215, 178887, 70367, 4322, 112206, 186771, 371862, 423647, 241291, 480263, 408339, 225840, 332757, 233207, 135506, 261498, 237736, 209672, 55076, 244013, 246705, 480450, 428314, 148458, 272566, 263730, 284468, 339447, 106440, 286866, 230936, 82321, 58553, 391917, 238251, 172419, 221155, 205394, 105146, 134043, 38829, 132517, 324610, 114809, 387256, 237758, 476326, 188666, 221123, 329579, 102603, 253044, 430683, 219248, 322974, 120139, 102136, 46741, 254625, 124357, 441255, 217571, 346087, 264783, 341301, 27926, 254916, 40972, 6346, 339812, 424055, 337246, 208227, 325075, 123249, 335251, 326948, 275353, 28501, 298112, 370374, 470533, 15571, 413572, 280377, 14194, 444512, 409616, 122698, 490783, 299010, 463924, 89522, 477055, 293181, 405965, 406221, 434229, 488692, 374089, 219146, 185010, 380693, 166763, 68123, 456476, 224091, 482422, 58714, 110145, 147656, 70103, 188073, 460790, 277206, 160906, 149183, 367069, 360138, 258368, 24073, 150343, 346736, 392006, 111666, 396171, 457775, 94739, 434642, 478122, 487639, 479618, 288186, 311397, 417505, 28439, 40073, 94702, 169841, 35312, 398996, 244067, 102113, 49904, 431238, 108611, 499494, 68580, 437430, 462634, 162042, 200921, 104653, 228921, 55783, 64593, 423414, 223053, 387311, 318471, 326602, 282668, 8559, 254387, 240865, 111716, 382755, 391570, 102226, 170640, 71375, 480658, 396649, 283959, 280282, 463627, 322614, 172069, 483912, 75175, 388895, 53843, 208696, 45356, 302275, 138465, 198733, 302377, 68266, 367909, 381338, 148946, 74696, 359542, 87740, 97065, 353759, 282264, 373878, 331581, 145953, 17238, 81708, 10787, 193615, 59717, 80915, 363407, 108148, 108716, 275858, 482589, 341281, 99743, 293075, 185756, 398208, 420567, 349379, 434094, 82740, 106169, 326694, 490340, 340924, 434994, 317324, 114098, 197067, 424779, 275973, 59819, 71149, 481540, 243491, 158274, 244189, 424078, 262554, 105491, 145992, 357376, 225325, 486968, 339251, 472334, 199534, 127340, 127214, 62673, 162357, 442405, 2211, 19344, 44380, 179286, 259151, 353408, 412597, 335562, 209775, 492334, 253342, 377005, 283754, 391208, 166934, 266195, 356710, 494084, 163177, 24787, 498741, 183432, 305784, 30904, 381594, 149616, 263794, 214730, 199593, 405700, 473579, 104412, 95896, 81069, 466570, 495470, 441529, 438715, 13579, 148466, 42291, 59271, 273839, 333231, 35778, 155503, 39671, 265428, 314829, 276230, 62100, 381623, 377366, 210335, 493306, 118148, 83623, 338729, 115760, 78213, 403847, 295521, 364232, 462343, 236048, 341283, 263243, 82604, 484955, 196141, 194971, 427737, 180731, 69509, 445765, 276499, 456697, 351442, 432361, 30943, 164174, 166106, 357306, 407546, 422936, 190854, 493415, 172146, 134423, 193508, 462321, 288168, 439618, 359570, 424654, 98969, 248128, 38700, 105300, 361410, 446656, 44418, 223489, 296500, 491028, 53757, 231101, 231451, 140623, 395185, 4413, 12077, 341860, 476323, 243068, 443662, 478770, 266751, 258198, 310175, 159733, 177074, 100080, 29095, 487397, 489189, 368846, 77648, 376865, 174641, 399672, 10731, 369236, 64138, 489005, 487910, 209784, 258116, 434278, 435442, 162621, 216893, 406220, 204842, 57622, 410248, 65801, 487178, 45008, 289359, 140624, 93183, 320037, 49906, 1489, 327580, 158581, 169572, 16002, 174761, 328104, 383145, 363001, 482268, 352995, 310613, 325212, 359011, 119729, 90787, 253522, 11198, 288038, 413696, 377891, 118278, 29577, 268059, 447821, 483586, 155407, 29769, 46525, 310813, 372288, 431095, 249707, 280233, 387409, 278965, 493836, 473855, 1075, 335873, 104848, 436574, 483088, 446241, 394889, 391496, 173003, 85748, 40240, 152782, 98759, 45167, 451108, 486139, 253589, 238684, 489728, 394934, 50125, 295084, 31842, 355686, 409885, 372851, 26074, 177373, 181601, 326656, 446550, 417561, 340199, 195723, 55226, 37663, 423022, 361159, 115023, 371082, 441894, 385544, 101808, 19640, 105461, 163471, 180028, 128126, 37313, 48580, 24896, 425081, 201293, 155336, 158724, 157754, 11718, 118060, 420156, 72834, 338460, 84772, 311548, 486669, 85461, 315979, 339552, 89638, 179402, 359523, 390877, 404683, 15116, 374024, 43334, 222611, 311112, 104729, 229288, 333752, 435685, 109951, 381256, 326969, 361286, 419756, 393804, 425558, 395729, 71295, 83376, 57962, 421369, 142430, 222596, 342639, 261206, 337836, 119555, 322708, 203093, 444365, 189247, 279790, 385534, 54893, 452199, 415657, 122435, 204197, 139414, 201900, 24962, 299793, 145551, 138669, 454870, 193732, 55970, 125002, 21677, 332347, 152728, 362518, 430954, 464054, 438116, 327108, 125922, 269471, 94185, 103191, 467561, 104485, 434947, 31869, 413893, 435090, 229136, 365665, 458757, 406393, 39945, 99501, 346504, 383358, 39265, 389653, 303255, 51460, 305880, 413283, 3251, 31312, 84993, 321681, 127562, 130116, 367777, 464406, 466975, 410912, 314301, 133772, 374729, 162974, 365960, 133798, 80682, 174120, 298392, 59015, 113081, 69174, 313961, 67400, 34369, 474826, 457747, 238665, 66217, 350369, 349324, 22991, 100762, 144306, 409615, 389879, 352342, 276481, 36142, 410318, 111258, 420830, 11179, 182640, 36216, 312628, 225758, 144105, 252166, 201381, 254346, 323007, 239578, 190397, 494125, 311725, 373953, 431020, 250188, 448731, 227445, 470303, 28704, 422399, 97826, 440383, 156361, 166493, 319095, 434254, 316499, 75189, 84574, 237394, 419477, 124924, 390904, 311937, 280048, 73865, 117638, 383566, 294861, 372344, 307050, 84650, 134571, 43965, 245259, 239498, 476175, 156575, 148984, 301761, 224632, 294061, 164716, 153011, 425662, 164944, 318194, 82133, 9972, 126807, 351434, 174609, 497466, 160652, 409851, 410536, 381269, 146648, 95606, 439868, 169589, 298894, 382227, 349678, 461280, 220437, 45318, 114374, 193592, 188056, 409138, 2653, 260542, 129085, 378868, 472304, 378512, 41905, 280922, 282890, 178116, 249628, 213829, 154567, 244367, 29759, 152739, 384308, 108571, 270672, 274929, 305874, 414366, 183811, 415076, 19116, 449904, 354188, 368501, 262610, 436594, 374433, 105374, 322629, 111337, 329499, 101469, 253759, 107635, 106914, 414100, 343942, 280290, 219547, 460233, 130262, 298396, 483918, 43400, 247413, 37150, 455330, 146308, 13408, 417729, 322051, 105592, 316396, 101847, 422112, 449974, 25520, 86892, 437347, 337825, 242931, 117593, 146912, 495704, 264825, 39987, 259142, 134962, 197324, 134768, 241237, 431913, 168246, 296299, 331777, 124738, 23504, 355538, 480652, 277528, 66996, 32727, 100946, 337101, 276771, 178762, 332232, 383127, 109044, 406706, 220637, 325442, 37497, 84058, 493522, 499516, 68960, 491046, 62763, 164966, 315206, 447030, 212463, 493698, 91772, 190433, 186197, 368616, 320417, 166997, 255635, 36201, 224679, 27953, 237224, 328817, 387576, 190580, 43995, 393438, 270019, 228744, 401444, 251204, 236303, 63312, 202530, 489684, 22418, 75337, 459269, 137339, 360063, 132528, 61884, 483851, 81563, 265518, 63792, 450563, 251002, 386797, 25991, 365301, 264266, 1337, 490270, 281503, 292509, 268279, 165774, 336144, 93014, 491603, 117904, 274267, 10931, 25092, 98056, 417192, 269747, 218391, 377588, 58659, 464730, 379917, 57898, 36427, 123638, 400419, 117344, 49894, 243186, 165030, 361426, 363473, 57818, 21537, 58582, 470902, 8695, 66018, 429050, 372013, 301280, 34338, 362276, 8752, 81938, 349505, 252686, 235488, 197985, 4904, 194915, 237264, 342707, 336465, 50225, 145874, 143434, 22524, 402748, 458654, 51303, 206653, 45513, 492086, 394929, 472594, 215256, 423583, 187490, 443803, 398652, 119134, 469800, 351600, 193714, 277474, 309091, 250490, 95845, 476909, 40746, 213498, 313352, 393131, 328618, 380049, 146309, 309233, 300579, 157254, 166281, 38121, 223832, 251299, 445137, 383979, 452221, 285755, 266349, 88460, 72305, 467471, 296356, 136764, 104776, 101385, 91331, 96722, 23543, 1514, 169234, 385844, 498867, 346330, 130217, 323141, 161559, 137464, 435014, 404432, 395993, 121120, 213118, 413865, 38676, 298511, 261026, 55761, 26838, 403520, 466435, 3108, 232954, 154500, 439510, 109022, 493735, 451165, 206304, 365073, 407992, 229605, 315348, 225652, 304999, 134335, 422011, 321381, 394246, 492695, 186235, 200525, 14557, 396052, 442134, 149527, 465186, 75832, 199122, 377530, 237559, 53483, 299223, 300568, 170045, 142981, 450423, 291482, 69244, 489774, 441523, 498217, 279627, 55990, 340372, 218676, 5865, 144714, 173872, 316452, 437280, 260156, 104261, 291793, 347574, 366982, 95752, 126509, 299789, 238530, 476362, 308693, 108300, 426968, 324800, 27142, 188900, 126874, 408302, 31335, 120156, 311689, 130059, 108195, 473817, 450790, 282146, 6093, 463768, 356196, 276739, 435779, 374974, 99892, 50554, 33703, 465435, 468409, 138458, 31366, 49196, 474766, 204581, 404374, 232405, 441917, 29175, 87476, 52307, 345628, 156794, 216901, 307486, 412053, 159032, 79071, 207577, 53938, 16963, 357026, 316666, 324301, 19310, 308537, 490849, 3932, 371941, 196431, 155925, 297736, 16395, 109030, 67458, 265402, 112236, 245146, 401897, 115801, 440940, 158642, 60966, 326547, 277448, 199919, 401451, 372551, 29248, 474548, 61004, 133063, 317455, 464629, 404499, 307117, 75168, 152676, 236606, 106264, 235942, 54004, 470815, 135848, 336834, 266539, 350428, 109076, 192703, 210546, 41532, 346447, 237285, 360112, 446153, 324526, 286638, 270317, 92175, 355900, 101722, 190686, 386574, 51074, 45334, 393173, 462897, 431916, 351695, 414031, 228891, 445606, 279408, 363770, 372134, 19647, 474783, 366682, 371883, 202826, 469397, 110736, 241273, 131911, 35791, 181017, 367366, 262103, 341005, 181175, 430323, 313425, 362888, 344046, 326496, 280009, 177570, 403319, 499514, 329944, 144993, 294577, 205244, 350622, 286254, 351150, 282012, 1005, 244385, 268742, 155193, 457284, 191996, 202849, 264354, 62988, 39766, 363549, 389533, 380926, 46812, 243616, 197044, 271152, 439832, 195617, 365285, 336417, 17778, 441627, 72394, 294132, 264041, 226526, 493261, 163095, 373491, 218105, 257063, 405783, 396812, 297145, 76010, 445651, 198469, 393240, 159994, 194752, 291574, 436595, 237976, 323931, 200434, 774, 383523, 192652, 291643, 206677, 334083, 440260, 177694, 216485, 253446, 207495, 287924, 326929, 146509, 239519, 315825, 413179, 43148, 464395, 12076, 118574, 224465, 99649, 72330, 86590, 289637, 455314, 58261, 290638, 258635, 119137, 473773, 30793, 282426, 121509, 75515, 59568, 11759, 216555, 221236, 383220, 410485, 102802, 495677, 12376, 16752, 423951, 480018, 133298, 487073, 56588, 140256, 251025, 201501, 413148, 37657, 33842, 67147, 401229, 11112, 289640, 297105, 212484, 289723, 396127, 161799, 145869, 101656, 127142, 474325, 174981, 460452, 339595, 332161, 68975, 291909, 353574, 126817, 313008, 145018, 401092, 363834, 434614, 379350, 175076, 376833, 104886, 440899, 336866, 6438, 223514, 91244, 140116, 20107, 121334, 109128, 464481, 253242, 172827, 202517, 462870, 446909, 343441, 470682, 489491, 289331, 478255, 475766, 20109, 163175, 93313, 238592, 379710, 292189, 253152, 454823, 153906, 139173, 227203, 368016, 40997, 415841, 136332, 12748, 129746, 4470, 23986, 172010, 173737, 71741, 447115, 349160, 334062, 275761, 181926, 42435, 15592, 215200, 455736, 183919, 50981, 369623, 426549, 345808, 155483, 364958, 386136, 251252, 178224, 492805, 323145, 17443, 147239, 253930, 35106, 13922, 111221, 300795, 435014, 462746, 468451, 487749, 324945, 358643, 166867, 433886, 434308, 267485, 56647, 457228, 242402, 479921, 494733, 475592, 405290, 374211, 309047, 219204, 67965, 459771, 214157, 296222, 417954, 186303, 201751, 271363, 490545, 143612, 320642, 68282, 311926, 273891, 231357, 409155, 435227, 186618, 270691, 204738, 357717, 69981, 211067, 233798, 12054, 162955, 429751, 237487, 172827, 180955, 496986, 135009, 372658, 462611, 232819, 32658, 161949, 348595, 183511, 124072, 70302, 493859, 308055, 494195, 404751, 21726, 292950, 317694, 492255, 23187, 356207, 394892, 50499, 423918, 354016, 129472, 200695, 58585, 10334, 356645, 464962, 466857, 25365, 39234, 370808, 427295, 216191, 188748, 191091, 369487, 409273, 152719, 72237, 263408, 181918, 403077, 399116, 37249, 384251, 182796, 370961, 21727, 62816, 471177, 154392, 84416, 96281, 44878, 410191, 82265, 382313, 46911, 41268, 326255, 141769, 397986, 65309, 425539, 110557, 293688, 151992, 258234, 471717, 21121, 1700, 414223, 210352, 78731, 331795, 326951, 286727, 338322, 357442, 69245, 296205, 179355, 192545, 318595, 382313, 47561, 180914, 267088, 89376, 135299, 423766, 329908, 148049, 449721, 91557, 305035, 180159, 311194, 233219, 206309, 214413, 321911, 155181, 10212, 131587, 458131, 477834, 143693, 465812, 345060, 340395, 147711, 202957, 433306, 112133, 49823, 481694, 430503, 420866, 431221, 96655, 67004, 9814, 457615, 60646, 281598, 18816, 148599, 336841, 498894, 406041, 158238, 421387, 77277, 285953, 299528, 446855, 85489, 3771, 373781, 259682, 234210, 181665, 378289, 73154, 17488, 470793, 128728, 123292, 316302, 485161, 318759, 166639, 49586, 384381, 430914, 201008, 53599, 70204, 8046, 388218, 48106, 209986, 96247, 285780, 100771, 452600, 176118, 170775, 186000, 79997, 403575, 385445, 336123, 117092, 491622, 456183, 169107, 172236, 31465, 192367, 406388, 216063, 455117, 220502, 432784, 397825, 490061, 284125, 149919, 428286, 391550, 377801, 1327, 51902, 149300, 44163, 305420, 437794, 43584, 5930, 348879, 218865, 277443, 73101, 499147, 402760, 443806, 50593, 417025, 446954, 340494, 152232, 316356, 76971, 407295, 162203, 45958, 129097, 377724, 201189, 446743, 105739, 123502, 70657, 164450, 486262, 192860, 466367, 358842, 277320, 339212, 450213, 202988, 230295, 396306, 233958, 73875, 379511, 279425, 470311, 218137, 430530, 135083, 278550, 411540, 98606, 71171, 114594, 244394, 165408, 134652, 413778, 230137, 203270, 301774, 38633, 142718, 55630, 40658, 195569, 410133, 243026, 253151, 94528, 402722, 231257, 253742, 13291, 303866, 294666, 140147, 206555, 463355, 374787, 20769, 255937, 23745, 173230, 461476, 112493, 265131, 473345, 449256, 177082, 61012, 307237, 429414, 56147, 173896, 111757, 467660, 30579, 265600, 103953, 466487, 313130, 153151, 9431, 129976, 43656, 229967, 433779, 40744, 87487, 437109, 219207, 205005, 44802, 311078, 5400, 238832, 439868, 341628, 427105, 291375, 107845, 392262, 97666, 173122, 84720, 318, 306262, 240483, 270284, 398697, 316227, 330156, 183575, 18452, 3914, 240917, 435159, 362178, 350963, 111945, 170682, 86886, 83075, 215128, 486325, 82386, 65416, 34480, 36844, 425930, 239508, 132765, 173070, 421761, 486301, 70871, 469609, 119414, 418156, 26186, 139498, 203459, 116700, 222256, 136012, 240166, 277347, 162484, 479143, 233002, 36974, 495412, 265707, 453654, 476897, 276277, 42494, 27355, 91407, 52412, 98774, 227819, 251299, 230378, 137199, 328629, 455098, 63169, 129622, 205270, 468417, 733, 241441, 273457, 74081, 193387, 252957, 397401, 228751, 220079, 306975, 66993, 119951, 82876, 45691, 432342, 98209, 368405, 114423, 97798, 299046, 374004, 175997, 27724, 444134, 148241, 453469, 461413, 11365, 161426, 242708, 149071, 389756, 17485, 308521, 336252, 32551, 392686, 66896, 271684, 440956, 430546, 272513, 458225, 18096, 455383, 158463, 300275, 142514, 134100, 188722, 407158, 413007, 8706, 57547, 181898, 75798, 361490, 381772, 362946, 59997, 393167, 432437, 234863, 250122, 246868, 479184, 430125, 460269, 128061, 133772, 362889, 490791, 341300, 258824, 340399, 147966, 76594, 470354, 380028, 111630, 381583, 201622, 187911, 153954, 342003, 282937, 147226, 356695, 444879, 165522, 158376, 445380, 221456, 61298, 100386, 358399, 227339, 281655, 257625, 499963, 30358, 154707, 307998, 370192, 410435, 380792, 204449, 130771, 3725, 143180, 145131, 333142, 373591, 298756, 69419, 118714, 453105, 408383, 22337, 169870, 275351, 103178, 155253, 116638, 357039, 240795, 423482, 145319, 44254, 487331, 477886, 412881, 453146, 125367, 464374, 356697, 406233, 109095, 62130, 396837, 19101, 46124, 56242, 199722, 475993, 409514, 212994, 145336, 182089, 327141, 54367, 429546, 200147, 416307, 187776, 364163, 345313, 361156, 340107, 438125, 121265, 352221, 280952, 238762, 498057, 408505, 404774, 403578, 23554, 61890, 412933, 384554, 322871, 3810, 283501, 328111, 275057, 361527, 192146, 93135, 387983, 383611, 229545, 425076, 326034, 496965, 55931, 444863, 414897, 278072, 308903, 320493, 77730, 205892, 93745, 49783, 291956, 40502, 338567, 371707, 384296, 264816, 348907, 271902, 176726, 348018, 160830, 212553, 223675, 469322, 284290, 218216, 199557, 477270, 442926, 48246, 383666, 289462, 430375, 50436, 187245, 298599, 8961, 246525, 261060, 59378, 67478, 499864, 384055, 20831, 113784, 5298, 61668, 419598, 218544, 366058, 223335, 209238, 163777, 418098, 230611, 363106, 360187, 199245, 220207, 106161, 348706, 453499, 133328, 484667, 56990, 326798, 169784, 273786, 193240, 145575, 126417, 388357, 465171, 492573, 193173, 347613, 256709, 263516, 242999, 269384, 106731, 177429, 348378, 277700, 244041, 473745, 180086, 9433, 372744, 5460, 312601, 271646, 383906, 116057, 11673, 389268, 364784, 333730, 313449, 247021, 283195, 266354, 130867, 269442, 81321, 444697, 376401, 263322, 47704, 319807, 303748, 150137, 382249, 189013, 117455, 394539, 292776, 423190, 441885, 90899, 232520, 337379, 331569, 481446, 102801, 51882, 415391, 115107, 385635, 489047, 394066, 444519, 178886, 201270, 44873, 446781, 320989, 445885, 358176, 265246, 173671, 97841, 181206, 293896, 257008, 144055, 496821, 274045, 196852, 253241, 252774, 225507, 29903, 286930, 110559, 198388, 88196, 21624, 83363, 410393, 456398, 247695, 308443, 90068, 370797, 340879, 187297, 287145, 8747, 223446, 233373, 231887, 173710, 149637, 57527, 10828, 260985, 292770, 339022, 83930, 327483, 54046, 426148, 254748, 145116, 215034, 489059, 166025, 280268, 463089, 466905, 102068, 206156, 224000, 126957, 64856, 65700, 391160, 143314, 43241, 3855, 131710, 303993, 471406, 332282, 193768, 418302, 328802, 398926, 244253, 251259, 51948, 498929, 469799, 366898, 406685, 42893, 88560, 329756, 66224, 454186, 19186, 495088, 297975, 157290, 403851, 178936, 124790, 418853, 407075, 366983, 453732, 37951, 492299, 384057, 414272, 354996, 49130, 181108, 46320, 2186, 50687, 304006, 34571, 358043, 317591, 197538, 136237, 255097, 311041, 160363, 176219, 300874, 490257, 308598, 463585, 144401, 486675, 90692, 445911, 473357, 329430, 390110, 461552, 173757, 204984, 125342, 425450, 499488, 287554, 472839, 251423, 303763, 266666, 45991, 354227, 23534, 464117, 46025, 489835, 174305, 275713, 296243, 145084, 368742, 407124, 451119, 379897, 432922, 277335, 139083, 46271, 171730, 54880, 370899, 482468, 65739, 238309, 455095, 159943, 27394, 173838, 12075, 135800, 53979, 190200, 66783, 118489, 435656, 370348, 56045, 387216, 8902, 461568, 439317, 189467, 78828, 25711, 288398, 312213, 428488, 426357, 466207, 157969, 133860, 263239, 337928, 359078, 229342, 261850, 136049, 300222, 145010, 315108, 215605, 495335, 183103, 313871, 203592, 207490, 473419, 42468, 161655, 452379, 387970, 47937, 389636, 106879, 30836, 366395, 153262, 294897, 214198, 409782, 139470, 259963, 290760, 478608, 421271, 175550, 404299, 339963, 159813, 213193, 269800, 200098, 23840, 58191, 206575, 32613, 12752, 90854, 137831, 259366, 481613, 436850, 250308, 281066, 242687, 225808, 473026, 93586, 100953, 141828, 346475, 117040, 185504, 62129, 355127, 22833, 349895, 387353, 310506, 119035, 263468, 212014, 104506, 304974, 42001, 16479, 95221, 94721, 440986, 382690, 30734, 156863, 114027, 25176, 442177, 87384, 59633, 182675, 220945, 414577, 245879, 271453, 390270, 482146, 496313, 143098, 289072, 484416, 131165, 233092, 363984, 258782, 385210, 401952, 115214, 129589, 350700, 479797, 389392, 43024, 34896, 179370, 358587, 445260, 20755, 130246, 464251, 133503, 71935, 9840, 192975, 354838, 220291, 463762, 193320, 184712, 111856, 386314, 376638, 211918, 260498, 4987, 22613, 319279, 475817, 364236, 291004, 269817, 226076, 420701, 133707, 141311, 420017, 386952, 85199, 427755, 401096, 273415, 158525, 338988, 410816, 81536, 313866, 181384, 387518, 242210, 378641, 380841, 158859, 102184, 293149, 317995, 258807, 336459, 436137, 8593, 171850, 275123, 365798, 154708, 5525, 202324, 204628, 66047, 197550, 274004, 490235, 230039, 400540, 430571, 169410, 261187, 62968, 40256, 48674, 289577, 145072, 172085, 451589, 66037, 9480, 370158, 467058, 310685, 381368, 3535, 362138, 283890, 9452, 332586, 398132, 457539, 81865, 144312, 350462, 55044, 28147, 297399, 438950, 132739, 271665, 45021, 121069, 34419, 407697, 62922, 226088, 327818, 228526, 241870, 161126, 350967, 37482, 195416, 57360, 34533, 363384, 345149, 455718, 260678, 244741, 64000, 457594, 222220, 197281, 185148, 130754, 174057, 405520, 441706, 92383, 50205, 403405, 185839, 486805, 498224, 200457, 58242, 197250, 99621, 340129, 289719, 438754, 57011, 237227, 487785, 494573, 3748, 9869, 308492, 243723, 241404, 229225, 310614, 291869, 374859, 460713, 316333, 252462, 171953, 247325, 185459, 298945, 277900, 157197, 139254, 447970, 338815, 238405, 127935, 354666, 495596, 399337, 29770, 326942, 384702, 113661, 33038, 373382, 464992, 345722, 205032, 448576, 412254, 320342, 229787, 51853, 403488, 350723, 199866, 455334, 153016, 268275, 220558, 75348, 288075, 426883, 476746, 468002, 441257, 165839, 276202, 341196, 192132, 270154, 139361, 389004, 4711, 209971, 129155, 222053, 180431, 119836, 130560, 88408, 38737, 91779, 123092, 421746, 20890, 98435, 117600, 175432, 362777, 335453, 300128, 439414, 186547, 292769, 219579, 87301, 455797, 106705, 288198, 385467, 57733, 373601, 33446, 282080, 402554, 450623, 138773, 402986, 466158, 909, 445538, 110882, 394610, 326268, 286869, 49845, 203221, 467820, 488494, 155849, 34225, 9041, 198880, 460595, 418472, 294238, 398736, 424713, 114301, 304494, 101769, 466275, 89034, 250567, 146868, 435792, 453364, 145946, 73255, 470138, 139989, 72995, 397571, 197025, 112619, 212610, 462487, 255499, 357948, 46792, 225725, 35066, 286345, 419263, 322353, 372765, 285084, 143257, 265912, 363625, 304946, 32160, 271125, 279159, 460008, 397613, 300166, 449197, 247042, 123589, 412668, 371836, 464457, 292029, 191724, 33164, 131220, 6405, 105637, 432043, 411019, 475360, 147672, 329124, 162653, 346165, 445030, 163276, 406616, 67135, 426501, 28019, 157137, 269468, 19188, 227029, 219357, 6456, 392234, 320903, 201114, 363010, 334390, 451150, 248440, 175967, 360981, 320800, 127882, 141131, 414170, 248066, 284342, 493800, 283267, 351846, 136342, 338825, 354197, 247228, 472311, 120096, 212826, 132234, 248884, 483913, 277655, 97008, 12235, 253458, 115490, 480180, 238385, 130113, 403060, 478854, 466747, 472989, 187462, 429523, 486714, 377788, 401609, 415993, 373009, 27753, 335374, 387735, 82323, 324082, 162334, 137198, 143496, 125288, 173047, 207434, 171561, 258261, 87979, 59898, 289313, 120445, 276113, 240561, 387638, 54580, 447817, 360636, 320684, 344538, 309672, 174839, 310593, 391403, 446549, 74987, 54876, 399117, 288208, 302970, 404473, 239247, 498550, 377636, 97901, 109833, 346485, 452345, 422590, 201349, 132437, 216028, 151352, 405954, 107986, 131667, 104725, 59945, 313283, 268833, 214649, 64021, 88029, 103059, 38250, 208780, 97692, 364786, 205207, 210473, 223408, 29628, 481251, 138611, 214180, 410296, 40914, 54409, 20857, 414244, 156735, 177749, 335310, 398046, 284425, 364292, 386931, 348668, 78827, 289943, 301219, 258548, 212733, 429725, 79114, 371757, 438062, 209029, 424853, 375864, 350590, 35941, 398090, 21256, 459595, 381613, 56879, 63294, 45458, 259364, 62403, 300841, 13916, 409234, 155863, 56473, 248219, 268146, 329962, 334860, 415453, 419259, 464793, 297172, 137856, 437109, 408757, 207608, 415537, 214284, 130988, 268275, 394229, 196612, 343296, 369402, 240435, 291519, 378970, 456917, 252406, 134478, 396163, 24064, 139038, 301631, 426738, 451988, 140230, 460978, 146983, 20175, 278653, 285270, 322574, 81170, 109796, 458288, 282202, 58239, 100744, 432573, 194860, 417856, 8679, 362341, 436398, 60773, 226473, 40991, 161303, 429411, 413690, 20581, 472201, 385597, 233895, 142615, 95104, 86156, 455620, 367908, 68151, 298696, 29853, 485289, 332529, 429189, 283924, 309079, 141975, 240823, 159328, 287157, 454124, 166609, 75402, 460375, 5395, 374673, 164574, 299102, 244413, 394974, 247636, 492144, 359373, 126923, 242582, 374900, 224411, 42807, 170803, 1379, 270487, 273449, 450353, 284837, 253128, 60284, 49524, 87406, 34830, 460826, 485051, 103340, 185347, 284451, 27179, 493528, 190948, 22278, 108112, 237765, 227537, 181244, 479127, 7747, 14972, 176675, 285072, 153224, 483095, 17233, 15471, 340714, 469376, 83363, 348959, 448700, 404330, 259976, 3344, 378549, 190134, 86682, 284555, 176427, 187425, 56968, 265200, 141447, 453671, 257293, 218896, 389251, 23770, 157492, 474371, 121948, 468236, 176614, 282495, 263948, 472322, 190024, 16334, 360274, 185722, 401955, 229180, 488012, 141901, 128499, 201241, 69371, 8050, 419257, 121596, 464478, 322236, 315920, 366660, 276769, 83255, 80474, 282782, 344158, 48852, 148582, 159338, 404880, 120088, 248665, 229528, 311136, 11841, 342481, 169848, 118491, 162894, 398448, 292229, 443066, 446393, 485038, 433331, 110000, 75289, 377377, 352138, 326640, 466776, 151927, 431422, 346987, 196675, 281014, 377609, 155336, 345295, 255885, 303613, 477885, 380634, 332807, 366961, 43927, 55569, 328910, 450638, 496223, 324095, 408061, 134700, 60074, 251247, 73113, 78166, 317335, 348644, 411397, 286757, 369806, 449858, 43398, 173534, 3540, 24399, 153142, 37481, 437053, 261013, 377215, 67686, 375498, 221691, 213093, 341512, 125479, 116557, 308155, 331917, 314459, 340730, 104272, 211132, 261959, 252315, 80118, 377766, 427331, 121408, 240604, 374345, 42449, 335844, 101853, 97294, 238203, 222241, 127454, 97935, 366461, 487065, 456126, 56650, 78861, 308573, 449111, 298691, 101895, 18284, 159947, 453529, 71644, 401985, 32519, 378273, 307719, 451726, 323890, 107336, 463291, 409994, 331344, 10712, 242146, 80826, 253567, 19048, 297323, 433970, 311165, 385330, 475268, 325046, 381607, 409781, 198984, 14780, 322317, 14557, 352423, 327905, 255524, 266075, 68063, 156619, 93080, 212436, 334634, 92972, 86777, 83950, 53547, 474693, 167099, 344276, 328959, 280821, 116715, 499094, 7969, 12686, 278197, 106006, 420508, 452928, 282064, 367417, 167981, 9279, 299421, 229491, 111041, 20698, 434623, 226874, 208183, 57518, 11663, 103529, 204182, 38128, 250684, 43682, 323644, 467796, 31128, 157605, 241705, 466173, 216208, 160524, 400947, 338096, 66101, 138511, 5620, 330228, 208105, 36433, 335816, 256207, 142151, 20350, 83321, 126665, 200131, 483958, 73377, 126274, 68866, 165739, 219454, 384152, 103236, 370151, 128386, 177080, 244191, 176086, 2916, 444539, 84772, 439818, 273220, 127391, 251667, 232679, 107521, 280303, 37851, 173877, 67846, 123577, 454902, 253412, 305198, 357637, 368380, 43655, 250884, 84382, 215473, 133925, 407743, 409586, 250415, 226792, 264068, 286208, 488740, 127458, 65362, 163820, 452045, 219928, 154213, 2927, 99444, 43000, 442637, 418978, 405903, 103768, 156549, 200934, 486792, 380413, 348385, 497200, 132165, 169194, 50637, 405671, 136365, 481328, 406172, 128933, 145438, 297358, 450656, 67583, 30029, 395211, 341460, 162558, 97843, 362484, 399527, 60230, 193643, 320170, 408664, 178776, 262979, 476585, 103192, 440842, 40210, 469235, 183494, 148203, 433031, 278851, 89412, 21166, 104104, 68436, 88554, 449077, 171638, 316674, 149943, 112478, 276129, 403806, 203686, 471950, 186125, 75863, 470072, 487656, 63881, 29291, 471901, 362108, 466705, 80000, 428717, 160863, 269691, 360426, 86376, 374863, 243730, 445726, 172435, 183591, 281159, 79697, 174082, 326631, 213209, 310117, 313711, 379694, 298781, 494585, 268824, 444120, 382751, 293002, 256182, 295346, 64035, 230839, 497287, 397709, 471123, 74902, 345460, 125698, 291683, 133974, 184021, 470591, 44789, 390966, 52321, 490765, 393109, 314435, 254036, 27582, 490322, 342926, 488328, 251552, 292315, 187096, 455987, 135726, 233426, 132341, 93175, 330619, 389570, 248731, 230443, 223636, 459964, 15989, 383853, 299356, 47128, 461286, 1542, 277109, 240721, 195912, 378474, 107848, 401623, 164283, 16346, 149653, 476242, 304945, 489430, 234487, 438197, 362256, 450787, 227848, 245286, 320846, 48190, 485100, 256440, 259253, 258415, 347394, 438746, 497266, 28512, 442527, 396471, 215580, 65257, 116725, 281585, 389807, 77061, 144409, 249958, 25872, 178876, 449257, 483993, 151953, 153747, 152244, 8220, 292960, 352078, 7595, 404199, 347680, 467353, 11323, 440446, 438881, 453662, 44516, 338035, 291936, 451232, 472698, 20457, 387660, 337437, 427912, 102379, 11350, 334051, 186535, 243436, 225364, 5387, 343336, 275169, 55292, 374222, 402633, 125472, 116378, 303919, 492816, 115694, 131195, 336340, 304720, 181701, 30347, 256760, 132253, 241718, 126037, 418986, 293829, 299373, 1310, 102475, 204607, 269980, 381913, 112131, 373560, 447319, 91920, 309335, 496573, 234013, 440478, 170699, 38597, 366311, 350010, 456601, 57968, 159708, 203743, 438704, 447562, 101760, 203617, 19152, 121602, 234278, 488914, 473606, 471875, 460098, 89962, 169347, 261672, 91395, 390746, 64739, 439676, 114096, 167375, 15142, 374174, 203122, 193038, 135491, 299852, 190441, 185969, 355732, 108930, 496192, 152666, 460112, 305751, 320629, 490727, 286653, 185631, 191301, 385781, 148665, 208825, 43174, 144607, 434669, 360682, 130949, 338599, 41067, 272657, 159693, 331027, 354105, 277004, 6308, 60214, 399450, 403557, 33415, 402715, 283399, 282840, 214564, 399176, 27123, 336184, 134021, 301009, 428836, 212574, 268021, 349454, 394866, 184216, 452346, 188836, 157651, 223617, 307899, 25732, 4955, 415807, 468269, 296060, 25368, 144525, 28174, 174299, 228019, 26711, 88446, 301763, 163462, 178299, 472636, 320081, 400661, 235049, 344884, 181753, 308708, 286123, 132239, 30516, 339092, 347311, 22545, 136522, 213943, 392962, 499837, 177297, 204651, 212305, 55738, 417920, 13599, 146054, 250466, 313040, 223844, 298689, 388681, 165066, 412778, 162140, 269344, 153142, 333398, 194084, 165994, 119497, 455580, 257474, 117619, 190745, 435279, 176459, 198566, 447580, 418545, 289938, 39565, 423655, 445870, 249316, 256027, 357128, 152592, 255900, 349429, 254917, 372593, 352574, 379412, 98173, 385323, 92915, 69192, 297514, 342151, 299624, 297302, 209599, 215827, 478904, 201642, 116841, 394916, 222427, 453466, 450055, 181705, 292640, 268870, 54175, 408088, 229923, 492897, 485774, 175504, 59163, 200746, 77147, 489928, 149389, 389748, 136752, 37538, 440964, 50118, 59440, 435162, 395650, 73642, 356888, 360832, 383764, 46943, 48643, 137982, 339788, 74673, 481034, 468135, 329704, 264619, 445892, 241346, 242319, 19325, 293749, 447322, 495716, 271024, 326716, 416025, 379211, 8928, 341995, 13631, 345117, 268511, 353209, 106180, 310761, 209545, 114654, 157955, 164600, 420415, 41272, 79866, 174283, 153029, 115906, 435117, 296525, 402336, 433411, 296796, 220803, 459100, 68156, 487426, 52069, 162650, 382111, 277836, 471818, 128178, 267287, 418736, 19258, 452057, 359301, 339754, 375836, 265543, 425727, 12253, 301305, 107716, 170380, 7301, 171244, 81787, 357455, 238555, 200353, 478227, 407150, 446351, 287331, 81612, 290570, 467477, 490640, 46134, 102084, 370463, 474303, 13448, 86297, 224362, 364407, 202257, 349863, 93542, 309632, 141704, 241277, 189072, 39634, 103603, 342001, 140021, 239375, 437529, 92752, 110564, 443913, 269806, 383133, 384762, 222491, 205092, 383228, 390874, 413362, 165478, 376610, 236227, 108903, 319849, 495448, 49561, 64420, 491550, 91830, 475694, 203028, 345025, 279086, 475481, 91613, 60812, 88532, 409396, 105550, 387038, 188854, 172338, 388991, 346800, 396935, 465053, 51528, 375470, 207617, 142199, 126298, 387766, 235445, 456625, 418364, 464300, 98344, 128152, 117016, 389158, 408769, 227204, 159825, 212570, 269508, 126604, 390253, 428413, 432299, 367319, 465812, 495258, 295741, 337384, 133663, 41527, 497618, 11625, 60579, 29733, 310193, 190825, 359206, 323755, 170686, 345559, 480338, 181783, 167067, 462307, 456712, 314054, 50148, 138603, 230112, 335552, 347024, 310189, 18175, 237253, 14272, 77187, 202098, 363277, 227567, 260631, 263966, 225442, 274646, 291048, 413282, 11221, 219724, 55353, 280764, 340557, 147928, 317625, 482631, 100893, 476645, 407609, 218917, 252563, 402780, 16103, 377390, 78204, 155543, 79203, 247903, 3975, 491481, 54431, 379888, 57205, 322272, 425041, 368223, 289820, 370579, 189420, 407956, 72068, 89427, 494864, 109182, 248578, 487767, 311022, 204774, 237877, 37842, 161896, 127519, 158076, 265325, 87735, 48075, 331580, 187362, 496681, 350774, 398412, 221664, 257527, 424459, 339812, 221218, 388003, 338038, 132533, 478312, 446850, 229488, 445329, 321208, 161321, 195691, 366759, 451385, 233764, 268408, 108222, 192603, 440586, 291805, 385826, 318641, 334815, 157951, 439051, 497831, 135838, 68313, 72365, 16074, 119725, 318550, 381559, 281906, 492326, 150518, 152485, 328296, 492317, 131104, 2284, 424940, 482585, 203575, 347051, 429413, 101140, 151753, 409064, 308860, 65549, 242377, 298506, 52835, 19559, 83281, 359331, 410536, 464410, 449219, 394167, 153353, 254774, 178227, 463540, 413478, 375154, 82407, 475098, 52105, 457106, 241292, 70150, 161755, 126959, 366497, 213071, 193843, 76746, 281445, 145498, 345335, 259205, 97275, 72711, 366856, 426995, 239187, 158708, 452138, 286681, 401011, 166490, 238825, 56454, 47522, 24120, 320842, 277369, 275060, 325105, 255237, 76769, 348330, 480651, 290486, 178063, 354182, 471113, 141442, 178173, 78024, 322679, 370780, 75322, 102915, 111571, 193487, 53730, 261385, 113070, 477215, 22970, 288230, 185720, 47033, 99129, 145914, 439599, 83431, 265539, 373093, 489357, 480159, 234320, 418244, 371860, 468308, 209203, 439479, 285060, 158892, 183675, 49381, 341370, 125744, 29073, 435798, 485082, 251503, 395324, 106369, 64936, 42582, 417905, 198532, 207942, 348735, 142833, 259789, 350891, 468344, 114417, 59294, 61087, 456022, 223987, 60322, 117475, 422044, 248047, 392505, 16639, 319218, 393691, 30049, 443918, 344124, 189763, 389433, 313118, 62074, 258772, 3971, 265495, 4139, 476903, 473936, 361780, 155650, 452998, 328538, 126081, 89601, 487291, 184671, 100322, 237792, 385594, 452577, 326518, 28434, 27066, 299732, 275599, 263983, 150415, 210893, 430171, 293927, 368210, 470994, 45854, 396158, 418760, 482305, 55493, 401324, 13343, 62264, 313296, 229629, 293335, 185760, 435313, 6341, 156876, 382564, 381621, 61076, 158497, 427828, 35534, 478136, 380486, 469955, 1762, 240645, 484480, 257203, 75848, 248809, 223221, 319197, 105805, 323163, 316876, 201959, 97806, 356127, 176879, 289252, 211218, 228294, 113435, 36675, 425142, 323904, 100845, 248917, 196815, 359855, 212378, 335771, 189556, 201807, 329064, 296953, 453430, 12264, 20107, 77753, 231258, 7471, 282402, 82666, 42385, 443907, 278450, 84046, 480756, 340793, 181440, 31173, 449459, 54552, 106581, 129281, 50982, 81352, 371914, 162939, 390471, 28124, 258076, 492162, 285693, 26472, 429553, 135208, 247102, 208069, 31085, 209256, 177863, 50961, 41703, 443651, 200931, 164719, 274969, 461545, 353931, 125797, 462479, 493404, 279658, 210515, 152425, 271406, 454355, 102063, 34944, 386312, 473352, 184280, 461530, 81909, 373383, 442539, 349991, 319776, 313203, 66251, 266080, 312137, 346674, 189287, 230803, 207539, 288670, 247777, 45324, 30958, 352605, 109271, 117962, 149327, 356947, 386987, 360172, 267163, 485584, 127542, 461738, 393591, 446298, 173678, 311048, 390945, 86562, 25922, 282408, 218568, 104710, 172788, 497368, 291110, 229076, 230431, 230801, 331168, 3206, 76388, 177036, 412403, 257529, 348590, 203331, 378170, 118924, 269781, 420834, 452111, 174480, 486034, 363697, 36875, 447004, 405536, 124992, 448658, 420408, 342019, 475388, 433265, 21439, 320253, 300051, 225814, 302654, 172700, 454233, 477195, 149401, 449492, 281053, 54554, 114334, 193544, 268989, 202317, 220706, 253476, 365666, 305690, 201250, 258905, 200528, 411729, 270812, 337060, 261067, 389543, 171734, 376703, 218145, 20717, 89147, 290477, 419118, 210037, 367071, 412788, 269044, 401847, 219510, 261421, 218357, 106341, 370275, 493002, 424667, 204253, 178356, 427167, 59891, 185894, 33022, 193031, 9961, 155461, 498616, 253592, 244512, 255233, 45330, 363272, 60407, 380509, 312073, 297696, 71647, 415810, 381913, 358275, 150454, 186586, 277825, 37970, 625, 319765, 38480, 313197, 322209, 368395, 180161, 494443, 424498, 68647, 103043, 130417, 204879, 1973, 105166, 459187, 243809, 329956, 363083, 187141, 491263, 318049, 359509, 69671, 457819, 462899, 240469, 444225, 64666, 211089, 434544, 355013, 240394, 221312, 430016, 383879, 118220, 464399, 212652, 399448, 350626, 122434, 90359, 172998, 243446, 150582, 117161, 39443, 459500, 397937, 299014, 217235, 294275, 184122, 263435, 261450, 467288, 344464, 79767, 476864, 348400, 242342, 425477, 250941, 7707, 492293, 383124, 451416, 329993, 73487, 363377, 40076, 272883, 243230, 112439, 71575, 296098, 135939, 245236, 49993, 73064, 477194, 264704, 265994, 483915, 51207, 146191, 324124, 272819, 82756, 428408, 129204, 431820, 342304, 127655, 105665, 44642, 402989, 388622, 325531, 405714, 459268, 133793, 459653, 142076, 113573, 133847, 147393, 334461, 382803, 12419, 66032, 380733, 267607, 468175, 166754, 311091, 326342, 54686, 24185, 360459, 231685, 398514, 470455, 160645, 455336, 31535, 117428, 123809, 449626, 305702, 55375, 466089, 419671, 405239, 414810, 261743, 233657, 43823, 77154, 187439, 377569, 160387, 480323, 52341, 102674, 289405, 287300, 115101, 350583, 47278, 415934, 57668, 194724, 431925, 178403, 482802, 34965, 144321, 274210, 260188, 54198, 145082, 477381, 325861, 361826, 499028, 269520, 217944, 178303, 469656, 189039, 215329, 49854, 83090, 414895, 184096, 256055, 325975, 79428, 172860, 134576, 134584, 138228, 412711, 449058, 153036, 68054, 425844, 252463, 120150, 198952, 425466, 125467, 326449, 288451, 391657, 353479, 490370, 485264, 423218, 372899, 440873, 37317, 18960, 376040, 104460, 58529, 412638, 117551, 190458, 176822, 326701, 430407, 309660, 383538, 27808, 216311, 458417, 452854, 402, 71504, 476601, 305313, 218791, 119006, 110129, 141671, 179392, 476233, 295720, 164740, 125065, 487156, 486617, 182072, 285438, 244657, 385587, 39788, 304509, 306303, 154204, 460812, 484230, 32023, 35261, 304224, 19948, 291180, 368404, 238496, 109950, 441228, 401724, 268555, 423290, 285484, 226543, 293968, 493273, 214991, 72727, 135077, 67198, 476155, 282331, 258534, 19410, 426263, 175411, 424222, 113413, 394298, 295579, 292242, 4027, 20738, 485125, 114861, 430624, 111759, 15392, 58026, 371016, 489975, 230168, 460017, 54540, 360254, 249318, 232655, 177315, 145436, 122541, 130, 290138, 45266, 146765, 202492, 424514, 246384, 431863, 45311, 183614, 108248, 13700, 123021, 326315, 9410, 152509, 10519, 439679, 444330, 150155, 134282, 306164, 450515, 302875, 111804, 499335, 386774, 230984, 495363, 137066, 142666, 186327, 255998, 70619, 2394, 402840, 101747, 495794, 228959, 381615, 345466, 300825, 227991, 108270, 83759, 15930, 57086, 249141, 140072, 286144, 490831, 361809, 441400, 184002, 40983, 398750, 382370, 486121, 70805, 402573, 479841, 489209, 362494, 301749, 434687, 421099, 118789, 481736, 380606, 460324, 416607, 263860, 128997, 388469, 489321, 273869, 146167, 69370, 460044, 293753, 415699, 163808, 392080, 141028, 345666, 406391, 425538, 102406, 167718, 31694, 296519, 282584, 75429, 335888, 283118, 189744, 267348, 419037, 370644, 373705, 201454, 446272, 189665, 329070, 278420, 475014, 415765, 330767, 282337, 247221, 311803, 67768, 479406, 170900, 307781, 256279, 149310, 494702, 432201, 390885, 427782, 353479, 31037, 436115, 396037, 362979, 423528, 50993, 499645, 209257, 242431, 251440, 312483, 106666, 190782, 231885, 325917, 171732, 102977, 16695, 184868, 134171, 38858, 166968, 39549, 309663, 419065, 472576, 42278, 93279, 109421, 309270, 136292, 487401, 451225, 137808, 235562, 338106, 469364, 463576, 362485, 164417, 446594, 365071, 37036, 415050, 179805, 279488, 485958, 192406, 396170, 324379, 138488, 201568, 279603, 161740, 384978, 361273, 312838, 47464, 72236, 220232, 498899, 41917, 344021, 74774, 256391, 404138, 108970, 80871, 493865, 476438, 233715, 160866, 123197, 496941, 374745, 484536, 270288, 225942, 384996, 95364, 477785, 314737, 340825, 341527, 61034, 39778, 376802, 150146, 479441, 313125, 401966, 427818, 452697, 220326, 209010, 356853, 438562, 180873, 38399, 333168, 308642, 470471, 241412, 403420, 231730, 108523, 374071, 295741, 76904, 196550, 102504, 386915, 112552, 303572, 204847, 475965, 70269, 187976, 291669, 248829, 5307, 406879, 486112, 497428, 14399, 424850, 462069, 430505, 321935, 380248, 1750, 114412, 353560, 459446, 452327, 239064, 203725, 73114, 60705, 331648, 309695, 243393, 143709, 358100, 356181, 381526, 116521, 134479, 337515, 279760, 198678, 194257, 408517, 24914, 125939, 335034, 194008, 226952, 143928, 418723, 276448, 36154, 296192, 234869, 468133, 294976, 404921, 478418, 283070, 138990, 60376, 69894, 251654, 477690, 58041, 475869, 299493, 963, 491365, 118503, 66999, 62502, 278600, 157204, 382888, 107765, 346789, 211035, 356852, 360992, 122510, 112670, 407940, 155336, 438068, 431885, 126298, 313731, 496281, 46305, 246977, 392301, 426698, 12157, 459992, 305358, 101096, 111936, 341848, 368660, 353379, 175683, 481968, 117292, 170394, 451833, 407406, 119131, 381372, 19238, 315932, 359489, 79444, 323537, 486417, 183195, 401387, 130099, 380406, 338507, 255328, 120483, 224904, 13431, 58820, 430247, 421597, 378217, 20793, 43462, 160430, 230984, 311276, 100679, 44020, 403021, 137096, 20444, 377184, 382535, 381754, 375483, 76439, 253509, 14979, 189879, 83006, 355978, 146229, 409209, 170283, 91434, 136670, 399480, 397388, 241771, 14467, 39416, 276282, 78690, 369914, 199408, 305579, 181411, 295309, 61046, 140750, 440027, 80479, 363808, 372632, 239506, 50945, 161730, 243402, 429802, 496113, 430748, 60256, 7990, 312887, 330915, 140728, 368915, 346141, 224302, 106957, 454498, 320187, 397747, 20173, 81319, 374358, 447064, 140765, 278659, 488266, 60033, 218916, 280291, 250843, 444766, 476745, 397567, 429511, 316049, 15377, 233912, 455123, 141726, 247466, 204448, 301936, 482342, 446407, 276498, 75081, 409041, 173304, 402100, 171709, 228049, 119702, 143946, 148849, 442634, 379113, 381212, 339219, 287630, 252165, 291648, 105080, 333475, 484494, 477536, 371806, 142905, 167098, 23338, 8083, 160183, 12171, 30933, 384167, 34385, 393950, 375939, 305552, 496643, 315458, 108783, 313563, 96192, 181670, 192300, 328448, 431724, 375652, 301339, 123845, 59486, 149836, 154411, 73843, 108031, 355003, 374137, 235482, 403974, 14369, 387514, 234821, 50537, 456477, 62000, 54497, 138023, 318467, 237697, 11634, 390330, 471072, 494165, 74830, 24206, 178439, 468991, 192733, 459651, 450281, 11691, 160090, 488178, 348273, 134499, 199448, 448890, 92122, 123501, 230330, 215966, 308549, 223612, 258656, 249994, 279511, 293271, 132256, 69411, 38697, 392698, 72435, 172613, 117725, 358521, 449921, 51489, 227715, 326585, 254320, 371136, 216757, 467551, 41553, 231623, 170464, 166768, 66164, 120829, 89605, 313942, 316704, 364206, 250330, 369842, 495093, 145178, 62424, 74157, 491209, 434017, 335225, 160982, 182379, 434836, 269429, 75442, 24475, 142279, 2434, 382241, 328413, 445408, 213662, 446426, 370085, 313950, 193970, 256043, 76382, 490456, 417503, 175385, 449874, 237644, 185874, 451528, 459929, 166102, 454696, 323503, 247414, 64706, 486429, 480239, 106687, 280461, 48249, 156087, 129050, 431403, 350261, 201872, 33387, 111210, 148966, 492548, 207147, 112129, 158162, 276446, 204603, 363231, 363050, 383936, 348148, 491635, 109841, 314698, 93679, 2870, 281328, 284459, 295661, 42877, 354289, 158856, 285105, 72970, 232643, 161004, 330418, 387536, 20868, 17482, 142867, 76750, 120266, 420485, 437064, 441024, 434990, 415581, 143695, 57917, 37118, 197278, 405095, 54907, 144996, 461831, 447464, 59465, 197929, 181440, 483182, 36008, 7635, 47570, 144140, 451116, 228312, 279019, 434086, 30023, 259187, 188770, 129031, 383633, 379597, 121045, 109835, 237654, 486340, 297131, 88677, 231534, 394357, 79749, 4578, 152410, 259621, 190587, 422732, 255071, 205723, 477316, 94405, 75150, 384908, 205616, 88164, 238607, 275823, 427752, 152520, 315414, 261048, 13703, 317813, 31643, 441976, 251180, 277487, 325660, 441031, 447197, 448479, 451766, 198600, 183102, 222743, 9103, 278141, 331063, 433275, 133981, 342588, 12776, 306702, 492958, 123027, 408180, 454397, 137526, 261255, 6752, 436286, 370233, 185794, 365406, 60194, 469505, 14816, 449500, 113618, 468912, 284805, 363968, 152731, 374444, 184624, 318261, 375212, 18971, 51035, 11933, 171608, 385085, 96372, 20378, 407454, 5674, 232802, 329190, 448706, 468158, 232114, 236331, 212510, 418691, 486580, 148627, 85464, 445293, 497300, 229894, 304412, 236809, 425130, 108544, 115639, 167148, 434690, 383474, 103744, 187724, 342800, 474804, 307939, 86483, 385007, 74539, 490343, 380026, 148887, 28379, 83635, 421341, 420855, 154722, 197267, 480647, 263639, 318590, 139985, 384937, 162219, 10298, 126560, 126189, 296342, 147100, 46988, 309712, 435998, 5619, 177592, 494793, 388886, 141290, 442054, 390476, 184096, 215882, 318182, 317253, 150411, 286088, 37656, 434822, 196492, 350374, 187782, 159882, 302474, 321780, 409367, 255249, 381016, 316604, 287692, 322073, 229670, 301610, 29449, 191810, 342351, 170540, 310947, 298131, 128045, 426356, 314803, 109810, 351205, 353595, 151777, 249133, 122646, 478560, 344183, 76479, 394082, 227727, 423446, 436799, 395173, 65490, 226350, 133626, 316434, 221532, 420130, 396902, 44597, 105049, 295345, 120221, 207173, 288491, 205398, 35289, 389528, 200097, 206975, 88241, 17749, 44941, 281078, 392325, 133437, 223313, 228837, 47076, 112154, 412810, 444647, 342644, 379921, 453056, 337685, 475508, 147840, 327406, 130558, 74038, 168533, 176206, 487867, 452473, 218462, 418155, 383838, 236533, 102933, 189473, 350986, 345113, 256839, 176497, 369945, 96201, 336565, 67587, 29111, 27407, 57129, 29191, 443020, 356129, 293300, 149116, 243824, 277715, 96965, 73051, 15892, 236416, 424564, 117262, 417882, 299128, 224532, 450988, 486894, 367470, 349798, 197117, 355577, 231926, 253680, 267833, 345009, 70704, 227427, 164174, 293475, 487117, 346916, 469241, 38224, 154650, 400737, 97432, 302887, 8760, 220552, 400479, 239841, 109822, 392884, 201797, 241511, 63125, 178338, 246122, 115804, 294197, 97620, 37228, 371321, 43484, 297210, 168777, 366041, 252168, 140285, 470821, 489954, 138048, 363122, 462303, 39903, 202153, 254100, 139943, 171815, 487364, 414671, 206540, 342799, 359278, 454470, 358730, 22177, 263911, 497468, 422051, 483675, 358885, 431296, 321429, 137141, 120615, 112431, 149743, 344110, 50153, 467926, 118088, 449654, 310926, 42893, 451610, 194760, 96623, 440782, 66359, 437214, 425188, 323361, 345305, 179961, 498787, 7332, 106264, 201267, 17735, 374054, 57655, 186845, 87605, 59764, 188643, 419985, 279291, 432487, 382564, 210772, 397772, 211261, 242371, 63096, 166231, 425294, 127042, 227027, 54915, 441804, 24537, 396295, 426304, 220377, 409095, 73968, 151591, 427747, 244848, 185910, 483135, 461696, 16488, 383225, 7836, 267951, 386136, 370198, 499828, 473643, 128852, 460025, 100212, 428526, 124027, 149971, 487696, 405316, 203718, 261776, 435208, 394334, 491664, 203777, 47625, 27348, 328467, 387551, 418744, 97857, 269912, 283072, 108246, 121252, 402928, 11962, 483807, 409818, 407037, 299794, 166453, 62501, 269751, 162409, 311282, 221169, 93050, 6330, 57878, 41096, 109484, 261895, 292599, 340329, 222150, 158047, 258963, 490784, 227184, 467024, 16509, 99322, 460399, 262281, 98630, 354046, 352409, 422528, 270850, 396178, 222557, 323965, 312998, 439704, 154910, 171350, 415414, 322140, 490287, 463122, 218664, 400644, 417048, 489156, 246128, 191055, 40704, 188732, 18694, 246772, 230359, 263047, 114395, 142807, 33074, 122079, 416986, 248588, 150921, 49927, 441956, 171997, 402916, 385278, 67247, 37537, 143907, 229787, 498546, 449201, 415793, 132929, 184665, 230850, 61513, 27989, 446724, 478631, 166485, 189688, 325767, 74134, 69118, 344476, 274219, 499510, 211327, 315048, 479284, 128507, 176836, 338689, 452135, 58752, 194461, 94241, 467681, 417714, 486631, 245105, 391809, 71651, 163096, 495784, 210032, 23537, 117468, 438884, 407513, 261112, 31040, 422703, 364698, 243850, 239305, 72789, 219784, 276750, 119837, 433940, 166906, 394608, 326237, 264806, 318985, 102411, 415437, 249507, 297653, 104957, 256138, 261008, 415431, 405290, 308339, 329851, 140030, 491882, 378783, 393512, 233331, 417358, 366469, 224505, 474670, 126212, 361298, 243188, 190269, 350463, 30413, 339312, 135597, 495, 156852, 461354, 199773, 343034, 175610, 411515, 495791, 121363, 413067, 348663, 16872, 31749, 443960, 17908, 233924, 289195, 15563, 237961, 49347, 488567, 95056, 176900, 148360, 375329, 483589, 316175, 447674, 166580, 378864, 201374, 74122, 221193, 9616, 461287, 140183, 484408, 193196, 108626, 3837, 469489, 62378, 42409, 331197, 350288, 52820, 102387, 111438, 1921, 229353, 410512, 361760, 49928, 324523, 324946, 6697, 110151, 230898, 343969, 388010, 329177, 86578, 295417, 470606, 106829, 208478, 426887, 100121, 92518, 141719, 97104, 357871, 452624, 414254, 111231, 71442, 460672, 349931, 148910, 119245, 122828, 9447, 431769, 37047, 270524, 126309, 381048, 334803, 53918, 392112, 106844, 481202, 399022, 67263, 132694, 165767, 394543, 96726, 358893, 491483, 135747, 327357, 257844, 120208, 119379, 232736, 34827, 291587, 395652, 337898, 415167, 335077, 93374, 372480, 255178, 439268, 496597, 460672, 72946, 77865, 18951, 265566, 242720, 400665, 276850, 245029, 76830, 19694, 136272, 334242, 182727, 64526, 332299, 150086, 346263, 484132, 39392, 358220, 262600, 258487, 4862, 236405, 425681, 470755, 88564, 226355, 481019, 314091, 49582, 218356, 138489, 343602, 198537, 326505, 363488, 259878, 323107, 8118, 192116, 38621, 1913, 442274, 54740, 143335, 106753, 119251, 117835, 206742, 399803, 301799, 300185, 386826, 259881, 428006, 111814, 93162, 189921, 152109, 93561, 467948, 145837, 216215, 197699, 350524, 33372, 341329, 73001, 376340, 359417, 7491, 401445, 95787, 204773, 190607, 267522, 267947, 263684, 113573, 379962, 138715, 39942, 71369, 302423, 272823, 494008, 305192, 39030, 145233, 139242, 6911, 324447, 145305, 266436, 270163, 269020, 321806, 457251, 449361, 436409, 329631, 119755, 417146, 309066, 79652, 480609, 464984, 170644, 424153, 159182, 226408, 79441, 132377, 391193, 183688, 486952, 79478, 490920, 77025, 392326, 431073, 138650, 61677, 83439, 405813, 207025, 141376, 487250, 82053, 393545, 446811, 27063, 37474, 20811, 341636, 2228, 424937, 282608, 307473, 296408, 226166, 1842, 320381, 160404, 33361, 399605, 339959, 243924, 192225, 70913, 294896, 9158, 21335, 32082, 157198, 189010, 308160, 203260, 183182, 218326, 321614, 347963, 106391, 367808, 389114, 329692, 238820, 291875, 35848, 130321, 332542, 408180, 174626, 146318, 227605, 72771, 474940, 55580, 355072, 456636, 366955, 153972, 257966, 308182, 315518, 189091, 496025, 264789, 294445, 20745, 93260, 268081, 485555, 254280, 18245, 198704, 272, 163304, 191926, 491962, 71239, 193649, 396556, 25560, 267135, 436572, 353750, 488771, 249613, 423992, 289002, 440493, 437259, 356039, 120445, 493567, 139841, 367754, 99037, 42290, 486228, 228661, 261323, 266645, 469731, 86050, 127948, 347670, 114689, 300826, 197817, 498157, 74091, 49112, 455741, 308188, 236117, 185691, 314024, 299821, 21332, 394796, 380400, 402842, 151177, 309676, 215368, 100420, 394566, 380000, 433936, 132302, 147021, 393286, 287687, 431859, 373158, 128999, 480189, 134816, 269839, 175029, 137182, 55485, 12841, 13660, 456492, 296486, 13030, 232565, 174905, 162695, 212937, 7735, 76082, 358086, 171254, 98855, 476577, 354672, 37649, 74673, 421702, 199957, 106619, 384593, 169265, 313269, 401738, 364635, 371688, 467378, 183763, 336427, 164337, 218841, 231276, 161306, 367480, 216082, 28320, 169048, 276639, 137587, 486676, 77558, 4233, 163214, 164589, 135800, 160124, 170985, 421024, 253730, 213068, 400995, 165519, 321168, 369690, 368988, 64041, 455961, 92860, 37195, 283706, 483971, 359736, 357871, 290763, 184406, 386446, 399314, 297871, 367063, 358687, 4938, 192481, 466121, 280436, 69223, 195902, 136137, 106503, 213534, 5658, 305252, 249167, 446296, 427776, 142933, 474087, 434613, 229335, 246353, 412535, 467238, 147183, 229312, 378171, 408282, 17197, 244868, 339563, 418467, 316396, 365512, 216894, 123253, 233155, 428309, 377922, 142313, 166759, 381485, 308063, 197546, 169453, 406748, 113538, 207513, 111059, 359800, 339040, 315100, 318321, 68041, 249315, 305656, 363826, 164051, 6141, 490385, 246172, 383367, 240187, 380172, 82468, 19346, 232270, 98319, 171524, 34808, 217947, 261801, 461245, 423260, 26957, 324450, 447126, 91665, 53596, 213916, 171412, 384903, 322937, 324627, 454660, 302837, 88519, 59660, 81055, 495584, 157673, 414797, 102927, 227175, 111877, 177370, 259836, 468614, 171249, 275198, 293530, 357709, 67040, 339962, 328344, 17348, 366634, 219498, 441708, 207625, 349303, 366541, 347058, 204611, 85875, 373365, 33198, 465449, 197452, 433497, 470380, 444694, 312062, 156475, 185322, 142625, 372255, 468592, 346813, 321248, 35213, 232901, 178753, 150957, 106210, 96434, 485225, 402687, 303573, 67541, 267937, 202747, 108713, 157399, 304057, 487264, 13614, 39806, 411786, 301148, 457655, 307904, 230753, 166645, 424125, 373021, 425772, 216117, 139012, 347372, 254198, 158934, 134816, 318330, 369143, 494159, 359987, 31082, 372362, 373449, 468400, 274264, 84106, 47194, 317873, 207012, 225545, 287606, 116537, 56273, 410762, 379188, 163584, 302421, 122579, 157940, 477271, 171319, 139652, 385111, 404916, 199873, 103352, 76045, 499709, 484912, 33537, 243643, 331759, 179258, 95463, 216793, 384452, 404594, 85829, 430329, 225964, 28659, 291770, 389636, 4584, 496744, 448613, 387545, 200994, 291608, 137652, 154101, 448222, 427819, 356614, 360640, 302187, 223074, 492134, 403646, 101940, 486469, 471161, 434829, 88403, 43854, 349250, 205073, 20589, 493428, 52610, 83201, 392777, 242411, 394024, 96964, 489566, 208957, 116342, 453451, 475095, 79561, 483224, 85496, 321661, 450293, 459322, 246211, 441121, 472436, 242992, 300797, 415712, 175606, 340152, 263272, 469338, 491262, 152670, 129980, 448142, 487651, 183730, 300067, 209646, 336899, 35199, 8452, 399181, 262701, 223899, 386665, 272527, 6691, 378132, 92774, 294961, 64378, 425826, 471358, 270598, 306635, 43000, 297764, 298779, 227196, 394582, 73416, 338410, 124548, 440838, 447212, 284472, 200595, 434831, 407885, 203608, 73560, 42167, 67869, 146845, 19516, 164710, 426031, 223312, 492915, 182679, 194636, 58274, 215387, 413851, 68562, 133863, 403958, 463018, 156109, 144941, 454196, 257318, 490689, 291321, 92942, 277840, 446950, 43529, 174713, 54439, 468524, 254081, 75684, 461837, 102505, 163169, 435819, 205932, 348467, 401514, 202752, 102542, 89294, 197834, 334060, 64388, 146647, 265714, 91133, 274078, 290512, 308358, 405955, 446464, 407135, 203316, 237350, 75762, 205967, 415452, 9326, 465746, 403215, 145119, 28732, 469485, 171007, 5710, 364869, 14689, 399820, 1366, 63740, 155518, 401671, 370864, 370519, 170482, 137517, 262995, 6183, 361412, 243502, 192958, 122171, 52344, 215133, 470583, 94137, 295843, 323417, 463466, 261977, 20994, 379459, 428683, 28039, 409594, 277729, 249671, 136321, 296754, 308945, 410881, 46045, 489720, 335970, 437598, 234812, 190433, 408398, 44232, 314164, 488127, 492071, 440233, 19936, 414702, 93072, 124806, 103637, 215740, 460472, 449607, 486052, 267202, 198303, 206630, 428813, 251124, 133677, 269360, 304742, 8560, 10207, 58434, 66263, 265782, 420120, 32959, 36997, 205083, 336762, 364579, 219460, 348431, 347282, 486694, 491254, 398446, 170281, 187576, 118268, 347338, 80707, 352212, 45284, 58666, 220854, 470406, 346937, 351365, 272947, 487611, 457084, 115703, 67773, 88618, 326935, 1531, 53149, 380304, 139795, 177948, 402581, 84907, 250499, 28108, 272424, 406012, 252219, 237318, 498238, 417576, 35913, 327894, 150828, 255002, 16551, 288925, 179863, 212118, 297093, 495272, 115566, 78128, 326005, 313372, 442877, 71304, 380497, 379771, 281950, 227548, 180088, 59360, 439903, 111348, 251045, 292474, 192852, 733, 329943, 423641, 12642, 99204, 282958, 235427, 379806, 98609, 278704, 442398, 326455, 142950, 143015, 446881, 347662, 20432, 383916, 336102, 234009, 189617, 157009, 184693, 201977, 118518, 188112, 74861, 431212, 396634, 224559, 187873, 391729, 261266, 285443, 392401, 193020, 25656, 462859, 431329, 159790, 69984, 205701, 24889, 58098, 478573, 480978, 304408, 417069, 23838, 422738, 175052, 454062, 243546, 51408, 80612, 96692, 350403, 239795, 54849, 499428, 60200, 355444, 150500, 53397, 437651, 264515, 158439, 205336, 428088, 348577, 266707, 474904, 270707, 160001, 262759, 284933, 427254, 72206, 89065, 200018, 378140, 118761, 149657, 26559, 498211, 53457, 403784, 293478, 447087, 187260, 73985, 44648, 200665, 482039, 328147, 97565, 363041, 35312, 207366, 52207, 271074, 95733, 86839, 301854, 257801, 187495, 367357, 192548, 20645, 216931, 10812, 443755, 308602, 158136, 35894, 175643, 456678, 412081, 252124, 286555, 272447, 49671, 366649, 205679, 337241, 250392, 431079, 127399, 206843, 249523, 294235, 477640, 18694, 426852, 263785, 213173, 397402, 171311, 369550, 104864, 344417, 53107, 384897, 457636, 289068, 78654, 473403, 282181, 356622, 85579, 391346, 154760, 488360, 427216, 222715, 305223, 284923, 336630, 344399, 153464, 365207, 259948, 104242, 443269, 420733, 417638, 417542, 353825, 338176, 418067, 391323, 306784, 25245, 212910, 45685, 255854, 202165, 290373, 241839, 143602, 455279, 469480, 281849, 126109, 428973, 262402, 155532, 428807, 393303, 254265, 223792, 498092, 468455, 102998, 320252, 486020, 303452, 11259, 498731, 27982, 335759, 199331, 389572, 172866, 60944, 310201, 102689, 226773, 304799, 382980, 473887, 272139, 485373, 66465, 12805, 163099, 128820, 359761, 258633, 436250, 82534, 237829, 427364, 150096, 145107, 472124, 64432, 361264, 89699, 42918, 357992, 35458, 190857, 269954, 2152, 483773, 254573, 66638, 382355, 329390, 47903, 408304, 297213, 60370, 429908, 425145, 272207, 205759, 71911, 451228, 29825, 265398, 55977, 18118, 9258, 397463, 334187, 43589, 325323, 249147, 434257, 123016, 469000, 338503, 121737, 19234, 369562, 326643, 75665, 137324, 178199, 114274, 407775, 457705, 174783, 174952, 214908, 85309, 466395, 143932, 288257, 499240, 104722, 368108, 340346, 427150, 79384, 496500, 373753, 221111, 411053, 75442, 474516, 482467, 90737, 314209, 77436, 3590, 499762, 460428, 364304, 409282, 13959, 165886, 402592, 422932, 486637, 79307, 167532, 84456, 171689, 71521, 368173, 129346, 478468, 446937, 55500, 123397, 379703, 307688, 13084, 371377, 483408, 165905, 295499, 97522, 242063, 115271, 281067, 434112, 49746, 118950, 265286, 184372, 16918, 386121, 438898, 102511, 92748, 405573, 92875, 95241, 433185, 482052, 41085, 100126, 464824, 460851, 392083, 18206, 95925, 268619, 206383, 367938, 238132, 406569, 495367, 84822, 189116, 424413, 23535, 157281, 366624, 378510, 141400, 50776, 414857, 175320, 22087, 329778, 277126, 149137, 473057, 269854, 371609, 173999, 228058, 434747, 63659, 477701, 477240, 117223, 184212, 487795, 350583, 343801, 34095, 90713, 185770, 178495, 156928, 290333, 464855, 87246, 401400, 255003, 5978, 172404, 479112, 192537, 330273, 375532, 78336, 292321, 492432, 107633, 217198, 89381, 55897, 452426, 188024, 459171, 10124, 77212, 295018, 325463, 108016, 54532, 417321, 56095, 310014, 472387, 355618, 233273, 27278, 30858, 347088, 69270, 426169, 321441, 193317, 326256, 7324, 84318, 352233, 337173, 405066, 184311, 112281, 29506, 498067, 196515, 435505, 178729, 290545, 48822, 106186, 4149, 357373, 144111, 295590, 14305, 373473, 455864, 17459, 305745, 408804, 159128, 80683, 160016, 54930, 274628, 449550, 207507, 471904, 452781, 66734, 295766, 423865, 364642, 297284, 424376, 294513, 134, 120556, 270389, 388753, 275122, 427839, 376190, 59247, 135430, 98700, 141969, 123068, 372512, 165063, 217136, 231511, 281255, 250653, 43628, 23625, 186068, 244613, 228753, 221973, 356396, 140872, 261944, 55586, 124461, 54959, 243980, 143916, 330941, 321710, 39055, 444126, 330762, 130199, 122675, 149712, 54096, 301185, 20077, 131900, 405977, 389876, 184060, 459270, 61181, 169087, 270024, 116307, 340486, 188683, 385971, 482438, 101100, 176091, 435316, 324857, 174832, 121509, 115773, 32643, 311571, 397820, 210863, 394713, 493508, 215427, 360902, 53208, 182246, 17960, 186800, 459579, 358694, 113030, 431849, 329083, 395672, 254362, 167043, 451930, 24025, 318552, 259129, 353526, 126408, 360801, 207312, 71518, 167655, 51637, 351413, 147760, 322516, 67317, 200818, 170600, 373013, 315200, 361665, 410618, 287011, 417816, 390430, 274686, 177319, 152778, 224742, 338480, 69823, 10335, 479995, 445050, 386163, 310391, 402558, 463903, 167913, 463581, 269206, 453660, 173717, 37563, 171247, 354586, 38021, 286165, 490692, 336350, 234478, 209070, 410864, 351728, 448260, 12506, 30704, 269022, 489946, 86777, 11595, 111203, 138539, 58203, 121505, 372582, 454733, 67331, 231595, 135493, 381765, 285499, 20762, 289998, 42998, 112743, 66044, 218156, 213481, 499447, 241138, 318803, 363217, 484994, 40839, 46131, 270591, 276533, 327943, 29512, 189460, 187507, 277881, 68184, 130249, 378177, 176071, 96843, 104693, 253420, 143175, 309181, 60432, 67175, 162495, 375015, 359902, 356946, 413510, 303843, 32825, 168139, 371116, 95367, 198880, 4031, 184570, 91222, 386561, 414282, 238927, 451596, 180106, 323821, 448504, 370259, 128472, 58903, 255855, 356118, 85347, 187888, 383081, 94334, 199902, 451163, 237313, 329792, 96173, 420394, 102328, 324622, 462196, 331734, 270213, 54187, 24327, 77327, 171455, 330051, 139038, 388598, 473594, 156864, 414066, 39339, 70838, 200112, 355874, 41466, 77930, 259894, 430857, 366790, 494213, 432347, 385526, 93343, 332717, 390306, 416217, 136827, 481954, 348921, 33495, 225971, 95215, 169629, 95948, 364963, 433771, 471424, 462886, 7734, 233534, 231646, 366898, 30831, 349989, 181582, 427284, 87294, 151821, 135632, 385894, 429496, 175373, 378963, 126189, 165292, 310166, 407151, 258827, 342485, 460955, 124503, 40647, 305505, 190525, 80007, 147636, 371691, 412934, 466191, 70342, 304214, 46114, 444440, 443652, 290340, 25916, 322934, 304807, 288041, 175426, 121892, 336069, 181211, 248187, 200043, 304882, 38873, 415278, 263776, 449317, 92469, 83635, 78643, 378953, 51954, 345158, 39853, 64710, 164013, 310159, 76654, 213619, 375540, 55916, 33462, 483410, 371784, 351590, 101033, 438535, 253431, 156483, 214834, 239830, 110112, 184344, 394354, 18517, 385932, 218907, 100574, 152833, 112259, 435483, 215505, 239887, 354245, 153677, 383578, 404478, 91924, 167756, 107297, 493260, 325715, 413393, 54791, 47313, 39839, 261596, 211191, 402881, 52879, 477840, 20925, 49046, 374567, 383091, 362493, 478211, 228264, 315682, 453783, 451702, 73532, 233504, 357745, 248123, 62829, 340909, 167931, 479314, 130157, 20056, 15187, 75116, 432690, 146427, 467075, 361280, 250687, 367459, 206681, 385512, 217558, 126760, 99382, 180160, 162448, 114237, 120428, 52223, 38143, 269952, 213376, 357352, 326248, 47747, 169731, 290187, 234942, 400924, 117912, 381823, 214785, 194197, 456214, 338210, 273545, 451980, 311768, 198566, 341397, 435797, 256343, 164396, 158368, 9308, 281010, 182716, 199024, 477459, 191955, 243015, 453601, 458993, 462958, 47545, 459744, 94533, 300594, 45610, 328530, 334414, 350253, 146203, 50568, 245010, 218219, 41858, 304118, 485040, 252886, 359729, 99405, 462235, 483236, 96535, 452956, 47593, 57881, 468604, 460483, 345892, 428979, 283338, 202943, 233163, 99113, 14480, 365540, 301164, 255285, 487590, 459880, 239929, 101959, 431953, 99582, 188303, 202211, 418510, 4637, 1619, 37344, 224003, 488989, 305698, 477943, 79780, 254392, 356179, 290752, 399882, 44904, 499429, 234992, 406665, 293774, 99183, 142501, 306115, 280123, 178392, 181267, 493953, 246276, 367610, 494059, 233302, 394117, 397831, 384992, 300999, 282766, 225325, 223202, 390345, 110694, 72773, 444342, 236500, 262680, 428227, 99533, 343713, 264102, 83940, 86943, 19791, 313871, 432505, 185905, 5642, 166699, 452791, 175084, 203948, 72246, 326748, 492220, 211174, 358662, 361253, 238280, 443856, 337902, 333188, 290074, 352860, 28772, 244818, 58354, 473711, 245805, 143906, 473956, 389892, 136782, 10562, 238196, 415347, 361806, 144969, 345915, 267159, 433945, 122810, 10290, 178481, 62916, 395295, 17363, 379985, 384428, 97885, 162527, 168322, 73718, 175384, 265594, 476238, 282698, 441519, 356439, 319222, 277369, 250462, 307159, 198301, 223251, 455029, 336479, 45972, 102357, 253377, 472216, 200360, 494245, 202038, 205652, 296389, 427758, 57992, 131480, 230072, 41820, 62695, 462306, 450357, 425260, 117543, 82256, 197114, 178568, 11804, 381204, 54423, 392211, 62696, 292296, 178286, 347384, 463160, 318701, 106062, 90102, 126677, 296649, 233665, 200602, 384821, 559, 216536, 73405, 256750, 397145, 465072, 393216, 74769, 234075, 447966, 382867, 333520, 302143, 307204, 370034, 183153, 107853, 413370, 121926, 445872, 230674, 221920, 204546, 42747, 357073, 72285, 364002, 215006, 57495, 412136, 251765, 158576, 435040, 86599, 352063, 220277, 222033, 118268, 198961, 216991, 96918, 281878, 21969, 274990, 249526, 295408, 78965, 240714, 53416, 296591, 214551, 94483, 24744, 382411, 72760, 136026, 286208, 147134, 488418, 40661, 133339, 344828, 225193, 136900, 492717, 300650, 222535, 125318, 93647, 43062, 50858, 57236, 469984, 468769, 306094, 456776, 451268, 355025, 386859, 145134, 155538, 367373, 440949, 364632, 223, 24033, 259582, 347757, 458367, 204081, 256589, 180867, 458690, 439721, 62506, 494181, 135980, 142658, 426582, 12736, 168579, 266813, 204169, 89934, 202607, 403333, 467953, 359798, 313162, 298679, 498052, 143931, 71791, 478938, 388047, 108442, 295600, 235309, 272531, 453435, 308228, 70009, 266613, 43939, 308266, 269987, 175575, 374209, 217725, 422239, 6432, 97453, 194163, 303063, 27142, 311105, 381659, 135474, 268407, 29874, 8902, 26235, 417329, 166294, 331238, 133511, 303020, 470358, 109707, 433156, 479787, 67481, 136529, 369040, 167300, 323494, 53942, 71914, 139569, 462923, 365537, 35652, 54759, 346932, 119713, 153559, 464619, 59693, 391488, 34941, 136917, 442512, 124459, 374601, 313571, 240138, 207175, 281158, 305475, 230266, 97442, 462716, 355131, 430766, 112020, 262726, 245656, 483796, 178598, 347080, 231540, 36189, 107493, 278879, 147766, 391560, 266756, 279720, 166242, 236086, 283852, 5990, 304802, 107549, 477192, 224942, 96850, 463634, 351632, 168, 487392, 132357, 430843, 306957, 271383, 448699, 270061, 228044, 61313, 109875, 101301, 356160, 313427, 312370, 175478, 445074, 413581, 58079, 369958, 374016, 335502, 498866, 65485, 221509, 469839, 165066, 248907, 197986, 422111, 138916, 315618, 95896, 74254, 256539, 480829, 385308, 496271, 293623, 326277, 311352, 264703, 89436, 87889, 5246, 156531, 486597, 478268, 77277, 82716, 111437, 170322, 371322, 27318, 57161, 451381, 179915, 152894, 235364, 280956, 401754, 382035, 224256, 106862, 91336, 296268, 54856, 117242, 53078, 202724, 69388, 218752, 28398, 201992, 113164, 312886, 490255, 204349, 403653, 141297, 437923, 478716, 446850, 91756, 300367, 203325, 393416, 115366, 96204, 133227, 264527, 308513, 214861, 101445, 156920, 219815, 74071, 18453, 287526, 311173, 167017, 159337, 404085, 312683, 430232, 454372, 132116, 435799, 495222, 171483, 15857, 305658, 118357, 321610, 473765, 283434, 481768, 134601, 373458, 239537, 77537, 486108, 279843, 189836, 499751, 188720, 398877, 289755, 72752, 418344, 408881, 381110, 120173, 166296, 499506, 104372, 195741, 395146, 116287, 219145, 401478, 494704, 405076, 135622, 178734, 201933, 237315, 26777, 187362, 25121, 193852, 227217, 227408, 354344, 487200, 61155, 434213, 345262, 426209, 127255, 419590, 436898, 141029, 244799, 387084, 438036, 112691, 171731, 445039, 147436, 402528, 386920, 206843, 220999, 213693, 196317, 494592, 64430, 415130, 394899, 480497, 189122, 283615, 398722, 329815, 91470, 115791, 374202, 249211, 64378, 126836, 243146, 398933, 174651, 244542, 36951, 497156, 11021, 204294, 465014, 35209, 213324, 14097, 466850, 220569, 337891, 305318, 238328, 4041, 360637, 30471, 100555, 306971, 489070, 173891, 79252, 398169, 381201, 33575, 348236, 176695, 429005, 37954, 330045, 45790, 78241, 406502, 48264, 129635, 479575, 131700, 159191, 302871, 257381, 352617, 154909, 339542, 426752, 11004, 206972, 105325, 72306, 52369, 220927, 367548, 496279, 374243, 29333, 478970, 264329, 463484, 64241, 128438, 323024, 61059, 349326, 433289, 466351, 498288, 72468, 68320, 233372, 252508, 417971, 270912, 154095, 198374, 485129, 89837, 424889, 88831, 409745, 462517, 406721, 390990, 130188, 30310, 172595, 185459, 161735, 250242, 48868, 386651, 109239, 39355, 241590, 420047, 237636, 43619, 125204, 400873, 400952, 223387, 379768, 164693, 394205, 137588, 433337, 185661, 192510, 128364, 302210, 83986, 377741, 189827, 131839, 407245, 492791, 179063, 401889, 83431, 453734, 68389, 193250, 155366, 290352, 256347, 161507, 56475, 24301, 126884, 111339, 74294, 102301, 239571, 488426, 348155, 355417, 428708, 452873, 136873, 400388, 251467, 263543, 48826, 433149, 10621, 398685, 51018, 279597, 31202, 128320, 287776, 149395, 310810, 377016, 19398, 361158, 242178, 261137, 117425, 404751, 363739, 162185, 461034, 112172, 46305, 476050, 113919, 360548, 15400, 379510, 142200, 438379, 444412, 44290, 409646, 61569, 433726, 180654, 385457, 146539, 223834, 296447, 58907, 418209, 46468, 152007, 127327, 259492, 182896, 173870, 248476, 76176, 60573, 490545, 356964, 410358, 151184, 108802, 312599, 167211, 155377, 266142, 225474, 28200, 300223, 42288, 463699, 204815, 217858, 176908, 31082, 444310, 176359, 198354, 276029, 428909, 286483, 462467, 418343, 154932, 331951, 60251, 28745, 8307, 55979, 451433, 274101, 159954, 45002, 245109, 414575, 46513, 342092, 314170, 499297, 251630, 425513, 94585, 120784, 276955, 128988, 198911, 211669, 393291, 290526, 29768, 497787, 209902, 268340, 408848, 202179, 439499, 407452, 249655, 185828, 101709, 485578, 68002, 197059, 41750, 211864, 373460, 120613, 340901, 99038, 217508, 287365, 404964, 159071, 458853, 498460, 94982, 247682, 385137, 160523, 425020, 310502, 37636, 52027, 302791, 268015, 406593, 38845, 210449, 446975, 355983, 383140, 260474, 92011, 434930, 77578, 172366, 52349, 485993, 146991, 270203, 210529, 368315, 81206, 394332, 281509, 293532, 394382, 465978, 236795, 31172, 32542, 203910, 120159, 284541, 461411, 207733, 438395, 478739, 244426, 439638, 174667, 375126, 434473, 150594, 55990, 21257, 311764, 448295, 4053, 275616, 119376, 149448, 212062, 448930, 483500, 444267, 107150, 124574, 435322, 117837, 176878, 312582, 328411, 50017, 214276, 6612, 89387, 156970, 99610, 313700, 69148, 186093, 419134, 328575, 379500, 125019, 477939, 181523, 346772, 327788, 152320, 424453, 250497, 392983, 97339, 112620, 33823, 114049, 485319, 149760, 382954, 210871, 186003, 311112, 35450, 389274, 88172, 177777, 481503, 105873, 438205, 220002, 404877, 6613, 401975, 348249, 129151, 112828, 185256, 237257, 156012, 473590, 356223, 1981, 366927, 202638, 425541, 494375, 288143, 31631, 93769, 89118, 180643, 280894, 308916, 396472, 407566, 487430, 63774, 64009, 441785, 484813, 348671, 428055, 314141, 248176, 245371, 64460, 349017, 290901, 406493, 118135, 499548, 184612, 202127, 251265, 267194, 469646, 177525, 107913, 155393, 101558, 120690, 365406, 168476, 197015, 491280, 209113, 489843, 193858, 388865, 391561, 4369, 224193, 482413, 360225, 331531, 117302, 308926, 343686, 443257, 299705, 279852, 123544, 488991, 318997, 339765, 347748, 301053, 17091, 385959, 76131, 264320, 267594, 56378, 432238, 464878, 366095, 73033, 496223, 283280, 116372, 426803, 225126, 231305, 411810, 244196, 423786, 156126, 212669, 308441, 470248, 67125, 256408, 71887, 227161, 187594, 457861, 445721, 88752, 295079, 209061, 238312, 475604, 354957, 461266, 354858, 80598, 167229, 286435, 1272, 113573, 21847, 130683, 189211, 235542, 253701, 86313, 3376, 431492, 293211, 364959, 142625, 120317, 474980, 492392, 41807, 361748, 267288, 279618, 365890, 197420, 268585, 409589, 119096, 288037, 27865, 321957, 176693, 219947, 477214, 109218, 139059, 11408, 372563, 24522, 187685, 323499, 463650, 465599, 305281, 478753, 129679, 254025, 229012, 462964, 241573, 401539, 361171, 471446, 352212, 466750, 419991, 421851, 368327, 248516, 421465, 21787, 332922, 348208, 298940, 109194, 425706, 361606, 444986, 413917, 133281, 410269, 483598, 433683, 286463, 76272, 377062, 410844, 280698, 328879, 472052, 56841, 275982, 152114, 137100, 362792, 37920, 188531, 299456, 227898, 199783, 318995, 26916, 473032, 59507, 241443, 160407, 312092, 460996, 286991, 12315, 376783, 224906, 142914, 24088, 344787, 34052, 276634, 433491, 165270, 381635, 265450, 231562, 57648, 454618, 203825, 297284, 465296, 305380, 496275, 475757, 62921, 246879, 374265, 482936, 478514, 81000, 384057, 246057, 12358, 140557, 263561, 410437, 176038, 481350, 387751, 406147, 197102, 276125, 104305, 239939, 13472, 387889, 62732, 33409, 183569, 149438, 183532, 154199, 337744, 305007, 58295, 464597, 316141, 113730, 418377, 433927, 437219, 386629, 436998, 327981, 302275, 363657, 252392, 110001, 416942, 490428, 93278, 252766, 89448, 249265, 442362, 221582, 203102, 444877, 20008, 268983, 380924, 371735, 203260, 127680, 137388, 361501, 119623, 213400, 308371, 447588, 302600, 220450, 289800, 109190, 343985, 71622, 334503, 79597, 174045, 70043, 59585, 59018, 23847, 141193, 88127, 404577, 98220, 278114, 476564, 29092, 193325, 386193, 25131, 22535, 45608, 172450, 147124, 156533, 188108, 23198, 75493, 321709, 257599, 237984, 304278, 2038, 47797, 188495, 131773, 159696, 460805, 256260, 389314, 118548, 395661, 402228, 221013, 162162, 87595, 365601, 293190, 416394, 195605, 448658, 292358, 367670, 407328, 49224, 314643, 374528, 148364, 90619, 187591, 371987, 422725, 205635, 236671, 96818, 129070, 149078, 130288, 40497, 122228, 125930, 122049, 368103, 155565, 441965, 387608, 235003, 262807, 193150, 17662, 68585, 401333, 64845, 35893, 112101, 107019, 25271, 283724, 166335, 234166, 361955, 440075, 42801, 26891, 1143, 57034, 35435, 190152, 102240, 319783, 35497, 436327, 334934, 341814, 325797, 236521, 68087, 171477, 474654, 148610, 209692, 429597, 90348, 385758, 445974, 263197, 194255, 420299, 263026, 196492, 78037, 289805, 178663, 197346, 37817, 205755, 308244, 150301, 206424, 338070, 286823, 191095, 67877, 419332, 23764, 405295, 10018, 108392, 470649, 124023, 159747, 166880, 315124, 201157, 242981, 491861, 434551, 127669, 338777, 364319, 348311, 118253, 284150, 53961, 249528, 469178, 475913, 431370, 340157, 384432, 199808, 146701, 250153, 212031, 446090, 138372, 20695, 483755, 115714, 440246, 61047, 440129, 110605, 335706, 326125, 138193, 324217, 182442, 370233, 424697, 11608, 317691, 473661, 361857, 156101, 273921, 141191, 207266, 462504, 442029, 315681, 464356, 446139, 334248, 454885, 228458, 287864, 223616, 326204, 376869, 162080, 221702, 413004, 424221, 53420, 10107, 123442, 372973, 357142, 203604, 433041, 92454, 413357, 350303, 430906, 133911, 222116, 348632, 351461, 185092, 53341, 50782, 200845, 100208, 136134, 177420, 192482, 313452, 322184, 150639, 307499, 292144, 208689, 231747, 87646, 348485, 393955, 438973, 367575, 155084, 3906, 396982, 96790, 325516, 245990, 324528, 345550, 211573, 320879, 201285, 9061, 348301, 143455, 440755, 340064, 417891, 420053, 377687, 251707, 137377, 389349, 75330, 149108, 330579, 318960, 412813, 300787, 322738, 59909, 93954, 484087, 366038, 146946, 426224, 20888, 406181, 292940, 277029, 7138, 198045, 379088, 118187, 479331, 372051, 125133, 105474, 349400, 215139, 50670, 487345, 465822, 362446, 325880, 384851, 356779, 400449, 329535, 235557, 305216, 7863, 31547, 307845, 11114, 380137, 334621, 408258, 167447, 71063, 397545, 454717, 412287, 48963, 472641, 339825, 160702, 377931, 3763, 50886, 376437, 433222, 480228, 472243, 41631, 169059, 112909, 10990, 31478, 41256, 348933, 237930, 119885, 218860, 135996, 264692, 365894, 161279, 414194, 407550, 289425, 51284, 61755, 335229, 408069, 320536, 209539, 466889, 209497, 395721, 481914, 389247, 160170, 488101, 282000, 315255, 460066, 267847, 133384, 332161, 125709, 374755, 264685, 225082, 324162, 351882, 177757, 33478, 169488, 277750, 490185, 1306, 248091, 304074, 287241, 282476, 39258, 407556, 364015, 145807, 207041, 446139, 475004, 229200, 227774, 188685, 255469, 479542, 400883, 123876, 262399, 227698, 455488, 155543, 492624, 436759, 188069, 422110, 80897, 284320, 209822, 209535, 221019, 136623, 110738, 176272, 132279, 71321, 218647, 43867, 100037, 443073, 279197, 206896, 48865, 448693, 182169, 111127, 349825, 8434, 39508, 252812, 352949, 148465, 92721, 260973, 14760, 234577, 27560, 469360, 164689, 335843, 37001, 154608, 394845, 103129, 136517, 339744, 345687, 458956, 446899, 411903, 179546, 311338, 205878, 270016, 317037, 60412, 29660, 308325, 419358, 447374, 470106, 317088, 337983, 402377, 348316, 125455, 365348, 216450, 191243, 489479, 429486, 195017, 456125, 81669, 372250, 373904, 427624, 465550, 410713, 172708, 450086, 423025, 254798, 41192, 389596, 462088, 87481, 355878, 211907, 335933, 161913, 446728, 102787, 187941, 223443, 322029, 459013, 328744, 131348, 208418, 414989, 344560, 426716, 295389, 265842, 426184, 356403, 280767, 287369, 212056, 425337, 54950, 231489, 463926, 198097, 355859, 135288, 382588, 81739, 315500, 4497, 433666, 173497, 107435, 373072, 1233, 275493, 246173, 422516, 77919, 115193, 199497, 232637, 24367, 295655, 166250, 148552, 211780, 288357, 357434, 214956, 263462, 257160, 219281, 240781, 420596, 435637, 12323, 41646, 368880, 324240, 322802, 345624, 3252, 207563, 61533, 156073, 123980, 152027, 283024, 330129, 49567, 171883, 352446, 300987, 498785, 83454, 370575, 341998, 226928, 227512, 455161, 25328, 477759, 413335, 13685, 35285, 378452, 413879, 188963, 5880, 323374, 486132, 170041, 17591, 62572, 162315, 416148, 342390, 128886, 448025, 402921, 248911, 244508, 485473, 302446, 440549, 249588, 198250, 143735, 301945, 291087, 340736, 134847, 483924, 364275, 36537, 221722, 138906, 448307, 472652, 291284, 271302, 436267, 418235, 46193, 477276, 102566, 395231, 194635, 145523, 355995, 400690, 71269, 376054, 406897, 451237, 409623, 46876, 243413, 67016, 73087, 156241, 200931, 6100, 290562, 180352, 356436, 405188, 236980, 363242, 377365, 331258, 388920, 497003, 420777, 276742, 118802, 360637, 347011, 43007, 470196, 63620, 21595, 580, 483960, 59464, 363970, 142628, 452941, 181445, 244485, 359926, 159266, 468637, 378668, 102816, 379846, 73865, 288818, 49093, 62054, 178129, 293689, 369093, 409856, 314946, 292385, 338347, 57298, 233851, 394532, 371399, 432008, 332149, 68349, 248435, 208933, 405830, 4439, 24474, 256404, 310813, 260573, 275686, 144636, 23532, 75692, 413102, 146397, 323978, 231519, 377807, 100345, 34891, 328525, 309447, 333275, 376237, 91011, 101105, 256634, 336355, 212860, 442283, 148229, 470566, 330173, 175202, 396063, 361907, 484698, 58225, 139580, 312269, 458501, 105335, 242971, 6892, 104748, 422997, 185929, 7458, 62567, 196696, 361788, 89418, 151502, 396922, 317145, 317384, 297165, 424803, 69037, 176735, 206218, 193283, 337745, 370740, 376266, 111725, 121545, 408196, 392920, 365862, 433496, 393845, 441073, 499782, 395521, 277562, 164585, 472626, 308470, 285569, 346511, 92978, 81478, 19272, 376847, 305058, 251236, 313837, 349196, 39464, 389244, 461759, 149636, 73430, 404830, 482182, 341530, 295310, 366017, 33861, 332968, 33963, 460349, 397284, 270272, 284192, 323862, 293840, 103278, 227506, 24227, 499640, 397908, 20587, 280105, 19870, 39805, 331391, 359195, 259508, 4044, 114202, 274146, 83515, 107884, 216989, 151862, 375711, 413870, 483125, 416571, 282504, 407253, 272397, 58802, 421317, 204889, 16115, 480674, 289963, 315330, 457564, 195283, 134383, 254946, 79165, 17226, 117003, 434291, 459266, 328460, 489401, 208104, 471919, 36205, 227468, 229269, 110888, 266464, 430622, 339089, 469339, 95898, 470198, 25612, 354859, 389323, 26452, 43134, 200689, 306563, 38650, 189691, 106231, 89255, 468340, 458788, 361022, 186961, 53870, 374826, 422396, 93264, 12492, 345856, 35901, 404051, 3860, 496503, 165526, 371180, 260642, 179613, 234444, 201650, 181677, 407740, 352167, 370801, 410482, 461555, 255394, 174816, 334822, 21483, 427876, 496169, 106760, 294175, 334189, 113723, 347126, 410024, 405269, 489314, 264317, 201121, 219622, 372413, 151965, 485739, 93552, 54545, 180374, 382394, 485975, 172484, 424196, 263063, 293224, 209098, 421256, 132975, 349690, 259516, 439867, 166923, 355139, 473622, 289920, 266405, 348224, 448971, 185829, 16519, 95819, 465163, 480016, 178108, 273121, 474357, 81586, 466457, 76901, 195570, 2394, 337570, 47145, 254557, 469333, 145604, 422432, 294520, 144553, 451053, 286817, 3485, 96087, 90296, 373114, 80308, 55442, 120771, 81130, 257398, 190029, 16859, 265688, 227498, 491656, 222282, 208592, 46850, 476634, 12861, 203504, 167633, 18564, 147519, 235596, 377148, 427645, 398849, 338700, 286134, 486713, 135994, 17780, 273859, 474213, 476554, 130832, 551, 378179, 308307, 448070, 230188, 5997, 342800, 173221, 447902, 494526, 25470, 382504, 317689, 94446, 160133, 13216, 332346, 320290, 388440, 362231, 449882, 449000, 348477, 194385, 360985, 304121, 496437, 377398, 214679, 433048, 386474, 344057, 234011, 466710, 213937, 265843, 362457, 230431, 458043, 174682, 304592, 193788, 236328, 226741, 78892, 495885, 195623, 355328, 246338, 90082, 200979, 361371, 454527, 382555, 288060, 445335, 315836, 359762, 172563, 422474, 57890, 58596, 68678, 429554, 290179, 124409, 11921, 295592, 283418, 455434, 123734, 231174, 8335, 495979, 132870, 115325, 287085, 447653, 71575, 34643, 314021, 383649, 405704, 69112, 89807, 469237, 139168, 61376, 291039, 153935, 362354, 35743, 415271, 172664, 138289, 236174, 396973, 436459, 321767, 416104, 380767, 395242, 362184, 436005, 204904, 149354, 305541, 175308, 314024, 20386, 412231, 290210, 78575, 128298, 391291, 486666, 207159, 294193, 294718, 152170, 159272, 26296, 89141, 355970, 485333, 371015, 99809, 294965, 209166, 316438, 272705, 99103, 440389, 294359, 393924, 443199, 124793, 405500, 124713, 99114, 490590, 165909, 283259, 488737, 495820, 415478, 299415, 345569, 56119, 328008, 49971, 102117, 59545, 238782, 104707, 367777, 238750, 342404, 310038, 221843, 274944, 6213, 415071, 151282, 387579, 139106, 168887, 412274, 429948, 18775, 288698, 367998, 211474, 415863, 88106, 422000, 207683, 218210, 311919, 189132, 393792, 391816, 213157, 306798, 140787, 202374, 263744, 207010, 145494, 146469, 317282, 53594, 388687, 340710, 79344, 18053, 135214, 372227, 19591, 133307, 437271, 197333, 246370, 333154, 373529, 36457, 296587, 75045, 395646, 241936, 182935, 395481, 988, 13996, 186880, 438442, 383248, 440745, 147438, 287329, 449066, 29764, 73580, 344880, 234539, 318304, 368210, 396353, 385189, 294954, 156362, 175154, 271012, 316394, 109328, 342044, 139294, 286634, 140844, 121380, 163425, 456117, 231920, 90590, 257167, 375837, 460099, 133675, 379755, 148448, 11035, 404536, 460659, 218203, 412683, 215000, 385511, 117085, 102490, 489670, 381100, 244480, 176194, 377717, 70842, 176841, 232289, 239475, 365585, 116543, 149104, 342219, 271775, 245411, 113883, 252001, 249682, 34288, 21300, 35075, 344846, 461135, 109273, 497854, 98822, 454356, 176225, 85946, 117096, 167055, 126862, 258330, 460599, 158624, 478077, 60136, 192469, 161778, 307738, 57647, 321474, 63488, 7706, 78145, 400065, 248019, 358487, 247369, 265798, 61260, 126074, 108580, 228409, 127771, 458319, 164117, 412232, 311012, 462153, 332056, 218256, 52676, 38267, 255910, 223109, 313714, 267785, 384506, 461028, 110699, 399326, 155643, 401541, 42457, 82202, 328645, 40030, 341526, 19484, 140161, 399555, 441044, 139508, 395657, 403728, 194695, 387297, 248718, 427916, 66261, 319262, 103993, 82484, 482949, 174164, 38595, 385335, 405836, 196813, 151578, 173695, 392242, 429304, 379646, 100928, 9057, 87048, 395865, 303708, 436331, 244833, 483077, 389932, 347498, 450136, 21676, 388134, 192627, 319629, 254964, 445790, 302432, 85517, 452788, 56460, 327252, 149959, 463150, 257662, 406715, 277028, 146808, 137967, 401019, 283846, 165916, 335603, 52087, 193999, 243679, 209827, 53170, 384079, 106373, 295653, 321877, 227586, 419654, 207095, 442154, 161480, 272317, 427855, 261306, 273641, 158877, 70266, 204080, 282539, 498802, 98015, 299910, 326788, 459525, 468824, 268331, 33631, 80037, 183236, 284930, 177641, 339901, 150609, 374987, 57740, 484316, 192702, 177813, 338932, 399050, 43125, 107274, 487424, 17859, 332379, 475139, 324765, 132352, 98793, 360763, 376250, 184937, 138171, 394585, 332455, 479258, 141349, 110004, 450890, 158030, 255687, 304783, 31449, 155673, 373273, 6973, 169017, 317633, 390059, 288545, 497314, 341255, 285855, 342866, 379543, 305992, 70285, 383729, 132055, 120094, 36990, 404315, 1352, 1218, 165691, 448302, 450589, 40282, 182534, 413552, 447112, 15351, 284620, 147623, 168942, 46231, 430959, 388756, 304157, 449303, 417536, 316979, 30367, 292115, 399096, 405628, 321237, 244495, 78691, 403825, 342068, 78377, 74117, 466892, 390724, 139800, 398789, 115801, 340369, 114335, 380135, 323113, 36234, 197142, 307829, 272837, 200662, 477962, 90209, 143438, 468007, 114696, 2065, 290387, 306652, 375283, 472359, 136106, 462311, 151514, 466572, 462483, 3715, 297522, 460126, 492593, 253705, 388604, 78817, 243363, 374351, 498848, 306514, 18886, 205140, 49116, 44437, 450823, 137761, 484398, 50696, 285312, 41622, 441763, 26822, 181641, 194024, 458726, 250488, 250387, 10296, 269235, 425190, 179707, 127390, 338188, 29143, 487236, 277072, 5723, 135746, 118194, 195419, 27923, 491056, 440752, 283205, 34276, 154619, 168591, 112885, 444048, 20818, 72797, 269404, 180619, 227526, 9793, 226903, 457534, 241697, 37624, 242032, 169770, 290133, 398267, 442939, 79082, 461581, 312506, 222553, 160479, 341294, 204261, 254870, 494710, 162768, 153734, 447788, 448902, 83100, 57311, 399866, 150831, 203906, 255683, 188758, 449765, 439062, 142295, 98863, 237509, 380331, 434220, 163369, 380948, 418042, 450912, 493176, 209083, 99406, 426025, 82869, 82119, 380183, 91234, 116850, 9266, 176832, 225728, 466574, 358634, 409467, 10368, 259927, 243798, 51838, 213492, 46317, 164668, 482950, 169924, 479712, 357496, 263442, 280752, 21633, 76758, 463657, 59523, 26794, 278785, 242553, 346478, 272955, 266224, 183635, 359328, 85881, 344606, 470139, 149045, 388325, 315773, 94425, 417553, 479528, 211382, 191353, 255719, 429605, 215717, 182534, 54428, 149812, 368398, 372096, 51297, 194542, 6716, 352387, 313660, 268269, 170814, 351846, 105788, 468198, 78910, 273667, 2796, 224765, 82846, 159593, 240593, 47280, 14076, 50274, 234222, 163558, 479028, 407612, 212462, 59333, 491465, 156623, 20396, 409306, 307159, 66350, 312503, 101330, 314995, 25226, 15241, 84869, 5074, 436097, 239603, 9716, 108824, 1821, 481311, 127712, 25052, 275358, 377659, 293981, 19445, 308487, 101512, 401565, 69038, 14919, 115762, 92733, 246535, 117404, 124158, 410655, 171626, 117412, 493570, 259783, 418630, 210845, 15529, 47157, 278494, 86302, 178871, 198669, 372873, 167539, 311253, 415499, 114836, 274631, 439151, 307074, 388625, 138619, 455267, 466316, 143626, 413643, 275128, 362352, 202419, 192650, 220211, 58690, 417157, 179752, 186922, 402483, 81584, 177145, 2642, 102135, 211698, 60458, 80752, 498085, 458040, 225837, 303088, 340958, 360185, 245087, 99228, 295293, 66262, 241201, 231323, 286870, 485272, 49809, 326075, 374811, 422339, 432743, 31832, 30326, 423336, 323362, 75848, 427384, 60832, 300361, 423510, 336081, 320209, 112087, 271162, 40067, 486431, 452798, 34405, 344883, 433018, 252089, 363420, 291380, 154025, 194820, 246152, 497108, 132505, 124536, 263395, 211453, 248134, 367826, 355358, 391976, 192210, 460949, 48310, 62549, 472232, 323851, 20743, 434651, 420644, 53309, 115197, 301539, 458454, 419227, 309419, 139776, 191956, 366788, 41836, 373938, 28433, 4184, 106320, 464482, 363434, 352082, 27745, 351975, 484839, 161082, 77981, 6807, 333755, 318878, 368332, 112780, 382235, 342859, 188012, 231250, 364048, 66386, 91829, 417877, 335926, 59275, 320127, 458603, 17101, 33939, 426062, 271552, 85558, 21420, 236621, 230370, 272025, 119980, 31351, 148120, 425650, 345243, 166901, 249597, 220682, 113802, 299171, 195664, 321392, 330012, 231981, 245930, 133910, 151107, 453315, 36882, 104899, 167910, 442295, 478805, 15942, 114406, 276302, 465170, 181455, 700, 130998, 302523, 65093, 494258, 336569, 332176, 237079, 341499, 388766, 261950, 77571, 357509, 259162, 317584, 462345, 394705, 290618, 316839, 208633, 32909, 206179, 2873, 175626, 263362, 476517, 374758, 41443, 72862, 404279, 229345, 221005, 352140, 163647, 47840, 9225, 23024, 324065, 277089, 128417, 281350, 89335, 447472, 340601, 144564, 258056, 199756, 301086, 157869, 337173, 409869, 262967, 296506, 407344, 271272, 298108, 498306, 398247, 61332, 116383, 337385, 22942, 107189, 59255, 234553, 459810, 327282, 22574, 146037, 439916, 462158, 95473, 200575, 174107, 347411, 327640, 347699, 471673, 383571, 328001, 296149, 39815, 293165, 176665, 435139, 236294, 37156, 292705, 379286, 275770, 383026, 187768, 157824, 365736, 22620, 374915, 452194, 360027, 332132, 113847, 195232, 310646, 321102, 433048, 162852, 240804, 389183, 51216, 440841, 208206, 33727, 420447, 300408, 32953, 63587, 66420, 363455, 404209, 325955, 129611, 316078, 366970, 468065, 38449, 279552, 342048, 166070, 371503, 7045, 112619, 113070, 94048, 30196, 185806, 375712, 187596, 272201, 457712, 63813, 371327, 459726, 297454, 249816, 199668, 377960, 390912, 349078, 492380, 215018, 322706, 238269, 446415, 226697, 344636, 478884, 386675, 495736, 20164, 424601, 282480, 432786, 252952, 173807, 56501, 37660, 271712, 320079, 427888, 103013, 69457, 49372, 349867, 265542, 478625, 472720, 96248, 124676, 256281, 248743, 418536, 21477, 119201, 187198, 266646, 36593, 429733, 44174, 352675, 29622, 91692, 356917, 223122, 113079, 71433, 368346, 289283, 178509, 440771, 268148, 305475, 414183, 88651, 14431, 41389, 8342, 499871, 318528, 487911, 242960, 167105, 349045, 294546, 85464, 174019, 470098, 78564, 193015, 251490, 88886, 287997, 35925, 488428, 222683, 147336, 446691, 2494, 359495, 117747, 146412, 205134, 80571, 415304, 8710, 431570, 297958, 203281, 145868, 142213, 328922, 12820, 417645, 494821, 315890, 143382, 168918, 90625, 58529, 216672, 499456, 182269, 175312, 340310, 263327, 48916, 409180, 128597, 493263, 136587, 33725, 307437, 423558, 80575, 102457, 454758, 335907, 237995, 136143, 249403, 77277, 470010, 452327, 275314, 367266, 168808, 11078, 226168, 314795, 69208, 145650, 151105, 317945, 102969, 308761, 467649, 397214, 445017, 370006, 245348, 15347, 363261, 376546, 306857, 313799, 21629, 222261, 157327, 269893, 244983, 63408, 359839, 370990, 120324, 137004, 178970, 132036, 363400, 29980, 39573, 317603, 20481, 336186, 50080, 414109, 232651, 46965, 250233, 430043, 80321, 16436, 392122, 3160, 436571, 356278, 135955, 451293, 89015, 180497, 146939, 139013, 96835, 345400, 175811, 94033, 213517, 163229, 315680, 396263, 14271, 172471, 449626, 241867, 213002, 245406, 206015, 291032, 48265, 221630, 306077, 260565, 326602, 463314, 373644, 68539, 405774, 375094, 438947, 53253, 311925, 155701, 322180, 259123, 386938, 314679, 82128, 30666, 381412, 120741, 62951, 247272, 358843, 128258, 433139, 68561, 324095, 286585, 265397, 110292, 164088, 11177, 148837, 204462, 140245, 476823, 217120, 412735, 436186, 207418, 50242, 296274, 60776, 206371, 461833, 334093, 3313, 213869, 87139, 461499, 114735, 1327, 134076, 102277, 283568, 187101, 26823, 249023, 77946, 327145, 474426, 450516, 3681, 242762, 456815, 420872, 320025, 490105, 378707, 202849, 201122, 256068, 492852, 234050, 124692, 464648, 388116, 452892, 56914, 449797, 380560, 76080, 81723, 24386, 168576, 283404, 79927, 356888, 103823, 149867, 152455, 422601, 331958, 335330, 417167, 364047, 215597, 41402, 288851, 480899, 471678, 380891, 72949, 15142, 356194, 176215, 324620, 297982, 70132, 24683, 233394, 226398, 38281, 114286, 483902, 28942, 463195, 92449, 306117, 148092, 352992, 18105, 113918, 493381, 327473, 250680, 343656, 407572, 445268, 52783, 61449, 9302, 356777, 180096, 30277, 354701, 221123, 103747, 180343, 418345, 457683, 496455, 457019, 44031, 375702, 460042, 192279, 400855, 311818, 218660, 224548, 390708, 391946, 360931, 450828, 268961, 207404, 57812, 451733, 462519, 422299, 213725, 47239, 98026, 393517, 326655, 467929, 97308, 369976, 102198, 191103, 148477, 438966, 7023, 314092, 101880, 335516, 426104, 474238, 263313, 294575, 142953, 146559, 385131, 160141, 139174, 378076, 276055, 235981, 183607, 313582, 31251, 352804, 229471, 205920, 220116, 273920, 388601, 273099, 225966, 350330, 83023, 456568, 204381, 234834, 130938, 15663, 103783, 226241, 232760, 228639, 79124, 332254, 133907, 235225, 203623, 83110, 230776, 206050, 455445, 417288, 423358, 490585, 399148, 490915, 140886, 57184, 182947, 145436, 383971, 314339, 326723, 163739, 451931, 485859, 84488, 421752, 35524, 117094, 73518, 194627, 409104, 142798, 197724, 249004, 139633, 372647, 303889, 161486, 195785, 227521, 171984, 211487, 419948, 282360, 115428, 171596, 453655, 246380, 327404, 183171, 87821, 88434, 117234, 12249, 61450, 354069, 179240, 311277, 62981, 306086, 341258, 436179, 233219, 434432, 216390, 150422, 190280, 118507, 193870, 198311, 221105, 469852, 461355, 225350, 212742, 458136, 94016, 486994, 184985, 95455, 85238, 14005, 49010, 207297, 93838, 50949, 154359, 426343, 152495, 410046, 184938, 258883, 456066, 321226, 161744, 391698, 261354, 341603, 356485, 36411, 105216, 450848, 311270, 55257, 253289, 474404, 125158, 86558, 112153, 240828, 165476, 103559, 392711, 144682, 369740, 430812, 23923, 464662, 370432, 12759, 116214, 104966, 489084, 92603, 50618, 92501, 227909, 183401, 115403, 332501, 389742, 262283, 250136, 293039, 154365, 58725, 456551, 436631, 199846, 262365, 720, 8292, 32075, 220571, 439717, 203217, 249911, 123758, 383362, 428076, 95819, 429342, 110690, 207021, 256224, 61903, 134703, 223143, 347413, 454294, 246622, 380024, 144806, 141875, 497982, 124982, 212692, 71892, 268771, 203244, 228405, 222286, 347633, 481190, 449915, 340820, 294665, 23994, 245117, 361992, 121531, 439109, 320550, 58184, 92070, 89907, 265489, 456178, 337634, 29691, 37467, 457691, 143902, 407845, 111469, 279909, 83402, 220869, 357894, 376918, 46817, 117558, 283482, 197523, 264663, 343173, 328607, 46622, 5379, 314016, 397879, 227324, 64081, 265088, 29204, 461352, 21169, 391437, 259038, 229943, 459015, 201920, 385591, 180461, 156190, 297318, 389546, 92068, 490340, 323960, 39199, 316130, 183088, 20022, 19464, 4482, 239608, 247905, 5200, 411726, 161321, 243037, 106343, 49702, 349709, 25983, 399602, 23726, 499606, 170326, 230984, 227909, 371052, 455481, 147446, 344505, 74185, 319378, 283752, 126342, 24554, 386377, 115145, 384989, 273962, 400653, 46570, 38191, 460272, 358995, 330454, 334076, 75268, 425968, 172751, 291322, 223256, 472659, 158337, 480056, 358335, 163764, 73407, 455665, 428121, 114771, 120362, 132919, 366161, 10275, 229441, 54573, 323822, 454300, 328875, 352921, 211776, 170942, 222255, 118430, 417748, 170722, 420924, 223610, 437185, 252721, 460350, 124238, 72702, 128413, 124158, 401047, 218261, 268365, 29013, 14800, 366201, 40636, 237260, 200472, 321779, 487218, 232901, 66678, 474272, 439840, 319232, 51728, 2887, 344230, 449255, 29448, 268236, 126743, 126196, 141285, 351748, 53878, 460216, 174463, 472929, 114049, 40617, 388993, 300857, 288113, 186420, 223289, 271540, 329118, 259585, 231892, 364528, 499439, 243075, 322449, 120145, 408770, 413685, 32728, 85477, 104895, 152863, 225995, 466114, 441808, 449211, 109321, 243499, 223721, 127338, 47292, 347834, 428388, 40174, 132027, 360404, 418667, 349118, 349250, 41845, 464785, 333742, 25816, 470428, 80720, 96831, 412937, 367393, 193687, 158849, 108730, 304748, 342757, 270099, 279736, 144695, 190054, 393967, 465769, 842, 298776, 414361, 370188, 260675, 323103, 41447, 267760, 131068, 478234, 15843, 204970, 467406, 312088, 496814, 222703, 432097, 260862, 327488, 101175, 413507, 337569, 285547, 56816, 249195, 22683, 275412, 251727, 408242, 187028, 473317, 355508, 382932, 487994, 130718, 262361, 421821, 175160, 380385, 450317, 454130, 146653, 491143, 445116, 90129, 433866, 267310, 134269, 219745, 462130, 237843, 466267, 69849, 219207, 413343, 150935, 171400, 9295, 235672, 89624, 343186, 288592, 431908, 321659, 150175, 307085, 219068, 167567, 365295, 412800, 143174, 53633, 73482, 107867, 436206, 60018, 363649, 204652, 451295, 314762, 334342, 298653, 222213, 215497, 490109, 321667, 400152, 386050, 417290, 122760, 431141, 235061, 324605, 322717, 391442, 276066, 395715, 311365, 378699, 45340, 338121, 263416, 296862, 95431, 109225, 450675, 73328, 361018, 232619, 316048, 73297, 245742, 175616, 482328, 298918, 297865, 499216, 104251, 32576, 491341, 290789, 454971, 420471, 126071, 129686, 108811, 260178, 39051, 369362, 447304, 204240, 118096, 140773, 203840, 393499, 444793, 354654, 315573, 461710, 83929, 203517, 163217, 385997, 340557, 237358, 3828, 352625, 324462, 424128, 457210, 44430, 17230, 80805, 435615, 138473, 69670, 365308, 470532, 47875, 207776, 323561, 72043, 188769, 345002, 44119, 316365, 329661, 243644, 490193, 319570, 195043, 494154, 265251, 92734, 77423, 197261, 401658, 190671, 191655, 376651, 302821, 25736, 384176, 93976, 208300, 489514, 316126, 314284, 300601, 51479, 365832, 176649, 242110, 67073, 143549, 385252, 373548, 32099, 278563, 56332, 358813, 265135, 167211, 276663, 213627, 218773, 297103, 34745, 171708, 365015, 152147, 37997, 429518, 356151, 343513, 304275, 228106, 449160, 59716, 120698, 148086, 276257, 257840, 261823, 460168, 231037, 107086, 395639, 482008, 85921, 296980, 272452, 61870, 361764, 277507, 395536, 186742, 436022, 195901, 480231, 342791, 210257, 158867, 243696, 227990, 48937, 364048, 146618, 167147, 309943, 215456, 71721, 33435, 497052, 425994, 361721, 470817, 257418, 300520, 82235, 130509, 175471, 412651, 222775, 385936, 407715, 73804, 440991, 106738, 250778, 247330, 142660, 145116, 295552, 353205, 20328, 5353, 262362, 150733, 89085, 305222, 493398, 229961, 439146, 234274, 376666, 296492, 291502, 466020, 66737, 226917, 317896, 3699, 436940, 156732, 416271, 406967, 35785, 403585, 254741, 472496, 203078, 262091, 362498, 347433, 42987, 465677, 247875, 182720, 232221, 276311, 354758, 341403, 444228, 189461, 396165, 23490, 193649, 254763, 334569, 372813, 280782, 71076, 410215, 459431, 465662, 323571, 433265, 233980, 14355, 166387, 52975, 161121, 413975, 253533, 384893, 261212, 127102, 62511, 303754, 465168, 441166, 44292, 345070, 167328, 339051, 449798, 82074, 325242, 308274, 351440, 73553, 204069, 252469, 267487, 207807, 416668, 128000, 262760, 345754, 454299, 414351, 139938, 146443, 427325, 50297, 168243, 9930, 124809, 261419, 107565, 242553, 74585, 262767, 435644, 460371, 289929, 367245, 39590, 257071, 143661, 232568, 394445, 80609, 463518, 229967, 65054, 130257, 448280, 159332, 457468, 216333, 210648, 320199, 185867, 378954, 247248, 386978, 461589, 37471, 353037, 409861, 170143, 325758, 78383, 163670, 36649, 347570, 55748, 33901, 231290, 238462, 323466, 141662, 462830, 80405, 386939, 272205, 104540, 372030, 296477, 419495, 432285, 70586, 391368, 195670, 307064, 469314, 314556, 493200, 221748, 38952, 338547, 27599, 139759, 121032, 491085, 191004, 430198, 164220, 215842, 77575, 460446, 450673, 82650, 409613, 235792, 333653, 369125, 350219, 362427, 26087, 430049, 335528, 374386, 94537, 359586, 443121, 7005, 403301, 352826, 26913, 339665, 122981, 49915, 149424, 332851, 232572, 139631, 47893, 476078, 143437, 155953, 223714, 391152, 3007, 2699, 223233, 476745, 270220, 151900, 163226, 351963, 456091, 427251, 206148, 375835, 297255, 451342, 433493, 320752, 44300, 68396, 328176, 254491, 496017, 469792, 87720, 308471, 402500, 304006, 102827, 10395, 279722, 471193, 269979, 439737, 330992, 305741, 18070, 282924, 13416, 350552, 239017, 465605, 104912, 474297, 259574, 211427, 121572, 287827, 142676, 169466, 177812, 337026, 61453, 458602, 423291, 222389, 271242, 441127, 143955, 339648, 486484, 430273, 27331, 481446, 471692, 192248, 226847, 173847, 106748, 366933, 327506, 257557, 224982, 176422, 245580, 441436, 23248, 342410, 325939, 133556, 484173, 425176, 45978, 67909, 232618, 71695, 442010, 293084, 259210, 403855, 464088, 330256, 214112, 111153, 391863, 51940, 61310, 295300, 90113, 237745, 336802, 196821, 164050, 248950, 300834, 36114, 190420, 275958, 452465, 192052, 32208, 159564, 32985, 339019, 96017, 127380, 335922, 130712, 327242, 98533, 302825, 21998, 112957, 306766, 452304, 177707, 469129, 335734, 6425, 142315, 394342, 238979, 122783, 109716, 295306, 228634, 8272, 451222, 435526, 297966, 170177, 143286, 236968, 431705, 81985, 37502, 83396, 210228, 75546, 25595, 344077, 283639, 30909, 26164, 182673, 310926, 80827, 440190, 98082, 414657, 481630, 14244, 222837, 408613, 459383, 145764, 382447, 177656, 347204, 67433, 213756, 372659, 88148, 243265, 146260, 258279, 188148, 292771, 454256, 112674, 177978, 357313, 429902, 182522, 412973, 218389, 276843, 712, 165960, 348642, 492914, 387883, 73170, 10484, 181355, 358824, 196920, 2857, 265103, 435112, 489, 87376, 176056, 49815, 22001, 91179, 400109, 205715, 250635, 27414, 441396, 102437, 160893, 288245, 239771, 246638, 6519, 163242, 162841, 158628, 354251, 443798, 30645, 248397, 309086, 284080, 159153, 290297, 17650, 295831, 107351, 81187, 339578, 330156, 121654, 235054, 214576, 467098, 468592, 26433, 35823, 493380, 166206, 11945, 371119, 487030, 212975, 456107, 497522, 391368, 46565, 65547, 158946, 86612, 16273, 16956, 269940, 425989, 215219, 471895, 242549, 368729, 364884, 198377, 422966, 1037, 244115, 448131, 240156, 136501, 120867, 431370, 238163, 39217, 6987, 380095, 280667, 159969, 6237, 379353, 302752, 185059, 263331, 170126, 222549, 36509, 255005, 446143, 480186, 103884, 465427, 355007, 341544, 485905, 100972, 25227, 285887, 82761, 26939, 328475, 222309, 309482, 134594, 457107, 51654, 385038, 167558, 177666, 75967, 23590, 412991, 115166, 303953, 49302, 53609, 204701, 498715, 403543, 92557, 119872, 183773, 351615, 424842, 451445, 114763, 177055, 317787, 100381, 219106, 307177, 463913, 203057, 326381, 476928, 473387, 284625, 445432, 227042, 237575, 440129, 40834, 460738, 426770, 403205, 105938, 495139, 41957, 415551, 349311, 393552, 130743, 132747, 69049, 409791, 289230, 140132, 307723, 486148, 52205, 176705, 76434, 26807, 242697, 281402, 899, 467017, 330835, 490308, 348237, 368495, 218280, 204260, 190240, 168408, 199217, 208708, 69946, 199493, 105651, 234007, 208735, 282755, 307161, 474795, 407762, 15021, 402528, 449979, 137510, 247223, 172770, 436526, 242830, 457624, 85939, 483910, 56202, 306674, 9083, 167327, 362480, 379128, 446306, 418504, 66474, 122857, 477913, 278629, 229529, 466484, 274384, 437523, 245434, 416771, 489373, 104239, 1800, 83633, 385590, 171282, 269717, 122827, 251609, 280892, 462462, 14081, 356607, 307645, 139204, 254247, 215961, 325235, 74746, 474484, 110518, 140494, 424437, 484887, 415275, 464151, 49, 344521, 484291, 106876, 442706, 184951, 251768, 84268, 33525, 49089, 312491, 24510, 455746, 385686, 31937, 345455, 273093, 202987, 70106, 346776, 37574, 493075, 348542, 116977, 71120, 321030, 46909, 352643, 259932, 40694, 221111, 468838, 251915, 41493, 188778, 281968, 233841, 209773, 123346, 33220, 477478, 461677, 396902, 47129, 183198, 425183, 429806, 179815, 76680, 114826, 258390, 274109, 127583, 92652, 373671, 45383, 86336, 409124, 145814, 61248, 140136, 78802, 79547, 209966, 112941, 16892, 75276, 460789, 181451, 189166, 66437, 220235, 464528, 185493, 116160, 270869, 105724, 274369, 121351, 418647, 322003, 367833, 277479, 136193, 267059, 257786, 470293, 18935, 389661, 352731, 30007, 300282, 103136, 159432, 161050, 356669, 257637, 239567, 310319, 441187, 232905, 138309, 439528, 64411, 81373, 332045, 196662, 218072, 455964, 84496, 58174, 79660, 234157, 265934, 356490, 363295, 241552, 231676, 73664, 46768, 239499, 469375, 139592, 226132, 91246, 305486, 429611, 36306, 257391, 168660, 58106, 410220, 236457, 396349, 496801, 293904, 425143, 114633, 286863, 282119, 33271, 417762, 347079, 378093, 195390, 366393, 403980, 250277, 389467, 454788, 213797, 231605, 497288, 487686, 52068, 460511, 46604, 265939, 460314, 471572, 218154, 293093, 441767, 87176, 456554, 441241, 265968, 347822, 50040, 388011, 283332, 327102, 1805, 469857, 139222, 389714, 255046, 303014, 206086, 291844, 295886, 281325, 347575, 95073, 35206, 67080, 311782, 169828, 61980, 474807, 222994, 9823, 67604, 122480, 203745, 343180, 255654, 292837, 58573, 262408, 140767, 61922, 137299, 100740, 272308, 306585, 352925, 447609, 81883, 270209, 459294, 100361, 169274, 369006, 448211, 436283, 121414, 384201, 177960, 165616, 460879, 78844, 471836, 73520, 368600, 304680, 257379, 385372, 186264, 457173, 114965, 344528, 288503, 402229, 460862, 396933, 198290, 127950, 300851, 46734, 290260, 393710, 104193, 387486, 86810, 50408, 337159, 418553, 113855, 6838, 165871, 95608, 238325, 314223, 256801, 1807, 236421, 136388, 120150, 418700, 257258, 251804, 85315, 337816, 332281, 301986, 32103, 321899, 212460, 176400, 306812, 458387, 315689, 365416, 165600, 78022, 419222, 150422, 461298, 447659, 252709, 306522, 411135, 345412, 267343, 99155, 74942, 323700, 217209, 13171, 89857, 39157, 50114, 334575, 97919, 254941, 160142, 206100, 42380, 213063, 348160, 88815, 298415, 163806, 321677, 239954, 140248, 285742, 29732, 462124, 451507, 313824, 242175, 485221, 459594, 96067, 154255, 196685, 250413, 292612, 334512, 45319, 231411, 222109, 393750, 284656, 205843, 300220, 389890, 33515, 262127, 205625, 231129, 249174, 485702, 367817, 67686, 28546, 235628, 336908, 444265, 395944, 176004, 338689, 146018, 330476, 406360, 306851, 414552, 143949, 452105, 154289, 494734, 231583, 317667, 356700, 155739, 124723, 199074, 127001, 87118, 52019, 79510, 73398, 168367, 36699, 53755, 293325, 129023, 252579, 387669, 213749, 374592, 375811, 41202, 16976, 375570, 445631, 417539, 117323, 392479, 74893, 428618, 178326, 446390, 325892, 383815, 417422, 138899, 282018, 124609, 294229, 428900, 422280, 471880, 112648, 252887, 369410, 354267, 415777, 366810, 298942, 97958, 333286, 395511, 36574, 247182, 47043, 1055, 442442, 142608, 444492, 475490, 261203, 194105, 349431, 365859, 331442, 446356, 5534, 225445, 268858, 212782, 394049, 327976, 15447, 192667, 510, 215337, 498273, 438650, 247860, 320248, 375698, 25773, 92980, 299854, 418658, 302685, 205882, 254506, 433521, 71309, 262246, 320217, 231144, 308429, 413879, 187692, 335472, 124142, 97359, 490097, 259357, 100754, 124933, 484519, 244444, 407459, 61530, 459111, 42709, 307302, 405163, 323319, 164748, 358624, 306965, 48619, 489272, 92470, 133672, 120687, 252398, 300610, 223647, 491852, 207288, 282473, 289719, 234308, 485691, 103884, 124965, 365365, 141263, 10526, 200193, 391006, 27015, 432092, 469153, 336325, 457736, 264470, 221863, 279840, 355737, 302414, 4958, 177686, 151732, 475378, 159908, 358115, 304090, 74637, 18975, 71607, 463814, 209270, 73777, 123491, 161669, 339564, 369051, 362316, 137295, 320934, 170299, 168221, 180756, 472804, 432726, 333117, 91328, 21548, 489558, 84758, 320035, 267846, 341075, 127373, 855, 22021, 378594, 271929, 374497, 425578, 241425, 239531, 123597, 417987, 223904, 121016, 212680, 37109, 402627, 188032, 410422, 176879, 236196, 63616, 253378, 7006, 387615, 483884, 217212, 317162, 341514, 476088, 411467, 204258, 36651, 344025, 462712, 256975, 114211, 113067, 354630, 88000, 110501, 367837, 216296, 109589, 407151, 218628, 329688, 211377, 91760, 103534, 316006, 60905, 487978, 299372, 366373, 70012, 234124, 463236, 121437, 228398, 173013, 465400, 341134, 292560, 54020, 85432, 267788, 81730, 64180, 25764, 418454, 247479, 455233, 359461, 120805, 79940, 491256, 202200, 98154, 285879, 405129, 312616, 494320, 10788, 48415, 487070, 183951, 367839, 491746, 418668, 109057, 234265, 170990, 163208, 106696, 258993, 451579, 383393, 420356, 360596, 184230, 492210, 482709, 455162, 7570, 465685, 287987, 110090, 482142, 420638, 266282, 373612, 262494, 320922, 222352, 44904, 114034, 442039, 431590, 494113, 467093, 187911, 371777, 750, 228641, 415509, 203482, 27280, 346078, 313724, 369204, 32390, 353149, 431806, 156538, 265600, 389525, 361811, 151215, 17197, 187394, 275718, 358323, 215435, 228516, 424545, 460991, 15157, 137297, 133380, 309726, 149802, 388636, 56898, 86931, 53972, 350467, 103795, 456444, 268770, 197146, 155079, 475722, 62600, 250590, 378218, 98785, 230179, 356098, 478229, 239142, 315295, 14478, 48155, 185131, 212898, 494281, 3006, 332885, 215393, 171717, 137277, 46244, 153287, 261458, 197296, 83526, 146594, 145131, 435987, 84880, 480953, 264763, 110334, 14465, 307091, 26927, 143955, 421757, 178403, 236787, 318610, 310400, 55992, 27712, 198410, 105545, 60429, 498946, 362437, 452620, 252261, 23727, 193208, 413239, 355627, 323017, 110256, 246054, 2349, 369032, 384331, 73761, 205265, 93245, 100664, 453653, 22079, 363880, 402724, 203545, 433735, 45340, 162854, 250731, 117209, 26282, 170307, 405687, 106072, 314600, 135804, 172218, 256798, 264661, 145686, 277242, 356996, 43997, 375318, 129198, 314014, 360666, 365132, 443374, 455289, 362436, 444988, 333904, 63640, 88236, 83405, 11607, 480739, 485102, 264805, 351715, 91552, 231879, 378838, 403143, 137999, 150536, 337719, 60789, 161066, 419962, 474812, 258676, 152959, 491886, 345307, 252915, 362290, 259302, 478851, 160689, 247293, 52926, 8166, 90358, 61907, 340083, 242177, 313126, 216574, 461111, 155416, 277361, 210076, 356995, 242459, 447242, 12519, 289122, 19872, 421366, 235779, 425284, 41053, 299413, 398709, 373248, 399855, 168576, 414386, 2635, 55076, 274630, 384118, 201230, 38951, 226386, 276527, 270923, 433721, 177430, 141637, 123388, 255056, 145433, 30808, 485153, 380367, 317478, 400516, 349229, 333597, 390770, 323397, 80184, 100730, 86891, 244721, 234349, 68427, 8750, 203591, 170413, 226886, 31281, 397278, 356436, 471744, 248428, 403172, 338936, 276848, 56012, 279907, 421033, 248481, 317853, 74178, 412087, 276773, 82820, 424062, 454343, 213923, 251739, 146934, 67338, 396874, 234061, 77104, 163400, 188066, 321311, 346946, 359872, 133165, 125005, 369151, 88964, 305189, 393063, 182448, 242580, 428656, 219148, 82800, 423358, 58963, 389211, 166367, 435642, 110381, 240013, 318981, 168120, 343091, 144154, 307936, 234242, 376115, 60909, 271825, 131716, 450718, 184757, 291659, 226843, 159903, 13976, 470584, 7134, 71523, 293064, 420360, 130266, 447956, 339313, 218015, 152355, 263930, 75713, 401519, 237740, 299289, 111516, 434688, 66407, 2606, 28818, 123237, 253030, 390401, 449201, 306429, 4648, 154290, 285129, 322045, 306191, 111574, 195593, 486056, 483673, 95848, 103664, 66446, 153207, 134147, 38666, 46956, 265153, 241429, 471174, 263152, 179183, 486382, 213150, 316622, 383681, 43089, 280141, 382666, 221487, 200750, 53851, 417580, 185386, 455711, 128223, 96990, 253246, 432791, 470665, 357043, 407662, 24883, 8913, 476452, 315095, 41636, 294009, 189410, 491475, 336179, 407615, 230237, 125839, 493015, 299565, 85320, 407343, 51295, 109343, 293442, 457539, 357544, 440104, 147574, 348601, 153786, 36523, 498952, 292894, 461218, 326548, 492331, 93038, 322157, 392992, 186010, 437679, 91151, 378444, 13738, 290843, 188803, 159636, 172614, 446374, 271638, 306025, 425448, 55842, 459516, 58170, 340277, 26711, 305307, 33851, 305006, 55715, 47946, 318457, 238653, 386875, 228888, 326736, 6334, 449709, 458800, 468202, 175408, 96580, 40791, 336768, 78450, 330806, 277479, 189520, 43824, 116592, 356759, 415019, 224004, 59602, 446008, 167498, 146018, 424321, 245734, 240786, 375213, 301930, 175582, 7639, 355079, 191557, 46048, 339216, 442376, 431814, 228076, 183157, 444600, 470712, 28842, 104503, 44805, 329152, 155717, 135408, 250131, 308309, 199822, 221799, 305033, 456888, 201914, 122334, 399648, 415795, 396693, 88965, 409797, 285866, 210405, 341689, 363630, 447312, 120839, 105496, 4859, 425798, 49489, 65027, 451072, 336554, 53831, 175432, 350165, 263660, 409933, 495086, 399284, 191421, 354099, 444977, 360399, 472222, 459630, 82986, 437073, 114256, 66092, 485436, 139506, 322269, 228531, 472, 248017, 462721, 323956, 291435, 264838, 139044, 58193, 470013, 343087, 83134, 236697, 405240, 413839, 418481, 249217, 57379, 152979, 393247, 470858, 424548, 171388, 302959, 111014, 216327, 205158, 344151, 363193, 290438, 403435, 433227, 177259, 98841, 415387, 425069, 318921, 124560, 316568, 83082, 284508, 316014, 150005, 23128, 334744, 211460, 37228, 439999, 235436, 347664, 308247, 161074, 281805, 367221, 143255, 224012, 276515, 239335, 228531, 90774, 83309, 97484, 16179, 13042, 123558, 77897, 130008, 444624, 445315, 18634, 118056, 207310, 416589, 186283, 100340, 367834, 189825, 250548, 203940, 457177, 96107, 57506, 311057, 159606, 360523, 350998, 104720, 310131, 410510, 18046, 374220, 223469, 264759, 328306, 389103, 172506, 238013, 13507, 210845, 452135, 8212, 328769, 251830, 208818, 90966, 122149, 62830, 173505, 3475, 54552, 413758, 476855, 449905, 263415, 457110, 438168, 329727, 400902, 200630, 265169, 76214, 236003, 288916, 3475, 285173, 66238, 107323, 304596, 16234, 19574, 297752, 86621, 225517, 385955, 400444, 219468, 495485, 415925, 352063, 134864, 363042, 9477, 187394, 156099, 124958, 174386, 229791, 404418, 65558, 208331, 188686, 47855, 52324, 316155, 21693, 412034, 164289, 368596, 105521, 427335, 103259, 301959, 170215, 224672, 377389, 463518, 481984, 14424, 403729, 161722, 365449, 285560, 35197, 413068, 394509, 89060, 194629, 175414, 139895, 204767, 184609, 406170, 216704, 320074, 18817, 250444, 61577, 384879, 126074, 196082, 356112, 159116, 120179, 230077, 306757, 188911, 346970, 437009, 64235, 13552, 183136, 463276, 78926, 139478, 244670, 42002, 391606, 308956, 318171, 241131, 387060, 99608, 466246, 137840, 212337, 478439, 113460, 286464, 342952, 198310, 92374, 355768, 301696, 311292, 62004, 221737, 464234, 396764, 116064, 151009, 377341, 326750, 204530, 255587, 196060, 135783, 105051, 77464, 408295, 179561, 366219, 224492, 67678, 213656, 454929, 186203, 138172, 395535, 77503, 75676, 461405, 255637, 360723, 469405, 436779, 109826, 72036, 402763, 29579, 111985, 25373, 444617, 18784, 56056, 301547, 322862, 98111, 211731, 290762, 210724, 488722, 484126, 275735, 207778, 82291, 464765, 246159, 274421, 298706, 212076, 498782, 26509, 319829, 470987, 375319, 255729, 396604, 448036, 45516, 209365, 128054, 183668, 62045, 262107, 248871, 127386, 149995, 306769, 293221, 479988, 214303, 115358, 499776, 40876, 272048, 414196, 207840, 188711, 318521, 266327, 227836, 469943, 289793, 350513, 179639, 437265, 301369, 353992, 268849, 67783, 345734, 230322, 29047, 305576, 477813, 129184, 390154, 30508, 214500, 21128, 213092, 176307, 464415, 493482, 481152, 294616, 38068, 63810, 373471, 100980, 136989, 410207, 359294, 315419, 369906, 91335, 136960, 118215, 226493, 242101, 82897, 247889, 280289, 121312, 368422, 166992, 277907, 277492, 269126, 394149, 449660, 488818, 299797, 135449, 51268, 50042, 461892, 87853, 362721, 327887, 78112, 145483, 352713, 119391, 488165, 320582, 432369, 123480, 248724, 261507, 232890, 271699, 84315, 461636, 216214, 291829, 246178, 185073, 474415, 204690, 307105, 358268, 365025, 300680, 136112, 252139, 240995, 354891, 317086, 145667, 19526, 463151, 225703, 79538, 405888, 238551, 234601, 302251, 201613, 487130, 140810, 325634, 62128, 47052, 431080, 321041, 8308, 341999, 165780, 237494, 341151, 489367, 294151, 232346, 257108, 408818, 228769, 333869, 474987, 18267, 168335, 171678, 493666, 137170, 97115, 171632, 9740, 467587, 43834, 438058, 68126, 233037, 306943, 409297, 148967, 106748, 253843, 4751, 185895, 429639, 466357, 101859, 321707, 285088, 280136, 311809, 340658, 8752, 281386, 402951, 149632, 270844, 429664, 220781, 334410, 365125, 490814, 442547, 66560, 130578, 339542, 470782, 431009, 103823, 55407, 174584, 74103, 249937, 287296, 80239, 371358, 203607, 28984, 214075, 465988, 352990, 302788, 391335, 274992, 318667, 378794, 349693, 210560, 189901, 127129, 490028, 6245, 135188, 57394, 372782, 183897, 80675, 427540, 284806, 435752, 25528, 279142, 489488, 95353, 108563, 498398, 108931, 205137, 435026, 140776, 276182, 741, 338054, 280441, 363216, 12729, 53753, 492040, 298614, 146496, 72968, 279332, 459580, 339615, 352328, 286144, 148431, 240346, 342248, 254162, 307948, 173381, 447299, 379843, 429320, 353491, 412785, 323805, 267924, 64086, 325553, 94176, 22858, 33007, 90477, 327459, 202025, 98850, 423743, 43495, 152781, 262098, 488159, 191794, 337902, 85776, 261544, 343418, 142782, 411065, 317772, 157083, 356976, 220862, 447946, 209373, 238218, 4799, 370689, 427974, 131509, 239689, 495303, 492898, 428950, 336588, 12020, 453796, 295199, 190276, 93269, 361022, 444857, 102395, 421596, 64309, 129011, 28772, 344820, 240139, 199355, 26447, 197868, 34200, 42091, 334624, 336023, 209540, 334061, 157019, 334062, 41603, 34919, 73323, 443373, 162015, 341212, 241353, 459464, 420189, 217267, 301386, 147379, 213164, 246069, 338663, 406644, 162615, 78969, 399329, 243116, 381915, 460379, 21321, 489562, 425231, 378452, 338427, 472178, 107771, 323145, 32435, 482169, 460586, 173300, 31480, 251579, 217804, 239321, 353180, 221922, 241370, 311098, 111820, 266307, 125611, 283858, 30293, 488740, 108543, 50049, 481311, 100339, 92035, 283599, 68757, 304186, 410902, 9761, 383174, 315316, 49736, 173249, 313012, 54268, 407016, 460401, 198912, 384186, 435608, 338788, 36230, 91246, 267016, 40014, 107601, 330687, 1459, 105346, 300927, 152668, 1388, 79688, 225175, 91165, 204757, 138592, 49230, 186286, 288198, 341105, 7714, 271687, 331403, 343078, 73470, 198477, 287840, 400770, 299595, 387843, 198109, 210986, 32383, 390695, 31529, 247056, 416841, 136095, 125054, 117261, 403688, 51621, 477274, 226589, 431207, 315946, 12655, 361488, 413377, 306417, 283454, 186132, 142174, 343243, 296023, 9549, 242240, 366741, 192853, 143765, 140914, 358777, 231289, 297169, 318146, 187467, 316698, 484202, 203521, 121154, 378115, 394191, 370295, 337766, 268896, 13094, 317819, 229728, 11252, 472700, 202383, 25687, 393684, 104938, 466725, 483438, 448599, 361416, 377863, 50863, 263693, 108765, 68016, 222845, 401678, 226621, 38119, 157377, 171255, 396406, 3578, 9571, 281460, 175128, 1175, 267294, 416638, 383208, 158483, 378929, 36434, 74537, 104708, 151594, 174847, 160843, 457765, 27734, 272515, 221281, 208268, 300535, 241220, 389566, 347715, 340724, 144404, 34958, 64427, 217634, 76044, 145744, 408722, 368448, 242169, 355819, 385175, 167297, 480867, 191395, 321888, 204137, 464011, 268584, 84839, 210759, 160495, 3522, 397654, 236903, 154608, 394446, 417559, 153134, 137979, 229349, 227043, 325336, 188994, 169443, 404298, 27299, 434749, 353973, 188993, 331520, 149628, 122336, 356559, 170014, 90407, 306156, 255855, 323210, 7816, 3968, 317163, 216839, 31959, 270675, 433530, 220648, 15771, 296538, 56297, 242164, 82388, 300463, 12435, 121041, 336349, 271870, 209631, 187903, 410783, 162352, 328527, 60782, 67968, 323764, 317748, 254890, 58336, 129748, 437760, 156410, 62568, 336937, 311064, 215273, 199579, 137172, 226483, 461001, 187695, 64128, 75972, 326045, 113558, 199155, 216443, 343651, 333635, 139831, 174760, 9048, 216331, 297821, 294937, 223445, 45238, 172246, 385959, 269056, 49448, 227120, 390019, 284627, 254150, 85347, 72675, 70423, 155903, 105532, 364173, 89072, 346167, 9897, 85982, 302433, 276521, 212704, 14485, 57148, 171923, 436140, 113331, 315509, 384548, 398460, 194441, 136559, 11698, 37284, 353137, 19396, 214332, 251682, 358638, 442580, 65211, 320538, 275241, 293110, 205205, 142699, 190154, 221427, 478721, 183373, 4137, 321378, 493966, 101778, 310504, 418370, 33231, 490836, 102095, 417670, 32604, 315745, 195702, 31722, 105988, 171328, 145789, 217682, 233278, 98154, 201349, 43337, 191702, 418307, 471364, 455791, 34467, 205920, 328978, 28521, 4876, 13415, 435955, 390195, 248623, 467865, 5746, 499245, 144955, 391970, 62697, 461980, 462404, 22160, 147596, 383720, 383759, 438576, 419018, 247610, 358746, 400490, 249973, 23378, 36516, 250220, 68279, 127846, 291373, 303560, 186626, 376435, 137071, 333983, 283670, 434510, 362311, 274690, 117791, 488977, 344211, 188841, 324560, 173563, 262132, 362491, 251985, 439084, 363727, 418514, 382422, 487251, 411150, 351243, 468565, 319402, 483837, 425772, 56856, 422394, 384191, 403913, 85131, 479202, 413102, 445042, 326363, 186334, 295004, 40346, 394515, 392374, 313702, 88597, 130970, 6867, 103298, 185996, 287689, 66915, 280783, 214762, 237728, 409779, 109418, 79399, 14470, 18565, 72632, 357436, 447980, 366009, 43007, 457669, 311349, 353328, 61333, 189019, 361324, 150285, 85117, 96680, 348438, 385727, 38371, 493463, 319729, 75686, 299312, 418711, 73362, 379597, 18354, 338128, 96906, 13103, 253377, 61540, 244015, 144504, 193963, 174526, 142878, 66289, 463773, 487554, 231191, 30314, 117812, 421414, 220516, 339655, 396078, 100506, 87918, 36762, 398029, 328896, 266136, 397225, 164273, 116248, 25957, 152556, 384576, 324902, 145328, 253575, 1825, 299969, 103639, 225082, 53143, 194352, 478050, 426227, 88047, 36610, 111672, 62394, 455470, 116633, 237391, 461237, 207053, 467187, 312583, 35741, 212334, 408565, 15157, 38067, 301627, 402049, 360800, 145216, 421300, 203115, 162074, 470394, 427408, 45735, 110193, 308760, 69824, 130767, 357530, 20929, 82199, 277931, 2185, 178748, 34508, 196437, 222893, 161478, 271943, 98906, 341363, 55712, 257094, 187468, 54773, 128694, 449970, 247438, 405537, 172756, 167772, 402653, 153744, 164332, 265831, 316017, 145500, 308587, 135440, 247117, 14788, 351516, 169739, 4443, 456080, 10011, 218117, 421783, 285534, 280057, 345059, 33228, 348277, 475912, 237198, 138614, 269941, 338316, 104405, 399246, 220285, 230313, 85323, 35361, 137785, 365607, 342388, 394845, 260375, 266518, 485997, 259752, 367096, 411107, 185393, 58555, 208327, 280248, 225709, 158214, 240389, 294600, 43261, 82509, 346110, 251877, 375892, 335033, 394491, 491668, 376240, 377746, 189728, 395588, 204375, 181455, 108850, 271905, 70164, 199827, 98369, 403836, 96390, 389221, 474582, 466083, 388140, 189950, 283466, 65865, 163258, 188261, 454213, 367016, 306644, 143348, 328501, 434082, 96283, 391991, 290494, 323744, 289706, 477300, 91953, 417883, 167104, 479663, 133002, 254942, 156246, 41708, 18844, 170579, 145900, 159279, 6308, 385955, 381409, 66490, 101393, 435805, 441649, 39974, 189617, 328874, 424498, 201840, 454609, 257505, 288985, 438620, 149013, 73412, 110545, 107898, 237668, 100631, 53805, 55180, 128277, 270554, 412172, 273470, 377397, 284652, 405790, 447439, 497480, 79124, 63110, 15531, 20604, 40017, 392770, 386365, 413484, 366045, 110930, 476833, 229161, 176657, 377671, 264671, 108466, 185420, 283318, 262270, 327538, 161855, 31018, 467323, 315240, 390408, 437833, 298894, 47161, 176568, 183739, 143006, 395635, 244208, 190764, 112877, 413697, 229083, 423216, 390589, 321654, 73091, 150869, 93399, 56393, 304657, 43724, 488170, 446079, 275657, 430953, 253922, 353812, 202243, 369176, 203097, 208972, 203193, 229455, 341189, 98289, 217830, 391141, 53465, 496008, 411745, 401677, 150984, 468511, 163846, 291853, 370372, 309510, 93423, 432076, 383592, 170876, 326695, 94703, 129027, 406576, 343846, 241966, 231949, 64674, 402225, 70682, 313793, 413621, 215116, 389443, 385225, 273394, 461560, 196751, 452547, 241088, 315159, 184087, 149869, 48247, 201923, 222447, 140045, 494560, 397172, 329120, 74460, 79614, 436726, 351129, 206348, 469271, 354859, 400747, 99850, 381089, 177636, 272270, 13126, 155968, 476867, 181393, 216925, 160665, 97077, 77142, 449180, 255068, 313554, 98565, 1996, 450181, 188945, 269841, 89006, 72733, 54998, 364744, 218565, 25354, 321389, 282379, 242563, 74966, 207418, 475426, 460116, 453157, 270976, 345948, 395362, 312073, 190181, 271144, 483124, 329206, 81970, 115251, 405608, 346038, 143559, 312858, 398945, 460139, 16319, 427193, 66241, 461304, 18733, 496122, 157170, 249857, 13041, 306455, 149438, 310314, 484237, 235589, 259252, 179223, 175253, 35090, 26922, 307505, 24183, 353404, 311171, 313236, 337279, 209180, 380302, 370276, 168818, 201018, 250545, 479422, 418447, 58863, 390185, 298976, 293851, 100514, 445863, 202867, 499080, 427604, 342820, 489234, 283875, 427860, 70446, 53182, 436772, 131300, 413791, 393951, 5030, 386989, 267292, 263740, 18256, 331107, 289545, 136051, 476855, 284833, 463705, 387538, 123322, 408588, 345954, 425419, 84904, 300126, 258894, 399577, 135671, 269587, 4204, 31423, 311267, 144466, 90146, 89417, 347357, 290020, 497804, 372074, 13159, 80371, 147123, 470532, 52459, 188746, 145940, 171989, 260588, 496860, 287171, 40184, 176970, 455022, 188294, 63718, 434233, 184611, 168046, 301965, 331828, 176920, 315390, 157142, 382192, 78749, 258979, 176803, 313584, 360379, 361879, 120062, 202906, 275625, 436139, 368612, 152393, 478857, 91957, 329710, 65701, 30554, 379789, 206829, 306150, 131135, 308708, 216773, 301174, 272785, 167908, 53928, 201386, 484749, 399959, 209, 318109, 34320, 71604, 227682, 461989, 384316, 21318, 10306, 429699, 445016, 262601, 429261, 455084, 481256, 479236, 279762, 303878, 331593, 454063, 127461, 464060, 412069, 385421, 130790, 128421, 22039, 332264, 110286, 196513, 343935, 489344, 166708, 242017, 400844, 58561, 491537, 89588, 411660, 191584, 139814, 330338, 487419, 142803, 435072, 179506, 234858, 407217, 264321, 32231, 283246, 490237, 60935, 181590, 330214, 152336, 263183, 79507, 491060, 319917, 355139, 467803, 302199, 420674, 160542, 125071, 436062, 242843, 141281, 337954, 166950, 69687, 410098, 295812, 310152, 251222, 195061, 420244, 312442, 278713, 18535, 271594, 452582, 332348, 322900, 203157, 85071, 248051, 79024, 188708, 118064, 379204, 198873, 25509, 446631, 78339, 171951, 426092, 465154, 482501, 301271, 10280, 432270, 297669, 490816, 394032, 108532, 73914, 23222, 138326, 211004, 305580, 357819, 391289, 134480, 473227, 191439, 300446, 383505, 441636, 499163, 26840, 174639, 187502, 30546, 488798, 216716, 316409, 357606, 473527, 223093, 357051, 263484, 255640, 311977, 104519, 438912, 419461, 117701, 422263, 376231, 333418, 457945, 361438, 402919, 219948, 214782, 375930, 196394, 489223, 71629, 48968, 379832, 404624, 158409, 124131, 332265, 493672, 235388, 317746, 149634, 56534, 133636, 266347, 40176, 487648, 8196, 483276, 494381, 268705, 259406, 431318, 97388, 20417, 229759, 131967, 209185, 304148, 35191, 394251, 399461, 238946, 240668, 132211, 128273, 27995, 163904, 16131, 6556, 242302, 471728, 30715, 270004, 456019, 147905, 436491, 128092, 119578, 321466, 85329, 194487, 426972, 411223, 174047, 370528, 205198, 251110, 274257, 301216, 458156, 485617, 389109, 264764, 406892, 32401, 274308, 183171, 174144, 384783, 430468, 5598, 295001, 270677, 4468, 163130, 92594, 243994, 311374, 319203, 218612, 21629, 387146, 276151, 80754, 206436, 88273, 498589, 290708, 276091, 18240, 147787, 120404, 139555, 233638, 23192, 220757, 194928, 281468, 350822, 40473, 188939, 401775, 370107, 279869, 246362, 475366, 219646, 481781, 26780, 460944, 2800, 121698, 25731, 35457, 338364, 167691, 223752, 14474, 80471, 103871, 384239, 126626, 321869, 419451, 376951, 99827, 310824, 150245, 325287, 296136, 444580, 64610, 280967, 133300, 127551, 295156, 491760, 321555, 283504, 172771, 381438, 499200, 210987, 386932, 284628, 93175, 331420, 393643, 337792, 5, 247360, 207246, 461089, 31305, 270204, 223360, 326957, 92954, 371916, 236130, 124855, 433400, 119353, 350182, 157862, 195715, 286692, 489637, 448016, 148475, 200024, 336682, 394817, 426304, 171438, 353776, 435764, 71911, 248600, 144407, 399465, 171026, 24693, 380732, 18303, 16384, 212975, 139801, 11551, 35075, 229860, 274208, 182099, 98565, 255937, 378429, 169362, 249002, 251923, 328235, 293803, 308441, 616, 298351, 357489, 44261, 290651, 220446, 124681, 393893, 215028, 204127, 459105, 31990, 454520, 226353, 57203, 253354, 276967, 316950, 486937, 150457, 459200, 314356, 490603, 49130, 328529, 393539, 340840, 142861, 434730, 478731, 268875, 160855, 159228, 322366, 442438, 333767, 6055, 437931, 166470, 478908, 111747, 171692, 246829, 439535, 177689, 408572, 443391, 183344, 393796, 336666, 124977, 25401, 210931, 214765, 67402, 247291, 278592, 252204, 145910, 210222, 204047, 231132, 84906, 59531, 91079, 211867, 74840, 54282, 439115, 61887, 278155, 423586, 183217, 23270, 124351, 329754, 332979, 149198, 111126, 436325, 420189, 104559, 175957, 287563, 104785, 206699, 227083, 86283, 394840, 39263, 106028, 80564, 364577, 455175, 450099, 35464, 350468, 348684, 461039, 379167, 252797, 119699, 267321, 399875, 2304, 249420, 67721, 19003, 172832, 369469, 396762, 425540, 119228, 385840, 374264, 69279, 172373, 316440, 365659, 292626, 420509, 3730, 131099, 294598, 454612, 108571, 278867, 244693, 70559, 124031, 352019, 230801, 214013, 401577, 192808, 440658, 152179, 135736, 91630, 233447, 324153, 463578, 281481, 290324, 485690, 290115, 277908, 16380, 471424, 29561, 24846, 77103, 186975, 378938, 425366, 221263, 287347, 448910, 274853, 440693, 469951, 472249, 242353, 328325, 16591, 238574, 69301, 418313, 212925, 387511, 133157, 142045, 230590, 421102, 239011, 13608, 290660, 416810, 204687, 368169, 457854, 391050, 468404, 271899, 203008, 299220, 93772, 282530, 111404, 461757, 366703, 481673, 349752, 153912, 377540, 168500, 388936, 263177, 126026, 222368, 190260, 243253, 495872, 154884, 418065, 453138, 262788, 466895, 329212, 401927, 354243, 67653, 70352, 251582, 465804, 430435, 73888, 204691, 149237, 207487, 72522, 287022, 101253, 90642, 417443, 256414, 100326, 104462, 30704, 50679, 439302, 79272, 476358, 57346, 5718, 486831, 423493, 391172, 86684, 410206, 249595, 137924, 95723, 26747, 459012, 157982, 66642, 459458, 85059, 367575, 308093, 131713, 72748, 376668, 176679, 15606, 354339, 230577, 323925, 413641, 467198, 474307, 69599, 442991, 85658, 271878, 147182, 77689, 183263, 70193, 490452, 329346, 32178, 150896, 189887, 294190, 249198, 184120, 234156, 399068, 331247, 497058, 455050, 352657, 15280, 437140, 301354, 432685, 253201, 140005, 492740, 96072, 58275, 370101, 280100, 441535, 282160, 251851, 320394, 51440, 311025, 437483, 258023, 226272, 52733, 451340, 444240, 112996, 243315, 422057, 313645, 35604, 273304, 7604, 52318, 45992, 432795, 272170, 422077, 424472, 436626, 310631, 350511, 336743, 170990, 92526, 236393, 462080, 6281, 353255, 389043, 63829, 413224, 482908, 811, 92622, 363746, 488477, 242549, 209108, 12804, 2553, 269134, 172869, 479200, 50718, 446832, 449556, 454840, 173270, 261325, 435262, 437620, 81218, 287131, 364492, 33494, 373813, 70347, 33436, 170808, 226030, 379002, 384093, 415416, 482856, 219640, 63617, 411668, 331759, 319606, 433944, 382014, 77723, 457608, 394051, 79522, 72766, 378692, 200157, 489796, 258412, 352255, 239340, 390653, 329187, 268125, 123877, 307037, 23712, 105723, 173444, 341437, 54521, 232982, 237381, 417629, 99151, 228516, 298364, 349098, 199019, 41759, 476417, 25244, 222476, 147619, 354471, 14158, 81672, 401287, 274821, 85082, 437842, 291721, 86896, 332207, 294385, 64075, 373413, 483473, 297805, 470777, 367431, 79906, 405809, 482684, 152103, 351320, 214103, 146937, 443590, 173431, 448963, 286587, 108287, 137194, 152393, 244805, 361714, 392890, 331791, 194661, 159862, 259397, 360424, 192192, 94953, 399520, 201187, 321615, 485307, 283877, 474159, 231030, 196413, 343905, 218139, 426110, 85157, 407443, 250499, 492193, 228432, 309105, 439318, 88036, 304745, 73665, 323320, 417117, 496621, 152369, 406972, 430743, 120483, 205583, 474728, 412256, 210744, 7678, 412582, 225485, 407377, 63588, 207691, 163364, 157968, 403616, 207377, 298620, 15743, 5432, 139818, 68633, 187175, 377248, 194879, 365163, 116515, 355448, 178275, 377598, 72960, 308943, 116546, 392863, 4568, 440717, 445540, 463452, 353040, 373823, 318886, 318824, 46651, 126188, 158532, 345285, 439632, 261589, 364942, 91726, 50130, 389703, 161145, 160908, 435461, 468261, 76614, 247752, 433996, 311570, 122836, 200822, 270381, 447505, 222545, 491091, 42273, 460862, 171786, 316871, 57934, 335815, 243224, 198838, 332566, 53859, 210755, 286025, 143322, 209067, 329770, 63561, 12982, 384299, 226671, 342978, 414279, 444023, 26103, 340483, 203421, 435931, 364930, 362655, 431641, 295543, 213115, 267013, 114134, 14681, 314557, 323612, 467369, 424475, 251080, 16284, 169965, 398247, 37135, 271666, 106529, 74455, 418282, 128925, 252269, 39745, 453748, 117696, 287736, 207226, 243626, 118839, 90892, 426208, 167906, 316335, 270026, 44052, 14638, 412309, 262942, 358548, 222322, 383161, 86725, 496838, 70633, 408755, 384925, 12773, 417261, 174491, 446351, 212737, 21179, 254605, 305597, 370673, 377396, 416905, 299272, 398890, 316484, 452335, 158339, 95980, 347253, 53424, 259286, 405720, 449498, 451990, 385964, 96168, 13937, 354611, 55568, 154541, 437243, 499164, 25090, 343843, 91244, 451299, 420563, 354708, 299193, 371737, 106172, 139233, 163641, 169893, 219409, 101968, 316507, 19844, 89859, 76097, 316328, 7545, 413700, 391312, 234588, 18789, 18201, 408838, 352258, 430770, 338454, 467114, 158141, 117782, 366002, 54972, 458669, 266871, 364263, 253428, 277133, 336939, 263589, 40324, 377777, 261822, 314456, 244745, 318512, 482033, 239831, 471345, 283233, 299669, 101792, 427686, 410902, 433864, 440326, 335852, 202259, 270579, 239395, 431781, 139716, 68924, 230969, 351810, 446562, 191841, 177910, 190471, 33804, 486430, 113650, 236998, 350553, 347188, 360105, 24520, 114389, 427783, 218663, 226457, 81340, 449050, 42132, 393904, 1611, 2149, 462379, 37442, 498007, 78027, 455218, 256525, 398335, 111037, 301621, 358788, 361554, 437032, 86092, 160825, 49113, 24771, 187469, 147858, 5429, 155731, 321560, 429290, 6070, 171704, 3662, 88290, 483501, 66791, 205565, 178894, 122027, 410539, 437170, 428233, 136761, 151755, 21882, 316420, 155768, 250964, 341791, 343767, 462165, 128462, 148292, 400620, 67739, 381870, 131529, 227446, 133280, 425862, 215192, 69208, 479295, 162673, 252233, 228115, 245858, 317677, 340395, 229511, 325284, 382169, 99829, 405134, 160188, 496287, 37977, 296131, 123251, 34361, 140250, 487341, 480574, 486414, 166073, 400676, 236065, 192356, 306412, 365044, 409417, 457517, 66976, 482017, 164737, 451570, 234203, 150163, 281910, 149803, 324883, 254569, 123255, 45760, 69137, 245901, 292454, 383476, 43962, 115732, 315547, 459640, 349435, 275147, 363292, 215160, 126027, 358140, 204220, 176577, 204345, 125420, 483133, 173440, 294471, 481936, 444333, 359825, 335585, 446706, 173683, 316740, 316790, 112607, 134901, 199563, 320800, 325222, 310189, 347012, 126944, 363704, 261786, 136887, 135778, 207850, 320831, 170397, 427940, 266807, 494447, 461564, 345196, 470306, 421318, 371061, 372710, 278764, 83612, 287010, 482475, 337314, 236468, 289210, 276530, 414834, 292998, 446023, 465904, 280446, 424949, 238319, 116359, 161474, 248215, 75044, 288357, 311549, 108838, 245313, 391125, 48501, 162532, 317486, 452325, 466398, 282916, 145519, 98724, 410297, 354463, 74742, 65570, 90525, 194203, 120047, 444331, 103207, 407620, 78145, 465382, 481015, 74971, 174745, 442735, 398563, 49886, 233545, 378791, 101506, 136408, 446111, 150562, 111743, 258521, 336739, 479091, 390222, 314577, 169467, 188674, 95542, 150604, 425795, 231149, 8121, 415782, 157073, 446578, 472571, 157396, 436448, 391544, 309682, 420155, 56109, 343984, 440186, 156443, 265962, 31021, 369637, 446624, 148831, 46904, 315537, 299482, 191438, 122893, 78160, 93231, 156236, 120881, 120258, 455232, 266578, 363036, 254673, 310933, 448555, 266939, 7202, 350092, 78974, 254568, 496312, 372686, 270104, 148642, 54017, 196861, 464770, 347712, 129441, 381149, 227103, 358113, 200229, 194522, 422970, 143352, 16045, 202154, 316239, 480490, 308746, 96115, 176611, 12203, 233770, 299971, 108935, 22235, 211665, 493064, 137586, 276347, 102883, 395404, 196943, 96309, 199756, 392747, 14029, 492646, 393151, 457858, 362382, 307989, 485090, 108772, 293764, 219559, 137406, 443906, 182870, 393164, 488313, 295700, 474542, 170400, 17953, 147840, 409651, 237604, 181811, 14608, 192418, 145868, 468150, 206526, 255388, 491817, 488273, 236410, 91131, 58014, 217725, 227735, 287219, 79581, 408961, 329757, 152284, 309062, 179321, 382885, 494077, 404667, 139781, 487046, 358784, 326732, 211115, 390952, 376705, 488139, 115597, 228718, 65006, 276863, 120159, 483834, 194602, 5435, 335098, 331697, 80202, 239859, 495799, 204375, 297712, 280610, 30814, 72804, 189111, 84200, 207809, 452539, 344030, 165103, 115850, 87871, 489486, 485538, 282704, 195494, 400324, 330088, 193428, 135625, 34001, 47646, 322759, 278099, 90800, 184309, 74354, 404475, 273940, 423950, 315732, 349098, 42597, 86129, 271134, 381443, 383830, 91477, 12438, 285347, 292037, 156687, 174074, 376313, 73503, 382639, 290090, 122834, 479377, 57043, 62583, 293452, 17543, 449337, 249111, 226925, 116844, 291288, 138048, 67678, 31666, 26404, 346874, 239917, 423065, 443768, 431986, 232731, 209325, 396890, 10715, 352689, 137171, 468218, 61589, 191528, 171789, 23126, 253319, 453975, 453797, 421330, 363957, 345182, 368293, 108777, 250242, 394716, 89345, 452364, 429825, 405774, 346769, 170427, 441454, 110824, 447944, 9908, 266635, 464777, 427717, 145101, 307974, 44884, 144346, 460786, 188090, 439567, 402269, 183959, 314633, 248588, 98927, 67426, 435056, 70669, 112535, 432639, 35277, 499287, 53423, 46765, 53286, 203158, 238424, 181041, 330043, 77217, 166250, 16368, 388619, 445836, 265775, 494506, 113944, 413559, 18506, 184927, 474457, 227013, 342709, 15906, 255183, 77895, 369184, 251770, 404682, 259054, 303739, 284962, 52706, 439229, 223053, 25717, 13729, 75845, 458051, 121141, 317457, 60207, 387709, 326584, 297948, 358478, 486415, 113142, 383052, 319326, 70305, 141950, 205896, 384757, 303312, 80506, 66647, 51997, 124788, 475409, 162832, 397008, 117634, 184331, 41618, 196868, 113546, 181533, 233209, 180074, 326763, 306923, 38927, 35259, 211689, 478168, 229883, 165994, 26513, 467151, 477078, 403192, 360648, 6721, 246584, 2870, 333366, 242255, 325497, 57828, 88160, 267119, 159506, 224065, 406074, 444399, 174379, 125135, 4157, 53343, 66606, 244651, 215772, 92958, 308596, 278880, 401724, 480315, 370382, 335459, 21507, 383296, 150307, 489838, 342898, 392426, 442853, 352252, 481741, 57658, 454110, 170803, 474799, 215371, 331431, 374779, 474767, 161494, 31655, 343510, 243999, 240047, 392935, 299409, 270019, 301071, 74126, 54339, 476298, 14496, 359884, 447312, 75942, 382733, 249845, 64893, 213334, 240163, 199747, 209324, 487336, 43920, 217643, 479340, 94321, 373356, 484127, 421934, 190680, 386963, 92106, 78207, 321718, 273991, 324341, 249917, 384899, 142213, 59501, 127692, 387960, 63409, 468195, 163766, 19584, 36324, 208335, 18857, 417811, 349375, 250560, 302067, 309835, 232584, 466244, 466366, 301512, 22357, 229389, 305784, 388555, 95206, 444465, 399359, 226812, 425038, 95893, 172756, 203071, 298814, 169430, 236399, 376171, 116314, 130781, 68921, 145295, 491643, 161897, 12574, 184474, 96148, 76350, 113600, 339940, 183545, 47259, 224791, 17084, 358471, 476314, 28826, 268577, 89403, 436475, 337631, 122676, 138168, 382807, 149949, 405869, 142142, 93127, 20086, 371530, 481262, 241572, 100838, 233941, 158909, 181385, 403528, 314457, 138997, 352759, 429765, 30016, 468616, 238426, 357060, 21770, 51797, 197787, 280707, 357302, 157787, 187845, 180634, 242607, 216153, 209723, 316252, 42965, 392449, 175013, 251270, 66499, 302250, 307160, 203575, 193991, 224563, 281409, 394509, 184900, 213504, 11955, 445330, 251750, 47983, 493796, 337737, 258084, 102542, 133897, 434335, 477881, 32206, 265823, 21952, 162131, 274552, 28093, 207522, 11672, 107580, 471279, 112832, 9450, 421881, 381628, 473147, 371737, 264919, 80710, 367894, 259786, 474421, 120561, 257115, 133468, 395933, 47696, 337924, 25432, 407108, 207025, 10677, 406897, 79173, 356379, 498827, 79844, 136008, 410619, 305542, 178014, 304132, 53038, 16803, 294899, 277079, 181278, 63526, 78093, 74327, 111241, 265435, 252708, 354775, 405236, 435655, 395007, 151986, 265332, 342479, 190635, 78842, 250470, 176713, 415416, 208245, 445404, 243071, 120440, 93105, 106314, 169645, 106532, 452796, 76739, 62309, 215238, 110908, 376224, 484163, 144593, 228452, 370500, 145342, 22041, 88278, 200162, 499108, 66130, 67696, 127557, 60226, 484, 63058, 278905, 175505, 177866, 354853, 465969, 403749, 339469, 89147, 74192, 355989, 340850, 144482, 129867, 45879, 333293, 206885, 252407, 210424, 424315, 276031, 13939, 324990, 490686, 117735, 39628, 378565, 152217, 207395, 391391, 180281, 132562, 240655, 451379, 394505, 429778, 398021, 382779, 381078, 388526, 297259, 474717, 480125, 207920, 31517, 477637, 337886, 383859, 18586, 29292, 227724, 209276, 100523, 327927, 401660, 94202, 343456, 304248, 2695, 398155, 224496, 288556, 227211, 197922, 404649, 234857, 289427, 362053, 131083, 321084, 426777, 279145, 235667, 477772, 242799, 3175, 277639, 94224, 57011, 60096, 399077, 361559, 78467, 302760, 77609, 452239, 195661, 320512, 171231, 110658, 157712, 158516, 338333, 358420, 225862, 382872, 415599, 195181, 89605, 372796, 292819, 47699, 268269, 375715, 342844, 85366, 100916, 200827, 271765, 213822, 90935, 405403, 129917, 33220, 108562, 46701, 178814, 199859, 250359, 486413, 242184, 481388, 209688, 54758, 75698, 491707, 52616, 50975, 426352, 381968, 39955, 478261, 52869, 401109, 17883, 64752, 174767, 399887, 122728, 217369, 354234, 141817, 473031, 154022, 295715, 391082, 297041, 445051, 321312, 323044, 375143, 116958, 415558, 49776, 16031, 227825, 482031, 121643, 447900, 336763, 15565, 122369, 349613, 374862, 115428, 162980, 23948, 448873, 266409, 157162, 46717, 18342, 377990, 370107, 349578, 318477, 429014, 269437, 186284, 41111, 95436, 281625, 345553, 104488, 271019, 170504, 444654, 103455, 433201, 438827, 340567, 332258, 146257, 22752, 15848, 94328, 496385, 64059, 251534, 4841, 75852, 460481, 492514, 26992, 440980, 41786, 235238, 14089, 66345, 68043, 345783, 283730, 957, 255477, 375795, 310617, 93216, 408367, 481323, 481890, 218344, 242145, 258620, 252271, 267426, 334150, 262222, 173147, 363988, 93346, 169049, 273648, 407388, 494476, 118853, 216660, 269709, 95356, 263133, 202850, 158285, 173888, 273810, 293505, 129126, 328312, 3227, 227322, 307506, 314893, 307893, 420249, 299016, 445521, 397611, 352314, 148708, 117407, 32401, 92414, 350236, 270892, 168189, 358860, 457068, 93677, 220596, 49373, 233770, 120875, 331649, 347780, 84756, 169260, 493733, 449122, 396583, 100113, 386874, 298331, 117351, 473141, 475250, 422956, 4200, 337313, 279205, 450069, 336184, 468279, 345713, 113655, 343481, 187695, 18135, 265257, 430597, 346054, 424812, 100460, 498319, 398037, 184768, 403859, 181435, 444697, 176224, 19157, 89901, 141182, 170340, 80118, 306682, 18129, 249647, 486361, 190459, 266389, 154578, 406646, 380385, 442542, 184768, 444564, 116424, 124199, 424251, 256519, 305796, 456355, 178823, 118902, 154052, 244997, 289531, 339790, 433734, 482932, 496587, 30670, 224182, 489222, 348221, 133543, 282855, 234537, 114749, 287403, 110588, 406999, 34194, 204630, 123673, 470665, 2439, 440767, 106398, 329382, 130941, 131289, 113884, 443316, 65498, 480201, 300332, 57379, 496943, 370578, 416743, 128874, 369170, 451967, 312251, 341863, 412412, 7714, 349943, 349132, 112796, 299658, 260996, 307415, 492231, 53527, 164223, 13121, 325733, 124636, 335756, 371182, 439769, 389907, 221948, 44589, 290038, 47342, 351999, 204033, 498963, 407146, 108582, 269604, 415247, 121275, 93564, 123456, 306282, 235318, 434255, 303961, 144702, 198202, 138825, 305170, 127190, 161490, 342366, 2798, 131378, 195883, 270045, 169613, 113925, 493552, 479051, 476384, 287265, 384084, 185048, 122088, 496098, 100882, 195626, 426292, 103233, 255168, 268890, 467132, 385983, 10954, 327745, 5453, 50104, 351953, 241885, 443264, 240482, 103228, 302796, 133121, 294511, 431010, 150439, 53538, 123952, 102837, 393294, 169141, 82621, 397011, 247923, 128800, 81647, 114925, 111090, 243879, 439062, 466985, 254470, 29203, 453672, 311644, 247565, 36045, 8038, 139647, 433777, 244200, 11492, 111636, 36059, 397877, 220933, 399527, 360326, 461924, 451991, 200656, 141495, 73157, 457030, 470423, 41099, 91979, 468247, 78545, 391230, 498418, 867, 115507, 224369, 79570, 274613, 250310, 203726, 199403, 276724, 25568, 379847, 479740, 98121, 482002, 492383, 226139, 262910, 86768, 70542, 366779, 236403, 270610, 372980, 135932, 401559, 161536, 55520, 139550, 366134, 480650, 275236, 195483, 134461, 166145, 349448, 401617, 351787, 243191, 334513, 42174, 340805, 369640, 264952, 361474, 312237, 89474, 462665, 304302, 170235, 339594, 60038, 398936, 186362, 409753, 474838, 381873, 159136, 401542, 81098, 214619, 465511, 410582, 404038, 479270, 73771, 86216, 420370, 388742, 339220, 392368, 485397, 438483, 178218, 367023, 315294, 466320, 87224, 354768, 128895, 19199, 65654, 393444, 15126, 264098, 24536, 221944, 74287, 408587, 492278, 72615, 112100, 163431, 367730, 464497, 296330, 129590, 428491, 394232, 358911, 74726, 390816, 432812, 377141, 373767, 376907, 462600, 199442, 383884, 415058, 486145, 382446, 397927, 196921, 259744, 314624, 111358, 338137, 199196, 461306, 113827, 375288, 417388, 279917, 158302, 322577, 12013, 313620, 400268, 249104, 30386, 499754, 232508, 455114, 99490, 21802, 2373, 383714, 278926, 232791, 201097, 417277, 7972, 358603, 354582, 297905, 24958, 159398, 494310, 125502, 328794, 258530, 411434, 232815, 127158, 134149, 122557, 491851, 443085, 122888, 365795, 321144, 116055, 465734, 397893, 86926, 351253, 25679, 402998, 425388, 153178, 279810, 148827, 460804, 178257, 327134, 313647, 239454, 336012, 462663, 197607, 244250, 250413, 379314, 121642, 232415, 395507, 68934, 413884, 327887, 332176, 227933, 54306, 320951, 262583, 205969, 343662, 352967, 325855, 201714, 452252, 85800, 364266, 37421, 90518, 65234, 449132, 181399, 101485, 312723, 42328, 168678, 294527, 368429, 422430, 123432, 376440, 414271, 128300, 314908, 407528, 207394, 204261, 290561, 171469, 486786, 270131, 187738, 212831, 226625, 205862, 336332, 181691, 298466, 52376, 336798, 437349, 373759, 405641, 277977, 150176, 403207, 280339, 211810, 248060, 184722, 289462, 274318, 146611, 455973, 489668, 102992, 467786, 389741, 194612, 65248, 34316, 71370, 246692, 437479, 251185, 489756, 309825, 457073, 111990, 119093, 106016, 40941, 189517, 34499, 422830, 432070, 84602, 156797, 326972, 260167, 178390, 381129, 352581, 301689, 495826, 149500, 144895, 92990, 496775, 282395, 320965, 384017, 326205, 217477, 39627, 251235, 276246, 103584, 123103, 203810, 306667, 313042, 322078, 322859, 485447, 418731, 461562, 250833, 168796, 39108, 152845, 244476, 396356, 346562, 299559, 293314, 198399, 345260, 275147, 482765, 107580, 296312, 204114, 35126, 193973, 208385, 79576, 61378, 465785, 461526, 53763, 376894, 220105, 169909, 212696, 344515, 56530, 89304, 227200, 28004, 247271, 476727, 429586, 498579, 233628, 333923, 53794, 474625, 237362, 483289, 446891, 220796, 213321, 223623, 51591, 61603, 368673, 386541, 118296, 435091, 270043, 302024, 497810, 282229, 184294, 133619, 408886, 313490, 258138, 313586, 135205, 370680, 36597, 110174, 2590, 112636, 412365, 311572, 352147, 347575, 386797, 316426, 36389, 283729, 4851, 233855, 274353, 388359, 132099, 112230, 275795, 364578, 283336, 123421, 34770, 90503, 317488, 153500, 274454, 367151, 337354, 457354, 334805, 408430, 477566, 83100, 13478, 495822, 145339, 162967, 268020, 112006, 462216, 187257, 56222, 80511, 47709, 454085, 415031, 262985, 158515, 249626, 159746, 372146, 311370, 301051, 208820, 88882, 489430, 227413, 332109, 60316, 376684, 217234, 288142, 205854, 364825, 333468, 61132, 22845, 338961, 48946, 278760, 313445, 326850, 146682, 96578, 164457, 45263, 140160, 434627, 236372, 221827, 153804, 150174, 432600, 63072, 361216, 183810, 330306, 314761, 253365, 461832, 70909, 314630, 366283, 56422, 411985, 203173, 64223, 237301, 1424, 18461, 150210, 434160, 106741, 44524, 457704, 368731, 271906, 446900, 370899, 464581, 28210, 245694, 456824, 85389, 322115, 125592, 224915, 223720, 327244, 410094, 166714, 213270, 415100, 110394, 391984, 286894, 378768, 101740, 454086, 170231, 189330, 423467, 183860, 18234, 493031, 313512, 474197, 490906, 105840, 372376, 460218, 485325, 381153, 229371, 330683, 25978, 36142, 463350, 133473, 97588, 223816, 226815, 390412, 366945, 142842, 455722, 251639, 42785, 366406, 164816, 470595, 181738, 134652, 187565, 400303, 348811, 17585, 311812, 400925, 352459, 439354, 446043, 89086, 455437, 318834, 110626, 190730, 367410, 251068, 36550, 406957, 409682, 56492, 304646, 359786, 89564, 273902, 428264, 228996, 198282, 40086, 315601, 256178, 3924, 152163, 237384, 284560, 71920, 265868, 369174, 154529, 244325, 407824, 443081, 249889, 416977, 21998, 472192, 229869, 72888, 130969, 176470, 256158, 362411, 206626, 416351, 245529, 244460, 377005, 30457, 19366, 168198, 334951, 144869, 16754, 312446, 348601, 461808, 8522, 215130, 12112, 321589, 492546, 322815, 114338, 236477, 348145, 232905, 422697, 389365, 163860, 428164, 496474, 123593, 177417, 279557, 48423, 453358, 83618, 114653, 82569, 183670, 448959, 87769, 134017, 350916, 411012, 91935, 487689, 358103, 472622, 371585, 279237, 347393, 89869, 34623, 470441, 104699, 410999, 131094, 266505, 267111, 229950, 263519, 205551, 340970, 271847, 37981, 247351, 310676, 374311, 168678, 254515, 46634, 473336, 352305, 12128, 268465, 228461, 471314, 183493, 333188, 69927, 98136, 269961, 401571, 106916, 44716, 464807, 274836, 63985, 26820, 398365, 202446, 476907, 308862, 51999, 475616, 486443, 99811, 426472, 292349, 50365, 358577, 318747, 280170, 469544, 283708, 332533, 365571, 419305, 417919, 316202, 147240, 58212, 467579, 95942, 160872, 46157, 268687, 328936, 84330, 15808, 399066, 237578, 182190, 491276, 314218, 458998, 417089, 187374, 179989, 320506, 139295, 413389, 66375, 339938, 74705, 130918, 496404, 65402, 321965, 193076, 420912, 375446, 449791, 310121, 157889, 262113, 433131, 384554, 32772, 229694, 381951, 156133, 453053, 112242, 315759, 353309, 282888, 362317, 36354, 282644, 372468, 375722, 160462, 147286, 112275, 199833, 159595, 337631, 90484, 789, 273591, 247226, 498053, 71787, 412434, 481523, 321161, 249017, 68468, 54506, 445177, 406429, 491407, 395383, 76564, 250746, 163821, 174109, 54293, 29054, 159099, 372208, 175097, 431593, 1865, 45896, 264782, 257584, 340956, 21729, 37470, 381248, 495413, 387715, 329686, 285556, 357467, 288567, 205513, 333338, 487071, 221083, 96382, 64820, 167197, 320993, 126802, 331491, 310737, 497079, 419218, 107936, 350378, 366331, 363532, 241979, 347919, 401519, 154972, 206332, 177755, 298522, 110583, 423766, 106904, 403836, 30396, 486376, 26546, 111411, 274197, 446753, 335711, 58183, 47193, 16796, 136442, 243775, 241797, 89611, 491763, 89767, 77643, 50610, 76715, 365165, 327161, 463107, 282829, 105970, 479357, 470118, 349444, 312942, 443758, 138813, 119530, 354142, 248190, 339239, 33151, 95998, 363015, 360236, 311206, 416095, 71421, 52485, 62400, 117243, 85396, 347992, 210063, 358467, 321202, 40360, 197951, 96403, 267462, 175981, 281781, 236384, 378639, 105541, 482109, 34834, 400248, 394877, 311476, 290836, 479513, 252292, 146615, 220343, 109403, 241190, 173890, 187135, 194811, 207052, 495450, 52371, 124526, 324974, 108470, 255116, 239153, 375824, 188816, 491799, 405698, 168139, 208272, 494778, 369751, 56173, 443103, 16812, 156054, 130478, 228344, 119396, 45793, 92972, 356862, 20755, 386601, 1932, 140264, 58457, 407073, 66206, 283673, 497720, 168890, 364179, 464553, 145033, 493113, 258428, 302549, 484884, 296043, 281926, 394859, 494545, 327207, 262263, 29614, 219287, 200866, 289771, 134713, 315635, 106367, 130701, 67755, 217887, 453063, 294989, 189553, 28733, 120014, 267155, 434437, 341676, 368461, 138214, 49715, 23961, 237098, 330830, 276942, 377262, 447266, 87228, 451610, 352633, 453253, 336766, 437219, 134711, 342296, 279890, 413252, 383568, 284375, 391326, 411848, 379815, 473292, 441936, 344231, 13778, 488341, 119365, 410470, 491979, 108668, 210268, 336969, 209889, 151537, 33462, 301458, 489223, 393635, 396931, 387752, 18131, 425425, 437641, 249588, 422261, 302580, 117555, 395930, 338748, 365333, 221462, 325365, 469910, 66482, 162916, 329116, 144238, 420599, 248337, 435556, 324970, 130153, 151742, 77223, 308863, 43488, 43728, 87089, 112135, 483080, 385358, 66052, 404203, 324604, 285736, 355710, 292987, 16078, 3501, 417958, 466443, 282811, 134096, 201087, 6374, 357022, 43207, 16404, 132097, 56038, 485060, 415104, 207424, 458215, 136355, 127729, 436870, 183542, 241584, 98059, 267307, 21742, 436846, 303367, 11242, 436219, 22301, 282293, 359804, 200985, 204129, 76825, 24859, 200595, 450531, 473750, 207816, 497984, 297771, 39354, 196751, 182184, 32536, 135770, 182051, 444240, 405989, 62755, 313157, 250343, 334371, 269873, 426296, 243946, 435181, 106283, 347112, 377218, 488748, 444917, 130860, 44216, 66928, 227023, 253303, 9855, 499855, 229070, 9332, 198100, 337897, 464389, 457682, 434520, 45370, 239512, 294615, 297987, 231529, 153933, 491585, 446539, 110433, 256010, 198006, 147479, 326412, 222917, 460635, 306057, 262850, 429668, 416155, 299361, 288599, 423891, 351937, 1845, 227824, 143604, 96573, 318251, 126847, 98344, 149005, 475867, 279793, 469963, 312255, 136155, 453541, 212305, 369354, 102432, 465034, 371511, 203878, 395993, 23394, 411718, 223169, 402802, 152149, 7948, 107815, 48963, 97943, 169934, 397652, 315332, 16052, 114654, 60777, 226801, 289470, 478849, 253854, 418974, 233202, 285005, 234524, 17724, 173653, 161640, 354058, 368228, 344095, 107695, 436200, 189294, 449055, 282208, 224201, 347682, 137619, 119502, 251089, 249134, 94848, 79653, 204684, 258107, 155605, 179325, 426525, 268314, 267517, 283389, 388353, 440743, 246828, 31681, 344756, 487471, 126908, 490161, 38959, 401437, 399958, 108554, 236151, 5513, 56950, 136692, 230969, 167594, 369842, 118274, 87190, 10712, 364011, 443698, 403296, 268841, 71562, 272105, 166232, 65540, 286546, 485930, 226039, 348504, 31817, 70166, 333269, 236625, 247481, 2251, 489670, 243366, 384478, 285844, 20905, 439103, 334878, 470211, 194332, 289652, 401152, 393352, 471822, 287345, 10602, 62582, 138938, 483478, 353875, 222934, 154443, 216625, 189522, 302806, 290436, 93909, 230526, 96374, 245896, 183660, 498074, 46336, 43076, 443163, 172431, 353119, 497171, 239274, 476124, 44675, 488187, 251909, 403245, 130483, 211767, 308417, 457228, 242344, 75258, 316032, 434962, 20139, 345871, 361278, 135729, 42774, 154664, 372421, 116737, 389449, 342199, 88669, 394877, 220226, 317945, 271795, 101078, 322515, 377643, 179347, 421775, 221040, 192974, 452133, 180609, 83568, 223437, 495511, 212442, 18263, 273224, 392734, 295022, 425834, 448622, 373961, 436377, 183606, 102020, 376610, 273222, 494636, 208616, 299118, 187268, 376836, 122482, 236752, 106082, 150131, 12279, 133577, 75363, 318370, 235005, 354826, 498748, 450937, 261789, 200773, 72440, 128272, 444030, 241819, 416104, 266763, 209050, 370327, 444431, 374131, 290949, 447560, 161119, 251454, 281061, 494996, 191460, 305887, 446134, 203780, 434167, 280096, 1027, 230197, 312024, 294731, 461041, 392193, 319170, 49668, 15082, 242594, 166575, 4182, 276707, 428953, 233901, 422494, 467560, 420925, 344340, 120476, 344456, 119545, 145784, 258290, 436082, 149396, 102493, 400490, 124563, 464346, 100632, 82116, 49234, 405469, 465360, 192897, 225083, 444342, 109616, 31867, 443097, 26183, 208544, 270507, 63721, 62297, 368556, 100327, 421483, 178399, 108403, 219965, 53019, 134525, 296111, 35220, 343213, 94948, 149245, 277684, 339754, 144073, 123851, 112352, 413110, 229707, 228753, 407321, 182998, 135246, 409868, 382069, 330089, 317617, 142358, 335855, 67440, 316424, 72428, 290203, 316376, 398096, 276598, 53455, 392297, 189289, 225382, 476492, 80362, 281879, 367036, 170473, 464344, 472397, 22017, 28860, 227337, 120338, 347536, 477521, 326871, 437303, 264727, 8281, 96763, 73801, 379682, 110313, 284540, 87113, 208723, 391563, 494551, 69724, 241928, 484600, 484276, 335559, 404894, 346419, 488346, 47761, 285367, 193096, 150871, 336347, 310873, 302516, 390184, 387669, 296076, 390616, 470260, 303255, 91650, 36423, 198794, 428022, 433624, 378937, 373101, 217720, 133025, 238887, 274134, 147054, 18369, 233447, 8354, 175827, 357119, 107675, 137302, 188399, 278892, 80761, 128259, 266616, 93046, 263859, 266598, 306629, 251940, 167872, 274036, 375089, 108209, 86628, 172274, 364241, 196700, 406934, 365099, 361705, 197075, 381433, 422621, 241103, 265445, 155770, 161510, 43808, 165401, 174886, 494979, 328909, 282961, 329420, 312903, 405242, 249373, 459244, 176610, 429632, 221661, 322394, 394731, 271627, 301285, 411091, 15194, 61437, 92396, 3237, 246358, 161799, 266188, 426017, 84107, 407129, 108298, 453798, 419348, 348570, 488030, 177664, 272902, 151272, 228864, 191603, 52739, 470838, 279993, 64270, 102037, 310297, 234498, 21762, 113326, 407362, 16785, 398734, 390907, 266841, 69448, 241223, 61511, 499518, 210700, 126697, 426818, 376359, 145705, 90491, 183244, 18036, 418348, 281327, 153885, 258259, 50986, 285732, 381321, 275094, 492693, 258283, 236756, 122310, 104111, 158370, 495976, 137945, 245762, 29584, 270409, 197495, 101296, 239475, 485000, 90704, 163075, 459899, 283137, 326573, 357089, 43952, 470310, 406445, 383169, 394635, 387884, 82917, 121309, 362725, 126170, 20767, 106294, 355355, 459814, 252984, 271568, 270597, 457615, 100065, 24649, 363848, 219841, 488632, 256845, 454342, 15258, 424471, 263620, 477843, 190142, 348502, 156730, 488678, 148624, 48550, 338083, 423328, 463634, 64231, 97996, 134975, 236621, 144054, 75788, 94636, 215353, 30530, 465166, 462500, 131763, 181188, 454517, 383048, 59102, 325136, 106011, 203807, 206174, 303155, 61385, 239077, 421290, 309539, 211294, 349866, 65879, 239744, 484378, 186705, 182009, 277934, 209044, 31876, 484933, 52959, 74724, 123558, 324153, 188361, 20226, 121337, 373642, 419099, 381732, 55934, 194820, 375386, 340838, 197229, 494721, 489664, 359027, 472750, 407502, 280355, 99273, 74814, 382887, 172123, 427545, 416501, 21250, 234198, 86683, 461302, 481424, 351662, 245371, 116276, 193715, 256685, 286441, 477933, 63969, 67573, 447770, 409724, 81621, 101067, 85373, 354703, 443221, 212175, 32433, 73266, 204210, 154249, 265472, 51104, 421508, 37963, 206695, 19428, 101731, 205692, 409968, 116945, 145974, 84209, 127560, 41694, 146937, 471344, 364263, 239211, 133047, 333300, 323726, 264345, 17940, 458674, 147419, 271728, 137979, 275326, 121007, 398253, 394819, 136274, 105849, 312111, 115137, 78338, 170487, 63436, 490249, 358792, 298007, 208878, 466958, 313678, 31553, 481917, 446923, 162014, 488563, 132533, 180865, 231076, 486860, 100270, 209724, 20710, 140206, 390500, 419941, 338048, 168237, 453079, 266413, 163869, 223489, 65923, 174613, 37529, 289980, 215148, 461356, 478164, 205189, 357662, 40691, 306763, 81291, 461387, 2654, 91211, 49066, 15704, 453816, 65566, 130325, 137373, 430608, 330976, 201915, 346309, 327536, 222291, 217791, 53651, 32321, 153309, 353098, 260174, 349724, 427002, 74258, 60205, 156399, 40088, 289236, 120528, 43672, 466670, 49230, 98083, 40707, 260299, 124419, 376678, 305014, 195955, 85473, 413769, 13012, 347241, 148873, 372371, 81535, 2076, 316431, 60643, 62860, 73272, 205623, 39546, 35298, 252148, 183369, 208421, 382508, 4645, 330861, 124793, 124041, 233575, 439348, 65444, 269882, 345862, 151781, 446898, 10478, 311212, 108316, 491741, 192619, 328861, 492124, 191011, 51711, 421073, 391925, 63848, 304945, 192681, 204368, 301674, 401511, 416184, 238962, 134122, 140778, 19637, 46432, 214548, 42016, 137354, 340130, 187484, 291765, 179285, 423055, 64725, 315934, 468957, 387920, 438645, 114858, 471166, 277606, 419844, 147916, 88245, 124443, 139449, 441531, 333577, 121931, 451987, 88160, 18328, 441327, 348076, 202180, 51949, 344598, 153930, 429180, 230034, 103223, 266979, 67168, 467902, 399563, 195770, 95469, 111460, 100706, 484892, 13214, 428606, 425969, 302505, 342350, 25604, 447503, 351729, 336924, 204523, 394439, 432723, 266398, 46705, 255503, 184787, 141542, 402572, 291292, 83199, 414152, 74222, 458305, 342247, 450627, 368404, 274784, 375858, 390778, 35159, 349257, 342460, 314584, 340061, 47514, 379736, 411246, 58468, 271376, 59258, 30133, 399124, 65054, 102678, 6928, 189789, 149881, 63303, 164683, 6566, 143997, 487807, 53060, 228369, 299968, 2809, 61725, 462359, 398138, 326846, 11486, 499359, 281535, 471172, 337412, 80578, 157374, 179509, 127066, 298310, 196750, 120293, 147838, 388442, 35878, 346684, 339898, 49276, 496583, 285043, 283241, 228960, 164719, 405595, 95941, 391088, 303606, 383702, 168964, 270512, 347191, 122999, 103904, 279814, 41623, 218672, 372747, 347458, 186390, 468166, 43765, 364097, 297600, 185592, 401145, 278840, 122375, 209634, 150530, 173591, 111141, 265745, 453711, 74160, 113966, 118978, 63071, 185728, 283630, 491651, 352671, 430043, 489332, 240634, 259234, 5828, 43805, 39615, 226006, 152876, 16950, 295037, 481138, 476207, 131285, 430208, 134141, 33286, 129038, 237167, 120059, 224019, 109522, 130962, 271718, 370032, 131733, 25575, 329617, 33504, 148537, 177985, 307250, 221748, 102887, 477072, 414585, 295507, 432938, 99188, 41583, 266767, 252128, 447971, 14621, 392873, 396266, 499222, 324064, 250971, 197861, 194590, 169311, 228806, 353602, 323726, 235107, 301868, 326213, 328020, 69453, 238040, 286564, 16843, 488355, 444918, 14665, 36272, 19420, 442135, 236640, 12979, 336263, 22326, 251669, 457002, 266662, 213399, 472866, 377834, 342587, 48720, 452675, 12052, 296642, 492267, 3674, 241810, 361219, 395852, 453759, 258028, 316110, 459212, 292254, 469297, 100162, 370297, 45912, 273079, 446442, 303426, 343838, 479032, 480572, 494476, 39623, 403444, 33971, 124660, 13610, 317525, 428169, 22329, 355713, 103747, 207410, 329837, 279458, 258593, 397421, 9772, 72203, 345170, 6948, 377898, 160454, 123322, 210765, 315216, 171314, 118943, 283077, 31239, 1345, 119605, 175331, 140680, 350824, 430892, 17727, 418023, 438797, 278501, 270403, 6842, 361747, 120564, 136108, 442987, 279977, 235419, 413544, 382275, 165770, 25286, 431027, 146456, 243346, 403471, 350021, 129891, 195563, 407591, 383243, 398453, 432028, 105398, 153678, 286120, 207131, 436939, 294281, 310377, 178517, 5635, 34884, 219849, 441935, 273945, 62518, 310105, 77129, 182947, 228212, 284242, 377349, 175806, 343128, 186144, 369870, 23157, 255922, 317404, 377379, 422054, 435862, 341635, 230893, 371906, 284621, 41247, 132642, 10547, 145144, 422999, 116924, 246245, 151424, 124169, 326772, 118336, 70890, 69127, 229225, 125492, 220391, 487869, 139160, 93811, 258896, 41784, 394450, 498187, 269516, 348726, 393462, 467660, 397946, 435463, 187433, 441573, 45526, 185983, 238318, 3074, 260796, 100731, 294640, 107166, 499307, 80093, 481369, 487496, 365325, 48850, 124075, 379853, 144437, 377940, 370818, 370752, 250383, 214577, 329052, 30737, 366273, 378493, 433965, 218836, 282375, 257163, 189553, 459224, 408050, 110593, 380646, 470005, 91111, 181593, 416593, 20832, 382610, 392460, 49776, 140893, 171689, 222174, 442659, 95789, 338982, 13143, 330597, 182461, 466263, 41738, 225857, 30500, 282465, 137485, 174393, 327747, 490551, 13061, 76921, 271211, 325431, 236079, 244026, 245278, 447951, 7137, 253159, 347610, 313316, 326663, 419230, 222046, 466350, 436129, 330589, 364119, 127072, 83230, 217936, 290113, 261614, 51188, 85419, 289918, 260938, 259186, 476421, 474745, 109429, 489246, 382703, 171564, 142606, 480221, 334366, 294683, 276989, 488014, 83363, 355838, 150047, 353242, 149730, 85, 159109, 320983, 283546, 22977, 348886, 402106, 292786, 192100, 194702, 288444, 206858, 264127, 450923, 383492, 487898, 309742, 206477, 470364, 177301, 10750, 116265, 477571, 343526, 439613, 270936, 56572, 260370, 354658, 36115, 416811, 253942, 66114, 83698, 380198, 329452, 268258, 491821, 460080, 240722, 444227, 438368, 481849, 173627, 407171, 480138, 138677, 489339, 487894, 10853, 300495, 266939, 141289, 214613, 46183, 11877, 331465, 379764, 93730, 326649, 274762, 428610, 169936, 119851, 451037, 4390, 174034, 50338, 355374, 484797, 360293, 485182, 407794, 304132, 489602, 215539, 406755, 68211, 152340, 173474, 70551, 131710, 470114, 183638, 62917, 400465, 145919, 288276, 301808, 34947, 295429, 97124, 182761, 272124, 6695, 263177, 332177, 374336, 295758, 497366, 79984, 338346, 233217, 427373, 494823, 344957, 259785, 150208, 86309, 444529, 389189, 457452, 288570, 9817, 361502, 307338, 97134, 182422, 20329, 353312, 151108, 352761, 76113, 314245, 363660, 355489, 432148, 166932, 317846, 95097, 323177, 424982, 372297, 483377, 376727, 92976, 365863, 20719, 468758, 212808, 270661, 153365, 190437, 234891, 170393, 247288, 337111, 208055, 444193, 26296, 256949, 148941, 157267, 285069, 392645, 60282, 173767, 271908, 375694, 185938, 200043, 1915, 61629, 289225, 282558, 395110, 152899, 17200, 477227, 107527, 257275, 280567, 467412, 43664, 221171, 241321, 359760, 298420, 294095, 499155, 274143, 261536, 263457, 39882, 311414, 269670, 493840, 307939, 264159, 183910, 437340, 384369, 100921, 469538, 196409, 27590, 118970, 205598, 108265, 19910, 131235, 24015, 68946, 328989, 99847, 352835, 111408, 363198, 127064, 395510, 182332, 364446, 30205, 231112, 235499, 243152, 212269, 398842, 244686, 278316, 380581, 475116, 159735, 376919, 480660, 186059, 403607, 432540, 418692, 475719, 427409, 222107, 435103, 246398, 265085, 237673, 134415, 54136, 261018, 97507, 470051, 291265, 446976, 66812, 318324, 367102, 495155, 158041, 290881, 141649, 347372, 313142, 372099, 11171, 359843, 424611, 121381, 195528, 182333, 465586, 274064, 247731, 364528, 315802, 91444, 448738, 485411, 70152, 441620, 417504, 325443, 306848, 412117, 10458, 473907, 25007, 230897, 258413, 147011, 303679, 488435, 131151, 485026, 182114, 352532, 411334, 141498, 112253, 285999, 62380, 347429, 358751, 300882, 91000, 241593, 397650, 292308, 281021, 207624, 308245, 211979, 213924, 372391, 61583, 425594, 169824, 299108, 347981, 34847, 122052, 357886, 48691, 161170, 226348, 433903, 112804, 197248, 190259, 455237, 5718, 162678, 226092, 189497, 439496, 217653, 110856, 78824, 315559, 189473, 309663, 232980, 151665, 233282, 363799, 125343, 255940, 419751, 71325, 323005, 20090, 94772, 386640, 88408, 387662, 126656, 151845, 380564, 179943, 379149, 386854, 466860, 289769, 445730, 179236, 240555, 193713, 339650, 382585, 473795, 239102, 462746, 412290, 148300, 464135, 413675, 268538, 153480, 484236, 170410, 324356, 335036, 381801, 185294, 87734, 299144, 463387, 162317, 458878, 153685, 376240, 174159, 274646, 220411, 447131, 190246, 90452, 429112, 219598, 105283, 16507, 416620, 37355, 147963, 370361, 291760, 36870, 191776, 389271, 27247, 83338, 93994, 448307, 273652, 417339, 287415, 402513, 43046, 277375, 442546, 258907, 158130, 313113, 4104, 292383, 408711, 244658, 482915, 297163, 397528, 291704, 254990, 336955, 141584, 483973, 76271, 376399, 288386, 163129, 337105, 100712, 289551, 468931, 210460, 443119, 191519, 102888, 374676, 4019, 316060, 201706, 445991, 608, 169027, 18489, 41119, 215980, 114086, 309218, 167666, 364558, 317387, 43733, 85709, 70744, 264093, 384626, 104851, 233005, 313610, 22350, 308123, 385001, 272068, 349652, 58733, 85057, 79707, 3997, 330645, 80194, 81498, 461349, 484790, 435462, 92658, 221483, 81705, 227291, 5735, 157096, 272723, 183265, 440436, 47276, 471204, 86416, 393091, 143420, 134540, 281578, 296382, 377584, 364705, 321771, 446175, 246469, 133413, 413906, 485636, 492209, 166201, 163628, 199526, 3158, 379868, 131825, 412897, 488027, 178009, 377895, 239784, 109340, 246186, 304205, 13713, 270125, 56965, 240507, 423205, 128493, 352890, 231575, 276638, 151764, 148912, 412118, 118994, 163543, 471735, 51575, 230568, 255753, 146752, 154162, 401549, 311813, 96419, 287513, 265040, 276551, 34102, 53849, 118804, 37374, 253001, 423052, 368114, 481770, 214683, 93770, 147059, 429088, 456318, 26889, 442775, 90231, 455145, 288035, 69715, 343872, 498211, 125512, 11145, 62262, 117411, 381587, 439836, 467161, 309368, 8628, 208649, 9099, 485879, 158630, 269788, 160228, 112606, 5990, 71324, 494932, 242193, 12704, 386025, 443066, 258814, 239961, 333325, 442230, 407231, 184259, 317727, 187408, 170222, 89174, 419241, 434014, 115728, 14961, 110936, 438204, 403907, 356317, 64582, 122101, 495690, 385311, 478796, 484690, 389925, 173484, 237307, 113275, 490973, 326672, 191796, 20873, 221200, 114220, 72467, 404773, 357349, 279355, 387580, 38148, 279642, 417110, 316626, 154457, 334250, 100937, 10312, 248213, 21624, 173174, 322877, 157321, 281179, 451034, 75124, 420458, 124676, 342910, 262498, 274288, 354104, 419547, 124812, 97538, 409952, 37884, 220446, 274471, 130963, 203295, 221345, 454541, 171445, 121718, 236738, 200432, 122437, 193000, 69331, 410780, 82131, 163329, 403902, 134631, 344561, 81211, 445342, 424156, 78678, 360584, 176517, 67066, 443057, 300736, 100440, 470739, 371349, 352108, 10133, 298440, 380271, 215743, 384514, 285786, 485164, 288710, 26908, 24558, 236343, 404505, 351848, 100842, 373823, 123927, 293483, 93779, 162749, 186040, 386295, 262576, 194948, 129432, 144827, 413663, 489954, 283058, 384405, 136841, 459059, 238524, 256354, 319567, 288633, 118260, 186547, 313906, 207690, 154159, 96309, 203588, 3165, 346581, 195465, 328222, 78554, 417503, 375815, 377729, 239423, 185623, 241301, 392111, 177774, 481577, 115495, 32766, 217724, 423503, 99883, 279290, 306641, 166540, 395488, 262923, 138330, 398503, 166265, 151224, 210685, 475343, 95525, 442462, 144163, 58518, 231305, 223321, 82516, 161412, 446776, 57425, 27150, 82751, 4041, 16631, 37698, 239697, 437481, 136461, 126275, 25619, 162272, 41252, 439079, 19660, 216075, 69300, 70310, 347728, 316132, 98498, 233812, 429651, 227160, 50534, 60027, 214933, 95575, 197780, 419079, 243294, 382167, 205493, 373837, 89462, 139223, 358297, 208683, 429637, 268802, 207003, 105584, 78449, 444615, 8041, 285538, 349864, 468737, 298591, 409104, 63111, 352959, 149728, 121618, 210988, 78995, 29530, 170404, 387644, 280208, 442448, 338323, 42647, 187699, 210001, 204776, 496301, 61745, 314266, 300768, 16551, 210400, 232940, 336709, 360975, 115699, 176346, 375906, 246145, 13028, 457629, 148479, 369160, 122374, 173299, 46365, 260612, 433058, 36669, 386961, 459063, 161092, 186351, 274239, 477745, 109754, 16060, 86307, 261371, 172248, 426297, 62974, 429388, 32891, 287938, 139556, 143799, 13266, 262653, 241129, 360438, 472980, 77130, 493647, 445529, 121492, 432239, 112419, 244002, 206831, 90408, 201154, 430619, 28518, 480093, 23881, 246273, 155355, 53658, 425904, 323011, 784, 171421, 19161, 360069, 393073, 283807, 198733, 354943, 234783, 151328, 54729, 87588, 459704, 472319, 118248, 189812, 388878, 154507, 356375, 90616, 367631, 415472, 187366, 336073, 285062, 378757, 226260, 21605, 198943, 8565, 263674, 58652, 63730, 104850, 88010, 217131, 435108, 371283, 439447, 97644, 315312, 210123, 12155, 337357, 453932, 199096, 117706, 272777, 440082, 333536, 388479, 432834, 160962, 167927, 395547, 181807, 333806, 49228, 278268, 463893, 416850, 167069, 129405, 411251, 344430, 72380, 60408, 91872, 469017, 114392, 17646, 273806, 219284, 184882, 197332, 289129, 22807, 244802, 23021, 486321, 39973, 375841, 300998, 281488, 234275, 245255, 97472, 409473, 48147, 313630, 6293, 376745, 246711, 327904, 79071, 281973, 353590, 346511, 482741, 388746, 233822, 493443, 151831, 65489, 172242, 147890, 248013, 488069, 32327, 378321, 371599, 72853, 336475, 247979, 191090, 459850, 235305, 310224, 18115, 330357, 184457, 248252, 197744, 207846, 70566, 125708, 157239, 303489, 115102, 174820, 394421, 30529, 131602, 238392, 196927, 96028, 438509, 355479, 350285, 56716, 342453, 144720, 86460, 39850, 495063, 402189, 78898, 285042, 80850, 321567, 103126, 52661, 462044, 491436, 74256, 231067, 312915, 249716, 416409, 51757, 152877, 497170, 442302, 40127, 485950, 267838, 415079, 249279, 385528, 478269, 89527, 32092, 332346, 439440, 421417, 302235, 217691, 182735, 59381, 275086, 488495, 493584, 321679, 386064, 464493, 495552, 12096, 303191, 195012, 257556, 218503, 220293, 389698, 60860, 441552, 72637, 373291, 143563, 344893, 25968, 380621, 150024, 327096, 404743, 357841, 78227, 117263, 150461, 346460, 146230, 197114, 426060, 159750, 93493, 468958, 210979, 496405, 366323, 305481, 304444, 366627, 52133, 99157, 45977, 204963, 485152, 298955, 52890, 394892, 139540, 428256, 797, 284726, 353603, 109771, 166064, 239115, 239490, 405765, 161637, 330467, 255936, 419496, 90005, 481662, 44167, 182007, 138516, 365172, 56491, 371780, 472082, 445802, 428164, 223910, 417578, 371822, 307378, 180303, 376590, 395293, 473753, 282446, 413153, 474548, 65763, 386164, 472945, 262945, 303324, 154582, 482262, 460610, 334228, 384036, 371548, 359809, 201783, 47144, 415868, 244103, 375535, 361655, 300161, 149398, 148022, 434187, 328985, 172012, 73668, 23067, 290398, 55057, 484929, 395025, 135541, 162831, 363977, 122299, 401497, 284421, 27462, 340774, 262734, 59730, 224748, 188124, 231162, 285778, 288534, 9702, 440535, 466570, 179979, 18800, 202968, 409666, 370637, 352160, 451642, 478612, 437894, 142277, 134584, 420367, 64521, 134796, 234393, 408517, 465416, 72290, 260141, 322257, 147226, 78716, 346522, 126494, 283078, 320767, 50663, 409857, 223379, 297504, 276243, 459186, 266256, 215642, 355887, 400536, 417714, 234835, 195951, 344347, 487476, 482754, 379290, 265508, 208212, 197364, 252015, 311053, 12116, 74754, 333926, 316443, 166149, 101401, 419534, 46458, 123951, 291366, 214723, 192676, 84402, 27762, 351802, 317428, 325314, 156749, 303425, 118961, 436672, 315507, 410770, 463065, 67729, 194918, 212958, 416389, 50340, 349826, 402575, 355314, 202198, 194810, 433946, 218958, 464180, 181629, 482383, 143707, 172423, 140202, 238478, 352667, 474351, 391968, 442021, 66333, 473612, 24890, 267249, 198872, 409589, 445994, 262521, 406887, 290652, 256130, 410348, 427843, 41185, 483866, 370495, 176303, 375537, 232834, 47906, 376700, 339465, 476609, 441544, 193009, 227160, 47556, 219794, 80663, 299494, 65397, 442036, 296404, 378983, 253534, 451303, 350967, 357178, 41222, 199329, 239208, 132521, 83587, 459798, 152463, 494957, 434388, 150107, 239560, 308338, 15131, 424884, 3951, 104603, 12692, 379312, 403465, 5759, 195093, 19332, 50630, 1403, 18903, 301295, 336118, 443935, 38074, 360340, 410787, 320321, 352391, 50091, 325129, 285496, 119987, 10531, 377825, 361473, 260912, 258298, 383609, 480146, 270403, 267562, 294786, 349397, 167707, 339155, 479998, 60295, 217517, 88175, 338313, 149715, 27232, 419972, 38772, 209975, 42453, 27642, 330156, 268611, 285732, 313189, 478383, 445283, 27626, 396611, 104083, 187767, 305843, 193577, 161354, 388491, 424886, 59574, 93087, 188398, 445194, 127976, 149923, 455483, 275741, 211261, 338094, 141291, 372485, 64277, 317490, 117884, 215206, 452431, 276796, 306768, 371543, 116664, 448536, 261743, 87757, 249699, 164247, 273044, 306102, 331967, 365134, 213251, 122648, 90956, 133402, 32537, 201498, 404443, 359226, 28404, 13661, 35066, 473447, 439283, 57819, 340608, 464255, 62174, 5136, 287840, 53346, 475493, 224875, 346210, 370805, 282638, 203673, 253166, 158091, 481132, 218690, 486333, 427819, 212543, 11170, 63472, 396713, 101056, 324797, 285900, 393974, 250204, 191239, 92315, 24140, 178897, 362441, 346795, 482071, 193850, 487090, 388111, 284526, 272287, 52203, 330400, 248629, 173219, 297885, 496015, 452996, 498342, 164872, 18108, 469696, 20689, 497898, 479210, 148382, 374029, 377623, 204693, 217831, 330971, 335435, 341331, 70459, 318054, 494617, 342733, 288190, 152962, 376820, 7331, 394694, 359624, 357679, 330150, 241670, 297134, 276929, 479193, 436296, 189597, 37108, 240986, 435667, 168720, 39641, 101048, 182120, 63628, 130350, 339824, 80809, 425612, 330104, 126018, 342710, 97542, 172330, 499090, 299542, 333732, 282658, 322383, 106894, 78580, 303689, 135008, 51922, 200663, 296420, 150882, 173200, 170051, 162421, 95145, 281691, 292878, 215470, 192183, 257401, 248025, 82321, 289932, 458935, 792, 77731, 133741, 50275, 174629, 486039, 180494, 58421, 259324, 242531, 18098, 277801, 219078, 354926, 472467, 356097, 465095, 276437, 445484, 498783, 81253, 442097, 13153, 473788, 414291, 253243, 462005, 1364, 4061, 178289, 254338, 33673, 62416, 182898, 124887, 436044, 234757, 384907, 291230, 77017, 202490, 9471, 364611, 457344, 86125, 363118, 463984, 173508, 456119, 272185, 171849, 2710, 24494, 322629, 99852, 311714, 378459, 206362, 142916, 389486, 314166, 476455, 44809, 15142, 409424, 61485, 296556, 95414, 24512, 190356, 76719, 354976, 364897, 44647, 283232, 322470, 11631, 396355, 21297, 398874, 23599, 47486, 18636, 302592, 98192, 433448, 394974, 242768, 51515, 419262, 5984, 243860, 467793, 191039, 95802, 67717, 61920, 80452, 433708, 143676, 331571, 393692, 213904, 250914, 231722, 218175, 52072, 382314, 436649, 252578, 281670, 465858, 228861, 476781, 425760, 386951, 2312, 34944, 407209, 438012, 438570, 413278, 455851, 197126, 126190, 159114, 443976, 229253, 478244, 233178, 189841, 446093, 193486, 260010, 205745, 280712, 375429, 489886, 238445, 397961, 310575, 70109, 399728, 394287, 214516, 128952, 157839, 388597, 68273, 64905, 184414, 316715, 429350, 435675, 3772, 235073, 103509, 377508, 21708, 307459, 1560, 73238, 86323, 7791, 111808, 425720, 190875, 120939, 270609, 424757, 24995, 328473, 24742, 243637, 206773, 34137, 252028, 205173, 367324, 357565, 203709, 176008, 375659, 487631, 22036, 385436, 469271, 76458, 128078, 166057, 411138, 43736, 459786, 463526, 280682, 44895, 421013, 297097, 443772, 127767, 482031, 438224, 198224, 438039, 253964, 345498, 230607, 463009, 426157, 7651, 85638, 445282, 60253, 57167, 73679, 370202, 217128, 333141, 87374, 398317, 177621, 499698, 428916, 466116, 436768, 378464, 390556, 433196, 112294, 120574, 398506, 452337, 135869, 44242, 73839, 371886, 281174, 339071, 474367, 362808, 233917, 436244, 229846, 391708, 229647, 358689, 382752, 170515, 112602, 388560, 39370, 428571, 489102, 178282, 441799, 23826, 328790, 267604, 203336, 156651, 454089, 336907, 299451, 34331, 241488, 397445, 286071, 90757, 47860, 272001, 259595, 255614, 297870, 232999, 484605, 169615, 154269, 132237, 19816, 462207, 447286, 226481, 438791, 82971, 418621, 133581, 205895, 57137, 425455, 400708, 431285, 447694, 446090, 404689, 85394, 12817, 111429, 382638, 245280, 441377, 175263, 25518, 436837, 399248, 136825, 145382, 389662, 285779, 435381, 218656, 348935, 7370, 56749, 113245, 147014, 197650, 105858, 400184, 389782, 17626, 115019, 338882, 427253, 405559, 217192, 399145, 202402, 223208, 357935, 114813, 286404, 412877, 476491, 487988, 383604, 104166, 364235, 77717, 146307, 299612, 161041, 113548, 326913, 454314, 83496, 499100, 442993, 24403, 236675, 141822, 129068, 424215, 440764, 275568, 439295, 406855, 145113, 91254, 432211, 261832, 390667, 155156, 444839, 419481, 332937, 315947, 370092, 168024, 270145, 323179, 437973, 20338, 162317, 59406, 366651, 204549, 169770, 375435, 214274, 230407, 51988, 141678, 238115, 376132, 270357, 396464, 301746, 487768, 93191, 488216, 328285, 231473, 221371, 13566, 266034, 81367, 36655, 404818, 179803, 213146, 296080, 110922, 191199, 333034, 129991, 292734, 487609, 46474, 212038, 73118, 81019, 3006, 385486, 93806, 23818, 275680, 259537, 104298, 107464, 15297, 348104, 132823, 98967, 467550, 231035, 407482, 180515, 351332, 482823, 274102, 75092, 185221, 119947, 243978, 320985, 407244, 448743, 399297, 1542, 167083, 120978, 25649, 331643, 63796, 21587, 230772, 86467, 424208, 320676, 299465, 174713, 214963, 323181, 208815, 115967, 480886, 482196, 27429, 400462, 324599, 376033, 22063, 96909, 229638, 482554, 337768, 176031, 462867, 175621, 425730, 255457, 274196, 82622, 441360, 123383, 466419, 303211, 106130, 487879, 81150, 201128, 298386, 5068, 435600, 486758, 372721, 458326, 385029, 206704, 20994, 59162, 413572, 238076, 111018, 462209, 44316, 354838, 38903, 435189, 95909, 406310, 421578, 355051, 334530, 470902, 314978, 165559, 318695, 364376, 263307, 452185, 465028, 107480, 124467, 132586, 8620, 366209, 78845, 95537, 410911, 312055, 228298, 150451, 32011, 41109, 233300, 264395, 297998, 479106, 131643, 9155, 262013, 262600, 321917, 341645, 424729, 81322, 475546, 252618, 225638, 378216, 281882, 498646, 340569, 17425, 359406, 272680, 261111, 343582, 185749, 143664, 291166, 133614, 14289, 191238, 170436, 368079, 354474, 17470, 364534, 290030, 280466, 114633, 51549, 127956, 443289, 243860, 242324, 90644, 308886, 185810, 178023, 340362, 461371, 411511, 68364, 276721, 487658, 137624, 478836, 332835, 86986, 315097, 148842, 482694, 303253, 63990, 205796, 489122, 23466, 279518, 357944, 174020, 275365, 229690, 341761, 2037, 10119, 455733, 149534, 457076, 25622, 322077, 173254, 23077, 247950, 424286, 150409, 24376, 284079, 33729, 447143, 233172, 66239, 12451, 337205, 18967, 462698, 266517, 88, 78236, 13616, 223381, 106846, 133497, 64580, 169322, 389008, 286, 162092, 10020, 92043, 156696, 128461, 346737, 89226, 251724, 370236, 324162, 51992, 379845, 367149, 212890, 40976, 455004, 49297, 470563, 492574, 265793, 129345, 262327, 24167, 446263, 480801, 178982, 30272, 276489, 66080, 458387, 349753, 465954, 370878, 489698, 131622, 181770, 79721, 488642, 175553, 60442, 198726, 167936, 422800, 413896, 154145, 67610, 449289, 128853, 27809, 155438, 226937, 304566, 89957, 480397, 490485, 403318, 130174, 285243, 37105, 450289, 108202, 18215, 491503, 171542, 428546, 445768, 4639, 317995, 137654, 269220, 352297, 126836, 161694, 94334, 380148, 264866, 320685, 397647, 478350, 339999, 164991, 86748, 340916, 401231, 89342, 53805, 175002, 489463, 282441, 299063, 196874, 308352, 243431, 399104, 483148, 350752, 486741, 97251, 32599, 24768, 391297, 495027, 472087, 214324, 54146, 459672, 301687, 106463, 145399, 227095, 380244, 38170, 77432, 353873, 327904, 57177, 286028, 119713, 473776, 173781, 217451, 262703, 448423, 109064, 299490, 258461, 420922, 342762, 301727, 350566, 57268, 491350, 462697, 304772, 318315, 317919, 131281, 89867, 374288, 256917, 100766, 397972, 345199, 111850, 258243, 343593, 205534, 21412, 14733, 148999, 172190, 104192, 249634, 258291, 130755, 272058, 216308, 419749, 227141, 113111, 59033, 477177, 75774, 337964, 322788, 480549, 185076, 211829, 493298, 356959, 27963, 47341, 299963, 428131, 358400, 94908, 335412, 450761, 196387, 287402, 330997, 12249, 455956, 467439, 343655, 132748, 400475, 178374, 119643, 201708, 370613, 73902, 257005, 351449, 29371, 28027, 218753, 328604, 122749, 104396, 280509, 399209, 298967, 230170, 237322, 30643, 398385, 326530, 59722, 132937, 215591, 6734, 253651, 386048, 288208, 470399, 247913, 445184, 178889, 243901, 221398, 474331, 171097, 27601, 126417, 309057, 444586, 401192, 65005, 208120, 42613, 357537, 237840, 4703, 491184, 485385, 416849, 279698, 260601, 363120, 148837, 205554, 210003, 468076, 483352, 160539, 182041, 205595, 229241, 24839, 54023, 414252, 262023, 491785, 202198, 491608, 351110, 34693, 51129, 30907, 393718, 469125, 82414, 198912, 304658, 360294, 14316, 352101, 146400, 60358, 485320, 14697, 166648, 477117, 61242, 149018, 144151, 149876, 61451, 456339, 249737, 75841, 396436, 428118, 71018, 385862, 53574, 332922, 63341, 315553, 320843, 437500, 449177, 128722, 48071, 427925, 227000, 299556, 219441, 48807, 428252, 354800, 172125, 478554, 242083, 191779, 277397, 499051, 55294, 460072, 352005, 322910, 98618, 97811, 290050, 75603, 343158, 113792, 411325, 212546, 398036, 398495, 304111, 412136, 408922, 446089, 55716, 349688, 228987, 140767, 157231, 315449, 454516, 23476, 347672, 313019, 379006, 468553, 217423, 499175, 4040, 334551, 447055, 253023, 470829, 368061, 245298, 217033, 104925, 474850, 197468, 170214, 133010, 450321, 437910, 494495, 387732, 22555, 431282, 77837, 214009, 261956, 355267, 494977, 214016, 435496, 306362, 450053, 365819, 178380, 161557, 254345, 236258, 378405, 143935, 88667, 183581, 369764, 447185, 460058, 164379, 311882, 225449, 65221, 229858, 450740, 197122, 264064, 396449, 306625, 101850, 439911, 17678, 124990, 360893, 469068, 104163, 200147, 205102, 32972, 335644, 269474, 427075, 25925, 489059, 260328, 196892, 164766, 487796, 238634, 53143, 138173, 26433, 307511, 315681, 292730, 244388, 119667, 199144, 64811, 295738, 101992, 200903, 97280, 416148, 42660, 369362, 49419, 245756, 78338, 382296, 476505, 277918, 55565, 1875, 223572, 415851, 232893, 330433, 87082, 446834, 400298, 126088, 13779, 20099, 46325, 103119, 148846, 274959, 472132, 127387, 161007, 134579, 475004, 197752, 422761, 385478, 483013, 446724, 154360, 459743, 478928, 351132, 469875, 339533, 438830, 437798, 322979, 297400, 379751, 253770, 312577, 304031, 411026, 31429, 293228, 55486, 476670, 345190, 312084, 143233, 110222, 291379, 179996, 191096, 338711, 294814, 295084, 211029, 78287, 187788, 150645, 375039, 11068, 293221, 58883, 229561, 102546, 155584, 178609, 451981, 258744, 241993, 17689, 498223, 451868, 165831, 418388, 238139, 247466, 172188, 283876, 448777, 318035, 367528, 223340, 300056, 303249, 411815, 179190, 336804, 395467, 210348, 317107, 311147, 308224, 82961, 76400, 468253, 490993, 113212, 133741, 259896, 368484, 395154, 416119, 91213, 304090, 333538, 243325, 46936, 63910, 65357, 310430, 170864, 318760, 99465, 229881, 351570, 194367, 365345, 326288, 216695, 84512, 384266, 120449, 152600, 456346, 428454, 251277, 50478, 485318, 155665, 148758, 458939, 345241, 120348, 3095, 231092, 493185, 201936, 263909, 110997, 145818, 305400, 79168, 416976, 218932, 389925, 345481, 94983, 179116, 163424, 404592, 78073, 222572, 129513, 338861, 9175, 443217, 253521, 53914, 208882, 394178, 240569, 191302, 226295, 20998, 134329, 215659, 339376, 42134, 275301, 403042, 274452, 237447, 35986, 314640, 349379, 459954, 41723, 440608, 357609, 466901, 84573, 326775, 359550, 46467, 111346, 140528, 219050, 136902, 30593, 139967, 33383, 186015, 379862, 269392, 371085, 79839, 408805, 171917, 260392, 418712, 469697, 483425, 226989, 392791, 122545, 30033, 419055, 332855, 140073, 6566, 65238, 414325, 360752, 227989, 360494, 267266, 8305, 404814, 110667, 343776, 477451, 323241, 142399, 219179, 279515, 212949, 360656, 400216, 274649, 135002, 52339, 106375, 19689, 52530, 441750, 1045, 34202, 274727, 107295, 426660, 120748, 489094, 47415, 135874, 44851, 285819, 466370, 348794, 154326, 193987, 309711, 38377, 11324, 122094, 20877, 491645, 85931, 125240, 103317, 313212, 456667, 483829, 379372, 117406, 66301, 32605, 197031, 65302, 360536, 321778, 336057, 69321, 142217, 379663, 459079, 70158, 227227, 371250, 205849, 158166, 200535, 391034, 377176, 212289, 491626, 214756, 158699, 46528, 128573, 413469, 322905, 407570, 367393, 12676, 88877, 157663, 10872, 48424, 292000, 1258, 126703, 70963, 252676, 184602, 40284, 297011, 282596, 385417, 331847, 94200, 421099, 83044, 208620, 416834, 396381, 66049, 224674, 328677, 418523, 209037, 13629, 91571, 399111, 163605, 333345, 152636, 102545, 159806, 475607, 274311, 303066, 268582, 394178, 39209, 335835, 86148, 127419, 180595, 225055, 382244, 404948, 358334, 185400, 73653, 78117, 190114, 109951, 134435, 163967, 118909, 54527, 419014, 178303, 160952, 290396, 43830, 302249, 97673, 175055, 298119, 419345, 90149, 295884, 266792, 276218, 234872, 230596, 485733, 403435, 330027, 20559, 460434, 40954, 413895, 186802, 362771, 56086, 278730, 154739, 164590, 64600, 3582, 171401, 79015, 264348, 367035, 38505, 45025, 229669, 246883, 407978, 115367, 158494, 113641, 495452, 227376, 234017, 392460, 427649, 158532, 82623, 399268, 2861, 294421, 18266, 433172, 126717, 119337, 152487, 482746, 45677, 337606, 333473, 425914, 355870, 485365, 465965, 421999, 259584, 79917, 164288, 429472, 330049, 169883, 298804, 143886, 318976, 1596, 129858, 461030, 413905, 196790, 481594, 387530, 249988, 172740, 210732, 81192, 181523, 300119, 228017, 366838, 74863, 499009, 204146, 37263, 198862, 207449, 482035, 489067, 400422, 472999, 194942, 198583, 8376, 158046, 358779, 262241, 376275, 18661, 39040, 339432, 120763, 435336, 216846, 378365, 495801, 419090, 342106, 110347, 237024, 1830, 432055, 50240, 19422, 123579, 346547, 313695, 186496, 322722, 349593, 127027, 49134, 402184, 110076, 322576, 249208, 36270, 74203, 396783, 330869, 415790, 339439, 494566, 430346, 69142, 93018, 135163, 127294, 480531, 389784, 360631, 39396, 306630, 141089, 232973, 394207, 460659, 419169, 347247, 99019, 140989, 435382, 458134, 183850, 38666, 319625, 155910, 34073, 243772, 148675, 438107, 114647, 211491, 72637, 488143, 227038, 179885, 41625, 295561, 451462, 13003, 156495, 178761, 152099, 346213, 416223, 428304, 223890, 184900, 377053, 398881, 449955, 184612, 396620, 55713, 65658, 358394, 214046, 92630, 432171, 5743, 59112, 301936, 126183, 57804, 369923, 171105, 439881, 14089, 437932, 133948, 26589, 341473, 203143, 323843, 186329, 439721, 141755, 283247, 206636, 198879, 91952, 468081, 130480, 12743, 284294, 497186, 426193, 246950, 323316, 290435, 472836, 43803, 487729, 311867, 36067, 495451, 201504, 234720, 12159, 157438, 344857, 93136, 118624, 274810, 9907, 51501, 346786, 172642, 491029, 461387, 37257, 198693, 123833, 253031, 239742, 191167, 423082, 392353, 270799, 286616, 322728, 398239, 292867, 452376, 430645, 279197, 324642, 424757, 446829, 458804, 320949, 132554, 202697, 21590, 225026, 37994, 331433, 260318, 114507, 338711, 65885, 353976, 386174, 161125, 134152, 157106, 405987, 307770, 2405, 482118, 252149, 221573, 241804, 144246, 339432, 87938, 16736, 486381, 91294, 44259, 47361, 205111, 349939, 441451, 361681, 24233, 412532, 232097, 98578, 321465, 164023, 11822, 340030, 110666, 236607, 256165, 38097, 421078, 213691, 113897, 409661, 316911, 391055, 338880, 312362, 481599, 468527, 66760, 350179, 185691, 445555, 253703, 66947, 426404, 389259, 104297, 496717, 147179, 411344, 496605, 43700, 458479, 378079, 55157, 52449, 306476, 89777, 51591, 359636, 196402, 123017, 106059, 492484, 217648, 378601, 300580, 288249, 224918, 42996, 22752, 26276, 137433, 448378, 150809, 239571, 203172, 19037, 198202, 235023, 356908, 406303, 241596, 148847, 353882, 348105, 111089, 230596, 148897, 474892, 443513, 86461, 244046, 64499, 465067, 484184, 193682, 338232, 375039, 186909, 483683, 429806, 494338, 403655, 213761, 28002, 474889, 228236, 223028, 5769, 5052, 13321, 45231, 156943, 292031, 214493, 303245, 214894, 350815, 13092, 303379, 375521, 172633, 222180, 324254, 27219, 300471, 381628, 198897, 132384, 153836, 249169, 204567, 348607, 241349, 91263, 7521, 350360, 221840, 11567, 170288, 398506, 54176, 394984, 49803, 398324, 417486, 109236, 405608, 84799, 116146, 88389, 212890, 344887, 382345, 357046, 332948, 457418, 335925, 101481, 497891, 344029, 364893, 435050, 391020, 158760, 301161, 207394, 496132, 499177, 329460, 398057, 243220, 232485, 368058, 449436, 366040, 11669, 379002, 56984, 111190, 251278, 468789, 7593, 448626, 183246, 343551, 127044, 212014, 131964, 466651, 7810, 82139, 189911, 98455, 214881, 33709, 164333, 335868, 426127, 290391, 474819, 337577, 485388, 450771, 210640, 54584, 201182, 445547, 137375, 418218, 314901, 326539, 499419, 11394, 403991, 150164, 39134, 498788, 180316, 223979, 314213, 98651, 361045, 280711, 38156, 476425, 386550, 121992, 328860, 28260, 295752, 393399, 391042, 56604, 479258, 460991, 26126, 425319, 259441, 223039, 446369, 429104, 1909, 385279, 121861, 473421, 185651, 4123, 12118, 79621, 245404, 85474, 438993, 175671, 189231, 216452, 117227, 264828, 153348, 488919, 61063, 11949, 265385, 222133, 375014, 123420, 6619, 497641, 152716, 30666, 417855, 426530, 73324, 82623, 120025, 182503, 82656, 166004, 176959, 448838, 362241, 288600, 190747, 35369, 19183, 427686, 235358, 485807, 221456, 420276, 445950, 60162, 424535, 177808, 486676, 406689, 473446, 34269, 139673, 164219, 468766, 465351, 298468, 43656, 30525, 67619, 438268, 306646, 44993, 109842, 285330, 326337, 216355, 232162, 488339, 449387, 472079, 136365, 342074, 494798, 347197, 327727, 319518, 225859, 109051, 228491, 310160, 390507, 275046, 139615, 354914, 250180, 110722, 67239, 261642, 288166, 425355, 313472, 292169, 220283, 369957, 119225, 201240, 405869, 343054, 319772, 180378, 33443, 2198, 124911, 64879, 275917, 275940, 283758, 301841, 91189, 285111, 224326, 34646, 22307, 305164, 146182, 138104, 420311, 346748, 157592, 481891, 335549, 399357, 389589, 353679, 203637, 341927, 351331, 48086, 263813, 138752, 171700, 247162, 97584, 387444, 60699, 24765, 136625, 37720, 353428, 59051, 116221, 117112, 408068, 343542, 484341, 419667, 33970, 78620, 475372, 441987, 424693, 286045, 170504, 42605, 435892, 464311, 303078, 143682, 496846, 395846, 445268, 168551, 338470, 346313, 280648, 121883, 134646, 366762, 392164, 28265, 121285, 244871, 85741, 62308, 98173, 372048, 121131, 411699, 52478, 495280, 101895, 319794, 208227, 186116, 92469, 425728, 267909, 51984, 175299, 285045, 423040, 410811, 290168, 182721, 250026, 348610, 324766, 40338, 20415, 19681, 104966, 241077, 305948, 276801, 89985, 280996, 55975, 124033, 465874, 465932, 342631, 107926, 99585, 447811, 214659, 433541, 41866, 424016, 262516, 55850, 180635, 182407, 34406, 217738, 137322, 258942, 115701, 397643, 483275, 217357, 272067, 192523, 474827, 269119, 78515, 382674, 234752, 165367, 356008, 257736, 478245, 92028, 257835, 176691, 324801, 13287, 267587, 84102, 227304, 293980, 252500, 172764, 417945, 240784, 346988, 284053, 456807, 38126, 277099, 440203, 278153, 94715, 320611, 267894, 124514, 414536, 495490, 73364, 59601, 349114, 497251, 474487, 144312, 51201, 456325, 144871, 52939, 49839, 340804, 239837, 310940, 420989, 484731, 373666, 287367, 126220, 125632, 77043, 92275, 470988, 415096, 3965, 18607, 84129, 492061, 294833, 113736, 485361, 492089, 124360, 126800, 311480, 196262, 168160, 178788, 390101, 110596, 165737, 449208, 407275, 39136, 327379, 415809, 418434, 103802, 424688, 203263, 34794, 43824, 192345, 34090, 15263, 402137, 130312, 106428, 247331, 257495, 232711, 127481, 408149, 103786, 146862, 95663, 39947, 96769, 143878, 462055, 98818, 202191, 271330, 199284, 425878, 380081, 329396, 62114, 197675, 178761, 362444, 94027, 444368, 53592, 163778, 332184, 76570, 296648, 375554, 116493, 274676, 173625, 345020, 478449, 132924, 448605, 47032, 177878, 99696, 401478, 200747, 238160, 305373, 117455, 333220, 15734, 173225, 484563, 227428, 477325, 447768, 89522, 227497, 239443, 353089, 192784, 157187, 417137, 176674, 103503, 327917, 240505, 163860, 168631, 52239, 374612, 389891, 335397, 492600, 453227, 421337, 326700, 129160, 8289, 63861, 7084, 80641, 60939, 136795, 392898, 364158, 443587, 379980, 471327, 73614, 347838, 165425, 429646, 91214, 186772, 272989, 4802, 100021, 439825, 239011, 209377, 254135, 397205, 399943, 261800, 357621, 369424, 496064, 435533, 92918, 196384, 341848, 116686, 248054, 168382, 41967, 57950, 158302, 85837, 458598, 77344, 408452, 204240, 121697, 55219, 305756, 263229, 349633, 284675, 35626, 94912, 186352, 435781, 285764, 32045, 158642, 178484, 394591, 402594, 232735, 301793, 22333, 336667, 12939, 472656, 66037, 391493, 137339, 393915, 219408, 60622, 74323, 284916, 406805, 333667, 197073, 119455, 364282, 67064, 27823, 116233, 483346, 276105, 172579, 101878, 64207, 234585, 181092, 403903, 46922, 169678, 155043, 222430, 164767, 44922, 297435, 150915, 422969, 389171, 389693, 127791, 276778, 401378, 173084, 441270, 258183, 139266, 37698, 180885, 382482, 343863, 279692, 412961, 52225, 8618, 196642, 116627, 473737, 250207, 345273, 105883, 457191, 472850, 495355, 324456, 276650, 256777, 243098, 56155, 296847, 205718, 425853, 47629, 107245, 338567, 347341, 385470, 52413, 197249, 271514, 79558, 425873, 35843, 8959, 437502, 198628, 492712, 279351, 358494, 453560, 231861, 499568, 41528, 455749, 453485, 328776, 7173, 463785, 175833, 74454, 311508, 34463, 231710, 301596, 107100, 464986, 358465, 286952, 228815, 459899, 400141, 413101, 498249, 429394, 67555, 57343, 21879, 188447, 266453, 495069, 293037, 125316, 85908, 290879, 214537, 183161, 57641, 336497, 48084, 414566, 270394, 232819, 359478, 96414, 46186, 293319, 291586, 33883, 183873, 65863, 256226, 150862, 357217, 472294, 220643, 240027, 44286, 286426, 273881, 349197, 285574, 390985, 182180, 110569, 223438, 492234, 377188, 51550, 184531, 80355, 381289, 324535, 97264, 235108, 183092, 379421, 26599, 186099, 429427, 170364, 269981, 77622, 80331, 220025, 426059, 267313, 254010, 205377, 328987, 138149, 326777, 331156, 298671, 318758, 108751, 39890, 13202, 199418, 440406, 226094, 70504, 325608, 213113, 63848, 1794, 206147, 336172, 149686, 120462, 56906, 406459, 21227, 460993, 341961, 83590, 402088, 277271, 497120, 113323, 356110, 456474, 286210, 103387, 381412, 4190, 441125, 300996, 174668, 493913, 408948, 285874, 331369, 469821, 110514, 258090, 45993, 272673, 270622, 233051, 202069, 362857, 66302, 214735, 289625, 247898, 331894, 478953, 494359, 359025, 270357, 261567, 24599, 404164, 112607, 41630, 317649, 44875, 382946, 406405, 432880, 110161, 83422, 384317, 321318, 251718, 473907, 165504, 115090, 188737, 72735, 132511, 340201, 327596, 41996, 202681, 496152, 286482, 288472, 92549, 155875, 3358, 335718, 92762, 120897, 221337, 446992, 95058, 334093, 330174, 497940, 222767, 223047, 249563, 265362, 213732, 179857, 412642, 47599, 107225, 412160, 61450, 359102, 119156, 45835, 306841, 121110, 421604, 124989, 58319, 304044, 149003, 5011, 369110, 272760, 310829, 330817, 92038, 105023, 337029, 40770, 423517, 293617, 392129, 428126, 155015, 265611, 417161, 256907, 1439, 359896, 132275, 256109, 419703, 358976, 26043, 131044, 31802, 139758, 73699, 280654, 7564, 188683, 92649, 19352, 283906, 293618, 400850, 72441, 78877, 424424, 72028, 141294, 408024, 203531, 415752, 88463, 486422, 290288, 395507, 213517, 103460, 356528, 7220, 13001, 14321, 109455, 100071, 8629, 32446, 55788, 325854, 278608, 166981, 349704, 141297, 189216, 47940, 48523, 316235, 442132, 454286, 405410, 285943, 46414, 175543, 298402, 292000, 422488, 351643, 413749, 226190, 464476, 383259, 348723, 144355, 312956, 444078, 270157, 149539, 459275, 195902, 361499, 180692, 174525, 187983, 267076, 307465, 22192, 312366, 336694, 499682, 416129, 3868, 470432, 85688, 259325, 463029, 194413, 402859, 236446, 258579, 448837, 176289, 255952, 424883, 324748, 460252, 268037, 298840, 193840, 239254, 120097, 10295, 432459, 374656, 86559, 295474, 293849, 314367, 54810, 462644, 244917, 247861, 64890, 259446, 67401, 62503, 449848, 266641, 362805, 351669, 98436, 265436, 414790, 236141, 396282, 99740, 244481, 169716, 178714, 259967, 251597, 350090, 283937, 426673, 343664, 83043, 400736, 184567, 344886, 30549, 133930, 485234, 8804, 409708, 397773, 156098, 216214, 282585, 451275, 485655, 319413, 151270, 426972, 461127, 262007, 433940, 443235, 45091, 259224, 126895, 167165, 331891, 170293, 60652, 110640, 416377, 483854, 445938, 447011, 14305, 244389, 282391, 343467, 347944, 187366, 59813, 38292, 398972, 110832, 147331, 437319, 424724, 426112, 138965, 182739, 359951, 297954, 310565, 163878, 457220, 96771, 240016, 205749, 446273, 312867, 388538, 168791, 317065, 303350, 16126, 191870, 187565, 333988, 488933, 184462, 429287, 228928, 490019, 192132, 129807, 244812, 494629, 298006, 86533, 10081, 230746, 130088, 485164, 220885, 109902, 156250, 187597, 197881, 36892, 439264, 98627, 429193, 110081, 224969, 420968, 190711, 207646, 369513, 426790, 258474, 341398, 331140, 217889, 280380, 213814, 95433, 457787, 246139, 199904, 124888, 478418, 100283, 258433, 352492, 458500, 448717, 141737, 428908, 6066, 362821, 304732, 325087, 203861, 62445, 360553, 140342, 21080, 86843, 496386, 340348, 394790, 36443, 106609, 132540, 440865, 361510, 146735, 397334, 298154, 182157, 129364, 171153, 337925, 215724, 415258, 272224, 44091, 149507, 311825, 291846, 229112, 471929, 268436, 24559, 220593, 253576, 425440, 182582, 414581, 264754, 1811, 431731, 179211, 322147, 312, 65769, 296622, 383949, 309194, 108214, 271487, 235530, 61622, 310698, 450916, 288876, 273005, 198763, 489518, 19161, 376562, 375401, 291007, 196254, 372073, 34417, 106617, 265553, 104798, 218017, 416364, 228576, 70307, 261400, 25619, 241855, 422747, 2868, 226309, 302856, 15634, 50016, 130162, 209422, 171497, 491236, 189279, 328018, 17712, 214864, 403697, 155366, 15577, 263866, 244303, 336990, 148849, 155999, 327802, 463575, 143641, 326725, 115898, 307219, 486312, 163087, 181602, 101097, 388725, 218755, 409650, 366655, 318609, 414492, 336865, 250593, 459952, 464393, 387154, 366925, 134065, 331841, 97386, 458821, 74339, 98190, 260470, 465257, 206008, 31460, 390619, 6241, 116215, 222403, 26224, 286937, 253557, 81760, 192838, 357044, 361967, 282997, 110846, 303250, 213894, 296272, 203698, 95783, 372452, 184475, 377270, 10378, 178121, 72102, 427555, 315957, 158765, 118, 114158, 178300, 263979, 96069, 158460, 160479, 92843, 225548, 207176, 441204, 349970, 200639, 18123, 279489, 252891, 264269, 71059, 215570, 470843, 367759, 224775, 352434, 23369, 243109, 304495, 238715, 145271, 102159, 137406, 194788, 446219, 222108, 495376, 396612, 420592, 365026, 385882, 34080, 283464, 182233, 157099, 229081, 199132, 292371, 112155, 174840, 481369, 456299, 333557, 410555, 499750, 176223, 11320, 203036, 341302, 197349, 313615, 348094, 59895, 254717, 366648, 252413, 312874, 468482, 473366, 19074, 12154, 105062, 499446, 496363, 371537, 497618, 418760, 493946, 7753, 260929, 322334, 349035, 18689, 146465, 498396, 40563, 470053, 293605, 445677, 248700, 46161, 490919, 174817, 483421, 458682, 218904, 116568, 445695, 112382, 435758, 6908, 196265, 391809, 29265, 485085, 220360, 487237, 289176, 405602, 8094, 236628, 422527, 396216, 308971, 20506, 229156, 447782, 344423, 473756, 473723, 311642, 400965, 253077, 255012, 478914, 148188, 467398, 74039, 56346, 487115, 344857, 42684, 130001, 149889, 355876, 344165, 235645, 331706, 10433, 478647, 401271, 142595, 164493, 108331, 425342, 393085, 182684, 158206, 52755, 257960, 424543, 326611, 101338, 496002, 480031, 386937, 309127, 335185, 357789, 108812, 180475, 314815, 40235, 212507, 26611, 326356, 114448, 216687, 225297, 59665, 313100, 215071, 62752, 35439, 47662, 131226, 351052, 8243, 199739, 94768, 175946, 135530, 394867, 138037, 352234, 14972, 155869, 231913, 415593, 160521, 214792, 24446, 294054, 459562, 338418, 376035, 197026, 357371, 159334, 140061, 489179, 82944, 432248, 31651, 262291, 462964, 465436, 465353, 385490, 78626, 133594, 118248, 461797, 167316, 328658, 343451, 198969, 85668, 238713, 26093, 115566, 2687, 398837, 473422, 233220, 416343, 220821, 261936, 18978, 486415, 476010, 465831, 327950, 153860, 425778, 27390, 264750, 344418, 255067, 305240, 127963, 441610, 302129, 184889, 159375, 254024, 451351, 78842, 61249, 478184, 170451, 437014, 29278, 166929, 35853, 474671, 35620, 100831, 228943, 494666, 473480, 157487, 181602, 181927, 427869, 196839, 127991, 131005, 186651, 94784, 196763, 100474, 340399, 263026, 355384, 496016, 293245, 51635, 423381, 151133, 483637, 100693, 48453, 305228, 48067, 158253, 381965, 32409, 465011, 54017, 249882, 74150, 398634, 455180, 379336, 47510, 370818, 405597, 51881, 156306, 390110, 347754, 485763, 79714, 21030, 476688, 309281, 345053, 288548, 442240, 345334, 187143, 297023, 1446, 351503, 326417, 194723, 167731, 77613, 209188, 462530, 288696, 446049, 406053, 240686, 176889, 388188, 256536, 197744, 351270, 402710, 296352, 33211, 28665, 480323, 158525, 306886, 234770, 427782, 17479, 219684, 462481, 261153, 80716, 100818, 462436, 421721, 365055, 339463, 225267, 111095, 270035, 384031, 244995, 220735, 468861, 272761, 53539, 414138, 174739, 155986, 170875, 208239, 75386, 480154, 388184, 404672, 281550, 370950, 388258, 344636, 202710, 295049, 359925, 269780, 356608, 359563, 211397, 210440, 479861, 389037, 137787, 316256, 100522, 327147, 413690, 262794, 325241, 116909, 127163, 133914, 159678, 458293, 250357, 422389, 482844, 359886, 479922, 381623, 248401, 290744, 134061, 229374, 372274, 465469, 314329, 197335, 476293, 170965, 376535, 465840, 233116, 197383, 420422, 467624, 205274, 24767, 119146, 116066, 94474, 337521, 444089, 471891, 79895, 250256, 300099, 425091, 357112, 478322, 334685, 2173, 256845, 136502, 429494, 486382, 66198, 399872, 488528, 391572, 400792, 256552, 183694, 475470, 307461, 283791, 211012, 42122, 221569, 435550, 444875, 435648, 344795, 436953, 354144, 29057, 305365, 423797, 431445, 4569, 834, 19082, 326022, 326266, 424132, 96115, 461626, 412174, 266429, 306511, 86613, 493843, 241079, 342011, 499877, 147102, 382525, 479701, 354404, 193651, 375835, 260024, 196518, 37915, 189008, 458734, 32351, 407301, 254599, 433171, 45389, 372078, 174592, 268192, 161462, 209097, 213586, 58613, 175639, 416380, 261718, 477045, 491452, 442470, 457139, 206579, 240732, 139614, 423171, 334702, 218243, 145277, 376198, 455106, 51177, 120683, 122619, 288242, 30123, 149429, 461958, 56436, 79537, 452629, 190872, 286343, 124042, 345360, 299843, 344177, 392072, 283861, 223771, 437092, 343990, 189117, 150554, 457012, 410168, 140935, 352550, 439004, 366877, 200634, 102690, 83957, 129098, 84815, 98222, 290827, 308021, 336714, 58321, 154706, 335802, 362388, 375422, 4941, 125609, 79216, 97290, 48093, 492349, 73658, 52961, 1684, 216732, 328971, 496533, 119082, 26499, 90629, 141334, 368072, 76667, 454221, 152077, 296387, 471243, 328302, 152394, 321607, 493468, 488651, 254620, 391696, 78760, 229148, 17808, 409790, 36251, 70466, 428861, 85976, 208431, 393413, 273850, 475331, 169318, 242952, 392035, 473693, 108781, 113828, 86079, 290115, 125460, 173227, 27175, 495919, 252245, 207333, 5973, 224504, 257633, 202960, 431754, 368749, 121388, 90474, 268813, 125723, 77301, 271115, 116700, 370890, 378686, 49408, 61757, 469291, 433543, 346844, 46117, 85694, 486221, 178675, 475967, 88502, 291795, 284783, 200859, 103672, 146367, 234058, 497854, 286835, 60336, 317998, 1559, 233839, 445756, 48, 355744, 80236, 216075, 114620, 227699, 350510, 461406, 425436, 169596, 86548, 272604, 80920, 291970, 437175, 191324, 46664, 267142, 274742, 376248, 4190, 355452, 117904, 326433, 493621, 220046, 459381, 493565, 84062, 52113, 323677, 319908, 253142, 421793, 211357, 111925, 313661, 308214, 176717, 80011, 324193, 237205, 372605, 64469, 331857, 282890, 35888, 104549, 141714, 148628, 58255, 264813, 60570, 179269, 33953, 152256, 394339, 314876, 382213, 493693, 181308, 250340, 474091, 25315, 405432, 371962, 49995, 491245, 290694, 444677, 295275, 478858, 100492, 57195, 481568, 382575, 182273, 320347, 318362, 414662, 417577, 450351, 175138, 313480, 344044, 272024, 57056, 170899, 206194, 262328, 215439, 307400, 139371, 443538, 469569, 481318, 134569, 158315, 26044, 184245, 438931, 267352, 175665, 46965, 293, 343715, 21889, 241498, 83076, 148053, 206278, 325863, 408736, 181410, 50038, 206417, 448912, 450141, 423613, 193760, 68907, 100079, 201623, 109403, 194781, 170582, 299694, 8434, 75824, 182640, 48864, 187450, 58696, 228923, 215980, 463141, 337401, 343986, 448840, 420884, 230341, 294291, 349397, 342858, 333859, 118230, 116739, 448970, 12363, 146283, 288762, 202908, 405764, 369228, 380105, 369234, 40475, 230594, 380533, 188365, 480468, 490093, 6983, 427924, 186559, 49408, 435267, 181543, 319430, 279201, 182040, 401442, 486332, 498409, 341369, 373084, 108505, 491897, 220313, 48062, 275044, 2617, 24602, 457360, 371759, 28585, 293955, 139779, 266904, 82402, 286816, 376960, 104167, 275765, 333725, 276050, 332779, 302636, 295406, 380043, 258146, 448768, 167486, 482499, 158344, 486198, 34183, 396366, 489785, 393162, 333180, 368165, 243357, 366003, 167519, 379131, 86915, 168860, 455301, 238480, 66134, 312648, 46540, 356532, 277650, 188714, 335043, 263568, 287992, 228885, 19891, 327485, 298760, 177082, 39860, 242112, 217550, 317435, 255963, 204938, 236935, 262421, 378289, 400334, 169911, 461120, 6043, 366033, 440852, 136159, 333114, 383020, 216766, 487380, 74128, 97753, 178362, 358315, 411562, 127962, 448600, 68994, 144176, 466238, 215520, 212183, 49217, 403032, 415357, 42853, 379310, 458070, 328538, 230691, 239047, 112735, 315814, 318972, 213148, 497842, 247186, 327353, 196111, 103425, 287510, 429579, 344955, 396664, 420999, 5045, 476280, 308989, 66818, 452692, 141875, 193751, 358197, 381372, 85683, 414498, 21417, 260616, 430345, 126830, 347084, 88257, 487171, 129739, 181454, 487902, 386952, 64794, 357576, 481133, 374542, 265546, 415838, 422157, 90990, 338939, 367116, 14010, 139102, 44876, 422946, 54911, 433866, 184993, 108201, 94129, 487375, 114700, 69443, 471431, 465724, 401334, 161844, 485455, 371096, 2882, 135131, 460062, 175394, 450826, 440453, 431589, 285005, 364068, 68609, 367805, 109539, 494698, 173949, 215532, 341171, 221159, 220714, 362311, 149517, 221097, 478230, 5133, 442114, 392092, 244964, 91318, 46697, 216557, 444681, 182113, 415568, 219474, 347751, 107418, 472990, 36468, 411802, 217715, 299334, 380354, 429709, 242979, 412318, 45463, 193191, 31554, 217937, 189639, 417857, 480766, 153254, 312243, 405856, 297286, 375695, 219277, 423589, 498802, 498942, 41945, 36779, 442458, 341984, 366691, 9493, 30832, 425272, 361731, 382195, 15142, 355447, 300551, 273577, 364552, 261509, 428712, 255780, 440853, 356107, 174551, 386617, 101898, 200306, 233471, 275909, 17530, 33372, 393261, 312525, 472798, 284351, 229508, 176652, 447453, 149352, 457674, 290880, 67281, 146658, 50368, 82922, 103814, 31227, 286256, 157461, 363772, 143226, 73435, 182921, 182473, 410786, 455342, 481689, 105048, 219478, 212151, 61954, 436151, 25158, 414747, 110463, 140141, 3215, 459471, 363887, 346537, 458504, 205917, 130385, 443419, 389183, 97750, 446044, 462467, 202865, 495740, 211171, 53990, 49720, 31927, 442570, 495868, 341170, 440669, 327411, 355506, 406345, 161366, 91112, 134334, 280893, 161701, 241066, 167920, 151108, 263860, 262367, 150761, 270245, 186387, 7780, 307623, 339965, 137916, 24539, 170605, 217579, 384420, 38673, 225802, 181329, 171612, 435018, 183527, 409634, 107207, 74333, 171189, 484326, 467261, 93773, 166904, 325560, 258782, 34242, 186883, 437905, 405531, 157247, 356392, 165735, 176147, 277963, 163829, 222558, 178045, 135894, 93492, 94120, 195499, 204680, 415606, 133267, 340673, 202028, 213907, 208934, 373527, 109110, 419406, 352337, 244294, 168813, 164610, 132181, 157899, 75954, 171696, 155556, 158050, 470351, 272916, 477396, 55436, 232905, 64271, 332086, 143727, 429878, 426011, 165258, 304442, 38166, 139480, 216112, 203289, 212211, 27971, 133369, 194829, 46123, 65284, 63201, 180641, 405667, 117282, 216487, 260928, 303500, 70739, 310308, 294104, 398187, 336899, 360551, 196518, 61100, 124570, 175330, 45812, 138717, 440256, 118150, 266194, 207237, 330354, 360981, 392762, 101688, 213738, 278976, 179846, 400630, 218796, 224867, 345685, 91319, 274279, 491520, 326344, 438788, 424444, 79301, 81907, 74662, 8070, 95783, 279469, 182920, 381423, 323988, 236533, 447246, 55716, 45548, 278609, 239024, 334274, 373023, 199983, 319841, 371748, 262667, 308333, 395467, 317859, 248790, 206088, 427830, 445888, 59758, 484493, 345513, 489441, 380520, 367090, 474931, 378001, 301426, 62873, 458814, 111520, 49954, 302672, 87601, 297493, 332468, 470654, 65363, 182688, 165061, 414570, 460625, 15324, 116324, 107384, 180088, 406627, 70366, 472462, 398692, 499415, 262603, 341503, 297058, 7614, 63732, 386470, 396694, 189347, 95707, 239385, 34613, 464070, 53412, 232670, 124512, 345609, 120791, 299695, 67635, 325554, 327721, 373896, 383842, 108990, 77410, 191971, 247138, 206523, 250109, 334418, 186806, 165519, 341542, 134737, 171447, 136182, 449622, 31562, 163714, 306454, 412307, 405128, 315241, 186016, 135265, 453652, 273160, 231640, 199409, 414413, 412449, 406748, 239158, 187392, 346277, 298678, 481467, 252469, 292458, 12694, 282304, 193013, 133602, 313407, 487652, 38623, 460438, 145251, 127014, 404079, 83308, 361664, 345377, 298949, 319043, 173171, 371311, 170875, 57730, 251124, 49282, 228269, 89319, 231674, 108953, 119108, 465647, 462192, 302601, 108340, 232427, 161660, 409188, 5943, 444193, 409463, 56230, 364169, 307686, 102927, 457747, 33257, 63674, 183325, 318727, 190475, 126831, 473049, 59686, 123739, 306279, 310471, 163919, 321507, 87616, 197569, 47861, 417323, 322855, 363400, 476776, 315838, 442310, 265128, 458100, 339202, 15738, 499708, 366702, 453036, 487018, 387018, 14271, 263982, 44387, 442000, 186687, 382732, 390901, 184077, 190881, 319673, 343402, 60227, 396233, 330573, 298146, 461214, 70211, 40826, 263650, 398333, 366475, 286445, 137036, 47022, 63666, 134912, 162169, 240248, 158337, 208795, 41298, 460319, 362146, 23863, 298798, 375416, 412749, 105996, 136371, 343166, 256395, 417207, 267969, 3778, 134379, 62529, 339086, 58346, 410837, 131309, 19997, 74890, 323378, 111262, 324589, 284179, 303649, 496828, 37555, 70068, 465861, 454618, 497132, 40091, 31750, 482087, 148900, 23578, 265314, 399767, 143311, 166342, 289530, 34977, 463572, 322265, 467845, 4171, 19849, 437313, 251765, 205566, 237100, 208578, 444841, 325398, 77091, 358863, 52878, 245012, 148286, 189707, 443924, 262369, 257359, 167272, 320572, 371066, 249531, 280861, 450515, 371256, 485480, 395973, 259894, 223019, 131258, 157632, 19474, 450038, 295913, 262903, 309516, 260864, 453869, 385038, 4710, 12619, 497750, 353256, 35592, 83314, 348000, 75091, 123588, 480869, 434549, 8738, 50584, 127768, 423511, 221528, 436297, 257315, 419743, 77556, 49621, 75871, 474205, 42348, 470324, 33362, 202762, 323018, 247016, 226883, 348171, 295686, 200458, 167407, 239119, 170073, 356666, 271364, 126292, 164363, 317734, 327988, 305502, 191188, 30487, 456790, 485874, 30993, 54614, 73977, 393926, 251119, 150790, 295473, 47903, 189234, 401713, 431679, 290007, 330875, 192172, 96725, 150299, 280312, 397417, 251071, 104837, 77456, 368207, 278054, 447070, 263198, 243195, 47176, 103424, 145378, 22870, 71937, 364967, 209743, 8758, 207990, 127156, 266811, 215874, 140768, 403829, 202168, 240924, 134419, 173005, 242506, 375857, 175367, 30888, 440367, 370169, 240822, 455096, 432179, 48738, 268931, 135227, 243123, 401652, 265199, 289495, 202236, 160388, 326969, 27512, 353780, 74540, 246055, 417080, 112227, 270938, 69246, 148960, 51264, 151030, 280394, 21831, 54465, 465065, 375241, 412588, 340848, 272728, 16881, 487317, 178002, 155897, 434562, 267964, 263178, 339960, 251730, 433462, 411972, 488701, 471807, 380994, 80103, 288340, 491697, 119997, 45880, 380566, 117098, 337366, 61553, 192300, 415326, 23368, 214930, 193557, 483467, 81790, 376961, 96968, 439709, 384036, 498088, 421947, 244123, 258727, 272397, 234726, 115280, 401428, 101911, 192606, 17530, 499192, 330419, 498206, 172082, 376703, 117237, 312374, 478946, 363207, 289643, 52436, 317656, 232968, 40543, 163164, 109410, 131871, 112711, 486590, 39996, 328246, 441548, 146372, 337140, 95855, 147481, 344386, 223793, 378283, 221064, 253089, 384882, 97423, 164161, 429240, 454359, 278460, 290348, 287177, 240014, 365101, 352924, 400477, 237627, 262042, 373107, 478729, 457762, 495900, 437680, 116334, 475133, 367589, 169224, 148493, 127227, 145329, 334934, 187566, 465907, 214303, 92153, 245032, 180817, 180221, 397121, 233059, 165790, 214949, 58189, 195250, 328650, 405403, 348126, 127528, 92196, 348357, 54359, 196741, 37616, 474468, 435386, 213298, 290370, 309496, 12945, 231811, 441337, 75399, 8320, 44608, 51251, 173912, 434682, 140140, 452908, 279487, 409402, 323743, 176116, 7587, 14071, 321957, 246433, 71408, 231726, 435758, 374277, 222994, 200975, 454343, 215756, 379947, 68793, 145416, 405416, 460042, 460854, 116068, 454652, 172959, 189217, 69142, 123789, 338461, 255580, 372239, 173248, 226123, 363109, 489210, 422548, 224088, 199596, 174110, 217596, 407473, 171783, 173319, 101041, 8378, 227168, 288423, 452815, 407999, 401530, 86135, 42223, 326915, 211121, 256217, 125278, 253650, 323495, 169197, 303697, 203936, 117262, 356521, 405736, 10769, 167512, 179152, 324667, 35741, 192715, 116882, 165500, 388388, 142210, 462702, 257686, 486067, 403981, 231837, 366102, 447863, 456086, 229188, 48177, 450641, 75246, 452506, 3336, 485455, 147503, 111554, 258427, 59988, 221721, 496307, 367026, 23060, 24338, 193039, 269986, 341139, 198536, 162043, 125240, 172513, 480901, 293457, 86433, 332465, 286500, 289358, 343421, 6960, 317900, 64588, 17933, 295067, 313035, 211064, 71392, 386827, 280913, 17844, 33212, 217232, 365945, 257986, 309479, 244265, 164994, 161272, 419600, 372170, 92047, 166797, 74583, 30241, 204590, 282772, 184665, 369965, 74568, 302170, 55778, 113642, 176180, 336628, 218579, 288970, 104209, 252782, 449262, 477038, 90264, 122712, 340321, 442033, 367507, 193310, 479401, 61622, 44238, 462014, 216756, 464561, 421715, 136765, 292246, 55197, 428072, 163443, 165864, 188759, 411364, 255962, 471145, 207710, 89114, 166601, 41869, 484022, 18006, 257404, 230622, 404250, 122280, 131307, 248467, 343822, 174268, 337367, 287012, 424423, 15621, 33988, 412522, 83856, 98902, 315233, 160354, 188186, 323618, 131470, 208365, 219920, 65166, 448409, 323449, 374645, 449514, 401211, 71823, 88185, 211879, 233901, 283702, 282207, 4712, 447278, 428379, 322093, 282815, 39202, 238698, 105401, 87440, 417033, 26442, 227429, 317161, 401381, 106538, 162562, 379425, 323624, 131122, 249495, 47623, 87909, 227310, 453477, 64210, 308679, 287816, 346591, 456864, 173352, 58533, 250550, 454730, 430305, 169222, 259722, 28381, 228828, 209972, 67509, 211993, 242922, 57926, 403603, 439485, 158845, 492952, 15507, 99317, 489248, 257364, 326262, 343439, 376401, 324006, 423535, 175221, 497348, 303845, 411153, 459197, 289492, 348452, 150696, 454585, 307440, 107843, 57619, 83794, 13262, 224550, 408245, 306801, 350731, 93468, 193657, 422381, 368077, 372057, 150234, 203257, 8314, 483451, 184095, 438135, 2490, 170724, 124662, 221989, 258228, 306771, 316639, 96412, 205198, 419446, 154128, 69877, 188514, 157741, 22568, 276040, 205230, 400594, 193167, 210220, 403982, 459132, 441383, 49866, 493168, 293967, 28949, 107660, 25742, 112911, 237759, 396496, 148993, 259648, 124640, 419747, 136491, 409724, 102651, 385646, 390272, 201775, 357766, 294192, 44473, 156668, 285205, 356494, 242961, 204919, 209395, 92145, 306924, 13494, 111488, 180918, 351894, 420880, 307363, 336359, 437437, 215554, 66438, 49289, 465895, 162267, 94810, 398426, 274232, 477168, 198726, 85275, 481028, 371769, 1729, 76765, 237284, 179929, 440591, 100005, 235979, 16694, 382954, 122383, 305076, 478451, 245678, 131807, 118053, 128645, 25143, 401661, 491077, 4528, 340859, 343789, 32435, 147554, 408076, 484966, 35665, 261731, 10996, 312822, 48499, 206493, 1118, 464090, 137324, 307514, 376222, 330590, 395055, 242863, 258973, 314062, 136304, 253680, 125267, 29810, 426131, 248607, 296082, 200373, 128976, 80535, 216000, 200957, 399065, 307959, 315355, 381889, 250443, 113501, 223224, 380101, 164273, 167704, 202492, 383860, 230352, 301511, 326248, 359082, 385118, 399132, 81231, 349050, 464202, 3301, 441960, 485472, 403749, 95795, 252865, 2194, 317414, 380184, 445024, 7436, 138901, 424867, 260616, 378561, 343010, 186058, 244118, 193738, 544, 406044, 107127, 358132, 470669, 436905, 370404, 450540, 477539, 31892, 356180, 57011, 137569, 300311, 88205, 123152, 74492, 259929, 264418, 268873, 472531, 372054, 429110, 202314, 460116, 80334, 280638, 355147, 77878, 293385, 113149, 281454, 299337, 45038, 273848, 11377, 375679, 473878, 392017, 488371, 469587, 364766, 120887, 284890, 310719, 445078, 249695, 160045, 203443, 435568, 85961, 218310, 31491, 168044, 259127, 407877, 301631, 67144, 499906, 236582, 94246, 167398, 143176, 347849, 370444, 180367, 154865, 233126, 101623, 318906, 426644, 182180, 392269, 459837, 478245, 305760, 191579, 468318, 139290, 250122, 166031, 11294, 38299, 433964, 379760, 340898, 107001, 294785, 454321, 380767, 101160, 440108, 369713, 315605, 397746, 440889, 338497, 129145, 160820, 472422, 144638, 242751, 39351, 153290, 226679, 110860, 159768, 395203, 425381, 403345, 1755, 306979, 163165, 437208, 176750, 350734, 307914, 229995, 112079, 56226, 444566, 387417, 134239, 194104, 85323, 380111, 23513, 437499, 144492, 138214, 94918, 437117, 111834, 216321, 57326, 306262, 152878, 318734, 101278, 10563, 96097, 443537, 321278, 458975, 421176, 176921, 316276, 490310, 421455, 114082, 492087, 41863, 73111, 5244, 165656, 417598, 413355, 268815, 113518, 164710, 329924, 4058, 72157, 333513, 209817, 122587, 478178, 93047, 349865, 203329, 311708, 449133, 40325, 290115, 485302, 147961, 282068, 380204, 114713, 246711, 444265, 355704, 12064, 342339, 495360, 306568, 189719, 359266, 220001, 440628, 251472, 311503, 196800, 436436, 324110, 281617, 158611, 375386, 247322, 368634, 20979, 422197, 34987, 207562, 365896, 292028, 247523, 102654, 429681, 495346, 438401, 162098, 32927, 360918, 282494, 252322, 452677, 311678, 326440, 183693, 354710, 99671, 173316, 303889, 404229, 407924, 458626, 338850, 428870, 335120, 259268, 463497, 130401, 3743, 357874, 107393, 427559, 185368, 158540, 329679, 391032, 181645, 495590, 187582, 183218, 446242, 211178, 457775, 293215, 96206, 459377, 466138, 405361, 104857, 405762, 172183, 170169, 59675, 291599, 157513, 498648, 217289, 339635, 1226, 100370, 106269, 158863, 415407, 361279, 165259, 397548, 151465, 201241, 106039, 237588, 160100, 78522, 428008, 421354, 136672, 380644, 375088, 68047, 191084, 366746, 427490, 63069, 433314, 436692, 280666, 294137, 183389, 263276, 68854, 22763, 5636, 459997, 361862, 445547, 457566, 323419, 219652, 85617, 410108, 376270, 154411, 419589, 20466, 255201, 413221, 226219, 2948, 123214, 450406, 371602, 477284, 305790, 188475, 80109, 275883, 310640, 162140, 150198, 202832, 4111, 459617, 297090, 298406, 268131, 247832, 431403, 259218, 274665, 416755, 239626, 480673, 206461, 291775, 239580, 284807, 66995, 166906, 401521, 232303, 73193, 94454, 356504, 241149, 54854, 450333, 14999, 56534, 306885, 163370, 454498, 442338, 411005, 95077, 349550, 247326, 432486, 329809, 97070, 90956, 74397, 452649, 436985, 57015, 403067, 265405, 254690, 255960, 451143, 269722, 22599, 134989, 389040, 472904, 322342, 83685, 102682, 94206, 483028, 339217, 170611, 372473, 426115, 27880, 307873, 225974, 435925, 140463, 358845, 3146, 280739, 424848, 280125, 240263, 482985, 111828, 447761, 117443, 2803, 40519, 308958, 407269, 66736, 136636, 151006, 140798, 449804, 286007, 167719, 355652, 277886, 245070, 21372, 312775, 288117, 206126, 183201, 391680, 409616, 135432, 27478, 405992, 246606, 324755, 729, 412827, 239412, 112180, 496318, 53052, 369613, 140628, 355264, 400822, 20283, 320104, 274545, 455522, 495039, 109742, 48849, 265224, 275051, 111880, 95134, 182171, 119357, 390566, 435421, 19067, 340710, 67599, 189802, 186462, 39737, 332048, 11598, 236161, 222266, 306424, 467104, 490912, 133950, 64050, 96070, 298330, 411867, 347696, 365061, 32671, 102905, 45549, 47210, 420365, 19770, 452923, 465368, 340070, 478668, 373716, 235842, 472537, 78012, 245633, 435525, 146244, 201672, 237421, 400145, 12646, 306156, 82175, 295256, 295684, 190202, 194784, 245667, 470451, 89672, 333728, 271583, 45955, 365988, 283835, 172163, 389572, 138937, 337207, 71313, 201643, 182197, 94653, 9748, 368662, 35480, 64015, 335310, 223974, 358462, 208348, 195231, 124267, 468799, 418498, 306472, 82895, 448651, 442242, 126923, 224622, 367361, 242390, 245336, 305756, 26814, 289596, 432117, 69240, 446139, 406974, 68462, 312417, 4154, 392500, 271282, 266379, 452860, 424231, 174777, 26614, 320496, 424824, 194263, 298790, 468153, 193073, 228732, 98222, 221805, 265904, 63789, 8877, 296452, 338119, 76535, 14042, 472449, 384760, 177512, 343617, 57794, 211029, 285351, 235780, 68651, 355406, 385969, 66179, 33249, 393516, 320580, 273011, 326591, 143031, 105292, 103034, 337975, 182871, 107899, 113058, 455335, 131339, 419928, 244204, 186869, 130536, 388124, 98518, 355431, 245194, 218976, 345760, 313014, 209011, 330242, 357543, 446834, 172091, 79454, 377301, 237606, 296611, 231382, 370993, 327595, 453552, 51477, 383994, 13208, 442382, 206485, 367277, 121546, 174041, 409791, 292452, 491010, 289284, 432061, 493645, 126257, 476146, 118020, 343842, 379027, 31032, 307841, 491196, 371893, 26564, 243645, 69124, 432737, 95522, 107505, 376042, 180292, 310555, 263577, 206865, 489992, 91142, 473507, 403362, 152129, 188362, 405542, 229663, 40485, 9807, 459484, 412097, 84244, 42364, 80153, 206352, 213390, 155570, 403756, 40062, 170528, 115247, 272741, 401766, 171206, 148315, 366011, 96446, 381827, 157591, 54167, 441025, 82835, 434484, 272398, 483587, 400383, 48625, 52483, 125289, 336186, 360710, 46821, 69863, 461174, 441814, 410155, 218026, 205652, 66674, 181316, 225767, 400258, 359183, 160896, 344132, 383674, 314387, 136123, 156315, 226290, 107702, 59005, 440724, 436114, 258675, 297423, 458329, 84633, 80093, 218322, 417620, 376670, 216799, 166387, 253901, 44398, 86688, 98485, 215181, 108569, 101854, 38862, 108596, 316299, 150652, 67377, 485714, 347106, 219043, 168334, 305031, 60675, 446555, 252890, 29404, 211991, 18988, 57646, 179172, 14829, 377636, 243205, 50829, 36634, 80969, 348150, 243483, 56240, 162495, 381751, 251972, 316739, 456950, 82621, 331895, 429143, 263220, 144691, 82281, 253828, 376193, 381005, 383134, 274810, 27026, 100291, 426601, 462418, 230193, 25076, 143848, 63824, 468634, 85770, 35048, 199217, 281730, 492222, 428867, 317879, 491978, 201970, 351696, 246682, 336925, 121965, 444273, 40701, 446748, 156561, 228635, 226328, 467612, 281005, 369492, 477600, 382295, 226140, 62213, 201375, 351339, 184192, 472265, 30977, 279435, 151381, 488855, 79845, 97664, 364139, 418986, 296809, 62000, 465783, 133277, 404373, 428791, 17603, 332241, 115471, 421634, 463609, 498473, 234442, 12296, 457281, 317725, 431849, 451865, 135680, 16535, 40858, 262211, 389979, 124177, 66516, 175716, 408666, 114178, 491241, 17871, 201879, 249249, 448217, 246505, 43097, 404116, 238147, 44849, 290900, 274116, 142334, 67102, 237193, 248018, 262846, 270574, 342176, 305040, 382909, 130857, 13415, 305455, 419523, 5535, 194687, 135291, 78984, 302449, 433411, 337601, 238874, 292686, 218464, 302661, 178375, 141558, 203045, 158922, 366645, 450990, 322744, 151500, 184000, 359373, 378374, 77438, 100607, 218829, 21038, 427093, 150667, 1394, 3725, 306007, 170388, 88891, 401886, 56085, 444266, 114738, 295648, 107735, 282122, 442143, 363363, 257144, 286467, 138675, 342568, 273916, 169340, 20636, 13662, 428049, 397669, 421862, 463954, 10442, 296084, 466017, 332702, 5255, 357742, 387138, 409079, 268338, 454978, 189795, 124331, 55330, 299618, 40609, 227731, 410673, 203108, 16656, 425274, 356356, 474025, 423758, 359941, 56646, 130582, 262588, 485905, 178975, 92911, 261131, 167368, 57408, 157872, 402460, 70270, 110764, 458231, 56098, 133733, 136942, 1107, 463913, 132587, 491172, 212366, 4443, 87608, 362131, 383705, 499936, 90513, 127890, 330659, 167553, 474271, 167690, 330735, 25177, 118504, 111250, 316180, 493153, 195566, 264562, 47281, 303793, 299437, 369850, 248782, 437647, 428038, 185364, 65439, 319231, 82543, 175718, 133595, 205909, 470585, 298364, 41815, 396622, 477057, 25126, 438840, 237664, 428142, 322043, 257316, 113487, 6944, 470926, 173294, 471051, 71303, 158865, 256049, 271004, 155935, 78814, 275471, 129108, 113070, 388290, 188122, 481111, 418485, 359936, 81169, 401550, 71815, 442534, 122609, 271546, 297525, 398062, 342750, 236827, 436948, 422938, 253348, 360572, 343198, 481667, 70031, 462023, 212824, 464227, 239968, 340324, 478584, 231049, 136405, 18515, 202712, 403195, 417957, 99316, 162382, 175470, 484908, 425931, 263201, 214489, 143116, 387313, 53120, 35351, 325165, 85759, 172626, 115341, 454060, 383908, 426133, 308471, 247990, 27580, 433928, 415744, 312404, 251841, 5870, 25166, 45471, 467959, 482410, 320973, 19093, 296666, 63269, 204149, 358731, 136334, 247018, 15773, 401538, 190844, 85626, 471687, 277094, 193764, 100334, 390952, 143171, 196897, 350812, 427933, 287226, 155461, 494978, 47069, 395, 149678, 39634, 234397, 90056, 73169, 136564, 27706, 322125, 456156, 363960, 479146, 324555, 223182, 64855, 423984, 183562, 214394, 338001, 445135, 424198, 351290, 467679, 189274, 357910, 126857, 383710, 404052, 309559, 52838, 153649, 493875, 435211, 357499, 18993, 132496, 434994, 480567, 186441, 482379, 214032, 6641, 260078, 364176, 256152, 26674, 138177, 159749, 370759, 204189, 262795, 180876, 312809, 272587, 252542, 402114, 68450, 137134, 12660, 268515, 158707, 150287, 220277, 342895, 366289, 26403, 201630, 295686, 471966, 284845, 420279, 399302, 77947, 490380, 54009, 240327, 462040, 457855, 279790, 201510, 67752, 68646, 366589, 477125, 475203, 379351, 305564, 15172, 471980, 317028, 209962, 422161, 492341, 243001, 485456, 439984, 3597, 463531, 152532, 98620, 378579, 171391, 452892, 5522, 373715, 36212, 180389, 421422, 179898, 349317, 414161, 286352, 253862, 204789, 237036, 191530, 211115, 364813, 282125, 154121, 485609, 372845, 87595, 473223, 73494, 69487, 17987, 146039, 154349, 210919, 375126, 193240, 182632, 497592, 493150, 250642, 411868, 9961, 281628, 428058, 127688, 46450, 313550, 277484, 361935, 477027, 250147, 31222, 167300, 302332, 92992, 482269, 27391, 362098, 112829, 161148, 494879, 84976, 331323, 486926, 107820, 60513, 51586, 28726, 119844, 93655, 270057, 123780, 28179, 38612, 79565, 435255, 315224, 497077, 334042, 393565, 78994, 314655, 377734, 278228, 85597, 484124, 309303, 451339, 278314, 477417, 477717, 41181, 72871, 372823, 371425, 256435, 162670, 247181, 378568, 228544, 369701, 492580, 474192, 191144, 226079, 350574, 453003, 175814, 174523, 362251, 216843, 330820, 87561, 127594, 154678, 482516, 247273, 175783, 267964, 185822, 446265, 290592, 209024, 257602, 362955, 136526, 30502, 229519, 203582, 43783, 491437, 55781, 340362, 36671, 315930, 459511, 135640, 365074, 116647, 310801, 156869, 457995, 463865, 260385, 58835, 483315, 173551, 258769, 408087, 280078, 397456, 212408, 311063, 179282, 450230, 91532, 247252, 214991, 91947, 444249, 252011, 194944, 177477, 491321, 130859, 186308, 446993, 147415, 458849, 314558, 101461, 314953, 8642, 132271, 57049, 492329, 79307, 425064, 339448, 81871, 144561, 245104, 197474, 232106, 83734, 152451, 352471, 329971, 41319, 459952, 458694, 293541, 461455, 74265, 127697, 289219, 372290, 354989, 238673, 191920, 115178, 452222, 255668, 179404, 404034, 72346, 181344, 2506, 431295, 470394, 236291, 7071, 224786, 393329, 73211, 485505, 329800, 327969, 169011, 20616, 52416, 222873, 177371, 321853, 334449, 499421, 217385, 110796, 217928, 222889, 490848, 375019, 153008, 445291, 120140, 446747, 125876, 68230, 184146, 144665, 213623, 10884, 9590, 432917, 58680, 221387, 328313, 474735, 408027, 222607, 91158, 82361, 108068, 322415, 105784, 128248, 366793, 217792, 328647, 238293, 438957, 81206, 264865, 3861, 289450, 140838, 141272, 76039, 305037, 268285, 287112, 39333, 179694, 147026, 315471, 414854, 88567, 345096, 292521, 245955, 70538, 112716, 362987, 50663, 308387, 495405, 180136, 416667, 398158, 3661, 447205, 113102, 498943, 221652, 306078, 425092, 211263, 273713, 132376, 382248, 307970, 223050, 126502, 338010, 383390, 342145, 147677, 348816, 171391, 322192, 254319, 199218, 363185, 475697, 370997, 301718, 228654, 103486, 300153, 318256, 286062, 126586, 344218, 154353, 380591, 396767, 198229, 65180, 171976, 208709, 49673, 192371, 232763, 73350, 388788, 74797, 269263, 162524, 461960, 331249, 360917, 166975, 421354, 21741, 425993, 184650, 236086, 149827, 48208, 234996, 276166, 163593, 379191, 277777, 329166, 7553, 347897, 372904, 477837, 374179, 192186, 67319, 388733, 32461, 58962, 319991, 222985, 38241, 15141, 303562, 174879, 280122, 443037, 232685, 221054, 275348, 338842, 232018, 129221, 50078, 427642, 236171, 435693, 117202, 59276, 128713, 288659, 167190, 77438, 439436, 56066, 186242, 424081, 381713, 492250, 4527, 441190, 348723, 281955, 395129, 76617, 487689, 417190, 180994, 38455, 409606, 96972, 91721, 395057, 435056, 454388, 447938, 15025, 421821, 220141, 333051, 302632, 65290, 446838, 496950, 291243, 163683, 297493, 179258, 3050, 254248, 116199, 105654, 53796, 228397, 404478, 209193, 399271, 22235, 392156, 184732, 380559, 272541, 184180, 264395, 462423, 139407, 72022, 49374, 309962, 491737, 5342, 139678, 240994, 167422, 456772, 88317, 82618, 246419, 377754, 135221, 325596, 470844, 396397, 482, 424664, 37468, 187606, 22883, 93681, 383556, 477162, 161039, 26184, 457050, 233410, 113610, 29085, 465695, 56651, 276989, 49778, 3132, 45128, 209145, 50655, 159241, 327938, 457726, 271194, 202203, 234584, 212675, 196562, 399847, 107070, 190487, 167974, 263386, 352004, 80887, 68131, 209050, 43857, 297239, 254418, 242049, 414410, 384577, 309043, 475177, 64567, 433072, 354595, 339309, 46856, 389503, 133291, 474405, 34731, 68534, 306435, 292984, 399512, 461328, 308847, 57611, 338217, 116013, 367194, 392904, 346228, 269663, 84622, 251732, 446026, 392367, 389380, 407528, 32886, 231205, 439936, 490810, 272072, 438393, 80885, 191823, 286169, 463266, 454054, 469173, 470402, 355773, 95943, 168120, 393687, 404160, 312315, 493891, 267142, 432385, 54518, 285868, 170031, 173525, 440403, 379961, 481202, 81965, 254366, 222302, 144414, 348357, 427057, 21200, 243702, 296920, 31311, 216737, 245994, 216631, 12301, 192567, 80186, 361659, 477760, 191507, 392338, 442360, 305587, 375465, 99324, 264457, 460780, 78228, 264419, 81689, 368280, 160083, 406669, 39402, 315136, 371054, 250431, 100131, 181688, 317311, 222118, 217122, 377810, 157736, 118465, 233824, 309333, 343720, 400939, 254313, 343098, 231021, 418704, 82933, 343675, 491895, 255017, 27991, 9809, 461946, 153249, 474574, 361402, 126688, 410442, 73429, 216502, 283421, 80965, 381744, 352489, 254252, 304021, 408419, 11096, 4364, 470607, 431584, 366565, 199201, 420182, 249264, 261342, 287614, 171610, 454752, 342304, 143987, 236378, 413325, 279965, 21238, 256227, 119050, 363853, 284446, 305059, 464891, 287941, 441093, 109047, 284404, 122394, 432569, 137468, 468729, 214675, 120030, 276474, 145097, 383745, 99939, 17823, 259822, 60862, 342313, 260793, 217562, 95398, 452451, 273754, 53691, 489797, 48041, 10469, 272028, 331960, 209942, 400966, 7669, 131019, 226186, 271184, 368365, 453345, 212725, 31207, 282962, 253804, 103763, 428144, 320440, 389158, 52406, 308903, 100353, 174132, 72100, 337326, 176442, 294316, 278591, 222142, 374808, 318956, 132253, 254404, 451376, 341676, 104719, 300414, 487266, 423940, 31158, 306383, 454611, 50458, 61665, 262518, 53517, 223396, 306961, 431774, 358485, 198601, 137108, 257688, 366745, 434256, 315020, 49305, 303149, 116676, 19700, 410004, 144073, 82042, 181588, 22398, 448574, 470062, 169914, 365745, 439298, 159699, 30964, 99749, 306925, 385011, 232000, 472556, 155810, 80239, 153969, 269067, 271028, 208004, 231965, 457191, 62274, 99468, 13870, 460722, 444385, 39190, 381662, 164894, 24602, 129582, 291055, 402238, 187962, 335369, 195103, 483858, 139320, 454075, 146445, 177545, 109384, 330344, 303978, 341814, 417923, 396441, 272220, 489600, 72795, 52854, 32274, 496322, 386485, 3041, 431536, 112375, 219711, 198042, 24861, 454224, 54617, 58260, 148598, 149953, 141242, 191094, 130774, 369397, 169203, 268727, 444913, 376902, 79836, 4992, 410541, 444307, 24613, 244240, 36957, 145714, 404242, 142923, 350021, 47909, 279218, 114976, 45868, 177508, 47967, 55451, 145296, 81083, 463736, 2555, 369814, 203075, 156666, 392182, 23622, 320606, 30862, 439808, 483394, 301840, 365252, 479319, 213484, 79938, 77982, 451529, 192838, 443677, 343312, 348316, 34468, 416635, 324432, 27577, 191814, 128576, 96630, 382527, 106092, 410413, 110265, 120366, 89146, 68741, 335605, 25831, 364352, 443692, 67734, 399623, 308346, 9262, 125738, 58262, 10768, 477645, 42829, 437975, 157264, 270642, 76331, 120031, 159257, 33950, 463202, 16874, 181227, 127340, 67296, 324975, 120134, 421877, 252601, 458886, 316006, 300191, 217924, 426075, 130046, 200023, 434701, 311052, 240672, 26912, 345864, 328230, 407438, 190007, 101643, 473086, 317985, 117783, 364184, 433091, 321174, 433328, 447420, 57499, 365393, 367000, 165432, 360784, 8800, 350241, 326613, 263778, 393977, 437324, 427837, 166419, 352338, 180971, 416366, 58404, 492109, 335143, 180954, 445176, 106687, 343272, 371637, 423537, 90591, 294657, 311824, 25320, 222502, 394524, 95865, 108350, 193808, 453213, 419349, 317644, 79998, 227668, 386689, 248730, 398782, 152911, 160507, 70851, 234701, 873, 78001, 276109, 489674, 246107, 161333, 63555, 449994, 217164, 428449, 48124, 368484, 197387, 371774, 376142, 271536, 499950, 276008, 225793, 154544, 191588, 28010, 6962, 202678, 240869, 198838, 48516, 309923, 151318, 251224, 76334, 45026, 411271, 62942, 149144, 120611, 198346, 386594, 498624, 310105, 497191, 189153, 11450, 16517, 109, 32882, 366959, 249744, 413054, 265248, 401739, 460851, 449735, 111658, 2867, 258181, 356359, 165218, 460916, 393990, 399697, 199380, 144350, 297151, 232377, 96144, 411077, 127826, 242332, 492849, 357248, 113433, 467817, 14986, 343327, 44286, 214414, 375170, 185249, 476840, 34508, 472698, 498086, 465205, 487196, 141474, 383878, 422919, 237485, 282218, 473789, 133889, 417817, 40582, 316791, 165472, 344239, 370621, 382072, 283961, 493672, 252366, 319082, 102943, 3718, 278538, 385168, 144468, 383927, 497450, 418122, 115581, 233134, 345902, 339893, 364378, 245988, 129538, 466064, 196841, 212266, 11245, 352753, 146492, 205216, 70552, 60621, 376570, 369083, 243416, 21598, 313075, 437784, 118556, 355226, 131530, 196668, 449001, 389461, 239022, 379981, 212181, 190548, 28077, 160227, 30457, 216206, 315538, 474928, 185022, 36987, 365564, 461770, 261053, 234627, 249923, 76119, 429272, 436822, 114283, 107420, 450259, 437982, 78831, 76036, 100996, 276128, 185763, 224868, 438375, 9113, 274969, 217408, 112174, 307091, 294210, 138289, 242550, 326541, 193507, 26245, 261838, 103709, 22029, 408052, 314896, 121218, 473155, 211645, 365866, 281430, 370917, 449349, 44071, 262918, 317982, 14268, 64493, 26353, 306674, 6970, 267056, 439489, 187031, 372013, 219319, 401528, 345140, 58364, 382395, 381003, 101778, 253023, 254674, 211266, 117993, 333237, 6415, 86577, 170428, 335494, 36255, 67929, 401833, 283732, 429805, 104776, 296600, 238216, 92090, 11212, 67003, 297156, 320411, 336188, 421904, 41372, 194390, 194181, 194394, 499569, 400578, 160384, 168483, 39263, 312292, 250158, 212784, 196657, 14100, 150772, 6420, 495732, 143222, 447133, 259465, 29342, 111375, 216983, 180126, 108226, 440891, 433306, 1619, 322451, 268640, 357009, 34714, 162004, 228976, 206136, 279706, 129450, 183850, 197848, 144704, 117989, 481243, 121524, 32638, 327548, 435066, 252283, 183749, 258377, 156989, 372694, 461688, 197041, 31184, 475332, 139332, 91494, 1641, 9735, 80176, 186006, 391262, 255856, 459230, 130218, 305571, 207457, 426995, 292146, 176601, 491805, 347615, 156245, 232901, 40345, 281631, 440167, 491327, 418434, 155326, 40002, 395923, 207968, 451492, 20847, 59447, 108477, 244835, 363792, 416219, 221821, 391532, 488170, 264863, 170092, 221768, 462677, 321377, 79327, 180887, 410067, 384022, 43694, 455855, 402474, 315238, 454389, 170481, 444578, 149605, 94954, 10584, 336070, 377279, 444787, 265124, 375253, 385725, 274753, 111581, 263359, 63042, 357678, 160322, 228669, 365283, 432806, 149471, 329904, 86103, 147743, 212736, 236217, 136566, 107236, 15655, 96056, 436622, 376811, 27165, 268842, 333995, 355616, 193423, 332105, 410541, 353328, 16797, 430037, 254244, 281474, 150269, 149044, 72183, 147606, 34397, 382769, 411586, 426628, 41235, 199609, 231716, 38558, 18346, 21436, 419708, 193247, 182458, 483715, 329378, 173437, 441751, 458359, 296656, 124680, 174137, 158109, 20004, 470868, 498828, 487054, 40752, 170987, 51842, 347924, 30089, 126661, 86966, 308373, 371801, 395670, 40684, 115898, 252646, 84589, 436906, 184750, 17281, 16380, 339834, 73892, 9743, 379548, 179405, 94159, 486274, 373858, 43061, 61764, 496132, 72410, 469725, 21038, 175963, 133991, 481199, 22028, 32728, 127135, 44553, 36812, 185234, 92442, 185503, 241609, 413386, 60561, 248965, 57544, 437788, 15553, 421159, 82632, 87372, 358519, 47761, 475525, 418580, 340005, 337296, 474434, 478117, 11356, 428685, 274463, 42779, 392637, 134407, 353375, 317172, 410812, 154531, 94521, 74452, 245301, 178325, 213422, 187731, 187715, 23732, 198446, 284034, 103372, 359783, 12458, 318864, 344476, 97193, 69171, 198089, 407929, 206797, 9646, 223188, 297547, 435814, 422789, 447060, 457569, 456069, 215966, 304716, 107113, 420884, 287392, 448280, 452817, 486880, 24250, 5539, 409911, 275510, 152140, 476467, 484804, 10978, 490371, 482104, 404832, 492143, 85353, 51784, 116627, 389290, 71049, 297032, 116308, 234719, 329968, 343205, 226090, 161122, 217826, 493350, 299638, 158082, 57258, 463238, 225537, 142789, 365964, 81625, 477439, 76165, 330466, 196112, 264937, 438232, 57531, 364642, 278521, 226670, 345630, 38257, 372474, 296944, 445735, 74717, 227863, 20009, 314189, 61817, 384726, 321281, 303409, 142337, 395317, 423095, 152098, 272564, 306457, 402224, 88293, 414509, 484938, 38346, 167327, 165192, 74252, 341857, 359691, 137254, 11387, 92418, 422658, 486805, 495292, 106550, 326709, 81550, 298349, 311139, 334664, 406504, 449956, 458731, 216304, 419747, 163159, 174745, 90231, 275352, 365799, 441363, 82372, 352791, 165303, 68162, 14708, 63935, 358983, 396385, 213360, 105950, 474782, 108383, 366454, 294606, 487292, 91154, 84829, 66772, 367460, 287534, 200496, 336284, 404130, 3705, 216773, 175749, 322888, 89381, 53613, 491472, 111016, 385402, 362030, 29647, 95283, 173966, 127212, 58138, 354499, 363558, 481992, 388781, 200656, 440089, 402796, 39926, 102760, 348581, 499070, 87588, 166035, 287853, 322664, 495406, 220284, 224298, 492615, 64332, 294324, 441242, 265013, 371580, 492281, 6006, 454078, 425975, 424537, 134915, 229638, 185431, 276084, 423344, 270818, 331218, 203586, 122257, 462577, 217813, 387076, 416689, 352727, 75195, 431028, 332368, 490577, 236483, 22040, 266247, 9968, 354214, 55845, 111262, 33820, 43570, 315932, 95864, 178809, 158190, 431162, 57750, 447634, 227784, 440909, 237776, 73046, 376340, 35790, 482222, 36352, 360439, 325776, 155943, 457576, 63074, 89005, 454291, 190843, 468238, 338686, 394791, 100894, 379389, 199317, 106340, 44789, 378651, 212299, 234838, 442181, 237331, 191192, 89393, 468928, 307537, 222303, 86582, 39266, 116131, 127054, 225676, 108766, 441082, 37484, 18941, 321657, 22475, 477004, 135812, 364865, 248988, 145533, 239374, 19203, 443459, 381903, 228241, 367479, 15219, 103265, 244852, 412496, 70619, 404723, 364011, 49288, 172878, 349516, 453118, 95024, 92561, 439579, 275599, 234333, 159711, 89704, 454080, 353015, 5228, 175047, 38860, 270955, 363204, 47373, 460789, 389170, 422620, 159812, 185049, 101680, 376369, 185367, 69970, 77665, 198196, 11455, 371647, 415336, 261897, 284601, 250699, 66483, 343392, 305739, 148473, 161581, 275040, 278343, 244218, 343055, 242349, 452629, 185004, 178730, 93058, 14505, 486128, 110735, 211314, 153403, 70942, 183190, 161251, 347828, 2943, 102274, 357799, 142758, 168757, 378647, 107162, 481667, 457563, 418383, 242181, 352057, 258690, 77246, 334557, 337842, 11618, 171129, 18812, 263206, 469292, 451776, 328392, 188584, 482661, 118887, 171451, 51668, 109518, 411697, 131719, 390536, 461347, 325948, 405557, 203258, 120106, 240078, 455351, 40693, 26794, 400594, 118399, 281097, 290418, 348528, 240151, 286973, 8324, 267130, 383475, 447920, 52196, 154330, 396219, 2296, 370693, 386302, 491261, 396299, 102045, 289916, 422422, 289890, 264177, 26099, 478068, 385047, 177630, 101586, 243431, 251632, 420294, 148231, 407290, 486469, 132814, 464150, 187732, 253364, 468525, 351655, 11244, 396263, 402633, 87563, 20682, 399519, 316878, 54481, 413038, 289626, 35132, 263033, 149942, 18629, 83594, 56016, 104409, 457832, 7693, 346398, 355481, 482473, 204973, 187839, 255491, 329183, 143836, 289348, 379044, 115302, 199521, 51758, 214017, 240496, 407678, 142983, 162498, 194776, 199639, 176358, 172942, 208326, 372644, 123603, 178272, 349998, 434683, 361131, 83526, 261836, 266257, 172734, 210408, 337282, 251943, 215358, 477585, 329497, 13311, 434879, 365370, 349806, 496271, 184060, 323562, 498894, 390422, 230387, 229533, 282632, 446633, 394605, 304797, 422702, 146548, 104933, 42030, 22522, 122009, 111849, 23016, 87816, 211099, 364881, 37222, 180244, 481171, 25522, 37274, 392740, 46543, 430322, 21004, 98461, 372986, 211638, 136206, 17499, 208867, 266183, 74798, 315523, 434466, 362324, 487496, 455374, 228004, 272087, 149220, 370227, 373996, 279238, 448108, 309643, 435772, 188, 223956, 226315, 36675, 431217, 232701, 454468, 138089, 445233, 319811, 407320, 325108, 286881, 146928, 132391, 65756, 256568, 319410, 469096, 380529, 277933, 13377, 12996, 120128, 127146, 273508, 392286, 276206, 162471, 360979, 303946, 200359, 366659, 205650, 87140, 19762, 211649, 313151, 23834, 485704, 47103, 114583, 252366, 374563, 498377, 318233, 319161, 368316, 451955, 124347, 36998, 13964, 177898, 421620, 279189, 293474, 315444, 211538, 465681, 47932, 303810, 270147, 18362, 408711, 427889, 131050, 231843, 163072, 450493, 56524, 408467, 325678, 131627, 225803, 81942, 141080, 161586, 117540, 172543, 491081, 335800, 426715, 225071, 47516, 245460, 137352, 123713, 59893, 62169, 249390, 47750, 223969, 428275, 168851, 327335, 356966, 28141, 340171, 42737, 87250, 442270, 398335, 420439, 37227, 282883, 378028, 253416, 189264, 323117, 278472, 345873, 255335, 106949, 320655, 126553, 39189, 318947, 105864, 246159, 442549, 215658, 243651, 530, 352920, 227468, 24284, 76640, 445497, 160197, 78271, 237155, 481111, 77481, 447606, 140368, 404595, 43975, 268000, 399953, 86154, 245583, 229944, 475820, 194696, 384083, 155601, 25429, 355730, 296384, 23836, 92074, 205205, 326604, 365633, 367547, 328168, 192825, 168729, 411924, 438300, 379119, 229735, 224746, 490682, 480201, 466105, 138772, 4743, 131929, 234035, 213833, 303938, 364334, 73910, 219945, 394997, 299328, 185469, 130879, 416078, 315953, 351467, 34098, 117510, 415350, 259440, 212184, 18027, 94287, 243815, 178075, 31340, 65829, 102667, 113549, 74836, 372539, 428661, 357068, 83545, 155598, 429377, 376119, 223668, 136914, 485631, 436743, 213190, 207832, 481150, 122652, 174067, 395754, 246862, 241442, 53288, 492654, 367309, 378660, 441114, 430838, 483012, 353538, 495042, 291115, 433545, 475179, 353370, 233974, 8072, 121295, 110991, 120577, 110535, 157724, 87670, 368837, 80514, 303148, 435560, 449097, 72259, 152074, 373817, 21128, 320347, 356548, 25368, 206142, 396116, 4423, 439667, 451946, 20650, 85028, 347026, 425877, 476326, 468033, 454192, 178772, 330864, 471044, 377344, 340141, 214777, 334126, 43286, 122673, 223680, 246816, 376851, 8908, 336678, 377070, 12501, 45281, 255853, 352355, 433890, 282589, 304066, 13381, 374438, 26637, 44897, 99699, 115417, 163072, 133897, 343831, 78509, 360990, 41906, 257885, 380638, 99293, 214404, 186860, 367963, 189615, 394928, 340992, 472978, 376177, 82457, 35577, 124405, 397209, 201029, 46974, 416376, 466755, 175637, 166331, 488285, 339072, 182022, 189691, 175145, 196065, 269256, 134454, 269654, 197694, 38921, 369407, 29761, 161203, 344949, 296626, 323948, 215473, 179913, 21118, 111500, 46284, 180436, 98485, 486954, 71392, 325382, 281648, 189624, 26115, 380282, 471297, 290300, 496264, 428899, 203013, 185070, 68612, 397836, 38911, 230753, 179873, 443662, 425008, 95150, 493134, 394365, 224099, 232747, 376008, 134892, 145411, 405294, 98631, 373467, 395596, 465399, 295180, 345584, 135145, 81241, 330450, 355685, 166014, 287582, 113613, 493218, 644, 333959, 422009, 221674, 125954, 82042, 320854, 235016, 156466, 126189, 296142, 134539, 219901, 464804, 79302, 27491, 250257, 237205, 382285, 99423, 417748, 474415, 218641, 464430, 429405, 233670, 442358, 246331, 456457, 295763, 41501, 411486, 330180, 291631, 175326, 138599, 166373, 315680, 409634, 59820, 121831, 475935, 289366, 235392, 145668, 444554, 125407, 431752, 43173, 106649, 398330, 470122, 27263, 108334, 301123, 333143, 61826, 269058, 12771, 361589, 410311, 486777, 361877, 80151, 135599, 182818, 235529, 270062, 230527, 284302, 381201, 234757, 61929, 424922, 430696, 207348, 465570, 214038, 137804, 7617, 205329, 186728, 311537, 191630, 487145, 260205, 400325, 224307, 1137, 17035, 160675, 75145, 136397, 230351, 459976, 436194, 163638, 342569, 394485, 258352, 252729, 154380, 337225, 272140, 383602, 191270, 29727, 172328, 493687, 78351, 193977, 460617, 225293, 127428, 9547, 181178, 151479, 389591, 81233, 8776, 448364, 418910, 339361, 148443, 65778, 24959, 135250, 217854, 456535, 76469, 332600, 91313, 281895, 376423, 27370, 196773, 444579, 203455, 133283, 173092, 36640, 326961, 256717, 179704, 473219, 79099, 318418, 431434, 424541, 216539, 64770, 350399, 86389, 239433, 471958, 492368, 350958, 205276, 372405, 388414, 151666, 38222, 322735, 247752, 448366, 429653, 109919, 168664, 331582, 284999, 68670, 204601, 370806, 384141, 133696, 468744, 211628, 327167, 304716, 405073, 216962, 369779, 461776, 305172, 335402, 62908, 470074, 248617, 243796, 51562, 211044, 85983, 58638, 206936, 104832, 197428, 124631, 373973, 57602, 194509, 27541, 140299, 289269, 273632, 166845, 114500, 451784, 187208, 354461, 69079, 121977, 221357, 431078, 180678, 346275, 460524, 92513, 99878, 102216, 479388, 132644, 421994, 96166, 134789, 107752, 115563, 51145, 165247, 416365, 149011, 2208, 422643, 490508, 408290, 81856, 261330, 156269, 129989, 439012, 313249, 479977, 349195, 406268, 41410, 86307, 497214, 493533, 31528, 187405, 248795, 326068, 32753, 196119, 92384, 8403, 302198, 382520, 425293, 174787, 462584, 338751, 443330, 204991, 132320, 461016, 473458, 469838, 121567, 222456, 396473, 366305, 472493, 273896, 353668, 285241, 487516, 414709, 14742, 249142, 354367, 128639, 239655, 253030, 272473, 9617, 167035, 218235, 122711, 252663, 391285, 129856, 185727, 471776, 88816, 442904, 106577, 37181, 161452, 172720, 478412, 252013, 192848, 88392, 319294, 38696, 295681, 148021, 472571, 326949, 438086, 440751, 223233, 224808, 29312, 250775, 276697, 7431, 400532, 232188, 191537, 65747, 19116, 36240, 96534, 359735, 232055, 70057, 264410, 333147, 82516, 46159, 269117, 229110, 183488, 17230, 254037, 492935, 432736, 1770, 154337, 96296, 425642, 203510, 385980, 411894, 406752, 190315, 380130, 494637, 294705, 7039, 163386, 138963, 365456, 473137, 368076, 257851, 414882, 85477, 375779, 483408, 34517, 450673, 337747, 438202, 481948, 442856, 110458, 23985, 160839, 456026, 130795, 339786, 273119, 379030, 5519, 153469, 290869, 87362, 237146, 34467, 206750, 489405, 226075, 36638, 86129, 487870, 379857, 263370, 452587, 369153, 339805, 141477, 311103, 268413, 339724, 78296, 401012, 341676, 377611, 27963, 357630, 14204, 161328, 179853, 411054, 304407, 157740, 113841, 317466, 271105, 78326, 228821, 68529, 121788, 492784, 219517, 126914, 391217, 232870, 209149, 496212, 81649, 25626, 183095, 295223, 135337, 376813, 335534, 91930, 443359, 406049, 277091, 73126, 330924, 468947, 288054, 483026, 372043, 58290, 42613, 294012, 364618, 310455, 340597, 92259, 483063, 478515, 161027, 79323, 462194, 402590, 305502, 77094, 268636, 469966, 117216, 204412, 343797, 11725, 109821, 269707, 320982, 409197, 354815, 468965, 119369, 92960, 475244, 237469, 461427, 366204, 183378, 335091, 93113, 355596, 366708, 270317, 253364, 200839, 114092, 173177, 60565, 175429, 491675, 94569, 332006, 164128, 133186, 180884, 33465, 92268, 327986, 479748, 499776, 211465, 182841, 112620, 313177, 91953, 113808, 456305, 339339, 327461, 17001, 390320, 316276, 380185, 217971, 218118, 52250, 476185, 486871, 93366, 443380, 165835, 132743, 18809, 389661, 491825, 438526, 1546, 114330, 98964, 119390, 191454, 363546, 183133, 422602, 214679, 481941, 363664, 117907, 183083, 424156, 85899, 152383, 441971, 481804, 174506, 218084, 269092, 258444, 27699, 182508, 73546, 473216, 22996, 170738, 16471, 13258, 426032, 447997, 296186, 491948, 350450, 25363, 344595, 434409, 169093, 181847, 325467, 401807, 143113, 294325, 114541, 221891, 241798, 14415, 457469, 107735, 241731, 298009, 132588, 439133, 400988, 252543, 115242, 478310, 360187, 387843, 450316, 329707, 219778, 49271, 368209, 201629, 283043, 250275, 389271, 157515, 253087, 438835, 454255, 80773, 69012, 53762, 117466, 177521, 164679, 104575, 343150, 114132, 483254, 174290, 145311, 489180, 477135, 171905, 204674, 46249, 148328, 92779, 182418, 60474, 307167, 5568, 247295, 372982, 245945, 46248, 15143, 244212, 24275, 180509, 254061, 182205, 132682, 46994, 406979, 111246, 170021, 173895, 43066, 70553, 458728, 493556, 298856, 8401, 322732, 242499, 94764, 139904, 264478, 46035, 484793, 212084, 52928, 71905, 414066, 99556, 292287, 337221, 497534, 45508, 226936, 427854, 253855, 494077, 106339, 749, 5966, 230129, 239221, 443088, 157788, 447396, 363500, 29612, 170659, 273682, 407941, 85692, 400241, 184147, 312162, 455, 484193, 120470, 101082, 461212, 2582, 466595, 72609, 227994, 393766, 137117, 157639, 347317, 318760, 419670, 189031, 13122, 306709, 104705, 78862, 81400, 237132, 390770, 128190, 131131, 209741, 467917, 4457, 100811, 72258, 265329, 496145, 226819, 232113, 72754, 289820, 11764, 422300, 449400, 336118, 93719, 138975, 292904, 33707, 128764, 155614, 368741, 383074, 97245, 152586, 447290, 69569, 375862, 18833, 146367, 161710, 9874, 225875, 330877, 459531, 268186, 386303, 209371, 48469, 303105, 129656, 290241, 284988, 112563, 142604, 403240, 490507, 335814, 82265, 145498, 358786, 454553, 407124, 498688, 138731, 346153, 273952, 390350, 215617, 168578, 375302, 435357, 412839, 393664, 211464, 30259, 123528, 365153, 274780, 343511, 57426, 184683, 98544, 413742, 241962, 474856, 129740, 438505, 249925, 403160, 146987, 60885, 31666, 299242, 352732, 322409, 219490, 16747, 14634, 373064, 73487, 197143, 345156, 442897, 67584, 169087, 55523, 73044, 270119, 397606, 391328, 426092, 108587, 499437, 236249, 308711, 6034, 22232, 220458, 204204, 422289, 465865, 320780, 13077, 84713, 136652, 328802, 450766, 83634, 421268, 91617, 284197, 449414, 41200, 481064, 420249, 42247, 27668, 263023, 296624, 79798, 347866, 489768, 267244, 98209, 23062, 368406, 296411, 421378, 249343, 197097, 56799, 398753, 476186, 21261, 124173, 253754, 334351, 281155, 399913, 1761, 478508, 220752, 459305, 322949, 392445, 122351, 323126, 485621, 91776, 400241, 403529, 137658, 93760, 176961, 285538, 309858, 43816, 45763, 39478, 63080, 211930, 393557, 395091, 236994, 159992, 210648, 413238, 151618, 93227, 215413, 24839, 304162, 183709, 207515, 256400, 190363, 294571, 15513, 36797, 60031, 365370, 395481, 208770, 308284, 194389, 420389, 131476, 219100, 57075, 124051, 310835, 232499, 433337, 431674, 132136, 202113, 144974, 234371, 392566, 414443, 224451, 475633, 31152, 9352, 154922, 297273, 65885, 211213, 34268, 148815, 368034, 464223, 123361, 123783, 343161, 305909, 256890, 237980, 386574, 458915, 312273, 44629, 376950, 365132, 282562, 193225, 149133, 283377, 320773, 417639, 144210, 322791, 37073, 310501, 148170, 110225, 366064, 171258, 140478, 311131, 37906, 73674, 2630, 116200, 340729, 304597, 57908, 193289, 92381, 299940, 498218, 227647, 406008, 58634, 462402, 215397, 320431, 189225, 436426, 345307, 15932, 34725, 460011, 198382, 320415, 160081, 28734, 91976, 306583, 90947, 214224, 306592, 60716, 62427, 287028, 48909, 438301, 44547, 341288, 26544, 65143, 43497, 376136, 395700, 210327, 447029, 194067, 441536, 450667, 116547, 243765, 381643, 31630, 156597, 136899, 412763, 463802, 477078, 249144, 96008, 88227, 290222, 284142, 279816, 329170, 495645, 200058, 283693, 338446, 24673, 478639, 321551, 288417, 379714, 4666, 169474, 216755, 434396, 43479, 345111, 73110, 66468, 71755, 210705, 98548, 414967, 221525, 140034, 111902, 132492, 61040, 236277, 296953, 136666, 194498, 140782, 3377, 389803, 326072, 226285, 489663, 133329, 167717, 427938, 270219, 21558, 241281, 151801, 474694, 187669, 177533, 496712, 173891, 365773, 162969, 56946, 39957, 99030, 86712, 198391, 294367, 414625, 329612, 223925, 467719, 313706, 413858, 354553, 428557, 114029, 249978, 383410, 278872, 37199, 71503, 350631, 313022, 325043, 55556, 239945, 64593, 453898, 93608, 76799, 82028, 95302, 31064, 157884, 431050, 318957, 106006, 23800, 263940, 201082, 411632, 400510, 79197, 178801, 55314, 476164, 143606, 142653, 174276, 163488, 243750, 442350, 393056, 141283, 31243, 398557, 299624, 21192, 261651, 87577, 384315, 26521, 469669, 297553, 2036, 383195, 187172, 278816, 471458, 19379, 254795, 15167, 75199, 309703, 145108, 80481, 156765, 306863, 121525, 53366, 167784, 265348, 218688, 101007, 327384, 307639, 250855, 327440, 457371, 117084, 453404, 329717, 490952, 359947, 183067, 317507, 104864, 460246, 15846, 262585, 157520, 64858, 359861, 221177, 389280, 171826, 42374, 146175, 269082, 382621, 98763, 359408, 76660, 263587, 241176, 223273, 309985, 154659, 359594, 162642, 366589, 376016, 26635, 327094, 427683, 97455, 270126, 217012, 13225, 283279, 129155, 410211, 85540, 448932, 248626, 495798, 108296, 240829, 85406, 139126, 154886, 164938, 32242, 275687, 230623, 16631, 190667, 220647, 393461, 428466, 224536, 63240, 48540, 1187, 154728, 28322, 83802, 280974, 70906, 354531, 237011, 243346, 122421, 111893, 125564, 153644, 482035, 190286, 226066, 253217, 254907, 203010, 462793, 275249, 387444, 47854, 185537, 33871, 81656, 381258, 337859, 169827, 88827, 439625, 305768, 68747, 67577, 2033, 168173, 298833, 331268, 264733, 414734, 184577, 216715, 358842, 408295, 81384, 140108, 45596, 364122, 413102, 248714, 223996, 349488, 249437, 113393, 142106, 273396, 268507, 176419, 309743, 136025, 235212, 198360, 398077, 322189, 348796, 480039, 316530, 1358, 100965, 378360, 78931, 249975, 230876, 112071, 77343, 478151, 205198, 254358, 158062, 394660, 269032, 360055, 133518, 147916, 78642, 110282, 336412, 497252, 222649, 101964, 44724, 456499, 108905, 352109, 162145, 160817, 236098, 177466, 287468, 187958, 253007, 469178, 21800, 306226, 64686, 321054, 290392, 482277, 20938, 383756, 387027, 309186, 217238, 192849, 283303, 495668, 71152, 124054, 433587, 325926, 47862, 274361, 276459, 209454, 230058, 116281, 394575, 212441, 479000, 322093, 460408, 226277, 442602, 116141, 457333, 131177, 371776, 495751, 64039, 494664, 499015, 158487, 104686, 380858, 317405, 79714, 457159, 485590, 59326, 318453, 243773, 237519, 483967, 319939, 161173, 252743, 9680, 358564, 482675, 340368, 422956, 190206, 106722, 350006, 28188, 407313, 376757, 178225, 266423, 201865, 387860, 129902, 156575, 197613, 90232, 381190, 269399, 359672, 189355, 426289, 374393, 409107, 376783, 367508, 368221, 134715, 483016, 125703, 64388, 164461, 49235, 482210, 238075, 419068, 263222, 57476, 332247, 50313, 106718, 105962, 274939, 140946, 34076, 253316, 430648, 318179, 479625, 374307, 219048, 184796, 52301, 235965, 298860, 465102, 41739, 154674, 20662, 176111, 351666, 66222, 224374, 211090, 471972, 484573, 322810, 243599, 35740, 274720, 79269, 67745, 227531, 452897, 1748, 486132, 226341, 372304, 51654, 87041, 157492, 379447, 457284, 431169, 181742, 21641, 140154, 452747, 490644, 161255, 460454, 27207, 368007, 152038, 182404, 293135, 14776, 172276, 4841, 487743, 307286, 458298, 380388, 229321, 450645, 410285, 450305, 291510, 202963, 129043, 421055, 37941, 287016, 156033, 386586, 147808, 342046, 212143, 190076, 48753, 415637, 383813, 105790, 148878, 175925, 2727, 466016, 214388, 72592, 434009, 277636, 366781, 28278, 494555, 359539, 241516, 91409, 125734, 287250, 253377, 143949, 15314, 448627, 277906, 454389, 62666, 53675, 380165, 496813, 144319, 437614, 470581, 419183, 466054, 483251, 284768, 205041, 122284, 254321, 326247, 346711, 163296, 78957, 92588, 4945, 171252, 234935, 171752, 387860, 327722, 372542, 459104, 474175, 362180, 148983, 180558, 156847, 215647, 55759, 325412, 314575, 33780, 404176, 430171, 11002, 55863, 184492, 184173, 65937, 176325, 421896, 313052, 466650, 186333, 232007, 226259, 197890, 126776, 438316, 221344, 158484, 268382, 147524, 88235, 122776, 57409, 206284, 227593, 155774, 112604, 179726, 387767, 181660, 366033, 350703, 290846, 381150, 496044, 59460, 393614, 477478, 120003, 237248, 376777, 247939, 495934, 145138, 164778, 175791, 81795, 349075, 376197, 155673, 15938, 316684, 101470, 157277, 71, 220219, 46851, 342331, 277939, 175648, 350296, 251161, 172445, 37340, 407832, 106461, 290559, 27154, 91032, 391329, 288290, 37482, 216288, 70721, 399364, 453180, 384694, 235838, 254764, 363329, 216630, 310906, 27308, 227364, 78230, 299363, 386307, 70239, 211581, 347853, 397126, 209140, 47701, 394573, 224091, 332393, 118471, 409516, 317328, 417497, 102454, 468219, 461871, 170021, 357307, 310882, 251080, 321968, 281825, 84470, 147419, 149739, 495606, 297898, 193951, 232867, 104703, 301778, 4615, 428470, 319611, 171036, 249995, 6614, 434798, 141618, 250289, 40765, 178466, 209370, 59058, 391820, 257945, 439848, 355192, 359233, 168190, 460431, 257980, 171451, 291927, 235907, 323080, 412330, 82608, 10927, 191541, 481148, 240325, 349354, 176193, 181545, 207211, 276352, 222286, 284949, 488629, 484278, 223662, 27875, 10443, 173938, 455973, 290386, 364675, 167092, 368222, 280348, 338545, 344558, 110050, 413335, 278893, 280164, 362643, 306149, 143255, 226789, 22285, 131112, 98271, 49153, 7719, 173653, 19619, 455274, 197592, 214018, 397648, 483666, 409317, 105437, 23559, 419720, 216001, 289245, 34417, 420478, 402464, 83027, 348059, 65730, 235295, 71819, 293427, 443547, 461252, 462693, 192141, 379730, 17656, 190394, 460438, 279383, 114007, 492022, 24446, 233834, 45549, 129499, 17083, 12478, 396455, 41894, 225015, 326829, 482502, 253070, 145473, 494151, 431565, 312872, 143293, 352542, 99820, 426974, 272326, 268075, 22141, 468349, 468847, 305916, 287238, 23138, 147939, 383178, 149224, 183543, 182555, 113576, 243376, 364813, 25996, 471988, 24560, 254275, 105026, 214082, 499538, 276576, 214612, 95760, 50442, 155213, 179903, 109949, 177063, 195494, 168762, 138112, 5818, 255077, 369965, 97121, 305002, 225930, 428744, 291113, 306160, 99750, 230439, 231492, 381431, 378355, 276423, 236804, 466389, 415498, 222768, 120479, 356060, 441629, 181887, 214729, 196110, 97912, 490403, 404738, 255549, 137229, 286300, 96635, 29640, 1332, 89841, 291045, 255652, 163973, 181852, 297170, 275066, 4976, 414405, 196302, 219639, 425059, 290698, 164960, 314408, 167932, 232700, 129514, 386494, 395221, 183256, 489819, 288434, 317520, 318675, 221925, 63207, 211939, 147458, 400579, 394819, 365458, 471427, 411104, 77147, 246181, 480547, 386575, 429735, 436251, 480251, 354880, 146852, 181523, 17913, 176130, 377175, 179786, 125506, 22736, 25025, 13414, 435461, 75321, 234123, 456066, 498355, 489360, 106420, 317476, 454468, 467176, 442820, 310552, 20675, 51227, 265759, 233027, 110030, 473430, 128697, 75620, 24925, 199348, 198801, 241132, 297447, 376311, 414143, 237400, 465511, 235833, 263992, 37593, 303394, 324074, 442914, 21050, 110381, 354775, 452944, 420934, 336050, 379853, 57665, 371689, 215687, 92409, 417377, 477415, 316591, 319571, 138712, 152038, 256656, 87139, 95742, 190485, 358083, 175502, 308440, 397162, 201165, 364882, 231678, 149258, 365776, 403455, 474150, 281938, 357601, 181819, 488178, 24926, 218072, 219216, 441018, 485181, 294260, 379186, 240769, 335488, 42626, 108206, 361984, 87180, 138550, 484690, 161612, 137075, 173227, 136147, 278189, 484220, 357493, 442562, 347819, 129956, 93122, 243042, 181568, 56132, 149950, 320005, 167369, 129150, 277241, 481481, 406086, 40661, 129661, 417439, 206426, 138143, 131377, 134133, 134195, 179442, 50788, 40604, 19814, 227611, 157792, 365866, 204194, 108701, 97291, 170613, 305352, 313081, 77207, 12243, 495220, 86051, 12904, 70000, 256573, 288692, 188407, 383945, 414856, 140285, 40662, 374824, 206127, 330817, 277381, 269806, 33628, 29862, 412198, 321716, 292551, 39877, 429323, 490274, 464106, 409793, 385247, 18129, 212202, 444180, 243474, 493304, 494107, 217975, 176114, 64791, 357956, 110884, 320926, 494277, 288189, 453100, 11543, 269233, 306036, 108129, 393331, 58353, 34327, 295068, 132343, 214777, 276099, 13837, 162070, 373092, 443367, 380389, 27633, 234758, 168511, 71792, 58359, 426332, 345322, 375766, 24811, 487065, 413229, 61898, 495595, 170060, 233657, 355369, 23126, 127840, 405745, 210985, 120322, 79388, 441262, 446035, 370221, 126347, 389205, 382288, 58275, 223807, 389452, 30044, 110528, 337810, 61892, 373252, 392960, 276371, 383617, 252969, 207908, 466988, 435490, 241103, 68993, 493310, 256006, 141100, 213863, 349082, 65027, 157857, 407172, 480277, 113216, 127872, 100982, 353412, 101015, 76343, 117204, 24202, 399442, 459340, 345467, 151340, 179915, 183404, 360437, 341854, 259422, 161669, 20020, 132262, 456833, 499405, 251703, 358460, 179982, 36437, 318101, 249362, 474764, 206284, 207055, 112593, 481900, 114567, 44101, 391571, 414791, 232247, 135541, 467106, 290037, 200728, 45673, 52047, 354744, 296850, 343131, 149285, 145157, 403607, 318300, 22048, 229707, 335197, 79947, 284878, 335352, 35494, 342396, 139602, 273249, 451475, 215189, 268399, 195576, 101570, 197453, 471000, 456524, 109925, 366085, 183, 141675, 271467, 19925, 58531, 353807, 93332, 8536, 200458, 212255, 18326, 317363, 200087, 219498, 93101, 267367, 143742, 224373, 244169, 206687, 43875, 391107, 470106, 278743, 309529, 350042, 112731, 141680, 7971, 357437, 481564, 380948, 280993, 244931, 227718, 498988, 386126, 105797, 442332, 268599, 378068, 52838, 53982, 271477, 222466, 446524, 4073, 118413, 323334, 323381, 337303, 14376, 37369, 447344, 206939, 106687, 5179, 413439, 407503, 144019, 32251, 135736, 455078, 456548, 79576, 200027, 289561, 106263, 91488, 319955, 141058, 126439, 370056, 246494, 467520, 10090, 146372, 247367, 186656, 316094, 305782, 43319, 242961, 89341, 100208, 127602, 442334, 344385, 117253, 461165, 116441, 137342, 372965, 226456, 418489, 384001, 476070, 186649, 31390, 427688, 374637, 414039, 36346, 283159, 130551, 295445, 342369, 497044, 357226, 170889, 11637, 65017, 18844, 198538, 462659, 166724, 404026, 411882, 249771, 120878, 166873, 199430, 56861, 73126, 209813, 310756, 83365, 478861, 401311, 273330, 151377, 496066, 408830, 254064, 10475, 476688, 68743, 408666, 123546, 161338, 207822, 361606, 86172, 36228, 391640, 360471, 226650, 189980, 133254, 140147, 76175, 172986, 189321, 189610, 462778, 287087, 458433, 186540, 296095, 382125, 481915, 495586, 193508, 472475, 12444, 192152, 196540, 110000, 120864, 484112, 169767, 198922, 215898, 229883, 281418, 102507, 193095, 109878, 173563, 477883, 126803, 217265, 365709, 459583, 351008, 436282, 359349, 442272, 314058, 255317, 77584, 161430, 47912, 7500, 389967, 247415, 387558, 495231, 32183, 440948, 101277, 127459, 354060, 405056, 436514, 399331, 444058, 306473, 456132, 404724, 321544, 189051, 412603, 337696, 361637, 389283, 274749, 43669, 424866, 338962, 100328, 28926, 487285, 352074, 400130, 127239, 27993, 331997, 143968, 221925, 258776, 212656, 41625, 73589, 402484, 317125, 283539, 77306, 196757, 230906, 304384, 18641, 113658, 457024, 51038, 265068, 187570, 361430, 33764, 237699, 182685, 357586, 420191, 488329, 260441, 230383, 77672, 176376, 88077, 278570, 9738, 63324, 249110, 300187, 78944, 233277, 449453, 247471, 8874, 341720, 394045, 302472, 155459, 423447, 193986, 252847, 391101, 416221, 230531, 106934, 418655, 131724, 446318, 186005, 299367, 106187, 423495, 317488, 207269, 171121, 378596, 450103, 398152, 146156, 475261, 370269, 25145, 206751, 368110, 123660, 192585, 456801, 32484, 66452, 388086, 404531, 341207, 437929, 130814, 44490, 109537, 360380, 114143, 230792, 132312, 75146, 406358, 252688, 196579, 130793, 431634, 103613, 202215, 230463, 140128, 494838, 341724, 80123, 477020, 185214, 354830, 105103, 50296, 444572, 142067, 334343, 403497, 181581, 305502, 481729, 273730, 12067, 218264, 83891, 290212, 314114, 293670, 370704, 490937, 496980, 336227, 471077, 90135, 223565, 417478, 348009, 143335, 26583, 46983, 237930, 45130, 208025, 121095, 28684, 308416, 237255, 432288, 134253, 353495, 469358, 119176, 423313, 139464, 209291, 486136, 166614, 301221, 259380, 473947, 27548, 370886, 338733, 116255, 43274, 404206, 304833, 218774, 153212, 174001, 358843, 358449, 6482, 89099, 4129, 409092, 185979, 362447, 432376, 65158, 236492, 203406, 15257, 444595, 43325, 410095, 1596, 122211, 5317, 184221, 109971, 415333, 142246, 293288, 253476, 209830, 54952, 432610, 381311, 14645, 203022, 209455, 92136, 131189, 32892, 365542, 355346, 105124, 142016, 267885, 220602, 478376, 430579, 442114, 58091, 414712, 372373, 74018, 384635, 78483, 14728, 92355, 45858, 292349, 205131, 448181, 455407, 417744, 97615, 370052, 45283, 58359, 298994, 256262, 377198, 19593, 346148, 194468, 63083, 449817, 238511, 420223, 98544, 293833, 176818, 137489, 50714, 53340, 497359, 29450, 226829, 280312, 218672, 387420, 37191, 154159, 295952, 171201, 434639, 366216, 212476, 10204, 328350, 130788, 44705, 281843, 213300, 477902, 32896, 245826, 9755, 280282, 173111, 157579, 11660, 288361, 1607, 205225, 237562, 28074, 48667, 211470, 133117, 297384, 88307, 118644, 32351, 132413, 133279, 133640, 218570, 55728, 406013, 74368, 152196, 223166, 456673, 188987, 437200, 433317, 346398, 390767, 38686, 87513, 25276, 429700, 146295, 459593, 192556, 139721, 342282, 190986, 250668, 303530, 186344, 298251, 213428, 228032, 36848, 83794, 296155, 311191, 417367, 305584, 420414, 120214, 131855, 460729, 112437, 16040, 496969, 120884, 156616, 72297, 45545, 469419, 25487, 426241, 79068, 194250, 348476, 405867, 137791, 64439, 188403, 237914, 410201, 389724, 455293, 68031, 299914, 243547, 221252, 455226, 201707, 99223, 236358, 119136, 11250, 198448, 16316, 59835, 268046, 289201, 50142, 481770, 256321, 56803, 90779, 494357, 271162, 422173, 397871, 380526, 8784, 117380, 355005, 449998, 88235, 135685, 379328, 323380, 216663, 131530, 380969, 389059, 51496, 489524, 28647, 403204, 362912, 476178, 94352, 359306, 416641, 415330, 128858, 261081, 108718, 450692, 8593, 423396, 303381, 468187, 324354, 37749, 121140, 51060, 380582, 284068, 128216, 452671, 80921, 315629, 342860, 456695, 288928, 174268, 330510, 144123, 485105, 107312, 38986, 237949, 459871, 55384, 219111, 203845, 387715, 481210, 169328, 322212, 374569, 4880, 213480, 304091, 143114, 146489, 15176, 232782, 89140, 330945, 241091, 48521, 405883, 322488, 422154, 440386, 358123, 306678, 362185, 264152, 91349, 79663, 309443, 435756, 100800, 347144, 244381, 388096, 323087, 420689, 462993, 329328, 221173, 314389, 471259, 51148, 288090, 115910, 248862, 88007, 61811, 204366, 288374, 353926, 431866, 308780, 41518, 158353, 3976, 60388, 223402, 59018, 364353, 488871, 293819, 427784, 251066, 492145, 87757, 285689, 380203, 491231, 442393, 407525, 82347, 48811, 386228, 250435, 214593, 8882, 189575, 429760, 194240, 479093, 174424, 336193, 364934, 292590, 366062, 221965, 205177, 18102, 84839, 403363, 54858, 129445, 309696, 143035, 359066, 350432, 308544, 391065, 156010, 263158, 218963, 463242, 18449, 388451, 419528, 411025, 307224, 351690, 371836, 134800, 6980, 276140, 307437, 199622, 164551, 101070, 474027, 56183, 158232, 238658, 462513, 287764, 130815, 33935, 369567, 257464, 427005, 258449, 387111, 344084, 436056, 191514, 232989, 69055, 348108, 263234, 432894, 469011, 226124, 276673, 203024, 308715, 386311, 291191, 80325, 1951, 173267, 179993, 449290, 295124, 60963, 99633, 192773, 11336, 200361, 188249, 284970, 469481, 211629, 482075, 203905, 356635, 265630, 112416, 350273, 84498, 209946, 253907, 464082, 430576, 296236, 104483, 210295, 344325, 152988, 482889, 348284, 35283, 39814, 440005, 134398, 222357, 251857, 498445, 258400, 326527, 493272, 138887, 319125, 444993, 21553, 416541, 442380, 78629, 22202, 63442, 311912, 321071, 328849, 472932, 115925, 439020, 452606, 396391, 242130, 164869, 182106, 249414, 203617, 211602, 20453, 443613, 118513, 135842, 435790, 411478, 100222, 298608, 87626, 252473, 86986, 168076, 387080, 323146, 71528, 91904, 410309, 166868, 271669, 436127, 368608, 391313, 311507, 314521, 84744, 319859, 494150, 296281, 43573, 253120, 125776, 1556, 124821, 374692, 10739, 135439, 414722, 10071, 346826, 262079, 350885, 495147, 433008, 143101, 416860, 313237, 446811, 103319, 2245, 155379, 229659, 238978, 300621, 269538, 179531, 43747, 115163, 163425, 289319, 237924, 377752, 144352, 365885, 152452, 480643, 343949, 23714, 310961, 377711, 119240, 356566, 284034, 186433, 203304, 427744, 125948, 249861, 270507, 138784, 167266, 192833, 149750, 416532, 91299, 322110, 71846, 90529, 254451, 51837, 380343, 310873, 29488, 253968, 424965, 293368, 141915, 349600, 30224, 125678, 227625, 79574, 368260, 40356, 362338, 419390, 193684, 465729, 256168, 51354, 156017, 147582, 223622, 426865, 227036, 111229, 459408, 461842, 258678, 494965, 338550, 10538, 317808, 231205, 256896, 12445, 273788, 103501, 117246, 165214, 200230, 323482, 90684, 178404, 322439, 461583, 124628, 244502, 55559, 90537, 63484, 289619, 493835, 159814, 106878, 462246, 400729, 36825, 424901, 316288, 35934, 493047, 483072, 490949, 150371, 39018, 319097, 172534, 158854, 179141, 59725, 78646, 346958, 200452, 471058, 231468, 407084, 395685, 164081, 364046, 198440, 199867, 437556, 85878, 134403, 62855, 454316, 10359, 358180, 411968, 4413, 166361, 50997, 337992, 460303, 383014, 333823, 162264, 183251, 69626, 31893, 497149, 44880, 450932, 446439, 264688, 79393, 20074, 250413, 401464, 447330, 313700, 182617, 493326, 355732, 296430, 121446, 210131, 127756, 445244, 382183, 266749, 81495, 448186, 106347, 137212, 193925, 116551, 228021, 313253, 91334, 172016, 20839, 219736, 270662, 405347, 304032, 296742, 11782, 430488, 269726, 365422, 419448, 319635, 109527, 220441, 212313, 318192, 392669, 495236, 95785, 304953, 230150, 347787, 217718, 88067, 102961, 283373, 410649, 218312, 127306, 177271, 85235, 496098, 64889, 46942, 380681, 397839, 399754, 493255, 74805, 572, 99873, 11585, 465548, 114364, 207049, 491408, 192101, 283228, 429636, 393508, 462524, 440189, 65345, 400113, 124329, 313509, 61302, 254804, 218213, 404753, 45392, 43260, 274856, 71994, 483614, 261315, 116079, 102087, 130577, 47677, 11368, 316128, 43690, 191098, 161959, 72571, 3167, 95394, 246409, 208510, 21174, 243444, 465941, 35815, 128110, 213360, 219840, 278280, 346332, 484778, 48145, 402895, 143182, 58301, 311395, 495837, 484247, 447037, 226201, 50740, 388876, 246712, 309711, 475861, 319263, 256315, 14196, 332197, 153423, 319201, 6344, 444483, 29102, 71600, 403903, 88659, 135244, 173303, 415703, 427768, 157961, 468576, 98333, 24863, 113154, 164548, 28341, 302039, 279193, 409934, 436329, 41893, 455846, 288654, 175811, 450220, 45549, 120994, 332466, 111555, 488858, 493904, 498324, 245511, 446260, 310950, 26855, 415699, 497504, 107347, 31160, 394411, 497463, 179558, 73106, 438251, 450793, 495898, 284728, 458423, 181513, 350598, 249359, 208686, 67744, 426884, 344199, 299069, 161440, 315700, 43067, 146860, 115230, 98627, 218793, 253930, 314672, 196388, 105840, 328380, 339311, 292311, 374147, 451437, 110275, 310426, 53966, 226616, 322861, 51378, 347795, 200395, 392549, 231553, 310626, 65344, 305799, 31834, 136732, 491896, 148230, 101613, 416539, 362631, 121636, 288187, 9830, 85817, 96755, 256566, 280497, 12490, 95066, 117477, 39549, 448078, 249706, 421711, 223318, 322841, 371513, 53795, 288238, 323179, 89464, 252875, 411243, 267398, 9810, 71890, 265657, 372843, 280213, 168556, 240603, 33391, 384838, 387772, 479864, 277727, 317958, 168212, 433177, 278519, 448883, 181990, 235615, 476162, 100186, 187037, 95037, 276846, 35327, 165845, 311651, 389287, 140982, 110506, 75273, 280292, 268821, 223826, 75851, 194376, 319845, 341313, 456294, 137983, 418931, 4209, 368847, 375010, 302758, 154429, 37230, 136923, 108548, 493088, 479953, 157573, 420887, 409167, 151629, 293975, 267668, 249693, 115539, 109214, 133460, 341846, 116654, 211580, 334224, 203048, 60809, 441595, 10325, 265421, 148108, 349669, 334904, 256810, 230109, 117652, 360956, 415931, 340970, 32902, 60134, 495607, 307151, 367786, 370661, 468636, 412909, 156303, 67249, 431290, 237644, 430647, 456661, 223442, 155981, 156491, 494416, 10318, 225268, 463982, 231469, 287603, 278277, 438830, 118470, 496907, 442882, 7955, 219896, 121145, 473944, 159455, 362671, 9074, 295604, 259462, 227126, 380567, 395313, 113212, 483446, 112733, 427975, 30954, 267854, 114643, 393722, 196944, 317331, 145562, 352287, 499708, 449458, 54074, 83846, 325961, 350846, 317542, 134683, 294312, 472860, 60631, 356549, 168256, 428740, 142417, 222299, 333272, 119065, 227460, 288923, 19033, 246685, 497747, 239710, 356497, 163661, 173975, 411936, 230967, 230515, 276747, 184249, 451461, 428653, 122862, 354014, 147677, 402597, 484854, 387649, 69849, 304648, 227276, 208904, 251995, 103063, 100184, 211572, 468345, 454777, 458903, 227594, 442865, 353570, 302195, 10188, 32537, 1674, 458329, 156915, 57244, 153800, 377070, 208173, 117595, 374243, 222486, 356390, 359921, 198600, 77916, 85486, 186061, 244649, 224826, 325638, 497374, 19666, 225006, 172898, 117514, 88879, 119917, 317141, 358626, 77272, 50668, 130399, 13438, 268030, 239405, 254176, 465618, 8402, 299415, 153316, 6028, 292023, 241352, 46670, 29436, 19315, 151089, 246820, 734, 430875, 341934, 360984, 483625, 76211, 231794, 322150, 416742, 164416, 418682, 115750, 489780, 454996, 83865, 1740, 380903, 203471, 68501, 97871, 346717, 374442, 46094, 326765, 399784, 366589, 200122, 24143, 224848, 37731, 488459, 401950, 399731, 31636, 86, 68883, 322778, 297236, 378310, 105107, 457480, 7863, 34072, 322208, 251701, 258252, 173850, 165799, 301950, 119528, 355014, 343487, 280225, 417961, 436519, 297716, 156882, 121387, 260158, 45588, 146385, 45482, 241597, 391128, 404752, 141802, 7798, 186105, 347010, 313756, 170577, 84883, 59713, 456847, 270033, 403548, 197566, 127141, 284131, 427533, 479748, 403749, 477746, 455303, 281853, 495422, 379706, 307612, 219967, 445003, 20300, 381143, 446387, 251680, 435711, 350130, 390980, 487501, 238842, 387281, 183207, 141310, 355733, 467839, 328037, 228863, 175020, 395493, 39723, 393982, 313737, 16540, 372424, 390425, 220596, 11623, 489622, 194990, 362334, 322528, 192758, 93495, 164244, 219308, 142301, 342895, 174493, 327381, 98341, 231759, 389197, 430813, 224575, 427888, 199145, 423569, 127089, 38565, 169653, 182594, 51274, 89826, 196563, 353691, 303625, 403373, 182220, 37250, 250637, 154592, 210425, 167323, 23882, 125316, 171572, 449657, 371272, 133809, 58140, 357963, 333393, 233430, 403321, 270307, 299775, 399751, 438691, 84294, 176627, 23673, 336545, 309414, 394582, 213597, 54055, 6787, 185684, 152025, 210375, 318978, 276685, 86022, 136059, 423291, 272190, 356764, 276351, 330589, 419607, 136826, 336809, 32797, 77820, 249769, 497358, 269124, 366169, 469259, 87294, 5940, 183692, 156123, 114411, 342341, 150086, 39635, 486704, 6368, 195321, 350, 376457, 29584, 308509, 164115, 201949, 364967, 329469, 469770, 235786, 457315, 415035, 217934, 149047, 323598, 56548, 314374, 341297, 30482, 321724, 154555, 498916, 311536, 152658, 485470, 445386, 410180, 379995, 473192, 478388, 161654, 476238, 412050, 397998, 328693, 428019, 352266, 498376, 398822, 64556, 406342, 29979, 185841, 255742, 135, 150284, 130519, 339592, 253369, 258785, 135920, 312944, 33144, 183175, 315417, 27833, 479249, 73079, 431626, 468623, 444751, 123926, 259416, 99315, 110739, 11887, 86812, 255854, 285728, 85103, 186153, 422446, 30889, 377055, 207713, 404952, 469864, 110771, 413367, 351203, 314495, 204322, 419998, 105379, 376159, 469209, 385476, 431492, 349267, 59717, 18052, 481121, 180176, 446207, 4860, 79365, 458601, 145775, 130981, 354860, 295281, 265270, 202964, 447010, 456265, 445665, 466314, 285581, 109683, 153401, 411215, 80288, 442244, 55003, 177852, 354279, 165437, 55717, 3298, 468109, 445115, 369724, 463364, 32303, 325611, 409993, 205806, 254197, 68983, 2226, 53131, 480286, 391756, 427419, 284322, 455515, 215418, 496696, 375159, 448197, 13068, 337568, 58908, 314429, 397956, 278361, 29097, 467875, 448838, 294776, 142016, 478212, 476086, 491689, 77498, 338803, 357283, 436415, 475250, 408737, 111028, 469142, 134417, 455480, 320167, 50284, 370695, 273789, 113943, 71862, 18578, 49905, 27106, 340071, 423916, 340367, 358365, 136321, 418139, 412196, 228827, 22496, 480115, 353436, 26630, 25031, 242077, 356057, 476922, 278192, 362022, 189288, 402386, 155363, 389599, 106874, 12644, 278191, 321700, 54043, 132093, 285339, 455825, 166125, 138577, 65597, 312464, 267610, 222828, 1032, 110576, 98670, 302471, 75721, 164357, 456975, 496377, 181834, 208191, 277849, 363297, 351838, 88368, 498728, 405936, 396607, 17234, 252596, 218159, 481755, 135784, 16364, 441478, 446745, 129722, 418956, 467946, 314121, 478107, 151937, 185232, 382865, 125676, 267686, 52010, 416557, 303298, 299926, 334476, 83150, 17885, 223091, 447750, 316318, 336906, 305530, 255582, 149750, 122460, 420079, 66890, 40217, 69376, 115165, 39161, 148228, 58592, 363929, 46519, 184611, 113294, 98934, 311882, 372991, 136113, 300479, 245331, 475421, 119003, 102831, 53034, 320724, 381354, 237559, 423873, 191486, 240233, 366796, 368680, 264671, 173056, 409173, 341384, 11647, 236903, 225122, 371868, 413563, 453184, 142579, 179526, 177572, 7929, 44603, 194879, 133631, 384508, 287280, 179900, 396437, 490084, 300701, 284965, 381731, 345883, 122919, 7868, 152106, 241948, 302767, 41128, 51990, 184706, 230414, 213210, 37148, 471818, 250354, 99645, 453301, 221998, 129051, 312145, 89691, 476420, 466136, 112404, 428401, 1535, 13443, 71268, 134541, 353079, 376022, 33441, 91569, 170564, 401622, 446774, 434015, 2358, 24831, 498481, 36943, 393376, 440123, 32782, 146491, 79724, 7966, 153062, 376628, 228338, 54445, 421283, 456682, 156925, 327621, 54543, 151145, 303944, 279293, 312426, 432707, 307679, 165046, 386856, 213693, 143525, 371807, 190521, 184683, 47239, 388588, 55900, 198595, 228972, 366188, 8782, 329662, 267006, 475707, 485349, 476065, 273082, 486169, 479665, 117771, 28310, 98342, 337943, 302289, 206066, 174673, 464246, 68013, 40783, 67073, 239328, 248884, 83188, 96653, 424914, 1980, 193603, 65364, 291003, 329632, 240897, 101600, 114170, 435933, 229181, 329665, 39884, 22191, 74561, 372124, 25955, 76890, 147062, 156156, 92873, 110782, 21538, 344790, 159096, 450899, 101685, 125425, 172010, 195972, 451648, 56722, 349052, 53536, 59767, 177290, 490867, 316162, 57879, 342523, 86543, 425170, 259197, 297467, 147859, 488956, 218918, 484993, 41721, 7140, 173526, 15387, 338116, 233720, 197440, 103579, 477216, 249626, 33047, 240373, 221594, 122179, 151329, 157380, 135706, 201553, 82707, 288378, 347704, 91808, 9960, 36546, 465033, 478726, 333697, 7442, 111917, 235833, 382722, 367513, 321412, 171215, 45744, 122561, 180762, 168634, 391021, 112533, 499329, 284344, 328576, 401423, 321920, 371837, 278583, 493249, 145781, 461035, 70861, 257067, 409633, 307834, 47491, 131621, 120737, 79868, 209571, 186812, 318, 300496, 190840, 157200, 40043, 400101, 293174, 79499, 304093, 72493, 95171, 102645, 167567, 418618, 260211, 384543, 378029, 47327, 456940, 114638, 352459, 345977, 90225, 418557, 81619, 48366, 170321, 203421, 153721, 42914, 63005, 485012, 112853, 315609, 100413, 176935, 494787, 149726, 379072, 488201, 192106, 274121, 142278, 264250, 404472, 176743, 56156, 277422, 312823, 50521, 102929, 486549, 377329, 195564, 383583, 118943, 380191, 122831, 339274, 492706, 297831, 196518, 86398, 411632, 168024, 5190, 349667, 254062, 347386, 158666, 481484, 33584, 1508, 313196, 97028, 381094, 203472, 382320, 185843, 70771, 293839, 112866, 487708, 441859, 283534, 96313, 17902, 120899, 224802, 424754, 138100, 341857, 72258, 342021, 275626, 143684, 315778, 304060, 453040, 456902, 418323, 58726, 284269, 86666, 45118, 303820, 41125, 333710, 241576, 199827, 165929, 256857, 460600, 379201, 484814, 125971, 280889, 166094, 209437, 403248, 121270, 66642, 190897, 377463, 349969, 39515, 415685, 298903, 320137, 204673, 376475, 8417, 158195, 157613, 204121, 454929, 407487, 223634, 170984, 304521, 172322, 493311, 477148, 140464, 119561, 170085, 418653, 340902, 150521, 7370, 480282, 325870, 325189, 487272, 212790, 265672, 184972, 248266, 430292, 244340, 262860, 309150, 437769, 275367, 457154, 85606, 369006, 255895, 478053, 133987, 455953, 118549, 49157, 235615, 47687, 266832, 31183, 77286, 352710, 477753, 475893, 93877, 271418, 1936, 390348, 339458, 346771, 41193, 162741, 421922, 134111, 48323, 273632, 143563, 454270, 115868, 322102, 329181, 199856, 428517, 354466, 366664, 170716, 414344, 334931, 361056, 409989, 320804, 220400, 106796, 376887, 363129, 63421, 419376, 487465, 422396, 109474, 435522, 479252, 472356, 167659, 59750, 444705, 192877, 415017, 142397, 37804, 178785, 81060, 324694, 236950, 121032, 3355, 182290, 14587, 294939, 129670, 404667, 66682, 312296, 252863, 411207, 259549, 6380, 215823, 146067, 344192, 82187, 224364, 335577, 51820, 74129, 399023, 371533, 426393, 423183, 138280, 290049, 339759, 86779, 303867, 168837, 138229, 159962, 368727, 393069, 340622, 275937, 127870, 202146, 17520, 120989, 282296, 424276, 353551, 194489, 90764, 131151, 353336, 104690, 408196, 102915, 333423, 79452, 328125, 118844, 323940, 107860, 149768, 451365, 423849, 339574, 19968, 409937, 169676, 24209, 403618, 338229, 218188, 460229, 343296, 45763, 373926, 303371, 41611, 130660, 102169, 363252, 384301, 71214, 1804, 143677, 455825, 348961, 477547, 170469, 345514, 18331, 195215, 354665, 122923, 59189, 136389, 298716, 43999, 312298, 149742, 152795, 151176, 33991, 23748, 152337, 105328, 430034, 109330, 395120, 270106, 185558, 228678, 452771, 236133, 385699, 247166, 216091, 456159, 328735, 257591, 357089, 180460, 481302, 298568, 292462, 421900, 73102, 8922, 125653, 428737, 106567, 254491, 115645, 7180, 316147, 472901, 25231, 180478, 391014, 78355, 60106, 249916, 119634, 343341, 42957, 434696, 216874, 188439, 192135, 392893, 445023, 298731, 146697, 318780, 457887, 36428, 367089, 373683, 348518, 177812, 228379, 172131, 189354, 256468, 419633, 233845, 341153, 49330, 170574, 205100, 92337, 378813, 154436, 38194, 315233, 491081, 242679, 461611, 426623, 202128, 98288, 2678, 445727, 295891, 169663, 360794, 213961, 356357, 355663, 455245, 160652, 377413, 53150, 269718, 294090, 404017, 145151, 167460, 196569, 100430, 129553, 132554, 308169, 113761, 486358, 272734, 148629, 449547, 164687, 348935, 352294, 127991, 348331, 52372, 308169, 113792, 362058, 388144, 305218, 425994, 340228, 284780, 413670, 435506, 11480, 105299, 15720, 344906, 205397, 127158, 226075, 43810, 366101, 190563, 154694, 76119, 52576, 246240, 164340, 380699, 380451, 274121, 138229, 337851, 251968, 290013, 429545, 461236, 484287, 45270, 399435, 280644, 450912, 278491, 2657, 85394, 663, 270196, 407614, 305721, 326699, 129903, 420210, 23333, 1125, 418156, 444756, 152026, 217525, 130796, 484064, 263805, 120172, 101836, 428380, 64604, 428351, 18945, 401739, 331662, 174964, 457461, 173599, 173555, 497914, 399962, 197286, 465123, 304976, 294198, 126413, 116770, 133862, 226094, 457207, 166025, 325174, 223209, 139291, 121685, 347927, 393053, 419290, 334452, 26259, 467475, 318313, 154554, 456114, 304068, 185735, 345038, 457740, 80807, 230821, 76489, 475443, 443351, 307283, 123901, 34434, 9000, 471551, 407934, 33232, 176929, 340313, 65165, 164452, 412309, 334515, 242984, 315732, 439964, 148073, 107838, 119058, 349002, 418603, 393721, 137342, 68478, 1825, 64013, 14085, 143527, 343848, 384051, 253779, 364797, 205093, 351306, 354884, 355203, 299340, 342949, 434322, 149712, 427010, 355827, 358314, 319153, 440628, 161016, 296407, 216631, 226959, 115680, 361352, 131500, 335337, 76293, 95595, 204526, 460787, 168991, 337650, 243892, 115971, 453547, 180668, 410997, 284414, 231434, 190402, 391970, 214669, 343182, 402550, 307079, 244052, 419222, 425346, 243621, 222358, 204270, 369898, 134233, 71361, 162545, 256207, 490721, 494706, 459959, 259581, 91378, 5847, 187617, 272588, 310342, 369015, 496758, 403478, 333882, 357630, 212265, 388719, 135392, 129296, 244628, 144208, 24796, 277566, 103636, 421387, 222709, 404358, 39806, 493802, 139319, 102262, 405309, 341536, 159189, 10615, 397100, 319544, 271905, 399617, 480168, 142443, 483861, 8696, 69852, 179742, 106224, 60229, 44178, 409705, 55645, 251411, 200937, 292165, 112245, 81694, 434498, 411139, 184778, 316541, 79174, 47441, 174857, 133246, 395972, 145316, 379380, 71950, 59077, 483353, 161502, 452363, 248045, 10708, 81240, 387414, 290802, 295769, 140327, 203706, 148589, 34711, 321755, 366696, 124542, 354655, 224007, 249431, 155168, 108350, 75676, 268316, 225371, 36099, 448553, 484323, 302185, 309288, 218957, 236326, 29309, 301125, 282119, 466086, 247233, 289997, 196602, 73068, 236525, 206298, 169821, 56760, 286313, 474980, 311213, 471746, 422491, 394336, 84610, 194531, 344405, 53990, 398830, 101757, 164189, 438483, 47457, 157696, 371969, 285255, 187050, 106170, 369493, 487360, 148141, 205371, 275029, 261103, 484684, 314894, 128981, 440646, 239963, 420863, 398629, 294850, 87518, 22746, 362, 208849, 220235, 70618, 433272, 61712, 111611, 388458, 73661, 353790, 64098, 305313, 436258, 16597, 216722, 499941, 291997, 282103, 414015, 341782, 116574, 455174, 369279, 106138, 481339, 213213, 90290, 383351, 467477, 179598, 1961, 188817, 213555, 392850, 420344, 415282, 355838, 18491, 404725, 384997, 311715, 268893, 3678, 466507, 128238, 135089, 89397, 454864, 87620, 370424, 267193, 397719, 192818, 339554, 388487, 236104, 10762, 244915, 290238, 55917, 452088, 40820, 467762, 61331, 158260, 249361, 293108, 115531, 426955, 329481, 118820, 144107, 187624, 289944, 180323, 53710, 155019, 152516, 462401, 268905, 491244, 355699, 424428, 485468, 235256, 334920, 193987, 13076, 195479, 453350, 52294, 493524, 457158, 41975, 380379, 2611, 108428, 123775, 361044, 137940, 213296, 195400, 51786, 471665, 492585, 217251, 217416, 49053, 145424, 58596, 223228, 474081, 433787, 68866, 182045, 486977, 241707, 429555, 117501, 218849, 26770, 243439, 297156, 12044, 70476, 265453, 480893, 383817, 299369, 296946, 302952, 308004, 109398, 193758, 489514, 24095, 258952, 470515, 411512, 384320, 384738, 288635, 376219, 84513, 339479, 153585, 26648, 219309, 6500, 84435, 281816, 5232, 293736, 94871, 109914, 348864, 494640, 388327, 49989, 24845, 464481, 144594, 102096, 25301, 335089, 494367, 190167, 132969, 59722, 343266, 221925, 312331, 8395, 498083, 215187, 27998, 442801, 220882, 386398, 417995, 197055, 440866, 327778, 227889, 475713, 131149, 283883, 8732, 291577, 199436, 420619, 487340, 441450, 353256, 206922, 331971, 410217, 277640, 359973, 188849, 322274, 436417, 166821, 2633, 418803, 71835, 475808, 288687, 149944, 70366, 282048, 104028, 89667, 435041, 410835, 10380, 330229, 88966, 223116, 156269, 442180, 260274, 56848, 133939, 402343, 33795, 193280, 84056, 346512, 258919, 57233, 1332, 214892, 121911, 118029, 336664, 444807, 374663, 49069, 342543, 130743, 198925, 23436, 102517, 135935, 135741, 308687, 346932, 247768, 345765, 358889, 250526, 253928, 158162, 141092, 187189, 108369, 422008, 428939, 106041, 155106, 471019, 393231, 13658, 293416, 145859, 215532, 134066, 88136, 182398, 57349, 39411, 247941, 295962, 21514, 322634, 291132, 408696, 223320, 417231, 44344, 460025, 313054, 277666, 495626, 19723, 68412, 136061, 302286, 36707, 357890, 487566, 428031, 275941, 82373, 8605, 419972, 57438, 429932, 329069, 79841, 328015, 313413, 197767, 420455, 63399, 402103, 482035, 435914, 222851, 152845, 89929, 173252, 233630, 82249, 368227, 17264, 321128, 216362, 217585, 360645, 241598, 346848, 310895, 278420, 391746, 153638, 339778, 326484, 85169, 359964, 192392, 430402, 492740, 442094, 372340, 362777, 123932, 162650, 39251, 387181, 207018, 157359, 327077, 426689, 485257, 192030, 301301, 222424, 215203, 493664, 482348, 378849, 252462, 421045, 79867, 486501, 243681, 189542, 374465, 111914, 471590, 214629, 433563, 70694, 281765, 189086, 49433, 130913, 220090, 305998, 147393, 362260, 343328, 400443, 77976, 327649, 447189, 44985, 393731, 465553, 26955, 483090, 197242, 362306, 391462, 353012, 426271, 264734, 346681, 236629, 207823, 289854, 24878, 431684, 8226, 304432, 298214, 272036, 4482, 217010, 224105, 300648, 114670, 496390, 221423, 75372, 66537, 185298, 266717, 439020, 293600, 208725, 173339, 73795, 413129, 28429, 121474, 29297, 86816, 55006, 181367, 217684, 97764, 465701, 276115, 224296, 301712, 101185, 296776, 469563, 55263, 454611, 267748, 109007, 278368, 401890, 72702, 21814, 176538, 220134, 10470, 119597, 483859, 31511, 141685, 452237, 57338, 176732, 254888, 204243, 224174, 477044, 3764, 315264, 442560, 327888, 55257, 104645, 207326, 357528, 354367, 56261, 13092, 177588, 331107, 372103, 462615, 18004, 68871, 396312, 493764, 182666, 440457, 110919, 213723, 164198, 348484, 246638, 384391, 416529, 344121, 69617, 73829, 421905, 62222, 370417, 497509, 109861, 486891, 333678, 413101, 63437, 121621, 218070, 442533, 191722, 203439, 423089, 406123, 173259, 79306, 326925, 105228, 405275, 460432, 59871, 86771, 493912, 419306, 8386, 482005, 195423, 278295, 201004, 358115, 7625, 304160, 197861, 239296, 414744, 54606, 213396, 36855, 131908, 195522, 438029, 145352, 498470, 60357, 295182, 468828, 430203, 488697, 470169, 356526, 428146, 345244, 24204, 91107, 276749, 143930, 109413, 54926, 141832, 87289, 461164, 224808, 151989, 168608, 222236, 21328, 458383, 260541, 283927, 453931, 403311, 210622, 287328, 480129, 112614, 219864, 389366, 277849, 97030, 173415, 177500, 272317, 258733, 14054, 72068, 198883, 94834, 487656, 423886, 337519, 432953, 498181, 244573, 303918, 492821, 377386, 160708, 285205, 77328, 425758, 262080, 399538, 45237, 48618, 310896, 46126, 391908, 488149, 343896, 75974, 310937, 311886, 122589, 124723, 134522, 414190, 264028, 484402, 435269, 344315, 463478, 152251, 323896, 306459, 1189, 62745, 169754, 210844, 148661, 366596, 366305, 470717, 477107, 371779, 210050, 430140, 249684, 22126, 492225, 392547, 210314, 20446, 251439, 385643, 132232, 407727, 370537, 390341, 240344, 391389, 372065, 262168, 371318, 486819, 331565, 96876, 446011, 282811, 416246, 218280, 494264, 464173, 84913, 224867, 223073, 177754, 370188, 140739, 43369, 78024, 472000, 485180, 86623, 205302, 476771, 187141, 337246, 451596, 38532, 458957, 351529, 290347, 456930, 63053, 102675, 43082, 230934, 454447, 261939, 194434, 27740, 294488, 62356, 377560, 217125, 488528, 16249, 371647, 395844, 89235, 299493, 369396, 466094, 98280, 270297, 214620, 259564, 378335, 71735, 252938, 117333, 386793, 266440, 365131, 320347, 391366, 38763, 261563, 494375, 74211, 175125, 76365, 172011, 266369, 437787, 421964, 144019, 228347, 78908, 190582, 388810, 178340, 291249, 304498, 276915, 174847, 385769, 363218, 203020, 79534, 304149, 217402, 342099, 480747, 233619, 105855, 491346, 211421, 394543, 148879, 115658, 36372, 354008, 443624, 327225, 184252, 169890, 52453, 395536, 447014, 488143, 157250, 147227, 304801, 79740, 203491, 246086, 48310, 386365, 198237, 278768, 368689, 36949, 426795, 411381, 331432, 365671, 182833, 193414, 205358, 51925, 420041, 344514, 495108, 151784, 437735, 403320, 273041, 40368, 473419, 284936, 425597, 223142, 53817, 378615, 140177, 265224, 475649, 469287, 294924, 390620, 443510, 426389, 445972, 51958, 160304, 256824, 285917, 107896, 166144, 330088, 429733, 177168, 470395, 486487, 144032, 244966, 241959, 167961, 119146, 211771, 393607, 282584, 192999, 175798, 979, 265159, 27725, 258493, 416832, 7501, 274591, 25425, 113460, 220209, 287585, 236768, 161508, 70625, 324219, 253398, 150822, 386456, 47243, 49425, 362730, 277890, 365081, 219731, 307639, 379353, 280661, 4434, 114586, 33433, 405115, 137162, 131803, 224355, 64089, 386416, 226851, 40051, 160746, 42250, 486070, 456777, 197032, 460395, 365112, 205620, 446011, 16470, 21278, 398657, 473141, 443961, 18715, 129516, 190876, 29782, 361229, 171891, 166662, 122412, 285333, 345555, 475842, 240204, 296570, 236459, 434574, 445249, 371946, 81719, 441841, 347681, 348129, 449812, 273591, 408796, 190038, 350981, 455575, 59918, 449744, 237373, 70455, 499764, 46287, 426286, 369330, 310307, 59763, 491796, 346490, 182382, 407032, 32146, 274461, 147693, 290403, 204809, 431905, 446231, 325320, 292191, 385465, 212105, 373659, 456439, 50418, 245650, 460001, 343418, 390642, 346639, 303816, 283001, 16297, 463974, 234114, 202201, 61749, 412511, 64581, 85229, 469360, 6125, 125260, 115515, 297677, 48721, 339072, 358336, 471267, 360431, 169092, 293728, 41339, 229954, 285493, 196567, 318202, 469806, 180265, 386721, 427307, 262092, 104304, 53815, 285214, 452556, 74519, 116063, 64174, 450220, 422848, 192252, 401088, 254874, 247782, 468251, 449627, 158996, 16372, 206183, 258810, 363592, 192038, 416678, 480852, 281795, 290912, 167532, 253422, 452717, 271597, 85757, 338741, 86782, 347231, 94631, 403004, 245526, 76362, 47558, 134966, 380737, 243116, 194222, 371254, 135696, 365586, 164113, 80745, 320137, 273199, 450316, 322336, 291841, 342202, 130407, 237568, 474557, 283629, 141238, 324943, 125002, 266334, 45077, 159773, 28578, 244410, 87883, 494222, 484590, 315631, 161449, 36765, 170113, 324623, 330871, 353078, 312154, 398410, 419768, 197190, 408286, 318304, 385153, 31023, 272224, 10982, 127168, 422414, 33072, 233652, 472832, 2530, 346019, 379174, 427466, 347679, 76259, 374761, 206187, 42406, 46847, 247825, 80957, 130746, 66130, 43929, 249955, 255884, 492638, 144087, 385550, 145838, 214413, 383787, 434277, 103436, 401157, 498691, 156793, 490174, 185711, 263369, 321795, 99374, 271606, 480718, 104278, 12638, 116167, 363670, 469692, 270353, 96172, 145391, 50522, 476255, 121362, 44452, 349792, 67526, 139451, 65353, 136261, 408217, 467135, 431840, 418550, 358881, 93904, 345501, 393146, 339517, 358647, 434539, 340814, 349888, 12672, 456520, 203937, 476105, 71023, 234602, 64208, 460422, 170793, 206798, 312924, 303796, 244760, 97347, 405909, 362204, 312437, 364684, 26532, 331881, 126379, 448779, 151216, 21916, 172831, 486357, 111271, 255055, 228540, 489414, 222766, 457749, 482410, 340738, 202995, 137917, 260657, 386750, 32108, 471480, 476802, 89793, 390398, 7292, 221893, 272585, 111400, 364657, 205556, 200322, 80487, 1879, 45158, 147384, 303675, 62212, 452326, 475995, 368265, 351892, 312898, 301000, 187980, 312773, 379556, 338518, 72341, 279432, 248707, 138270, 268718, 228022, 260682, 319205, 322030, 259161, 461519, 444285, 130097, 461647, 375962, 378537, 158520, 433881, 202373, 112990, 165400, 481230, 217140, 419187, 219931, 204932, 68958, 104030, 156251, 423120, 257594, 19401, 469909, 423475, 137078, 261639, 326714, 262967, 437505, 484318, 239520, 467584, 423032, 42586, 393797, 480086, 476740, 86614, 110266, 116843, 10077, 146775, 266307, 67837, 387751, 180486, 426058, 333129, 418248, 351365, 11742, 319369, 183255, 190079, 214389, 137016, 264946, 105594, 244599, 319408, 40627, 94425, 236337, 58505, 220214, 17146, 436658, 23658, 468745, 85870, 277369, 218239, 37270, 8205, 373642, 102065, 455346, 366308, 446044, 24736, 365709, 40830, 49987, 89015, 102393, 53102, 448065, 311015, 6884, 462750, 159722, 380222, 23070, 167507, 137899, 225404, 310302, 426097, 248752, 453313, 499557, 167354, 215195, 364469, 72632, 245665, 303375, 385757, 364891, 93671, 413724, 277419, 72414, 405758, 335569, 1250, 240818, 196469, 371561, 396477, 97297, 364147, 47855, 215801, 143134, 211610, 265505, 406425, 183521, 271555, 5976, 448544, 410109, 362419, 396218, 481598, 335368, 279590, 416188, 147737, 43034, 1340, 379218, 499079, 426945, 449412, 45418, 76509, 369773, 162392, 261239, 11425, 73532, 92455, 192561, 288378, 343305, 114531, 477251, 454998, 439583, 426808, 12420, 52113, 292220, 74499, 365172, 416983, 21080, 123215, 352568, 338205, 308334, 352411, 127499, 308593, 36704, 340433, 16675, 200520, 482784, 431467, 453325, 338106, 142362, 495321, 55145, 394189, 392035, 94273, 498680, 35542, 394243, 374036, 179993, 184936, 122905, 112726, 469597, 108033, 141064, 392240, 427372, 74677, 202344, 227121, 464824, 401466, 469243, 72664, 101029, 293321, 483090, 264972, 483294, 288224, 348384, 37448, 12123, 170976, 302949, 313558, 32267, 195809, 454168, 259004, 98794, 437337, 101949, 52645, 266606, 295830, 429316, 107462, 208305, 119803, 267904, 444286, 96515, 348350, 235373, 141313, 103580, 158200, 373150, 24575, 87400, 274414, 433035, 135652, 474850, 22260, 432922, 348213, 157480, 419073, 226310, 422693, 319827, 265119, 126642, 168819, 389069, 71004, 315364, 185185, 386755, 160241, 450936, 355504, 398854, 63411, 38264, 64849, 285479, 367181, 88924, 254799, 180833, 440383, 372227, 450022, 213008, 318014, 427457, 153917, 37546, 352112, 439560, 62305, 457485, 363818, 144841, 311172, 463295, 78258, 220956, 446398, 209009, 304047, 374266, 172558, 190514, 74024, 49647, 450817, 108527, 221629, 251605, 118331, 325443, 264795, 86956, 66298, 236673, 325983, 268968, 478238, 9818, 313701, 478679, 411372, 398790, 137218, 476596, 281548, 424739, 459887, 34069, 326625, 353141, 375756, 401379, 338453, 162658, 172224, 167251, 386763, 33000, 146391, 26685, 336214, 488535, 236910, 361277, 190656, 186849, 22354, 124464, 410418, 90339, 355638, 244643, 366501, 258001, 335746, 158027, 183233, 288396, 100390, 440473, 122956, 26044, 239347, 2931, 413733, 17647, 402793, 466772, 374937, 499735, 90094, 240758, 465540, 303973, 126761, 439866, 303199, 366360, 279965, 178240, 283007, 171197, 353331, 477351, 354701, 247955, 162480, 381407, 11367, 497963, 461038, 368373, 179654, 105448, 355696, 353208, 30511, 41859, 191120, 35118, 480821, 271304, 404881, 478610, 108579, 362946, 248845, 49189, 389855, 106212, 324323, 123382, 476349, 9597, 63372, 319623, 499468, 478730, 494605, 311546, 374124, 451883, 471212, 310013, 184584, 449630, 452892, 106527, 155262, 318844, 97066, 470724, 281255, 68497, 216626, 50531, 46961, 251000, 173420, 48709, 268428, 422252, 155517, 483020, 342786, 240199, 436785, 409541, 163451, 250031, 456076, 67245, 407880, 152331, 226537, 231252, 79115, 241711, 440366, 92214, 150250, 335271, 38665, 297504, 333218, 340266, 128214, 144936, 151541, 322330, 220971, 70506, 288107, 75650, 317951, 8115, 328551, 100055, 491139, 272274, 460705, 19985, 98556, 377727, 33028, 49275, 263623, 117630, 369411, 210199, 366420, 36393, 441237, 494787, 340147, 193308, 326329, 467690, 126653, 193866, 206516, 346791, 58265, 65774, 477860, 31648, 91810, 366420, 337686, 405363, 64501, 343798, 188896, 325513, 235330, 359503, 293633, 465001, 358361, 346472, 464514, 276372, 281794, 101961, 175076, 339923, 337225, 487103, 170971, 271993, 26010, 323853, 95293, 441495, 372124, 22998, 409316, 439730, 19481, 424040, 144096, 39168, 43857, 421841, 274907, 230792, 455070, 196137, 448121, 29334, 279307, 149051, 165933, 293959, 55426, 99933, 44819, 159390, 394393, 247897, 391684, 194595, 290521, 284780, 466573, 22790, 290934, 175435, 217124, 211201, 207471, 488618, 170837, 94635, 249150, 216408, 98971, 442638, 381498, 3464, 239923, 412343, 169574, 426784, 230709, 318142, 344170, 298883, 143192, 225645, 465261, 272598, 223511, 294944, 306860, 60067, 190278, 234872, 436504, 71814, 46176, 145567, 354228, 97384, 303926, 449340, 136601, 23442, 36212, 444655, 45237, 397476, 299384, 331493, 445133, 318457, 226853, 479538, 322889, 416297, 73847, 73139, 5944, 54627, 270087, 22511, 150171, 232379, 3835, 423984, 320668, 272544, 309850, 382324, 220252, 176566, 164330, 296316, 337512, 118464, 230606, 417447, 24792, 46953, 75494, 60759, 462114, 236284, 411549, 382796, 122185, 249409, 314096, 467686, 302624, 264915, 341493, 403188, 136496, 399501, 162504, 364255, 109995, 413804, 300821, 409706, 142202, 48831, 85572, 26895, 399675, 122585, 462730, 448407, 242708, 104157, 353416, 470996, 331879, 484707, 111753, 261763, 50099, 241086, 39707, 369901, 323661, 280243, 12121, 495618, 342329, 468719, 422642, 9029, 431688, 425753, 124472, 373681, 489050, 200367, 458268, 320630, 381756, 127852, 151520, 46263, 65334, 234942, 289573, 445600, 154308, 215953, 99011, 366814, 286700, 8210, 91485, 128157, 402099, 452781, 306537, 95567, 263142, 123555, 475574, 136910, 411099, 184410, 486354, 443889, 513, 66029, 448242, 202772, 103591, 74469, 395324, 33571, 113031, 107485, 471148, 422732, 154453, 170303, 268304, 277925, 129032, 383132, 60592, 349100, 15924, 358750, 51572, 353787, 46363, 364486, 214445, 128258, 379123, 292527, 171967, 132448, 32936, 257312, 235690, 208802, 479447, 80285, 449461, 85513, 293203, 353803, 50846, 29262, 32670, 484704, 178657, 335088, 398602, 61608, 18126, 299690, 365064, 61546, 124182, 281232, 69629, 259061, 294076, 280821, 47355, 377457, 238570, 491989, 430401, 228480, 336413, 60314, 197626, 70363, 149827, 101119, 258999, 339375, 80328, 85876, 52035, 272995, 478354, 333249, 390723, 327082, 175649, 73762, 211528, 116673, 321102, 189158, 421647, 214433, 240012, 112026, 241731, 289110, 379179, 43347, 441053, 120198, 290915, 84643, 368069, 246531, 90159, 16465, 208332, 390143, 209668, 87539, 410686, 30985, 455831, 202745, 489174, 369292, 228298, 160264, 281553, 270333, 284035, 45207, 295559, 102414, 97975, 156243, 410698, 39175, 46579, 209220, 417960, 54686, 181064, 271842, 406455, 325404, 402833, 337121, 140731, 235341, 459577, 472604, 109992, 372762, 14739, 359373, 298512, 137583, 202453, 264768, 497022, 79426, 388832, 409906, 282547, 383414, 355913, 118501, 29717, 342768, 285474, 31343, 153178, 135240, 247396, 305171, 356676, 107354, 346889, 166710, 308211, 324646, 235533, 326773, 146248, 21824, 478578, 256962, 105588, 265611, 80715, 38997, 103233, 51532, 496111, 203923, 402341, 326544, 340650, 161868, 46321, 427760, 75223, 74429, 269335, 118020, 4687, 153667, 257368, 486511, 288282, 390422, 254467, 251573, 40666, 56094, 483892, 77655, 368382, 386878, 452624, 307776, 455733, 26508, 97472, 430052, 416515, 192504, 266764, 169202, 436864, 348358, 317236, 482808, 471822, 34146, 264861, 235548, 436294, 69401, 170153, 68718, 285710, 237053, 244059, 134934, 372559, 29537, 46119, 119539, 21186, 469472, 492548, 348484, 138157, 212695, 284481, 466487, 183289, 87135, 336279, 82281, 329714, 61817, 277401, 395476, 425502, 186738, 430814, 447563, 46929, 183451, 304121, 73746, 283636, 64517, 59418, 235449, 170913, 203026, 124385, 56217, 378080, 17343, 490290, 6434, 24885, 151275, 403838, 23147, 250789, 354902, 435262, 336013, 237781, 129912, 258923, 204115, 427847, 385169, 24600, 217079, 470130, 206596, 225404, 43437, 403540, 67026, 359202, 268575, 94127, 344475, 370574, 29652, 71660, 438874, 270737, 339278, 349504, 438438, 403193, 427987, 347567, 214323, 56364, 255491, 197993, 209702, 232985, 30895, 321677, 114831, 125575, 95094, 255697, 133979, 266931, 414667, 146269, 285059, 179894, 24809, 417042, 187540, 236058, 16368, 384809, 280246, 463518, 216902, 246471, 118489, 307640, 377620, 126604, 410199, 364443, 3675, 333536, 219787, 457730, 329595, 453659, 340526, 335730, 239538, 420875, 235984, 12390, 88782, 70670, 485511, 459145, 170034, 124472, 164330, 42202, 136463, 398534, 81323, 398286, 138068, 413100, 5889, 83540, 490869, 464185, 86518, 349515, 31803, 280858, 175573, 477482, 289934, 71302, 316257, 1704, 54148, 329868, 232986, 465114, 158574, 401741, 94803, 15405, 393927, 280422, 253074, 278770, 238292, 298944, 252159, 166575, 350491, 453131, 455881, 493435, 498985, 376677, 67727, 308379, 91530, 473810, 425241, 31198, 167402, 405986, 7267, 297238, 84019, 54549, 33420, 311125, 1110, 103286, 266610, 437228, 230534, 153933, 38326, 142459, 285256, 425034, 364605, 436903, 226199, 122342, 437450, 31447, 232807, 67071, 385639, 46884, 232819, 106648, 110154, 237736, 270282, 375838, 287347, 197879, 39305, 504, 110826, 393361, 255130, 222627, 204609, 462233, 314684, 328178, 437372, 496955, 171790, 448584, 450037, 299615, 431442, 320301, 492573, 376972, 403231, 210469, 362797, 83334, 451835, 255597, 222773, 349137, 10255, 127075, 155144, 7910, 180886, 457441, 432087, 105820, 452035, 98917, 357882, 198265, 306665, 83690, 433787, 304754, 197722, 274181, 287651, 302463, 169904, 457209, 154613, 445724, 396776, 430621, 260180, 199108, 373016, 269876, 409984, 64037, 2509, 113683, 235848, 318555, 381542, 330191, 159988, 78884, 239837, 326700, 349140, 302310, 2008, 459299, 446017, 201980, 376519, 171483, 339502, 254008, 165092, 396011, 196808, 90994, 33523, 136269, 121611, 104510, 29978, 341488, 83264, 172214, 224509, 128460, 440777, 318719, 90324, 296527, 100831, 235947, 220874, 445580, 425277, 231605, 227437, 367062, 370970, 299347, 12004, 342360, 413020, 65087, 335925, 308245, 497441, 441122, 11913, 258178, 374868, 280540, 180535, 494908, 16084, 47698, 473747, 478007, 291011, 329199, 438547, 272404, 22507, 275638, 418446, 65921, 1166, 439774, 21644, 231980, 118499, 394407, 360080, 331436, 350569, 59348, 10234, 97694, 418114, 15798, 37775, 37566, 339909, 10266, 182573, 449326, 132471, 39834, 464112, 315344, 35726, 415362, 152041, 434747, 415466, 447110, 482208, 463822, 474148, 188145, 198782, 155347, 447862, 386096, 370196, 143909, 483933, 127763, 495163, 49777, 150339, 83558, 208612, 307976, 140074, 35670, 169007, 124667, 147148, 6487, 336204, 479106, 453430, 493144, 27293, 313695, 133894, 5759, 25338, 390295, 303437, 40085, 281898, 306570, 219630, 181351, 66256, 183948, 336904, 169551, 461037, 69863, 418479, 365674, 381597, 329463, 311307, 351679, 287946, 73224, 499375, 319059, 442854, 464770, 387132, 107835, 283556, 448247, 358999, 29680, 326583, 480061, 161449, 154469, 420356, 16106, 95316, 423181, 119404, 282148, 71042, 242666, 451606, 356929, 344150, 135952, 429735, 498866, 315686, 391315, 162221, 166278, 96841, 328590, 210600, 130382, 67545, 122387, 233103, 481993, 443798, 456867, 317484, 74286, 190096, 423177, 228140, 118656, 271690, 372513, 265088, 284478, 337230, 272731, 263851, 448121, 211576, 151106, 324616, 4345, 333785, 117495, 242952, 207213, 49208, 462784, 318434, 287511, 452052, 314907, 258250, 474426, 311544, 458205, 299943, 10824, 76772, 55877, 276310, 335920, 239364, 90, 436404, 279714, 344129, 196934, 128317, 218345, 451505, 495201, 22831, 22256, 389464, 428667, 475778, 106216, 316268, 196582, 186266, 9107, 298281, 26, 6479, 491155, 295171, 374728, 386529, 311409, 179301, 28876, 29748, 238733, 72256, 199258, 316394, 145279, 43948, 231885, 320098, 178521, 496880, 286613, 264144, 358698, 60050, 230761, 478320, 412582, 258652, 12810, 438402, 337987, 266821, 20725, 362499, 491101, 395556, 204907, 126344, 119010, 426005, 211695, 32419, 378695, 273259, 299197, 98438, 225776, 496889, 164444, 119984, 204422, 353908, 232035, 380454, 95666, 399673, 44188, 286250, 87017, 33283, 295133, 270326, 71668, 488540, 202428, 174559, 71657, 3146, 384596, 29231, 493533, 332448, 393086, 15640, 427222, 387199, 94005, 168404, 133657, 169338, 444035, 37674, 406516, 249299, 67410, 82950, 299641, 135616, 495625, 293076, 359629, 310345, 387436, 202473, 59289, 80153, 167767, 164890, 477114, 75931, 411248, 78090, 25107, 423758, 499109, 218992, 70351, 243037, 21628, 446109, 84605, 199015, 390017, 288261, 133413, 108440, 10648, 461039, 65426, 312645, 200856, 327031, 295614, 247244, 454022, 459255, 144681, 273823, 95093, 219710, 3952, 117535, 345314, 132870, 173173, 97525, 125877, 37398, 229093, 13189, 124864, 39491, 210162, 155658, 384758, 454083, 262331, 357139, 428143, 23336, 497553, 339618, 450589, 205303, 274402, 176956, 437117, 183782, 324925, 356623, 324956, 345179, 29417, 280480, 465192, 142935, 471159, 5254, 99708, 128810, 261029, 95340, 453936, 291790, 416762, 296134, 303837, 420922, 345650, 289842, 295354, 486483, 485331, 133480, 154593, 127570, 37380, 357971, 471954, 368773, 71426, 407647, 472007, 262875, 300392, 271878, 445193, 293274, 42783, 450386, 119627, 92360, 429288, 493541, 338919, 343648, 51832, 104303, 364166, 380625, 303488, 256206, 425323, 189647, 367303, 483467, 111342, 469225, 13599, 73683, 134570, 440910, 221801, 461003, 494302, 348060, 313932, 54358, 348055, 333990, 288715, 108585, 484058, 198065, 457523, 382, 203294, 338828, 358031, 138660, 479162, 319360, 198195, 321145, 467011, 386618, 265330, 102142, 289823, 455067, 412763, 74722, 205214, 333644, 396620, 41057, 324902, 393199, 86450, 206400, 121794, 416757, 241537, 156954, 485302, 259250, 442944, 419523, 254838, 167321, 415569, 105421, 47914, 384456, 77613, 260114, 192432, 468970, 168449, 108412, 468891, 126448, 16788, 479229, 12760, 110066, 191004, 404319, 278835, 281594, 162066, 462428, 93603, 351908, 484658, 86583, 419674, 190856, 416940, 74470, 453847, 176760, 92052, 433045, 242961, 235980, 151063, 36158, 9940, 418399, 315529, 26510, 476994, 267108, 260591, 32007, 381695, 274165, 430996, 192986, 444230, 438562, 285229, 298371, 162808, 148849, 341802, 47595, 476605, 336955, 293435, 223738, 456082, 235282, 461780, 268236, 194310, 174124, 468465, 327388, 167899, 265462, 162310, 315035, 483814, 39522, 52551, 497879, 154771, 440972, 372955, 309185, 229618, 465182, 244309, 315958, 55180, 494837, 425147, 331920, 414651, 55356, 357398, 75333, 398049, 399914, 495730, 224453, 207436, 449489, 27546, 290569, 472220, 471139, 161206, 206434, 445292, 178097, 422455, 164281, 287859, 326853, 152405, 22632, 415225, 52486, 147320, 89044, 95586, 490987, 157424, 95793, 279413, 304559, 268543, 254860, 265736, 124356, 310177, 204055, 44799, 401142, 471736, 186787, 166156, 365916, 388557, 319119, 272894, 4842, 410126, 484276, 408368, 332722, 380090, 333491, 92606, 239351, 329212, 42407, 183403, 305797, 408602, 305585, 67344, 20628, 179185, 271125, 393802, 108082, 299349, 498506, 171794, 392259, 462955, 298606, 76928, 252972, 302008, 336762, 373966, 308282, 486389, 300738, 472896, 154035, 338571, 233651, 298623, 304348, 286776, 45659, 277379, 339030, 133929, 19880, 378493, 286093, 437016, 400193, 32829, 386902, 399964, 210948, 414462, 439121, 20435, 24783, 350442, 463659, 65819, 388862, 491137, 370833, 191436, 175912, 183503, 240997, 456196, 309599, 343860, 451258, 233403, 274514, 388308, 51936, 36969, 425664, 331584, 53171, 274382, 111952, 257717, 222657, 120724, 304864, 492873, 101475, 488426, 140986, 467965, 206013, 238470, 170608, 226394, 262371, 367859, 41281, 236867, 483326, 314346, 57224, 475678, 16926, 440219, 419635, 19819, 430808, 431429, 78298, 378465, 408288, 73075, 124803, 6364, 485094, 413298, 145412, 100665, 115490, 204202, 389671, 342576, 490864, 452600, 445343, 256874, 165757, 195125, 266044, 367837, 344062, 66384, 143054, 8593, 279402, 393358, 62740, 102979, 398698, 299677, 186682, 25844, 140293, 127788, 448376, 312582, 89496, 273900, 158099, 328375, 53519, 129616, 438978, 153655, 472302, 463892, 395470, 8685, 72732, 200631, 54391, 468106, 425487, 488364, 120727, 424645, 263561, 192013, 127471, 136033, 64949, 255210, 492933, 196560, 282322, 398198, 113839, 416657, 166355, 96131, 139867, 257070, 363934, 101499, 66894, 216074, 156113, 261361, 472873, 331282, 173728, 115394, 355917, 250627, 264570, 214233, 221178, 314984, 488552, 154499, 222224, 339901, 377445, 480178, 343488, 4195, 157375, 482720, 341832, 64815, 13664, 249899, 212648, 335094, 78850, 328643, 335801, 244658, 292204, 398804, 490919, 288443, 255320, 222483, 218381, 279864, 240917, 371564, 250505, 263002, 497026, 327596, 338722, 156500, 314254, 165250, 481600, 90340, 331797, 119526, 257942, 123296, 310973, 187207, 365542, 497108, 103100, 430036, 214769, 231235, 25166, 354946, 496414, 350284, 237595, 155428, 349570, 113263, 339256, 407809, 272752, 132230, 463408, 56723, 334377, 419779, 183176, 281079, 355282, 235297, 243482, 351617, 475122, 104601, 269920, 50346, 466020, 322793, 223551, 634, 464522, 384877, 265688, 308756, 158310, 220624, 352137, 442722, 495240, 67009, 46010, 173337, 225771, 28845, 207695, 176309, 377834, 52181, 312143, 146623, 238921, 316090, 490299, 35818, 314922, 297795, 240212, 258414, 118427, 52540, 67987, 58940, 382664, 103777, 256331, 417294, 298494, 78683, 157215, 157211, 343642, 193302, 288673, 224607, 39320, 143465, 199722, 344126, 433469, 361662, 414536, 379467, 90427, 484269, 24367, 132726, 342420, 193106, 363548, 493750, 308321, 227987, 87219, 462436, 175006, 202618, 423367, 415721, 73620, 28176, 301900, 164587, 14664, 48965, 308248, 253046, 173084, 103234, 439226, 104450, 56089, 489682, 180954, 332253, 120806, 253027, 20563, 475005, 331102, 11362, 382106, 120420, 257729, 148762, 65925, 248283, 31664, 179142, 325479, 149830, 317634, 56562, 159746, 376275, 342707, 424226, 95395, 378240, 13141, 134783, 255183, 240057, 91871, 59118, 99332, 344016, 431793, 468446, 35424, 222568, 150454, 61469, 138823, 463793, 384479, 485059, 484389, 414576, 494918, 427757, 278418, 399001, 161168, 224165, 495438, 157152, 70198, 484675, 400855, 457207, 328612, 263278, 3095, 213529, 43005, 197951, 324161, 497817, 384342, 323814, 53310, 304539, 167088, 14689, 324533, 168330, 355571, 346553, 32844, 356420, 431548, 310111, 129388, 371224, 59388, 190620, 456815, 126922, 198880, 220344, 424329, 232839, 288731, 469071, 421937, 458572, 170768, 52305, 234333, 54279, 27442, 170991, 28054, 491551, 479704, 60942, 267896, 449259, 168313, 405049, 326044, 86410, 235538, 405679, 451391, 111068, 28018, 272258, 399522, 273612, 478511, 19348, 45846, 475695, 390625, 213587, 51156, 158023, 209413, 143013, 55569, 137919, 178545, 235450, 385706, 19677, 199605, 491095, 231786, 285604, 369674, 96938, 98702, 391613, 150910, 68884, 24211, 79056, 498413, 491021, 421035, 129737, 172140, 61938, 202819, 24344, 364102, 310237, 79815, 120906, 38537, 35502, 88564, 23939, 119839, 155169, 347101, 288493, 386790, 97019, 156496, 276715, 328419, 335866, 333109, 219096, 138759, 66154, 55830, 478046, 316545, 65470, 215585, 60210, 175670, 235840, 73422, 278300, 187919, 179896, 396701, 118327, 379446, 294587, 144605, 251249, 33319, 101040, 126989, 284845, 403006, 177499, 397638, 453269, 184474, 348612, 260654, 412539, 288926, 309134, 58399, 236325, 292764, 477877, 491449, 259493, 18469, 107776, 290872, 46097, 201699, 358321, 481665, 44440, 242515, 204741, 361383, 391569, 49162, 302053, 490309, 88070, 35498, 108303, 97372, 436469, 197406, 286408, 29711, 135829, 349324, 460638, 339739, 185525, 427454, 114528, 377286, 146954, 30354, 488354, 23310, 249680, 253657, 54696, 206147, 483194, 258730, 70143, 62088, 290838, 337984, 362857, 228053, 157213, 158242, 367715, 110575, 413812, 317841, 171357, 385307, 150514, 93787, 405508, 497873, 64893, 115201, 155981, 278741, 329289, 108589, 253199, 146909, 96772, 439428, 479571, 40605, 323515, 420898, 198959, 22652, 278602, 448999, 423656, 313430, 130827, 77210, 102847, 363871, 343876, 157050, 476768, 50046, 113774, 280389, 293513, 369572, 95772, 491811, 171304, 325759, 59605, 413617, 336323, 184684, 272527, 433793, 440200, 313161, 470312, 346496, 133453, 214722, 392554, 95522, 167283, 88905, 393119, 101742, 8104, 52520, 293827, 314251, 320135, 392913, 227113, 344459, 412734, 144059, 473690, 286588, 438004, 376699, 264075, 263684, 393848, 255500, 141551, 209804, 91422, 455962, 375612, 38517, 38038, 306381, 66957, 106521, 281872, 327340, 115960, 341717, 182139, 481729, 471083, 420333, 288979, 139492, 248236, 333766, 499343, 229503, 215107, 60063, 128219, 438218, 463286, 415675, 125157, 329380, 114652, 395744, 485145, 330355, 472301, 416679, 413930, 307874, 7846, 10398, 134022, 481689, 241358, 178743, 179838, 427886, 37334, 150305, 192817, 27562, 374830, 211503, 317071, 1393, 438402, 329820, 180492, 27397, 486755, 197528, 435886, 31595, 162218, 459976, 432699, 149510, 246159, 154412, 326310, 21418, 175368, 441006, 352052, 420206, 443429, 374353, 269809, 430677, 391991, 19799, 32681, 14969, 269101, 322760, 161170, 494841, 207738, 376638, 57978, 127181, 177236, 397756, 16050, 132186, 199181, 174542, 334176, 105360, 123964, 317047, 340372, 416923, 445845, 337924, 438277, 360858, 108752, 347806, 77518, 339057, 409632, 94918, 290487, 418620, 366840, 465161, 180133, 468971, 77791, 274526, 364725, 151229, 198016, 110162, 407285, 219737, 336735, 225391, 161993, 139047, 225013, 311940, 131087, 70839, 440931, 122050, 364697, 123313, 127097, 56395, 245163, 175044, 38742, 184058, 113220, 128876, 180433, 152136, 379602, 266454, 430358, 63742, 84675, 309679, 427067, 301442, 434121, 183758, 287488, 304960, 106238, 494975, 118158, 477775, 215496, 396331, 38324, 441664, 395177, 7427, 466506, 303620, 272275, 200015, 152070, 486586, 24424, 304265, 396551, 363352, 331470, 475326, 68671, 71962, 87106, 392650, 282197, 340399, 173135, 467884, 309223, 99015, 360522, 101887, 389754, 198411, 346848, 365850, 112445, 208089, 309570, 452199, 490970, 29489, 321673, 57006, 310700, 130822, 60624, 170273, 271783, 226412, 192659, 228793, 237879, 413741, 66486, 297393, 79224, 241833, 496790, 303730, 393667, 381659, 9128, 465786, 236620, 100634, 424934, 64249, 105644, 367949, 190093, 362364, 133218, 351921, 92892, 312980, 157152, 328413, 40363, 89106, 459532, 126572, 465736, 309575, 277857, 19665, 231533, 261946, 425789, 483891, 238586, 138177, 444174, 366336, 2974, 53087, 173919, 247798, 148917, 257044, 328798, 149866, 335895, 196554, 378560, 383813, 259181, 43165, 228817, 358242, 379232, 96459, 61016, 39666, 308790, 103903, 13947, 201560, 340004, 429770, 264527, 227628, 212401, 397524, 70407, 282843, 353811, 245120, 424547, 36647, 170467, 397127, 384665, 319127, 327598, 415844, 206726, 11920, 162069, 438504, 302664, 249742, 112834, 394765, 388586, 25618, 321387, 369356, 295820, 327013, 287265, 208325, 474833, 372403, 335258, 279522, 422788, 236978, 261788, 134587, 281675, 285971, 206049, 210114, 42431, 177652, 309461, 133973, 61037, 58799, 188960, 296732, 93401, 54692, 670, 362654, 471267, 52660, 346129, 174419, 164125, 496065, 35441, 239648, 140860, 76486, 273295, 11026, 75284, 276734, 50757, 255997, 261415, 70747, 253812, 274699, 44379, 24898, 417794, 204635, 443510, 283985, 426582, 138924, 457405, 440336, 183741, 235618, 308892, 114732, 234763, 447151, 211730, 87003, 64518, 6267, 49080, 122709, 468890, 272735, 283225, 75381, 141286, 318341, 450970, 408297, 332023, 390087, 264764, 443420, 308577, 480949, 498831, 50660, 116875, 430017, 66961, 143632, 371392, 96224, 265065, 457565, 26419, 225267, 281017, 446610, 5947, 31574, 308518, 337639, 172656, 169144, 102980, 306398, 446751, 238900, 64218, 18336, 469220, 234160, 159208, 221871, 195810, 14973, 626, 335561, 459288, 419115, 105708, 385595, 28444, 102017, 273297, 216741, 29438, 449059, 385084, 381988, 422722, 155602, 325585, 75797, 345668, 183083, 240700, 33329, 491961, 284660, 203490, 279190, 149131, 176338, 421385, 4461, 436529, 188722, 497144, 9737, 307489, 158133, 12585, 444863, 348034, 327948, 35628, 233898, 288162, 299794, 273641, 223973, 68640, 41904, 414055, 343315, 57981, 497111, 279083, 411597, 264127, 174037, 64551, 104647, 303886, 336809, 199977, 185063, 222703, 5567, 404960, 128123, 148878, 183921, 84402, 211762, 336470, 36596, 479745, 404987, 283856, 398175, 96020, 3052, 314826, 112182, 450294, 430346, 160350, 309, 268723, 448712, 338055, 202840, 438906, 228830, 250222, 461936, 373831, 253162, 80828, 299955, 91293, 211763, 25159, 285762, 322117, 433849, 446789, 242006, 338272, 257105, 67110, 264324, 455020, 236328, 253778, 294374, 145377, 102561, 465444, 192929, 3703, 186236, 358923, 360802, 222244, 37660, 461688, 391066, 309763, 347081, 15211, 374524, 347281, 430790, 251691, 271906, 72792, 311354, 365035, 72913, 292093, 210716, 367565, 308599, 190507, 427178, 380321, 111644, 376428, 454543, 437441, 425101, 374605, 428267, 342060, 211467, 238062, 360297, 14096, 454649, 100356, 301866, 10370, 261118, 105356, 260258, 11164, 415286, 424246, 365327, 346542, 398498, 266629, 281814, 195570, 51566, 369921, 89278, 416596, 21943, 121994, 282841, 470603, 424853, 186588, 372180, 136036, 158531, 157298, 222197, 150240, 147059, 236652, 240589, 126918, 283539, 137959, 219023, 303251, 492988, 107130, 243017, 212180, 186857, 292815, 320682, 68736, 476831, 354302, 440015, 213068, 302339, 408327, 34987, 222091, 119850, 290988, 75177, 288726, 187778, 227278, 370159, 493481, 159809, 400577, 140165, 252241, 460180, 208543, 91855, 192276, 405401, 320695, 398512, 268958, 1265, 485305, 118013, 153095, 298500, 346584, 70379, 17495, 471739, 454927, 425429, 437977, 197867, 347485, 126455, 187875, 150313, 83982, 357740, 68758, 213672, 49993, 374132, 178780, 80445, 222395, 327975, 371214, 247207, 411574, 316710, 380616, 129563, 428368, 343848, 292017, 234132, 280519, 143329, 230622, 340958, 492613, 147110, 400379, 265877, 408054, 367436, 215597, 19173, 129910, 290073, 98505, 179986, 436160, 340291, 52668, 274405, 9866, 344242, 282907, 397170, 95125, 104533, 218210, 469118, 333886, 435216, 2813, 172234, 404626, 379563, 233366, 55855, 32331, 281570, 375699, 107364, 174336, 189135, 399188, 163193, 410007, 15779, 132356, 134981, 375844, 440993, 424279, 100246, 18255, 445822, 58296, 481027, 52189, 296733, 232076, 273554, 31403, 61735, 492076, 177904, 223025, 199238, 273627, 253082, 484428, 421992, 431797, 126300, 336327, 331378, 193410, 256692, 364725, 409650, 302353, 235631, 72314, 144526, 229921, 304516, 475718, 183808, 271157, 89517, 228873, 326352, 483686, 167894, 212579, 411143, 391407, 163084, 201243, 27157, 102705, 33949, 213448, 71206, 196467, 143630, 396246, 371354, 221368, 451140, 316426, 325326, 147879, 291591, 304091, 68233, 156704, 20074, 388292, 488541, 234284, 23269, 302642, 471854, 437606, 417366, 449732, 306303, 387483, 495534, 320651, 413888, 204630, 271908, 153034, 141114, 139728, 423748, 47229, 164505, 44951, 298046, 35333, 297842, 415804, 482005, 248370, 308086, 174065, 471999, 338423, 355578, 27160, 428797, 124679, 5960, 117830, 240044, 495752, 96818, 15140, 323081, 24599, 474498, 130214, 331015, 499272, 43687, 474267, 190905, 298391, 311153, 489103, 47706, 59655, 479475, 161535, 259822, 489152, 90822, 57639, 196467, 439709, 426606, 402519, 420138, 332215, 76735, 35694, 434816, 317026, 1061, 236791, 16106, 64780, 280475, 406573, 295085, 67334, 415055, 367151, 105648, 373979, 258832, 30644, 387037, 273050, 160803, 193460, 428738, 119365, 185960, 228832, 221139, 164149, 248285, 466398, 155761, 108788, 482150, 168018, 208922, 6449, 96856, 374841, 212082, 253721, 33758, 384850, 423863, 485501, 134820, 18383, 449327, 229721, 270629, 139755, 430634, 110105, 224348, 299124, 146278, 466446, 338390, 348816, 43135, 396361, 366801, 483759, 195730, 345889, 476402, 74190, 278929, 494369, 277163, 146252, 58860, 165665, 208281, 496089, 414565, 120767, 454367, 261808, 430253, 144035, 382400, 221170, 437145, 269383, 296137, 383494, 443536, 367572, 258118, 325146, 24430, 389101, 337223, 316099, 202832, 145895, 474423, 78838, 252306, 48640, 395772, 223229, 263886, 20176, 123140, 6178, 422403, 237440, 246964, 238416, 368216, 191308, 215509, 86316, 189285, 325788, 75410, 326172, 168424, 25858, 214235, 57588, 345906, 186901, 140132, 121442, 250005, 318926, 295127, 182262, 19730, 21005, 317984, 135862, 165440, 427922, 35250, 163477, 224557, 50619, 349740, 335519, 118267, 63119, 271116, 118783, 166236, 705, 183411, 409223, 243093, 409953, 453782, 34648, 331995, 435608, 91757, 307230, 338432, 107820, 422028, 142004, 389353, 488635, 347024, 367710, 154585, 4670, 121485, 461689, 487396, 151369, 284612, 86456, 213952, 497209, 217681, 112390, 2983, 360507, 290348, 66878, 461208, 419978, 122629, 282728, 226638, 423468, 58679, 368048, 301284, 118530, 178976, 341005, 369709, 411805, 480176, 282706, 256469, 240414, 315354, 444887, 276408, 193369, 400606, 144853, 82840, 463787, 11163, 401430, 33795, 445715, 258863, 287433, 111535, 232463, 115882, 41697, 59450, 40138, 456090, 271025, 316477, 257623, 423030, 396110, 125913, 476260, 422866, 54863, 79576, 35208, 33388, 203904, 440985, 467605, 346612, 197034, 40704, 152135, 196354, 374102, 77781, 299938, 454931, 295345, 118988, 155651, 414026, 23867, 461488, 181455, 422233, 439042, 122097, 90095, 323180, 111922, 333131, 481544, 402747, 325629, 418320, 312756, 362309, 48396, 147891, 319239, 121006, 186770, 235753, 91041, 355020, 101995, 224206, 421942, 5418, 303782, 80473, 37970, 146296, 497234, 316274, 336827, 193338, 94523, 325690, 308724, 271235, 343459, 491738, 324527, 86561, 137654, 21046, 421260, 395232, 293032, 294776, 292909, 185287, 44434, 282623, 321318, 9138, 249610, 395544, 442012, 113894, 224008, 253391, 434200, 349474, 450142, 50994, 489759, 227809, 130085, 345369, 42371, 9354, 121115, 448830, 315820, 443544, 362324, 488248, 222706, 301838, 272016, 45235, 191900, 431468, 428268, 450659, 166081, 479766, 463206, 265502, 234094, 308471, 269901, 77193, 76980, 400447, 471614, 197362, 174836, 24535, 126463, 243112, 145492, 376950, 58705, 174979, 164182, 424503, 50121, 286872, 183657, 282446, 182115, 493654, 499005, 459105, 99456, 16568, 156301, 388821, 303520, 48086, 137061, 139640, 343357, 455968, 59333, 14504, 83954, 465020, 51751, 320201, 278918, 37893, 184690, 393540, 290340, 420435, 428034, 27033, 486922, 226483, 306584, 217438, 58112, 274313, 107181, 470173, 421844, 87503, 110309, 187837, 163451, 471343, 394553, 103871, 459827, 180172, 118570, 408993, 296421, 69380, 171382, 205181, 232271, 230840, 40055, 300503, 256548, 294004, 280791, 227505, 37016, 39947, 204039, 8063, 330990, 62025, 403900, 292321, 338881, 494956, 209722, 490249, 344771, 193938, 446, 176766, 397552, 439269, 301235, 395487, 215609, 292084, 88429, 300657, 95899, 85147, 204901, 356352, 485689, 413258, 210383, 360857, 156166, 100338, 411240, 228954, 303994, 467460, 315640, 136515, 496121, 138641, 459263, 175204, 264124, 108541, 385365, 274459, 494044, 409179, 319327, 101542, 328330, 74818, 51698, 143767, 373882, 68689, 205426, 70642, 433364, 14707, 192254, 469535, 477617, 357469, 6867, 460946, 227321, 400348, 95212, 18993, 338518, 362614, 351024, 407756, 486209, 78098, 217439, 382255, 83598, 18222, 263881, 139140, 315566, 239002, 456248, 287784, 278733, 316045, 336094, 287325, 419893, 7450, 208082, 470132, 1037, 177903, 281106, 297593, 339698, 481015, 425341, 399501, 178601, 265180, 323118, 245048, 340281, 270371, 161840, 211496, 348996, 212771, 400662, 257312, 65103, 217289, 499378, 149861, 55494, 94735, 97959, 167954, 387693, 210812, 228743, 165142, 209692, 42038, 187560, 68978, 453182, 57264, 398727, 65713, 328376, 153635, 452679, 290730, 153218, 115022, 460485, 68749, 204217, 334848, 116261, 321885, 52146, 165137, 177748, 310469, 232452, 85040, 307087, 199970, 459207, 42747, 331915, 317130, 286464, 89670, 223306, 38685, 123367, 182318, 311062, 97394, 330425, 261024, 283392, 77088, 192849, 423054, 464233, 463297, 402961, 387727, 105323, 282593, 468695, 215176, 233573, 128134, 195803, 395050, 401737, 198732, 486655, 297103, 121458, 406525, 473530, 284313, 451259, 452789, 428616, 271265, 238030, 273503, 163468, 28835, 221649, 166270, 375302, 406532, 148856, 152986, 38761, 255555, 50717, 306655, 165607, 463549, 206608, 146033, 36812, 136822, 285235, 242383, 293066, 324517, 443461, 107350, 244456, 142368, 375992, 334595, 54328, 312680, 485313, 342856, 387344, 229485, 196144, 8751, 393395, 123504, 309121, 468979, 55545, 235748, 444542, 81024, 19180, 28054, 226974, 270284, 2147, 276916, 145377, 110842, 196455, 414398, 81682, 117978, 62737, 465514, 372659, 390322, 90030, 452284, 493711, 237052, 198950, 99145, 230981, 378097, 378445, 36572, 462424, 249504, 327190, 81616, 127841, 175913, 394343, 26168, 456822, 172979, 201452, 26907, 14931, 431818, 55202, 409850, 228141, 249492, 139796, 391539, 28087, 426783, 410177, 169672, 306929, 105390, 89686, 450882, 481599, 172319, 146830, 133465, 210254, 37886, 57166, 283657, 71227, 309112, 484093, 427519, 17864, 285203, 365713, 445584, 385517, 161030, 437199, 363776, 223283, 38210, 364622, 423969, 156940, 59355, 228804, 282318, 194412, 224799, 108651, 173531, 174383, 486551, 14042, 182198, 336746, 204553, 174511, 416675, 258261, 89579, 361166, 376942, 593, 458782, 129577, 117395, 335932, 330384, 66835, 12842, 396327, 115579, 121666, 241758, 368546, 132008, 263214, 271313, 123692, 437141, 364748, 359535, 379108, 371808, 144165, 114453, 55027, 238875, 388338, 196896, 469921, 188936, 115490, 110816, 480483, 160326, 124958, 231053, 30473, 383646, 358550, 371347, 350057, 94250, 289042, 13784, 56074, 239469, 336422, 337234, 187166, 118673, 209854, 310177, 50892, 422527, 457725, 389491, 221948, 319241, 171855, 159790, 350652, 79671, 215970, 54427, 461333, 252097, 200193, 319132, 487890, 275711, 174453, 213482, 312911, 158636, 1775, 196599, 230119, 335597, 294022, 94013, 224145, 268772, 463171, 490301, 95332, 131178, 43281, 459146, 12248, 238254, 394833, 357480, 80434, 427274, 181797, 122844, 101488, 29239, 445884, 184883, 82267, 61154, 108833, 82621, 466811, 106266, 413558, 479401, 155582, 495077, 94169, 32471, 70365, 184080, 484685, 485451, 18420, 444669, 139430, 90728, 198952, 225218, 443403, 82055, 146242, 172364, 441117, 283483, 200838, 396037, 494209, 153011, 233602, 98774, 25907, 127509, 417803, 400626, 387452, 310315, 229789, 82725, 343132, 200185, 373804, 391847, 4634, 142706, 150745, 424944, 192961, 242279, 43175, 146559, 238483, 301143, 458645, 408185, 358795, 252491, 415277, 57365, 3704, 163158, 46634, 5186, 315023, 144686, 409975, 311374, 316587, 187070, 406231, 434193, 389580, 367315, 350403, 470030, 241547, 223914, 425814, 78895, 388819, 401500, 106340, 384638, 367603, 40563, 143900, 366940, 195254, 202264, 134052, 345638, 472701, 143519, 235838, 313732, 390079, 285165, 127514, 413907, 278380, 396131, 224341, 194952, 425942, 490529, 492387, 429566, 30673, 462740, 106886, 398710, 388542, 181626, 61385, 463745, 150959, 479790, 180214, 441703, 110968, 365969, 427670, 268752, 461541, 106895, 487944, 485984, 429675, 390134, 457645, 225969, 447303, 330614, 450602, 448667, 181751, 155747, 97762, 175832, 170979, 199000, 13370, 204589, 178383, 75011, 108793, 435579, 153197, 219964, 270329, 362393, 347890, 10712, 306355, 163691, 250980, 93181, 441917, 55446, 443582, 113634, 43118, 219603, 247459, 294279, 285162, 248703, 251772, 30802, 163627, 209544, 34575, 359324, 147390, 7478, 316486, 20498, 195669, 87497, 410291, 7374, 44306, 439674, 334300, 176761, 261345, 366707, 327429, 67069, 192229, 59981, 303220, 412801, 328104, 159622, 241502, 243198, 409988, 404552, 363795, 31888, 422448, 269985, 399293, 373358, 203536, 6619, 466436, 174642, 163756, 140570, 385726, 253157, 315266, 393006, 101938, 59786, 244578, 136606, 420255, 255258, 459093, 109566, 257246, 390398, 279535, 374714, 399599, 18560, 424892, 126682, 156226, 183271, 362347, 444457, 115423, 36909, 111668, 314250, 474950, 334945, 488170, 220340, 120858, 33440, 214960, 16980, 423315, 82179, 402427, 211005, 187626, 199501, 377713, 316419, 446350, 387812, 271652, 453956, 344338, 128660, 261860, 294594, 370624, 123552, 326838, 271907, 137532, 448478, 200606, 325635, 84020, 228728, 361092, 136751, 56094, 450446, 290254, 396678, 114744, 319942, 218427, 461517, 463809, 67717, 72162, 46907, 111, 55226, 140197, 144337, 410493, 187138, 244690, 212159, 189318, 183256, 254805, 268080, 38716, 289843, 334440, 84489, 369161, 341392, 466826, 103460, 129907, 222024, 217720, 426656, 144949, 436682, 424590, 47259, 116762, 34733, 62009, 73237, 270725, 421328, 174002, 26520, 382138, 183860, 214539, 332929, 482231, 342936, 129964, 466263, 1162, 427108, 168396, 71722, 180669, 7012, 238538, 435873, 437225, 282119, 321323, 384069, 65720, 31409, 243659, 495871, 345771, 215148, 201559, 204476, 211265, 29334, 356946, 193490, 144630, 36068, 201583, 269701, 74168, 145494, 31216, 436101, 131944, 314295, 144574, 444123, 396220, 341254, 80586, 497653, 101480, 205755, 435094, 195574, 106482, 91006, 122642, 155765, 368355, 422693, 157735, 29376, 276580, 460652, 433867, 448306, 346339, 269061, 59417, 131230, 21998, 103063, 7539, 356872, 334397, 57568, 306520, 140811, 110481, 356253, 364060, 254786, 397034, 471371, 423222, 262568, 63249, 187095, 255684, 465202, 455819, 302717, 390662, 210783, 104427, 117915, 419012, 73145, 289770, 320054, 279540, 214736, 201766, 69164, 56557, 1858, 36436, 19595, 65811, 342216, 427988, 322120, 206865, 180325, 403735, 316064, 252063, 335427, 34634, 209419, 140997, 435769, 335798, 421555, 422286, 150663, 380391, 359332, 65849, 271310, 368468, 216019, 68418, 424933, 294861, 382717, 25632, 239577, 218635, 43668, 84359, 455818, 342663, 236719, 439578, 163062, 473624, 64033, 183167, 199460, 266051, 79163, 81165, 345321, 37349, 192179, 364525, 164948, 137311, 415789, 412451, 396376, 490585, 415799, 479581, 73550, 262363, 375011, 257313, 3888, 391718, 388993, 124885, 379993, 197942, 357504, 397727, 310498, 238329, 396705, 209581, 72696, 440131, 310081, 474093, 404671, 342357, 208129, 79326, 187257, 223913, 459722, 463099, 369098, 144913, 114368, 182205, 291902, 107126, 106181, 342542, 447637, 305570, 9229, 300586, 102764, 411542, 103351, 311392, 413601, 100328, 149424, 228151, 335025, 452872, 46531, 318753, 165180, 115124, 421528, 81241, 83574, 381106, 312367, 128914, 157384, 100587, 374652, 235242, 432436, 162307, 220976, 179256, 157259, 431003, 390094, 110128, 183846, 440984, 369894, 237250, 173350, 236531, 90463, 265889, 345140, 67217, 89324, 198267, 215343, 15894, 119476, 247369, 186880, 24487, 143031, 86636, 5228, 110922, 114536, 467305, 273695, 245830, 490203, 12460, 4494, 353881, 74556, 494226, 292860, 4443, 33969, 130159, 283368, 138683, 300269, 489551, 23189, 368442, 103597, 426434, 459214, 367292, 391656, 348199, 325219, 370368, 47936, 115475, 490088, 260060, 396638, 493142, 200815, 204003, 88980, 49950, 246205, 394222, 37022, 121251, 335878, 260301, 204432, 74066, 94965, 455778, 457376, 186923, 130966, 405576, 428073, 494197, 128157, 105497, 382591, 229019, 244236, 295979, 143785, 220008, 347262, 113354, 103155, 53605, 248282, 463539, 62409, 402124, 202550, 242725, 255304, 61342, 296774, 332050, 101178, 23896, 137373, 462186, 8813, 441935, 209183, 14947, 351554, 189551, 1108, 310914, 365365, 249753, 214608, 83741, 63119, 367119, 126833, 50838, 405916, 212439, 177862, 31914, 343299, 228962, 248158, 466729, 107593, 164205, 495170, 361216, 125065, 233138, 337814, 440548, 69426, 422204, 226867, 215640, 315376, 70449, 215221, 491306, 346819, 466965, 322873, 105262, 447750, 453384, 469729, 494417, 464881, 453249, 271002, 319359, 460475, 132651, 376029, 489906, 150857, 456207, 290569, 116490, 493692, 183246, 360065, 451553, 47920, 451964, 459686, 275606, 479858, 66279, 64618, 264131, 81341, 302778, 363678, 393258, 387727, 275399, 102804, 432149, 76293, 381606, 276844, 282019, 364281, 319847, 79010, 235979, 307320, 333780, 335156, 312310, 28616, 366140, 59358, 307757, 63346, 4703, 143463, 390150, 140307, 238570, 169462, 247090, 179687, 494955, 154504, 244540, 358222, 224144, 299170, 352400, 257602, 336161, 15868, 287632, 243821, 221335, 243958, 305378, 43185, 207804, 69259, 188076, 270163, 6656, 308445, 195218, 306722, 138029, 178061, 489388, 202911, 452054, 1100, 6599, 308409, 284106, 473389, 431054, 105526, 39382, 329258, 252305, 479688, 429527, 492599, 21259, 456535, 433012, 68690, 415425, 114896, 106627, 189489, 98344, 276345, 321874, 233296, 411085, 156913, 294614, 48837, 21052, 148684, 254499, 292248, 374082, 154558, 297461, 14697, 380293, 225435, 181231, 153143, 42298, 363560, 216060, 82513, 343118, 221580, 181742, 18129, 460156, 152474, 456239, 410696, 466543, 419205, 283965, 412040, 208992, 392483, 455870, 329588, 106054, 466829, 109241, 137949, 57737, 398533, 27032, 59525, 407536, 169178, 41922, 281509, 174332, 126809, 9865, 106954, 453163, 498290, 283236, 373709, 21508, 247970, 55749, 483310, 370498, 34502, 440194, 119985, 48922, 354914, 419530, 127278, 493962, 201668, 467599, 279932, 165514, 47541, 249746, 443708, 87083, 310070, 160904, 71343, 17707, 50225, 203197, 439737, 217266, 78425, 112864, 99447, 216881, 91278, 239767, 462023, 282210, 422690, 255402, 95596, 455388, 467363, 30778, 245561, 236857, 159577, 24716, 447291, 116611, 335771, 253368, 421917, 80743, 266941, 363424, 268820, 213256, 283861, 222429, 155170, 270997, 55409, 416929, 118095, 269976, 411218, 456021, 195741, 458063, 308232, 270651, 19931, 385328, 78806, 372153, 496133, 150703, 454345, 106855, 84909, 25026, 332150, 148691, 471595, 244610, 146138, 355568, 37123, 264375, 471172, 346785, 166487, 432968, 109752, 185798, 356105, 346748, 213849, 411866, 55340, 435413, 432148, 71184, 431136, 391348, 305664, 479455, 25979, 111818, 426933, 208625, 195160, 173469, 357226, 436920, 323673, 13536, 165370, 493707, 170646, 148166, 231755, 259787, 270763, 326608, 202015, 432029, 396525, 369448, 215191, 236250, 232642, 276192, 85281, 162852, 263610, 178584, 244815, 409466, 136250, 198424, 245447, 131250, 333182, 329502, 396809, 300178, 113290, 235883, 77838, 344041, 224612, 163889, 71997, 336322, 12066, 262961, 409345, 490213, 416747, 119809, 382559, 168772, 243127, 297718, 175843, 297374, 145009, 438205, 163786, 46998, 309583, 250295, 230246, 283981, 160770, 223099, 287592, 284469, 139842, 168664, 85202, 376044, 167161, 292733, 72739, 356356, 80294, 274533, 358455, 316374, 337362, 400396, 204417, 164449, 442491, 288912, 133832, 231106, 302965, 378724, 374228, 90349, 66385, 476062, 101280, 377432, 427653, 153861, 414769, 75364, 366044, 318044, 121203, 153209, 8732, 52715, 223852, 101393, 183090, 214250, 191502, 360458, 333516, 296602, 8122, 129417, 228550, 159003, 138610, 321950, 414244, 219915, 84658, 491163, 127976, 46736, 335316, 136985, 485214, 89207, 151557, 413437, 140380, 161276, 321991, 248872, 52911, 90687, 363779, 232727, 384678, 117491, 207364, 389473, 193043, 365813, 86710, 446832, 160843, 38197, 122540, 2787, 70414, 101703, 29531, 296777, 141665, 293915, 487809, 189903, 350611, 20988, 383175, 310946, 498364, 155605, 5909, 48376, 492804, 306611, 114428, 400919, 12834, 416870, 100921, 101889, 232263, 22049, 376060, 13883, 62024, 427553, 394628, 423392, 407785, 72062, 310905, 359299, 67312, 107704, 362213, 87955, 306229, 337787, 492389, 492172, 201518, 425809, 41025, 417536, 161123, 226906, 484352, 224555, 434950, 354767, 172659, 114024, 233564, 195683, 72066, 340655, 393504, 365031, 326944, 19928, 91000, 245594, 303988, 164875, 265823, 419799, 459351, 260744, 150831, 407351, 91763, 430202, 406357, 494483, 201679, 120160, 473140, 49318, 100941, 308571, 156446, 131727, 38151, 129161, 12992, 263116, 382894, 370079, 288395, 316002, 445467, 127248, 454150, 380507, 186645, 200122, 209267, 230931, 482876, 174514, 132281, 5473, 432295, 490742, 234581, 19199, 216988, 33176, 465623, 337069, 319221, 371956, 163191, 468440, 164641, 451636, 147496, 313831, 353347, 343600, 199453, 139732, 67247, 323968, 460384, 144731, 18489, 431197, 407252, 45407, 192687, 232554, 156367, 202409, 342192, 172488, 382656, 140632, 407982, 378023, 465782, 454264, 193884, 171656, 93615, 50499, 69871, 360801, 438951, 112438, 103673, 10249, 19660, 190268, 127619, 471495, 261513, 231597, 323545, 474154, 71272, 58987, 154014, 296911, 164758, 16933, 375981, 442399, 314335, 194004, 41090, 96614, 55920, 373953, 250929, 110752, 126032, 151992, 376786, 395756, 262983, 379422, 98713, 182120, 89481, 344762, 199709, 247103, 266146, 202272, 209841, 119463, 266860, 69448, 66454, 339077, 37387, 470417, 35449, 349477, 93006, 481725, 241193, 159848, 428891, 281842, 489533, 270825, 316959, 320965, 240252, 130013, 113073, 163530, 151650, 150195, 448983, 38203, 375694, 285424, 363242, 326951, 487289, 59687, 38008, 19465, 414103, 422390, 129338, 303283, 302959, 444911, 287664, 173488, 406900, 391054, 181493, 8098, 401303, 52888, 287171, 444446, 251675, 429376, 257595, 3405, 329005, 427329, 143199, 230003, 497460, 368295, 56508, 172031, 275871, 118254, 406357, 322249, 328404, 65159, 203882, 329053, 263727, 48998, 141233, 381320, 239115, 138703, 249303, 392692, 417875, 231348, 470750, 226301, 211375, 95933, 408604, 320842, 214728, 157089, 173420, 214999, 181458, 20594, 145410, 483062, 414182, 484156, 111422, 345286, 361440, 290145, 55580, 231391, 258572, 238029, 320069, 256574, 442657, 473693, 357623, 240741, 164335, 54336, 126187, 155016, 365289, 73500, 421823, 147501, 172205, 139814, 29210, 181897, 109967, 340349, 449739, 468729, 308772, 456759, 349090, 264086, 62824, 478631, 39746, 145569, 487422, 482430, 9138, 450791, 66748, 303142, 239756, 162586, 111828, 49893, 350273, 130729, 47791, 399811, 470339, 326685, 219079, 140117, 186757, 56252, 326514, 394324, 73620, 260374, 122157, 103329, 471251, 245039, 93685, 314519, 61635, 218236, 483397, 240610, 449762, 483502, 245933, 244990, 80019, 164066, 272565, 111068, 44214, 478334, 329030, 305398, 144229, 291290, 9973, 201613, 19292, 305533, 248668, 393295, 221367, 478911, 118032, 472948, 247060, 347824, 318643, 349318, 438521, 19782, 265427, 21604, 176211, 173256, 346441, 127543, 440358, 118102, 189289, 319492, 262036, 398748, 223590, 387431, 359710, 4221, 73709, 18980, 250667, 413851, 465566, 41858, 411578, 452104, 493771, 282386, 277052, 146427, 274407, 367218, 151456, 370336, 48089, 300734, 377234, 456730, 356518, 253654, 94146, 19414, 323938, 123868, 41163, 219299, 146178, 126368, 384465, 398717, 7898, 28448, 428575, 385526, 12582, 420552, 422424, 172668, 272339, 171956, 57169, 128135, 133805, 51888, 290277, 443689, 86456, 244360, 366769, 435684, 287517, 71737, 177009, 328883, 59551, 114287, 23569, 386554, 113685, 151542, 308989, 120537, 130638, 250881, 37167, 392092, 484449, 4331, 270996, 87700, 167907, 112430, 290352, 205091, 450985, 112166, 319489, 270038, 29914, 176171, 119506, 491109, 178956, 61137, 307632, 321387, 170557, 418784, 474350, 347766, 381531, 407056, 237707, 380626, 178199, 399728, 325413, 425145, 45286, 367712, 421488, 131608, 232429, 257680, 100145, 347196, 378318, 282751, 223762, 185936, 199850, 332511, 158055, 203603, 334999, 297097, 268211, 417986, 4329, 287925, 174101, 37229, 128497, 354685, 226556, 422915, 418077, 4658, 220794, 473598, 271399, 398653, 272945, 189000, 269628, 69006, 187973, 356136, 203108, 31200, 319435, 263947, 288558, 309897, 177609, 17993, 389827, 26111, 179297, 242883, 235108, 169424, 118099, 340741, 341129, 306233, 346563, 413729, 251244, 346664, 307500, 123638, 469246, 201267, 65864, 53247, 494188, 330121, 65425, 3223, 176007, 499668, 9038, 204749, 198039, 142779, 152619, 354886, 169006, 132364, 465975, 91883, 214729, 407200, 98405, 481860, 129896, 458909, 330403, 40083, 105995, 23218, 33405, 201812, 87789, 347119, 452714, 165498, 360763, 52606, 259227, 186776, 316611, 172640, 184291, 365871, 261617, 471539, 159982, 395533, 254508, 425735, 206935, 360917, 18159, 136010, 71924, 469323, 94383, 248885, 88008, 55114, 238238, 89659, 433972, 499453, 266784, 448219, 115385, 448566, 71383, 393739, 370725, 482474, 369059, 12124, 372360, 82970, 208353, 293177, 359695, 33201, 199866, 260932, 79666, 205640, 156552, 155789, 334435, 37127, 358929, 421140, 461287, 281084, 35723, 336899, 311706, 482983, 101048, 28004, 388681, 497978, 104197, 439003, 232126, 376012, 29585, 91318, 154713, 323035, 138339, 403997, 399823, 247617, 188761, 393666, 305033, 331114, 151001, 125005, 461474, 435580, 67586, 173571, 280171, 68258, 340049, 42428, 370358, 443281, 90406, 323123, 266411, 69652, 359499, 223896, 376302, 190056, 348724, 116713, 281100, 439645, 198613, 231667, 14889, 259403, 179002, 197411, 54779, 251162, 65974, 302420, 406684, 485934, 22462, 209173, 375299, 177451, 108271, 234292, 70999, 155412, 419360, 83470, 155599, 61540, 232117, 243619, 395353, 308947, 192013, 348024, 305933, 317108, 410851, 382523, 351882, 383797, 25776, 206180, 213409, 173187, 254516, 404016, 338931, 313136, 242334, 116077, 497277, 221507, 11626, 102782, 260245, 325005, 43537, 140706, 355694, 289754, 278341, 129420, 146356, 259355, 255612, 239877, 457554, 68056, 355119, 466265, 260128, 386282, 332923, 416043, 9361, 386486, 31634, 396032, 390054, 219033, 277221, 154882, 366275, 296060, 139641, 463950, 472710, 234149, 263977, 151266, 294934, 197593, 71786, 342938, 270931, 73808, 257302, 113403, 29297, 153886, 306173, 130555, 114953, 489653, 469737, 215692, 303032, 282355, 362021, 383974, 270240, 370186, 245516, 51877, 182471, 8899, 276971, 271410, 365558, 98054, 197763, 76362, 438492, 265527, 138272, 347104, 497045, 192865, 482899, 278440, 297877, 70405, 471229, 297359, 10593, 178282, 230168, 432885, 77478, 232344, 229704, 336392, 362175, 240388, 270004, 4285, 482160, 226985, 376232, 125129, 483010, 96454, 255872, 237617, 246669, 230794, 417992, 318142, 23977, 473795, 277012, 364542, 338813, 187513, 383117, 373654, 219625, 461626, 113550, 314550, 175033, 133099, 292880, 71366, 124323, 64568, 474141, 246333, 305280, 321468, 148758, 225744, 129783, 8571, 431919, 295363, 71723, 356941, 218489, 250654, 320912, 228326, 186616, 209875, 346316, 80118, 12287, 106070, 214704, 185566, 355450, 215431, 413167, 234767, 298788, 380607, 179506, 473499, 367368, 309312, 352678, 320026, 343311, 162470, 387493, 61860, 422920, 391123, 417275, 169952, 258816, 264213, 240150, 346349, 33100, 384574, 464399, 142839, 308287, 467514, 309429, 437452, 154477, 377764, 330763, 273449, 207867, 446158, 263206, 22800, 444875, 7692, 40029, 497685, 236617, 138585, 398773, 463966, 350529, 85775, 381127, 434992, 109503, 289970, 295758, 98091, 95179, 383507, 124888, 88364, 94152, 254054, 348712, 281234, 998, 453071, 423089, 254200, 45724, 292809, 251135, 281835, 330025, 175676, 6622, 232332, 434690, 477160, 444216, 9030, 116390, 66668, 214610, 74505, 116387, 215986, 123135, 415938, 14787, 141552, 80220, 257237, 327176, 46380, 347704, 331048, 202917, 147382, 346022, 116828, 196811, 84024, 418419, 119235, 91068, 445340, 325492, 263020, 488598, 326358, 495256, 88209, 263757, 311714, 156327, 444065, 93294, 452803, 255283, 325340, 367106, 485290, 166587, 98242, 403808, 27860, 152843, 195904, 41583, 474578, 341188, 108052, 334593, 428099, 305136, 143896, 22491, 121171, 13873, 253450, 31002, 347821, 141760, 140437, 128051, 139391, 239914, 443790, 380085, 280500, 409804, 307403, 271932, 367653, 461896, 28220, 164289, 167404, 1944, 52443, 469335, 304737, 477248, 426924, 305897, 264289, 118573, 269858, 440023, 16621, 162999, 189545, 62132, 130889, 96036, 455328, 92858, 72303, 405060, 88209, 258290, 290750, 81248, 69325, 467016, 88479, 85124, 12112, 345551, 496037, 122100, 272946, 163398, 1763, 253062, 415211, 31897, 229681, 485127, 42788, 400955, 302551, 394705, 375943, 355798, 163050, 66475, 87029, 449587, 101202, 389719, 162773, 15008, 62373, 313292, 478479, 15058, 392454, 31571, 306606, 326831, 212559, 397161, 263032, 249586, 406265, 305313, 335603, 420716, 166486, 86782, 318370, 285268, 337182, 290565, 454400, 283547, 317422, 402495, 135683, 301272, 410891, 472088, 272010, 499148, 304647, 316157, 217315, 305671, 330986, 75487, 165806, 144143, 495551, 161268, 52250, 495154, 496501, 302115, 276195, 449222, 77527, 466281, 230945, 149057, 123066, 86243, 118309, 272540, 71556, 126240, 35950, 62178, 301651, 129191, 264781, 13015, 47054, 393636, 487807, 95429, 114146, 347104, 13515, 340004, 462416, 342631, 463675, 83823, 139364, 499304, 387992, 325536, 60447, 226593, 203455, 46615, 483149, 12146, 13789, 353692, 324509, 275651, 126425, 427865, 317267, 26245, 272440, 1478, 294712, 197310, 204580, 404116, 16113, 196855, 377830, 354977, 213093, 421246, 70648, 487195, 196980, 415778, 446158, 262739, 189438, 110247, 104961, 345453, 284981, 235949, 440115, 443111, 125176, 238624, 472410, 456936, 308579, 427035, 313399, 239417, 135497, 73552, 445367, 460971, 415517, 335921, 256905, 252052, 27173, 118952, 344165, 357563, 132994, 151279, 451041, 168192, 421971, 286307, 361374, 405253, 110513, 174556, 479425, 81919, 45645, 288296, 372324, 267280, 421987, 439917, 115120, 465493, 241373, 82100, 382100, 5815, 289503, 157452, 225597, 472726, 92462, 484716, 269889, 468391, 226115, 372090, 255554, 448672, 7471, 434599, 418805, 199868, 492712, 37507, 18949, 486790, 57353, 264558, 481202, 345924, 446253, 449122, 454312, 154263, 227515, 234883, 52745, 197619, 189147, 814, 120653, 435623, 177489, 392018, 494549, 117884, 103763, 134248, 200945, 490704, 125429, 492680, 498906, 351412, 19449, 149319, 312333, 159028, 239536, 406023, 79869, 469056, 260803, 59506, 372093, 299406, 72145, 351878, 66265, 362375, 252544, 77243, 152564, 32768, 250528, 226770, 411280, 202823, 308812, 460587, 376097, 83222, 133334, 491763, 280507, 71266, 240918, 411493, 256583, 388824, 297915, 316228, 365918, 130774, 257589, 274181, 328009, 355279, 72249, 294449, 388691, 14878, 256028, 146654, 396496, 219019, 420176, 454712, 11140, 52641, 438255, 276296, 32372, 475301, 209116, 109765, 82398, 21616, 102585, 205068, 136419, 484951, 163457, 429215, 470281, 470639, 30486, 30426, 272340, 220245, 427961, 195086, 319271, 497894, 269318, 371021, 401020, 346005, 468846, 189681, 101175, 146346, 163620, 294979, 244147, 462885, 399109, 467580, 216382, 116035, 201045, 196934, 142011, 387044, 176997, 217257, 164241, 136753, 193921, 461738, 335840, 373802, 250452, 239566, 378851, 341939, 300765, 159787, 112896, 425428, 446589, 321315, 362770, 121536, 87572, 311369, 239014, 194270, 388968, 317912, 467303, 455704, 323961, 423852, 495096, 87807, 141301, 162988, 342163, 157656, 441978, 468302, 387499, 367209, 377132, 32565, 312321, 231471, 15162, 136072, 325936, 324466, 199317, 78347, 67974, 321236, 267691, 482885, 106519, 242193, 426810, 399938, 90185, 127642, 440737, 141721, 44004, 421370, 427536, 450314, 27991, 216014, 428431, 153244, 224351, 259954, 86191, 378447, 293600, 410660, 470172, 461956, 299288, 315744, 140553, 436586, 497509, 232858, 235391, 367852, 165519, 225534, 221290, 494038, 289236, 151828, 125168, 401821, 4638, 21308, 354692, 11845, 290840, 211458, 122876, 199043, 356719, 239710, 471340, 432563, 83271, 19466, 245613, 289729, 320177, 74494, 457788, 109257, 407066, 196942, 361299, 353055, 277464, 144730, 13802, 78150, 76978, 429071, 196647, 318013, 118991, 12017, 84439, 209091, 440844, 128004, 401211, 391885, 476902, 71728, 464953, 223632, 474802, 44709, 137393, 283520, 409217, 473736, 331996, 275870, 440347, 303985, 207589, 62009, 97193, 167239, 460032, 236218, 227096, 425880, 226247, 444671, 399666, 328696, 151757, 254197, 105488, 447769, 160385, 13522, 267574, 180667, 248535, 298865, 338895, 261610, 287374, 326108, 147713, 134989, 308649, 494410, 67373, 8535, 107009, 283280, 287243, 287415, 27200, 180740, 215234, 442230, 411978, 493069, 91380, 59365, 367678, 252273, 173857, 282778, 317408, 136559, 375366, 450106, 30222, 135144, 206532, 408151, 316096, 53454, 172162, 194070, 496290, 241301, 67450, 132865, 174141, 408012, 35824, 275260, 310447, 210248, 252148, 390367, 105861, 104105, 162173, 398061, 187326, 190700, 280464, 440031, 463377, 367400, 202710, 401171, 473258, 480419, 320534, 414196, 433747, 140513, 115568, 484136, 158118, 288656, 103056, 198228, 135252, 262869, 377227, 170522, 478687, 447399, 353210, 134228, 129856, 136319, 437456, 98257, 323199, 60884, 220288, 480102, 56846, 298950, 432291, 53514, 302816, 450649, 161530, 157891, 454941, 7748, 478631, 226535, 111732, 379358, 81055, 472179, 28183, 158145, 152492, 57207, 485869, 258204, 125157, 389927, 473064, 162094, 135051, 196832, 178129, 410249, 316063, 105639, 64700, 499481, 466585, 392106, 154712, 83900, 177926, 400639, 197310, 364319, 371813, 57336, 63934, 383758, 247517, 307562, 159853, 42735, 358254, 156295, 34830, 420124, 124605, 183339, 219041, 120325, 196774, 871, 237334, 75011, 211159, 327997, 95811, 384646, 222736, 275660, 309277, 438257, 499175, 341850, 11237, 308871, 384, 418712, 431197, 278539, 346554, 483106, 451755, 207148, 459113, 351496, 15919, 108141, 310595, 348970, 166798, 126918, 314220, 421208, 369746, 71479, 47271, 418098, 470860, 480002, 408088, 1505, 61532, 357541, 94300, 411064, 274749, 152372, 135355, 293728, 53056, 496637, 68688, 330362, 418383, 422720, 242112, 1243, 140809, 456831, 306769, 370062, 370357, 437864, 40615, 465020, 285293, 199031, 411774, 404759, 50065, 321997, 260230, 178848, 358138, 252906, 208454, 171536, 370703, 441898, 109905, 448585, 415867, 432723, 481159, 224675, 87245, 364445, 40118, 315533, 143578, 317091, 233150, 423071, 423556, 417959, 313302, 126336, 94948, 319671, 343459, 284941, 412004, 167939, 173985, 424952, 29498, 260242, 111393, 224252, 41118, 227925, 229035, 160602, 21133, 409266, 436539, 382461, 237933, 54101, 182774, 281165, 406210, 445154, 492577, 256137, 413364, 40373, 427905, 318052, 208617, 127122, 384947, 375233, 30330, 462366, 179612, 323464, 67673, 494179, 72764, 203724, 453401, 398039, 445581, 263121, 483041, 179524, 499018, 384124, 77545, 461393, 13421, 367393, 130919, 157919, 183563, 195870, 194615, 382546, 214658, 357360, 493256, 301572, 91671, 265743, 418380, 93944, 176752, 137633, 330266, 38216, 92340, 296638, 138946, 288632, 106847, 383856, 313038, 218188, 448301, 2735, 426372, 322868, 77611, 144698, 80950, 357567, 284664, 70188, 454661, 414599, 273111, 314948, 449845, 124989, 383626, 241696, 1937, 412203, 269156, 117175, 147390, 369463, 321753, 319063, 161592, 468047, 127206, 230796, 113888, 309839, 286053, 124717, 497493, 100824, 414751, 404803, 156774, 38376, 132278, 92799, 138788, 459897, 370767, 25931, 185989, 307015, 346944, 410129, 178772, 479587, 348020, 259951, 415304, 403373, 430019, 145715, 145128, 249287, 464551, 327426, 369184, 334514, 79272, 196303, 128890, 202362, 238469, 160945, 83625, 375823, 414570, 21389, 481696, 180389, 325649, 452330, 204090, 217829, 327271, 17685, 101956, 168734, 2414, 246660, 381715, 405441, 377785, 431311, 345526, 468879, 17498, 225090, 226640, 406741, 56597, 451199, 364811, 69141, 135124, 489884, 254689, 237164, 466399, 28406, 112383, 364562, 479950, 27289, 349454, 264168, 24415, 418387, 292958, 172005, 165279, 272273, 153267, 473412, 354370, 28566, 28542, 116061, 122291, 493265, 454710, 383560, 13019, 185488, 321380, 366414, 155374, 310306, 79001, 158078, 369740, 23289, 399844, 70644, 360255, 487899, 333612, 293074, 56466, 395600, 105964, 223354, 180888, 160420, 354248, 466548, 354116, 54444, 366144, 327895, 418542, 253344, 409637, 69201, 71208, 180603, 350960, 76286, 374693, 480031, 301038, 427445, 165953, 297876, 90824, 429385, 323122, 499296, 177291, 266056, 422982, 6984, 57593, 216223, 76981, 231678, 76224, 370119, 349573, 153659, 169563, 38349, 350006, 185450, 284342, 332567, 110530, 10052, 8105, 252888, 285715, 69405, 422850, 234194, 115709, 115525, 142392, 491714, 231418, 271468, 347069, 377534, 255326, 483796, 303369, 13606, 86031, 245969, 490867, 210470, 274981, 380081, 406170, 304495, 69434, 281634, 280402, 284893, 433629, 105888, 223706, 251665, 53724, 136471, 411264, 116962, 432137, 417358, 299225, 418509, 27864, 230039, 417299, 265374, 179352, 446838, 448445, 4634, 482058, 148697, 420413, 355076, 401439, 453015, 496904, 284808, 388484, 287123, 264052, 230757, 15453, 365781, 214879, 287522, 465460, 47382, 326993, 88058, 68940, 8193, 173198, 87775, 470945, 190929, 360019, 455610, 115558, 485775, 419663, 347317, 142570, 259930, 249667, 468552, 207889, 313696, 352092, 407961, 262550, 286922, 14490, 205969, 457266, 101268, 157025, 343873, 92521, 499361, 433132, 494709, 268144, 54426, 358192, 84458, 317155, 183635, 494069, 58222, 194938, 295024, 237125, 365911, 490161, 9163, 64997, 244180, 304509, 258265, 463071, 279527, 341540, 304679, 479962, 185923, 240325, 233098, 347499, 440296, 90355, 231165, 73939, 4732, 114505, 207063, 419405, 2136, 446664, 234939, 336075, 264342, 94553, 403791, 475017, 449587, 133617, 87366, 145377, 476634, 109655, 388614, 253193, 220084, 220706, 110973, 28537, 359612, 310188, 425825, 33157, 50595, 79056, 264623, 274138, 168898, 475279, 108440, 158675, 229305, 438517, 171304, 438520, 14949, 319256, 414827, 26757, 249692, 95461, 307276, 304936, 451651, 43832, 160568, 450488, 169008, 357195, 178687, 417025, 2414, 18970, 348240, 280232, 56574, 136805, 149601, 159266, 206117, 311037, 299128, 57209, 17477, 244518, 422074, 482228, 90909, 473195, 201697, 185855, 102886, 417879, 471522, 308128, 332403, 463603, 246188, 495132, 144768, 68434, 145081, 290447, 147093, 325969, 154270, 452751, 462689, 144965, 347189, 231652, 311681, 211464, 148182, 390955, 254790, 492529, 474773, 62813, 122729, 271667, 307886, 199904, 224268, 64549, 426083, 495007, 426348, 468200, 150742, 5437, 45211, 120937, 497776, 167315, 107460, 184415, 290447, 76080, 268104, 423432, 91162, 427017, 256334, 247165, 249118, 137811, 213404, 75971, 82979, 107789, 152614, 287327, 401077, 211976, 22863, 101549, 53688, 360070, 494070, 337242, 324178, 182953, 311872, 309654, 419050, 257978, 113582, 214862, 285336, 396751, 127418, 459669, 734, 196985, 84054, 348595, 189754, 78622, 30442, 235861, 423193, 52077, 238051, 421794, 213313, 57371, 105609, 150756, 111626, 210090, 66586, 368563, 343389, 166530, 72923, 72905, 478741, 225715, 222678, 164280, 34271, 342873, 494014, 398301, 86407, 116522, 88299, 361333, 44676, 398620, 318460, 250530, 13248, 163904, 213850, 44211, 178924, 210936, 85263, 244942, 231407, 386429, 200899, 70641, 472935, 81934, 251400, 7897, 340027, 499749, 47566, 129499, 209167, 445473, 385672, 70930, 200450, 309868, 380615, 328967, 175610, 37761, 1374, 415774, 257206, 213365, 352712, 253142, 71187, 141611, 289180, 144737, 251067, 243036, 389927, 492365, 404542, 340967, 239375, 312419, 429349, 201162, 445241, 497873, 263463, 488426, 67631, 145411, 54463, 211383, 295059, 35523, 265167, 26804, 360717, 256689, 346155, 484013, 155545, 416713, 26469, 406818, 149760, 209054, 39045, 311809, 102488, 387388, 45910, 31336, 273285, 287614, 204544, 392918, 283098, 12817, 277938, 323162, 381475, 462539, 438167, 479529, 460676, 278681, 437117, 334601, 258647, 97412, 335184, 252959, 462220, 382625, 413702, 29045, 150623, 312067, 199819, 49066, 393202, 57598, 159788, 159426, 204133, 497051, 211119, 147596, 388316, 420257, 12750, 165586, 32840, 116459, 742, 468094, 257416, 97930, 489817, 152430, 252822, 400876, 465328, 346516, 157882, 402841, 33255, 48455, 135285, 225679, 302770, 311721, 255150, 38887, 337803, 13642, 126275, 465794, 364992, 411481, 413208, 472195, 92982, 303531, 258481, 93979, 264292, 457608, 346799, 445581, 279488, 417911, 383088, 125205, 315346, 335817, 13151, 203545, 270956, 425024, 289065, 463760, 10338, 491621, 278602, 234491, 445582, 451277, 177297, 482791, 390582, 279615, 123551, 184551, 85122, 118549, 295286, 164273, 336493, 200372, 242623, 294501, 293112, 323079, 54025, 42805, 17171, 31645, 179810, 81068, 208420, 67672, 143615, 193976, 251993, 404247, 212700, 480282, 94851, 168311, 426209, 25253, 149111, 389789, 45467, 331470, 277673, 158631, 368022, 405143, 390217, 188161, 65411, 228026, 29090, 301387, 117019, 337160, 119493, 178301, 441460, 244441, 117055, 316901, 425192, 292224, 460652, 170678, 188024, 193157, 441076, 443834, 29047, 224020, 308976, 180868, 75795, 152703, 244181, 209351, 34054, 51615, 363712, 364711, 86893, 126598, 420023, 355685, 495595, 111237, 353736, 470183, 425650, 96772, 155512, 82636, 439653, 451308, 415762, 47103, 148732, 473468, 213134, 9162, 333700, 347291, 426817, 157730, 152820, 371271, 30690, 166033, 456892, 434389, 436758, 219627, 209954, 296479, 183435, 359194, 369978, 294167, 10705, 36283, 461374, 496335, 322779, 455748, 154676, 146709, 168974, 345522, 11633, 26747, 314155, 421294, 278591, 69274, 126662, 82994, 247491, 129625, 18254, 163624, 310227, 159130, 478656, 431865, 434822, 328166, 367297, 436527, 122489, 242807, 206455, 201212, 176353, 340980, 440217, 34457, 41499, 190930, 103749, 430714, 289551, 27131, 133312, 320518, 438588, 131708, 178599, 320566, 307520, 172460, 342621, 342303, 115068, 231063, 422674, 110709, 254534, 157269, 301836, 440781, 154341, 315244, 319548, 39632, 63455, 426208, 326336, 494909, 414406, 138895, 354468, 467580, 69862, 354754, 93862, 209619, 14695, 176672, 489628, 11915, 120175, 124179, 410149, 272395, 480187, 279885, 81766, 156868, 608, 492908, 247335, 107718, 331492, 171920, 443603, 117973, 421779, 207558, 182868, 119688, 492198, 320765, 148828, 381850, 275431, 460704, 309274, 412321, 66078, 345902, 256991, 69921, 406435, 187199, 432286, 461851, 435352, 256584, 134872, 71838, 491314, 22581, 193886, 355874, 9849, 87249, 474535, 218079, 39039, 33705, 199662, 201650, 34430, 256616, 487109, 417229, 482821, 204259, 174468, 144006, 361912, 31867, 392936, 198458, 135005, 396247, 382458, 287392, 368927, 4484, 9310, 78999, 305067, 274994, 263480, 357881, 378520, 387765, 42318, 85504, 62611, 357378, 377472, 309059, 370638, 322642, 130950, 115934, 362568, 399401, 476105, 310362, 80040, 293288, 97826, 229096, 404596, 319571, 486488, 91729, 82276, 395855, 421650, 184362, 449365, 72475, 284821, 56608, 134119, 28194, 293114, 188872, 90355, 400203, 217695, 314312, 189417, 72636, 169581, 190296, 27726, 23596, 135232, 386851, 466268, 259239, 216204, 252814, 424260, 461551, 158769, 246839, 474628, 46889, 374514, 421588, 2382, 25731, 110535, 277383, 33767, 60937, 350597, 112973, 424235, 180619, 212743, 40292, 299022, 337496, 14020, 497522, 496684, 480939, 26048, 148764, 422705, 384185, 396886, 416580, 390480, 173309, 470183, 147620, 49041, 165419, 177562, 439601, 15057, 316336, 381769, 98046, 361134, 405767, 165422, 61889, 367002, 396580, 169658, 192320, 338691, 211712, 36516, 480213, 347408, 244903, 23478, 183823, 341786, 334442, 477289, 348930, 398607, 60406, 383458, 137819, 80516, 338397, 11373, 239640, 358096, 481918, 147150, 180651, 406604, 457505, 183309, 99569, 466817, 164688, 144401, 381628, 330203, 398294, 364858, 440491, 379490, 420904, 359452, 419170, 239652, 84616, 471462, 237435, 51905, 404226, 42964, 346144, 456546, 245385, 150002, 332537, 192160, 103676, 310824, 305319, 483927, 305475, 122776, 253060, 168712, 82878, 244519, 262449, 340952, 163458, 366931, 45882, 302879, 232150, 322082, 339734, 25426, 71700, 485182, 236137, 195470, 451435, 243263, 258305, 262401, 234744, 424851, 246101, 242205, 472163, 329570, 293562, 367628, 2227, 150758, 357322, 444079, 405693, 88925, 427354, 152432, 421528, 211553, 206351, 194696, 5801, 423411, 141106, 353834, 216685, 397610, 467750, 421533, 427515, 5990, 131124, 257770, 110361, 130433, 323151, 377042, 281917, 54289, 86720, 470166, 32762, 62067, 336378, 193073, 61306, 124336, 161102, 493383, 244519, 107314, 118566, 455209, 75973, 14206, 258954, 493917, 99874, 463977, 67207, 183435, 139970, 205298, 7622, 251593, 379146, 159331, 298654, 287049, 252168, 446764, 42114, 86542, 208737, 324871, 234754, 450754, 153706, 383654, 207313, 55983, 95381, 191782, 222758, 75469, 54767, 286499, 285574, 330959, 246093, 343134, 37452, 255561, 380977, 113968, 111551, 188909, 20564, 482674, 487936, 382688, 31910, 259056, 299793, 109918, 74669, 13103, 194237, 217599, 215199, 353051, 274962, 124175, 417858, 119561, 453948, 79444, 369900, 347663, 294187, 353700, 202882, 344072, 207614, 44060, 103520, 286598, 289115, 236880, 472753, 281796, 334350, 369213, 122801, 257182, 294398, 258582, 431900, 211592, 319532, 321044, 283225, 402776, 340057, 401513, 167546, 438868, 464206, 43976, 339097, 241793, 459897, 378452, 175459, 386331, 252036, 429314, 246687, 310706, 136636, 448612, 265960, 47904, 337816, 314550, 360318, 203793, 369826, 225039, 56113, 464019, 139027, 481950, 39389, 112112, 258933, 111343, 134750, 172987, 372984, 240292, 356527, 409847, 343889, 13188, 383275, 99347, 325885, 320930, 455593, 125676, 225550, 420183, 78863, 450151, 194351, 108385, 115542, 382894, 220264, 92436, 305810, 207568, 268614, 20636, 443200, 16606, 124249, 473730, 109748, 112264, 141579, 294775, 417144, 122943, 263264, 287724, 369658, 293287, 398043, 343785, 385237, 17126, 418504, 134579, 29960, 252364, 405080, 179003, 428492, 7991, 282112, 464184, 308848, 202178, 194711, 217664, 189437, 155311, 428094, 148553, 371190, 101709, 284103, 405306, 467551, 297575, 263881, 43437, 495359, 409304, 487859, 143235, 236360, 365558, 205949, 334533, 457156, 451732, 97029, 169067, 464109, 247742, 293369, 117943, 410668, 87468, 216123, 208839, 25487, 110929, 2882, 34245, 87104, 44194, 341872, 313672, 149945, 263153, 37690, 123782, 152638, 395257, 141878, 340595, 259143, 336889, 100982, 67275, 261656, 490107, 57358, 136957, 256251, 406112, 207383, 420109, 397570, 282206, 428884, 242063, 413335, 315019, 344046, 108110, 143294, 123265, 75289, 30723, 143759, 439518, 162769, 396859, 174504, 494020, 83385, 120498, 479052, 192785, 325731, 210569, 339852, 284181, 311019, 130753, 346026, 180948, 309047, 23558, 325983, 395280, 88200, 156001, 372010, 165634, 94210, 265903, 50256, 78146, 426300, 204535, 58942, 349077, 261834, 290595, 58004, 83122, 328918, 292077, 482175, 235824, 71062, 449014, 485124, 93791, 248626, 239638, 49512, 302739, 91179, 209741, 345520, 397620, 76686, 122705, 263466, 250175, 6413, 475837, 236634, 25668, 228462, 315453, 480803, 353752, 69569, 173303, 261691, 140595, 77658, 450006, 41437, 43319, 459431, 386023, 58031, 473880, 470053, 119217, 191400, 19906, 53133, 135373, 317713, 412652, 220236, 294991, 255820, 28504, 8681, 383916, 41511, 112774, 393104, 326770, 277741, 414929, 374572, 18424, 327083, 428568, 326561, 319408, 431614, 110839, 440535, 425963, 104304, 274281, 23434, 489023, 491932, 211147, 50993, 120760, 170694, 414110, 191494, 135438, 270479, 123894, 448301, 413454, 223002, 3593, 78168, 119174, 274131, 451574, 484805, 207337, 134351, 14808, 310999, 84723, 221702, 241095, 36801, 367340, 93996, 225809, 148823, 142394, 142988, 19552, 315312, 412353, 63883, 180874, 82141, 415492, 24911, 470528, 346122, 263312, 386422, 368154, 378776, 88338, 43132, 355386, 364892, 133609, 257558, 365087, 476694, 480622, 21691, 104073, 303704, 17556, 74441, 78470, 162980, 379209, 42918, 332300, 337804, 232529, 310943, 165601, 428697, 310673, 104488, 96250, 278368, 164488, 400171, 395474, 269075, 420813, 396143, 34590, 432626, 135669, 258496, 27344, 150663, 307421, 143770, 265127, 296717, 393028, 119439, 369849, 436161, 217063, 364502, 389692, 292012, 457337, 28524, 450111, 217889, 133873, 441147, 303644, 492226, 455106, 90499, 108069, 238291, 130940, 10711, 75342, 274611, 90558, 16060, 475353, 245928, 429034, 122415, 159307, 243736, 490365, 332600, 279490, 130714, 331640, 101559, 168625, 56959, 267565, 206268, 443456, 481527, 348579, 164280, 144365, 12050, 191765, 139406, 122861, 346948, 498757, 122528, 481083, 45204, 58879, 94832, 397144, 192965, 171353, 313078, 262391, 462541, 38996, 210128, 17724, 429385, 253358, 46377, 187452, 396090, 231602, 23747, 13600, 461838, 181307, 263804, 193713, 8340, 423498, 87540, 346661, 358289, 293224, 181466, 176599, 279510, 232316, 479954, 163666, 448451, 384201, 171363, 88071, 68080, 446059, 400880, 159419, 433390, 322119, 338168, 382169, 365040, 347316, 456334, 188104, 370485, 354394, 156648, 148718, 125256, 296345, 423270, 423915, 354077, 210243, 111400, 460808, 434655, 336304, 155828, 339395, 424650, 304169, 477319, 359209, 439753, 423327, 99091, 200767, 96490, 5281, 443438, 291228, 486240, 251027, 464148, 157140, 26831, 175352, 467788, 416581, 223790, 110146, 197928, 106436, 413523, 476468, 196894, 221053, 94730, 303951, 1088, 415489, 71143, 184166, 291420, 420803, 10546, 249425, 20126, 323596, 99473, 325075, 79789, 424353, 169357, 20541, 406155, 72449, 496434, 55792, 103656, 495164, 186473, 469958, 416543, 30342, 493426, 393627, 191822, 140551, 392092, 371548, 330611, 9834, 467567, 309176, 181966, 110384, 264182, 98848, 216048, 492613, 84423, 490588, 256785, 292820, 244784, 15266, 155891, 2995, 176102, 110166, 458774, 490179, 53594, 310393, 398010, 115747, 445061, 211447, 251062, 267959, 402536, 15961, 102905, 345981, 341927, 363750, 410456, 375211, 147939, 88762, 98852, 403420, 72529, 361233, 275429, 100248, 225265, 378623, 73554, 183980, 487876, 301435, 369603, 417770, 9953, 389949, 451341, 309741, 180261, 206759, 417615, 396729, 127752, 147830, 208735, 474843, 22764, 237878, 358672, 167175, 24584, 287751, 3801, 174308, 115477, 301510, 72947, 396336, 74354, 358747, 213455, 7943, 103281, 354669, 462316, 334945, 334705, 464195, 481813, 83187, 430665, 355410, 363366, 389253, 109694, 27429, 194327, 441672, 290861, 362343, 360689, 96308, 431407, 341412, 279427, 199857, 25363, 329749, 424828, 292068, 456779, 89394, 355345, 477940, 144076, 498830, 454443, 67894, 146696, 234689, 492392, 491907, 109762, 409444, 321884, 328296, 357846, 435805, 87897, 88383, 452760, 327533, 488344, 448187, 163011, 341039, 220793, 189903, 310099, 239163, 226798, 211164, 113655, 311480, 155235, 441077, 123523, 61583, 42926, 410624, 31232, 150065, 465560, 65455, 375510, 197493, 126941, 293950, 42658, 187555, 18949, 38674, 452903, 327115, 126465, 191434, 283228, 327103, 142802, 456589, 350299, 434341, 421810, 390843, 233432, 108992, 5942, 297676, 450554, 182624, 113196, 181209, 485173, 40047, 429613, 406775, 465475, 32321, 134016, 213281, 391516, 167981, 199270, 328922, 70713, 293794, 131182, 471098, 488173, 182798, 115291, 28372, 477365, 343139, 50658, 186472, 219827, 32751, 298122, 1484, 303098, 115506, 170897, 106585, 314378, 176038, 360690, 206613, 408135, 79226, 41827, 405885, 392424, 255253, 488945, 56237, 451584, 49220, 98611, 484514, 90891, 56823, 471849, 393790, 22460, 167520, 19695, 55209, 244280, 60012, 207789, 276567, 107443, 114556, 293886, 351672, 139918, 462436, 244497, 38455, 344845, 214813, 298668, 185618, 43049, 53459, 312738, 460056, 125156, 415154, 432227, 449725, 340484, 294100, 269428, 242403, 15677, 342599, 332897, 56158, 333606, 262945, 324122, 6846, 99488, 368272, 149270, 118746, 55690, 327571, 48735, 461006, 254444, 43973, 268276, 144436, 36722, 245960, 97761, 223441, 268796, 386438, 422577, 384779, 228290, 355617, 304485, 186972, 324624, 343368, 149563, 92614, 242794, 343621, 234048, 490091, 363111, 217177, 257237, 375131, 446788, 272552, 272682, 328287, 221584, 107896, 387756, 181606, 355644, 242837, 159073, 16462, 390413, 410067, 430444, 3284, 168271, 254355, 101855, 401465, 272037, 449956, 292681, 324404, 267728, 271109, 252457, 43772, 268933, 223784, 117423, 435274, 260857, 435161, 321777, 409567, 254089, 104164, 68998, 376367, 312259, 167899, 449596, 324171, 495361, 194289, 371453, 261934, 19233, 51287, 387995, 116930, 363049, 387418, 137259, 398977, 466542, 418504, 56909, 228239, 446566, 200335, 192781, 21075, 271160, 399922, 31926, 404180, 349256, 494272, 355633, 400701, 271554, 48627, 277342, 485120, 273495, 476464, 291886, 329259, 468228, 402404, 472514, 188730, 307184, 494581, 228522, 279805, 246584, 360047, 372100, 354071, 182971, 133091, 229927, 250983, 114377, 72234, 52322, 235352, 101164, 223215, 356975, 180224, 204826, 435921, 194550, 101973, 151350, 461146, 394311, 209335, 231599, 426586, 481866, 478326, 239237, 234000, 5943, 151295, 51465, 9772, 133921, 318181, 188327, 484986, 37211, 406875, 393194, 313073, 102871, 431346, 439530, 193427, 311308, 60973, 417774, 372496, 420990, 273591, 79822, 297218, 269616, 410741, 9031, 626, 251967, 141184, 454762, 199771, 461935, 315874, 284407, 237091, 43093, 471119, 380361, 154882, 137024, 325706, 437000, 348523, 308981, 180821, 203925, 43913, 180886, 92838, 289345, 10616, 95341, 350397, 172229, 179297, 389428, 411866, 335822, 298419, 415150, 407151, 345962, 235023, 431501, 168041, 358034, 368189, 157259, 278397, 296380, 185193, 51391, 225848, 377294, 53119, 36013, 194893, 288804, 172691, 104100, 218, 391602, 358834, 129839, 338278, 156973, 280336, 26579, 251536, 66749, 146878, 342916, 272527, 214011, 92320, 419431, 133641, 494232, 416218, 171916, 268729, 36394, 188962, 456767, 445770, 387907, 230534, 306862, 182402, 444400, 115478, 8090, 30429, 353570, 180475, 344573, 281759, 132000, 266164, 296074, 440348, 13437, 429109, 25131, 299513, 451088, 485510, 208389, 473174, 135379, 199437, 166776, 240550, 329173, 231466, 433147, 395142, 92575, 97625, 138475, 372802, 115752, 189801, 254168, 161611, 308243, 429158, 275473, 213387, 70244, 164721, 48608, 125635, 161828, 320688, 337043, 381969, 497467, 397715, 150458, 267958, 358284, 5032, 15583, 484397, 112083, 230561, 146542, 138201, 237253, 275018, 250810, 275220, 88646, 379082, 45002, 415507, 425263, 60927, 177877, 490452, 375664, 436918, 138490, 23267, 146539, 498503, 242598, 390976, 193405, 383099, 271337, 337764, 439030, 136655, 295955, 314738, 490860, 452052, 477136, 37395, 92624, 270105, 284397, 274236, 290804, 61030, 184721, 279694, 367685, 104448, 179465, 270808, 322187, 290401, 288093, 233022, 315990, 143193, 172303, 482029, 287536, 458189, 15259, 66290, 166657, 37305, 476962, 239726, 442485, 179499, 61471, 162582, 247074, 27180, 299299, 161468, 209266, 310645, 335754, 60145, 225221, 146527, 291606, 274080, 211877, 246663, 20943, 24938, 177695, 373151, 422381, 168343, 288066, 334475, 74331, 170135, 14300, 320450, 400317, 351441, 86677, 301165, 334578, 465798, 292901, 356383, 358397, 210756, 126642, 243082, 136389, 161495, 43415, 387323, 53048, 391673, 442320, 401677, 434396, 226752, 231307, 443793, 12876, 276225, 183770, 195727, 352224, 109831, 60500, 126491, 436163, 382552, 457720, 220017, 118118, 132954, 460100, 217046, 391158, 152682, 350943, 152557, 342169, 127333, 31217, 264179, 414298, 97573, 494424, 251560, 495730, 469890, 395870, 111707, 141742, 406553, 117919, 229131, 339709, 455295, 109252, 64538, 212588, 481221, 102889, 486378, 148313, 256340, 265679, 414620, 157094, 201785, 52175, 439887, 276415, 456531, 405036, 386521, 224366, 184066, 287779, 233184, 316349, 151004, 239584, 212667, 74440, 441279, 289883, 59951, 496896, 256702, 395339, 464863, 286720, 82287, 16367, 357672, 187048, 183654, 419029, 6901, 83080, 489068, 334832, 8107, 10727, 242819, 19159, 332376, 383942, 177851, 165735, 259957, 495513, 251591, 490847, 224796, 321953, 184837, 434812, 441067, 53407, 195385, 458771, 127524, 254342, 377884, 134222, 111051, 490090, 407758, 189995, 69196, 220391, 151984, 387464, 411128, 100486, 409894, 30422, 166185, 166961, 380169, 274780, 56556, 101776, 35047, 92963, 416204, 27458, 416795, 404054, 286000, 4924, 266512, 137640, 211083, 233448, 441994, 274733, 101374, 50795, 377584, 149468, 275595, 496676, 212657, 42778, 155641, 323401, 154394, 127912, 420209, 124441, 407612, 486291, 470430, 105765, 48599, 327178, 428480, 373346, 74141, 248899, 491731, 399974, 91952, 113847, 327231, 130513, 205004, 418078, 243341, 311132, 48167, 460623, 448960, 334871, 419271, 438518, 164171, 268987, 476012, 422816, 151776, 382211, 413167, 442697, 105106, 425201, 146206, 470412, 91115, 116937, 25301, 259792, 221030, 138803, 138645, 249226, 31109, 332801, 309543, 293148, 320874, 1373, 166300, 196258, 1524, 137346, 59979, 225740, 46004, 387416, 366929, 192410, 390683, 265299, 24713, 82070, 290467, 137730, 125023, 84531, 29603, 385039, 341876, 25945, 194615, 397342, 60890, 320647, 303262, 473043, 320995, 272032, 295263, 27095, 223101, 211059, 257089, 468269, 49491, 437146, 66432, 435544, 2072, 56315, 282064, 374839, 397127, 221316, 313852, 388426, 34924, 193566, 37080, 8033, 339819, 405216, 120371, 469613, 408473, 385842, 273998, 30054, 382426, 66954, 185121, 227291, 394516, 104838, 6670, 77947, 469161, 367092, 291017, 28370, 403590, 172994, 110941, 215888, 6362, 255036, 498554, 25053, 297833, 377833, 469494, 110670, 167448, 163756, 287477, 136289, 294180, 211926, 94175, 460452, 338317, 233584, 288371, 11682, 136457, 225390, 386263, 451759, 96765, 255585, 143401, 474275, 366442, 35506, 481332, 395704, 473725, 199525, 318801, 496073, 299081, 44299, 423816, 467545, 454031, 133203, 98925, 1206, 43380, 283963, 289876, 50353, 420644, 227259, 169261, 303829, 186928, 298709, 378301, 491480, 214884, 203781, 170335, 102991, 438120, 435697, 385768, 439590, 140380, 52631, 220359, 387542, 293494, 143624, 132043, 36005, 351120, 473533, 177228, 15223, 252907, 487134, 336709, 447005, 363517, 467853, 28885, 484192, 100956, 470844, 413285, 396065, 100245, 250809, 189250, 241336, 61457, 12986, 463184, 433355, 138108, 11389, 291632, 167018, 311130, 4659, 465725, 248318, 462607, 310826, 248170, 171733, 452624, 166635, 198516, 174494, 197865, 421453, 308449, 434799, 147295, 85551, 490549, 498081, 192512, 54073, 473692, 368326, 190633, 43800, 435948, 310518, 17517, 321336, 138802, 181137, 254843, 173199, 416308, 160778, 130510, 315580, 456563, 279771, 121053, 162325, 320650, 361170, 470309, 127205, 347756, 209750, 170768, 54967, 52210, 128802, 188581, 304314, 314315, 208571, 146564, 242363, 269498, 219874, 494718, 267969, 126176, 8591, 454007, 224741, 357212, 295774, 356676, 93893, 403156, 321929, 475299, 220631, 375188, 386239, 15454, 337646, 363331, 90421, 248701, 476868, 14575, 135486, 162782, 55487, 280426, 307710, 111111, 438907, 297131, 115637, 95655, 74362, 246562, 72421, 251141, 158364, 413754, 257430, 167597, 495089, 54964, 108016, 185645, 420778, 110977, 125934, 380626, 100654, 321757, 306333, 47810, 414999, 337389, 45951, 323665, 126735, 14935, 329000, 161823, 494377, 113950, 201828, 62858, 317900, 128999, 420901, 411278, 437556, 206012, 433128, 283416, 61905, 356552, 336789, 433666, 441851, 316648, 220190, 200854, 220340, 342823, 466506, 350806, 397024, 343907, 94542, 491529, 131414, 47866, 432841, 26795, 236153, 455956, 342961, 32134, 455034, 217897, 380844, 443675, 34403, 437978, 64241, 263829, 255841, 108007, 384017, 245239, 58372, 139025, 310082, 235572, 48340, 276925, 192804, 393372, 237213, 495232, 162274, 222340, 289556, 290358, 136993, 257512, 41952, 136583, 117245, 113659, 127816, 118311, 143996, 364336, 203544, 327897, 354908, 290754, 347865, 4476, 193280, 374559, 213465, 396958, 257555, 177401, 173012, 76089, 127106, 203560, 274957, 93236, 410723, 359045, 336829, 23180, 269616, 43858, 399156, 112955, 253037, 280059, 182352, 178580, 125701, 24394, 207138, 83649, 114282, 430628, 155077, 60979, 205623, 499327, 73074, 181204, 411959, 38092, 329043, 347010, 287676, 309143, 358267, 80676, 397257, 103361, 486084, 253002, 174055, 249649, 36667, 156857, 391468, 439862, 444498, 439856, 13176, 450030, 59849, 202722, 435182, 380528, 257487, 411815, 84690, 490670, 246501, 134072, 383108, 321185, 117340, 149418, 16937, 3032, 484073, 183120, 121534, 356275, 180337, 471686, 281012, 150966, 415420, 208906, 33600, 74222, 471083, 171250, 352639, 472415, 333976, 341594, 3261, 304171, 435641, 234883, 379481, 57318, 278054, 405263, 447799, 448460, 486228, 369058, 158123, 362468, 230930, 154528, 457346, 493197, 412356, 54726, 20328, 465070, 368936, 263572, 290106, 236375, 74828, 499786, 24105, 26785, 317200, 246336, 407233, 488935, 343358, 219576, 310492, 390912, 419247, 233558, 467164, 220554, 118280, 330610, 498269, 117491, 349781, 107943, 453846, 412785, 344322, 497305, 197658, 422589, 267372, 205358, 288512, 483397, 136120, 325526, 121410, 44209, 16222, 369111, 234242, 28483, 268077, 390013, 226545, 310231, 214923, 27803, 12221, 390537, 84988, 335364, 245420, 30349, 182116, 330728, 12055, 337076, 142847, 115924, 470699, 235838, 92445, 429717, 93781, 313654, 148316, 38254, 309832, 253829, 15009, 480195, 141519, 166006, 184197, 335722, 87085, 24955, 156264, 481777, 284899, 493235, 257006, 376527, 199383, 247665, 165248, 19471, 325272, 224767, 371796, 292129, 270805, 277847, 71304, 375973, 275270, 114490, 454163, 19447, 287622, 186697, 9425, 144914, 216948, 407454, 133175, 129926, 102538, 467306, 292694, 163228, 498048, 340711, 462193, 445199, 289093, 359477, 362602, 169637, 381102, 282777, 442650, 79830, 431496, 471978, 349145, 47125, 328082, 128757, 99823, 329186, 324276, 180499, 21799, 91304, 234680, 346686, 472108, 343021, 205814, 169777, 373634, 139126, 231680, 436295, 56647, 431205, 102098, 484142, 32123, 465533, 223974, 18994, 250307, 366421, 11867, 146892, 482236, 433576, 467179, 58185, 431753, 174494, 238008, 16302, 9164, 69434, 171815, 427398, 348871, 190703, 101557, 199282, 136807, 306965, 292212, 407415, 87860, 467770, 11916, 309874, 498685, 495012, 29656, 452921, 339995, 451552, 333384, 210266, 102725, 392741, 181036, 264949, 338184, 332573, 200363, 28551, 143838, 308153, 401174, 26360, 277486, 462991, 480226, 144165, 481330, 35991, 390630, 481941, 498951, 71463, 240700, 95114, 308559, 98226, 419092, 5098, 425295, 95603, 73214, 47212, 127977, 175187, 65428, 145007, 115388, 171703, 100808, 393345, 181141, 202870, 111984, 461360, 158912, 244509, 285690, 204015, 384871, 343847, 22880, 448206, 164244, 15737, 244215, 209601, 77482, 108810, 407906, 297229, 277842, 318073, 303043, 86203, 129337, 83420, 164781, 280006, 420769, 173287, 406414, 97859, 262924, 234218, 266532, 428534, 141871, 292182, 237580, 217325, 137981, 140167, 144014, 94057, 201161, 102247, 354903, 84023, 168237, 107504, 89903, 15042, 116508, 277969, 219887, 255340, 135216, 67625, 214713, 262363, 151623, 454250, 74948, 2757, 383771, 399993, 351201, 256590, 216250, 212628, 38245, 309268, 58896, 340167, 236092, 475240, 53752, 246878, 386062, 199097, 108179, 140705, 489424, 18542, 173693, 75020, 91681, 330667, 322727, 231091, 385269, 198287, 117695, 402053, 460962, 223664, 122911, 188125, 467289, 183682, 24547, 93340, 93035, 419826, 461066, 246449, 75449, 170039, 100794, 228202, 447087, 287714, 88458, 109350, 424704, 1302, 221308, 443487, 281111, 176722, 408365, 353944, 416295, 265892, 236186, 463073, 121275, 163411, 132459, 137850, 39300, 211073, 456304, 458342, 16529, 245555, 120131, 490937, 26635, 181669, 362261, 60347, 231463, 499044, 466279, 91405, 37502, 15604, 341254, 285695, 157628, 193303, 62198, 245080, 412548, 400557, 393124, 201159, 358830, 23813, 169559, 430075, 184748, 345512, 449136, 394963, 264538, 82184, 435142, 481481, 404501, 348105, 345187, 422050, 35756, 473330, 462912, 191147, 143081, 484277, 466789, 444906, 338131, 413233, 124523, 69590, 150463, 128802, 258381, 256070, 205847, 67264, 278318, 421815, 138360, 253016, 13250, 321828, 15942, 2187, 211573, 332685, 58817, 329216, 118542, 176032, 204008, 409583, 361723, 188468, 378448, 362786, 275806, 479112, 138030, 338738, 322504, 467922, 316232, 477588, 229433, 285374, 421987, 491014, 303441, 37533, 403857, 293602, 367788, 442938, 24533, 92058, 264204, 330489, 472833, 56852, 18654, 285674, 300833, 102955, 123506, 434993, 53953, 295868, 268767, 497359, 173307, 164304, 469953, 81997, 238994, 392848, 84898, 443912, 184684, 363026, 279884, 290104, 431437, 94717, 320873, 376569, 390993, 220880, 318809, 265076, 44552, 471596, 94619, 320507, 80861, 425366, 369263, 22837, 381784, 289586, 318139, 182502, 312930, 292839, 183735, 209385, 236819, 241686, 460438, 133738, 421192, 9503, 474555, 346514, 82853, 11238, 454745, 450465, 449091, 159398, 324087, 408543, 278086, 43718, 383024, 215812, 161263, 325275, 167019, 482050, 475516, 258990, 433506, 436164, 369520, 241849, 278728, 217943, 292287, 90350, 468632, 110111, 208243, 22039, 273927, 305519, 146506, 32174, 389020, 328188, 389666, 499222, 322479, 73487, 89341, 317813, 252382, 275462, 221587, 3275, 356719, 13501, 391571, 481723, 350158, 380098, 127508, 469715, 376785, 359807, 71444, 135711, 249406, 76153, 276789, 216569, 205114, 116046, 38408, 63587, 355406, 413155, 450853, 141212, 97669, 399322, 150084, 315050, 176405, 105070, 148889, 274311, 434767, 356110, 398040, 141938, 20624, 499916, 137672, 153605, 132262, 84216, 100949, 311322, 266389, 376271, 359845, 101713, 83486, 478741, 138745, 156504, 229014, 302924, 417320, 17656, 291458, 366512, 138259, 285843, 34615, 318871, 418146, 290820, 337922, 457476, 292622, 124912, 102884, 20177, 349025, 89789, 306115, 203391, 322221, 404403, 331708, 151425, 492601, 288493, 441050, 62811, 23484, 285945, 154836, 487423, 196557, 203506, 15134, 497895, 328313, 385384, 393389, 280255, 259820, 146505, 209634, 287504, 192445, 321112, 176545, 173980, 222933, 308107, 235170, 319126, 437181, 227536, 380199, 288164, 354705, 319480, 303617, 328700, 79113, 190325, 463709, 351007, 30940, 260633, 76825, 41551, 36791, 394921, 135131, 310159, 466502, 240534, 205702, 319070, 230139, 464522, 135344, 123795, 307233, 155344, 447149, 415819, 380898, 220984, 400990, 343410, 293673, 108541, 144584, 201222, 276435, 152355, 198200, 480890, 344396, 217156, 270047, 410873, 486842, 58226, 360657, 131580, 48900, 52676, 39660, 67474, 230534, 155450, 340711, 436957, 469459, 445444, 21602, 81688, 302299, 187517, 208514, 195405, 413412, 226494, 417614, 292178, 305525, 454575, 57679, 104649, 468716, 167923, 258311, 91779, 300321, 49110, 63264, 414568, 214732, 180751, 272061, 392978, 225903, 321418, 488756, 121872, 101006, 431293, 199201, 6832, 347672, 323826, 221792, 195493, 97214, 318267, 166192, 304460, 121215, 453366, 286257, 43250, 85166, 289987, 349302, 143669, 283533, 458762, 85146, 78467, 474973, 143538, 188502, 277800, 344936, 298624, 218483, 371187, 63346, 235485, 323769, 274038, 200107, 201039, 477854, 285855, 41141, 45720, 149794, 393669, 283340, 100863, 199123, 193458, 221866, 202794, 135017, 313857, 196604, 285019, 396339, 394623, 79521, 377456, 65241, 484311, 363129, 153380, 418010, 18799, 33371, 298540, 64831, 497297, 89873, 199543, 94755, 86961, 7409, 166852, 119331, 48439, 915, 311311, 166067, 270078, 377769, 30728, 86257, 25365, 58994, 153671, 486405, 38561, 187259, 241119, 30111, 396691, 370646, 70643, 383720, 251428, 243817, 18291, 410056, 312700, 450043, 141180, 309242, 391495, 230973, 256679, 373238, 188033, 324797, 319579, 226890, 480191, 268453, 96533, 26712, 76037, 431916, 171437, 211809, 309563, 378397, 102854, 37932, 208359, 169139, 138010, 246707, 144020, 129533, 308032, 274862, 56237, 205782, 316749, 274825, 60797, 80629, 285983, 447737, 280476, 239601, 234101, 443605, 59854, 99049, 252801, 461862, 176307, 65992, 244740, 351283, 275676, 493803, 340817, 368046, 414120, 99880, 86760, 22014, 106440, 314974, 184526, 291053, 61479, 163986, 152946, 487505, 112557, 388582, 37180, 481650, 124818, 364703, 70819, 121719, 139020, 459570, 410193, 481183, 231284, 357908, 265770, 484553, 32289, 363833, 426726, 498082, 111245, 337390, 325673, 60886, 182353, 148707, 337393, 282671, 6373, 315760, 323046, 352356, 317372, 44351, 96395, 464873, 78606, 471608, 433024, 231668, 338099, 70674, 128834, 107374, 111748, 415507, 37299, 130424, 85561, 267461, 68136, 49956, 485285, 182343, 253552, 72490, 447476, 474790, 140567, 206414, 103690, 90758, 164814, 452500, 496736, 497590, 322277, 459267, 403176, 487237, 439144, 468953, 400742, 259198, 78974, 271586, 264198, 402240, 397283, 4378, 312518, 279631, 161668, 245073, 260859, 257792, 209051, 383043, 146616, 101503, 396369, 67116, 214796, 158053, 343549, 319186, 419126, 19168, 5970, 300744, 417920, 461860, 415193, 25129, 266138, 113321, 109064, 467773, 490163, 384655, 453587, 393706, 149186, 276398, 318039, 493612, 491432, 151732, 456802, 40903, 110368, 112238, 222608, 462013, 312627, 286092, 353482, 326546, 13373, 290339, 441051, 180077, 185010, 90797, 351872, 332967, 85179, 496107, 146909, 108211, 471920, 147233, 229210, 296896, 198255, 31473, 219823, 140516, 460572, 333156, 182781, 147837, 31208, 260123, 317187, 193341, 364885, 287829, 401438, 381370, 108051, 169252, 63698, 232435, 387186, 324758, 417382, 148687, 377064, 120575, 172699, 388764, 40801, 46885, 485720, 173193, 439908, 162353, 350812, 127050, 305773, 140879, 294386, 120878, 337654, 205048, 466246, 19308, 150844, 29547, 87735, 422244, 365140, 155702, 406471, 429616, 365818, 431744, 248575, 128884, 347293, 420447, 36943, 141042, 6381, 332364, 12051, 119471, 322748, 228948, 111570, 442284, 211966, 35200, 373567, 302739, 47855, 485045, 85761, 111321, 345520, 238731, 128304, 279758, 264825, 10874, 209141, 420496, 119804, 172068, 308160, 486979, 22584, 108362, 386244, 424246, 124851, 412738, 67442, 355595, 205657, 54402, 269956, 47028, 287588, 407153, 372393, 239718, 468474, 318435, 487219, 195436, 371689, 383221, 165561, 103035, 28226, 414890, 317687, 16760, 173281, 16390, 205047, 165757, 179551, 88506, 305862, 88413, 411946, 49396, 273325, 440677, 481907, 451264, 350569, 78068, 348635, 347535, 488717, 301051, 126032, 346411, 63694, 170161, 204319, 54571, 21835, 68409, 343855, 216444, 69894, 235614, 62426, 461600, 150007, 295876, 357528, 240385, 37462, 17708, 301112, 156164, 30465, 369055, 183067, 39694, 72627, 359014, 120566, 141182, 24208, 322675, 385590, 400125, 72700, 394989, 82643, 178013, 143371, 241330, 180631, 436542, 223081, 139080, 371711, 494749, 127116, 285133, 172482, 283855, 289148, 308539, 41247, 241819, 370385, 148313, 245147, 432348, 370719, 253330, 475051, 361011, 490647, 48213, 104319, 139185, 434810, 262827, 312339, 147668, 476695, 383720, 103855, 438459, 257437, 455867, 485857, 370951, 167705, 406162, 382717, 414778, 87693, 344016, 293364, 268837, 185003, 436026, 192960, 299065, 20247, 218086, 282945, 49975, 218720, 448936, 35900, 115869, 136359, 468233, 392853, 135548, 20512, 249885, 70181, 435196, 258564, 190394, 372717, 374546, 258314, 3476, 206711, 296121, 127172, 269336, 477817, 139923, 371555, 382158, 483508, 497247, 477151, 215596, 41418, 221374, 349946, 359379, 318874, 258529, 365334, 429493, 106797, 488329, 487040, 467231, 478602, 394092, 131856, 355500, 470327, 343188, 239736, 354097, 457535, 145891, 485254, 136148, 388693, 60495, 373355, 232852, 273292, 146245, 365623, 492063, 229545, 417752, 142195, 53249, 81062, 109972, 180115, 181622, 93366, 133368, 352832, 217149, 101621, 401962, 16290, 77487, 143252, 129699, 390299, 473145, 342606, 481077, 83598, 197885, 31175, 90677, 499162, 336570, 454607, 478578, 342047, 177087, 320128, 125904, 375313, 404224, 40864, 226044, 403220, 162301, 483698, 189898, 311950, 120202, 126979, 348190, 174261, 275764, 303392, 423891, 85188, 238252, 387082, 489231, 299661, 329757, 47130, 76218, 442960, 461339, 32275, 178416, 95209, 297966, 439018, 23095, 85170, 329233, 157343, 272073, 311213, 45060, 448880, 288959, 184342, 45877, 344914, 153685, 225644, 444142, 295008, 19438, 17847, 311306, 494449, 19950, 47793, 39917, 270418, 159721, 144212, 455483, 365520, 304456, 70055, 317935, 422967, 138825, 496280, 486569, 265299, 62194, 59835, 355048, 79681, 194268, 316228, 204223, 254025, 201404, 327824, 9365, 211875, 312072, 452262, 247644, 431228, 333406, 469894, 123273, 61626, 221527, 28931, 208972, 422860, 304802, 452105, 59759, 50274, 261387, 408008, 415672, 260353, 406156, 433538, 149463, 118473, 465823, 151770, 489187, 418680, 205339, 81892, 177276, 420404, 433507, 433304, 67277, 168520, 428887, 254734, 168432, 435675, 9682, 382525, 1623, 304196, 400353, 169658, 221788, 119975, 11472, 257582, 316233, 184982, 424412, 186597, 450099, 483805, 298070, 467348, 282617, 341534, 275992, 217902, 430110, 404797, 364601, 96352, 383475, 181847, 36328, 430943, 262980, 247970, 235667, 139086, 24725, 100490, 237939, 17518, 185619, 455918, 49837, 320627, 15229, 71506, 265029, 68341, 86632, 251420, 47446, 47379, 27033, 296942, 110355, 165617, 397501, 376479, 205692, 299597, 54192, 311212, 35958, 257636, 120897, 143921, 454306, 110591, 166017, 136070, 403037, 268830, 31076, 116285, 189031, 336281, 191659, 23050, 104823, 99907, 350343, 360299, 434383, 303952, 325487, 168653, 301273, 429762, 479352, 411368, 351947, 368108, 91738, 434326, 318429, 106593, 384974, 438657, 433919, 390128, 414572, 117742, 207770, 339122, 190785, 232872, 283494, 428544, 322814, 111777, 251554, 125926, 364880, 428563, 350483, 12611, 460479, 341880, 234964, 74762, 46300, 482665, 475856, 155878, 20006, 365496, 42626, 436377, 272985, 162303, 402991, 93222, 39125, 114726, 108459, 234066, 31143, 15288, 211401, 418187, 270042, 470729, 279560, 308873, 207795, 298096, 34086, 264611, 370802, 479400, 336766, 411584, 115423, 258367, 497470, 39518, 334286, 308571, 463660, 91673, 31514, 85339, 159889, 56227, 324801, 91907, 318366, 205719, 17018, 270760, 124869, 382330, 88310, 399058, 140389, 215354, 338715, 313046, 175328, 171718, 313174, 403822, 288760, 279132, 178894, 69286, 99240, 401324, 173224, 50202, 380966, 233654, 459286, 15288, 312573, 191765, 73967, 197243, 445770, 392722, 283107, 194698, 202639, 422712, 282842, 264420, 51214, 280559, 111881, 456600, 196913, 476089, 214741, 246545, 255294, 63125, 429302, 189039, 130825, 97646, 440614, 222641, 247352, 117467, 405001, 213441, 313973, 259487, 449050, 347686, 489734, 155950, 382910, 458118, 63134, 486982, 129678, 433123, 463154, 348356, 203815, 234575, 433224, 292725, 353824, 282000, 256138, 457379, 177984, 6308, 339384, 438130, 338677, 221747, 296947, 223870, 391240, 261872, 437789, 20291, 124202, 437076, 134896, 296424, 366177, 116845, 127925, 237928, 142773, 496134, 274707, 336766, 78038, 126408, 105660, 387549, 339960, 170245, 224809, 478582, 123583, 377856, 76078, 226078, 66852, 173109, 168475, 62165, 115127, 432363, 290184, 260126, 361062, 164663, 59883, 340151, 461710, 267305, 212664, 370734, 359947, 425754, 492615, 18661, 386023, 472416, 442673, 257997, 142378, 241005, 180002, 270639, 163957, 95593, 121174, 41491, 389921, 407071, 466568, 298844, 279715, 233481, 338516, 156093, 312147, 113960, 29596, 261643, 374513, 398452, 283481, 184832, 364166, 275936, 224211, 20865, 126295, 614, 190824, 301819, 124829, 304605, 83267, 483706, 36602, 103245, 38749, 121265, 11176, 482683, 321869, 122639, 240658, 119696, 254758, 454051, 389021, 99019, 411475, 413433, 168926, 336203, 403684, 326627, 387996, 333347, 78671, 245220, 62001, 211379, 322241, 325237, 275922, 362888, 466007, 351139, 268428, 350688, 44274, 36698, 301050, 305891, 19580, 402820, 455566, 189774, 10009, 360507, 390312, 36215, 50138, 412300, 152582, 126231, 403782, 414212, 30627, 23212, 468156, 400491, 487256, 150218, 440258, 178568, 237893, 430438, 94343, 234837, 34800, 438886, 423704, 132439, 435899, 41816, 471299, 210638, 381004, 418191, 31980, 152323, 39040, 4235, 98471, 352599, 356004, 178832, 65097, 452482, 264576, 161067, 440460, 296974, 219201, 292799, 93639, 439233, 423076, 459218, 336069, 176065, 393133, 97088, 394964, 421453, 112682, 117087, 439984, 411582, 305276, 450168, 47259, 144976, 198791, 100984, 286827, 465266, 148979, 401211, 465484, 293947, 156826, 224118, 404347, 443923, 325052, 210781, 161914, 471424, 69572, 474255, 131934, 295768, 150221, 418960, 497764, 396647, 292039, 64634, 26631, 257471, 64794, 487697, 416795, 617, 86168, 111314, 444560, 254875, 72227, 494837, 132, 338270, 419047, 265368, 5091, 78365, 391053, 463400, 98589, 287861, 73009, 279099, 312099, 401966, 167013, 348208, 373401, 467292, 27122, 203676, 214008, 433662, 275538, 143645, 317643, 214371, 176705, 316952, 336248, 338061, 279887, 109169, 94363, 53268, 99320, 427395, 408019, 2503, 153785, 486894, 441876, 368326, 172549, 456879, 462739, 420257, 31478, 145898, 39115, 290559, 247878, 327757, 382988, 105714, 342460, 71733, 320158, 9377, 408132, 451201, 197043, 253523, 60591, 64673, 128521, 383762, 340673, 410351, 211184, 210827, 270829, 20733, 227247, 365712, 282213, 17559, 105489, 83771, 496682, 232323, 498002, 438777, 197657, 497083, 22864, 424049, 43662, 302718, 412793, 186066, 123179, 456989, 320711, 383629, 33135, 196763, 45279, 279628, 103304, 67744, 392336, 384630, 69297, 148133, 197012, 418978, 367457, 194390, 208045, 452060, 223686, 388981, 307696, 59766, 227912, 47655, 243999, 487513, 466488, 450681, 291542, 187779, 935, 364343, 132107, 123777, 192090, 494225, 253606, 279393, 319886, 420763, 155934, 471118, 100300, 494522, 408034, 395751, 327601, 79126, 378429, 127103, 256102, 496897, 136946, 497609, 396443, 226477, 75978, 321016, 116323, 208682, 484904, 479835, 449387, 199773, 293985, 355161, 59347, 240461, 368652, 134981, 452772, 205306, 196854, 205632, 324549, 22452, 443023, 429037, 499560, 181426, 444815, 437473, 364034, 132384, 238288, 452082, 499825, 150484, 436166, 334787, 16697, 142637, 160339, 86696, 263105, 4273, 321459, 429245, 200205, 327280, 490248, 466588, 453621, 130303, 476448, 446298, 351137, 438590, 357673, 295821, 74379, 316033, 337994, 135665, 65870, 49122, 103207, 133288, 260216, 115141, 78282, 451251, 267670, 410777, 362505, 179413, 215957, 271664, 411961, 143161, 18495, 200861, 157774, 370468, 153749, 123972, 483583, 423942, 302288, 385979, 339484, 215094, 343299, 310607, 234188, 433704, 346530, 52543, 390098, 193135, 189421, 97733, 5757, 251554, 151113, 345810, 370862, 192349, 451261, 256258, 437121, 447610, 190843, 461223, 121593, 377743, 422108, 459059, 456321, 489387, 351220, 496302, 87760, 364455, 222976, 201675, 217771, 358909, 472396, 485993, 360106, 258321, 390977, 470602, 359722, 170256, 347374, 300354, 487685, 92610, 319594, 322229, 162883, 492118, 30602, 362373, 174280, 69935, 460593, 275215, 177136, 400872, 454168, 60991, 259168, 350028, 164123, 451759, 351376, 249719, 178861, 81449, 470948, 242307, 7020, 50031, 449507, 41883, 1929, 130815, 186906, 470057, 41998, 406658, 294938, 344153, 91815, 219213, 13995, 445899, 152022, 215337, 269164, 410409, 393679, 268779, 379879, 156525, 193413, 153794, 232167, 265745, 157877, 391778, 319192, 382865, 243830, 86585, 234467, 348680, 295955, 454384, 101461, 351430, 39838, 298682, 366323, 45150, 58643, 75908, 198023, 243767, 256061, 459449, 363780, 395634, 497392, 389634, 64380, 60495, 496962, 114416, 325058, 148080, 329281, 338897, 106156, 135937, 22993, 406472, 281947, 107301, 465293, 74187, 495633, 226720, 219478, 9176, 248518, 344021, 62071, 298163, 105160, 284740, 56289, 210229, 83401, 107095, 105721, 39992, 275802, 333026, 146098, 269443, 129051, 440796, 314548, 217267, 125081, 206884, 206014, 484943, 128477, 384111, 398579, 421368, 162367, 219320, 228617, 379078, 121171, 330418, 468583, 225008, 351389, 379562, 93044, 497235, 256947, 31757, 49014, 397346, 272363, 421070, 150870, 466044, 428576, 201610, 70619, 29144, 368423, 353685, 430914, 357447, 156308, 359549, 392346, 417567, 38168, 474619, 381370, 87055, 229891, 288927, 18438, 109808, 385723, 69608, 116726, 222182, 419056, 203630, 184160, 81808, 18939, 279554, 91058, 3100, 57055, 98486, 38265, 59803, 49746, 264144, 249335, 7696, 337423, 6159, 196826, 41521, 459596, 177900, 358883, 475451, 363079, 272265, 323569, 192483, 140895, 479307, 300853, 462250, 266384, 485029, 114911, 137766, 166199, 474920, 6002, 428437, 12689, 130164, 239802, 147767, 394794, 18223, 169651, 155884, 386633, 322055, 206025, 243763, 151442, 139858, 477271, 51475, 350585, 278250, 179409, 146114, 21357, 21391, 255897, 8007, 255211, 54322, 259386, 297344, 188379, 594, 14160, 336359, 264631, 199930, 89832, 72801, 499025, 377757, 461055, 44153, 391989, 231263, 280550, 437961, 341420, 395299, 485546, 280781, 102426, 9337, 189998, 264762, 205273, 30817, 340683, 202695, 379077, 494970, 299773, 163361, 361096, 223210, 170259, 18946, 454328, 468213, 208541, 417028, 262575, 82017, 412260, 16004, 215326, 109873, 36703, 180230, 67175, 142718, 206562, 395462, 25813, 282335, 223213, 154023, 245189, 441123, 818, 122751, 232407, 487842, 512, 375234, 93254, 392017, 2909, 58024, 342663, 352500, 486282, 321876, 499793, 274088, 101719, 87212, 259109, 397259, 209991, 317912, 3848, 389434, 289164, 168109, 17937, 201299, 240225, 480668, 5364, 275927, 359738, 364621, 30712, 229640, 47330, 206042, 194137, 205547, 286031, 181692, 289094, 268005, 172834, 281632, 486339, 379937, 183283, 475676, 264521, 497750, 123281, 447238, 413936, 274649, 344979, 83261, 419848, 453905, 135586, 168786, 487144, 126262, 97700, 299281, 259991, 223421, 482874, 200246, 231570, 40922, 127201, 446922, 114906, 398635, 417788, 243377, 383445, 2721, 61488, 428638, 95418, 386539, 146036, 188778, 141672, 44020, 406290, 77554, 292197, 123976, 159641, 357747, 32778, 393298, 393244, 479859, 380731, 473120, 321284, 274261, 51687, 102593, 76382, 112107, 405712, 422174, 210285, 458461, 431894, 478500, 340514, 292473, 303788, 161061, 57592, 268120, 4972, 65618, 324121, 151907, 46099, 484526, 465883, 132573, 143475, 240037, 212488, 321892, 303729, 145949, 296049, 446444, 212057, 277795, 437353, 140106, 333911, 399568, 162698, 193216, 27837, 391319, 196487, 478312, 169914, 211211, 262523, 325876, 37526, 276009, 318160, 441259, 328848, 390498, 49036, 369078, 123998, 10360, 34623, 125812, 255217, 431293, 167729, 144104, 483927, 289519, 412013, 123970, 379835, 116003, 6361, 129192, 232538, 211132, 365222, 204570, 105569, 374985, 465499, 300010, 245101, 52243, 50620, 474566, 441198, 350887, 7548, 309268, 44910, 239903, 4699, 414995, 310199, 250831, 433889, 421907, 377616, 430655, 147632, 137070, 384476, 217734, 46476, 485841, 260529, 239341, 209847, 415275, 21816, 415554, 416667, 177408, 495352, 450171, 238819, 464636, 6376, 204185, 51496, 244026, 273341, 98948, 418701, 307706, 374003, 198804, 439018, 64370, 453515, 327498, 284916, 223621, 120291, 29376, 213567, 353368, 192074, 320416, 213650, 427350, 432443, 360616, 46817, 274948, 468316, 430946, 216567, 169812, 162818, 456500, 296967, 262925, 439645, 208265, 488720, 167437, 224397, 347864, 173547, 470805, 358743, 336937, 260545, 244409, 207094, 416064, 385560, 371617, 187112, 106524, 312258, 334476, 373061, 342943, 288215, 471817, 39597, 58801, 144134, 174425, 196576, 162757, 337824, 193899, 247104, 232066, 114765, 7661, 161575, 472793, 272615, 49278, 454828, 138032, 293698, 151121, 231010, 428024, 463619, 300427, 248239, 176513, 235065, 194314, 33467, 378311, 248712, 470429, 113055, 463210, 485237, 148898, 135398, 469662, 254472, 26561, 482481, 241771, 436850, 275013, 185280, 380050, 429607, 96971, 217052, 479590, 316504, 80427, 369187, 314155, 466432, 463938, 114949, 176363, 132183, 86291, 450382, 22876, 373698, 214850, 155631, 284322, 184032, 162677, 121217, 471681, 411760, 246041, 390609, 448078, 471992, 5988, 12180, 202149, 481422, 34761, 499770, 26535, 277666, 79402, 51878, 412811, 5257, 201156, 87265, 208380, 449415, 134117, 423062, 476011, 70539, 371325, 238763, 219955, 129121, 93949, 54240, 152694, 448465, 88540, 376723, 242381, 53580, 10727, 74176, 478075, 271793, 323849, 81158, 115630, 422412, 18491, 274492, 295381, 172424, 214153, 492711, 70947, 199182, 328812, 328791, 7177, 356854, 448632, 40754, 351812, 8312, 481539, 413920, 58574, 268346, 107497, 304999, 101481, 376625, 26133, 12378, 125927, 11603, 401190, 99114, 352342, 80436, 69699, 404504, 19548, 23969, 67656, 345196, 400733, 338365, 132806, 342212, 442089, 165892, 156226, 281233, 115668, 5512, 347982, 267094, 168075, 107784, 26817, 23147, 56359, 127657, 183628, 95411, 461651, 422989, 240288, 74776, 200098, 211073, 450395, 71636, 132695, 157393, 359693, 236953, 6232, 62433, 206200, 155217, 381848, 202794, 387619, 55034, 191094, 360365, 451751, 498669, 260324, 475185, 374238, 108911, 435903, 289601, 472682, 383773, 219752, 359847, 105015, 421887, 283220, 386944, 44183, 47835, 309141, 454980, 147030, 273384, 176223, 49094, 99685, 106211, 472440, 384251, 51978, 211850, 432741, 186436, 288198, 110873, 304169, 444214, 286513, 15617, 447000, 362364, 224951, 264802, 134883, 402668, 7197, 1806, 433602, 171972, 46084, 381157, 56751, 67857, 497535, 331294, 435129, 254235, 454896, 299403, 319300, 21743, 457384, 349023, 335719, 473594, 344508, 16189, 177522, 344465, 446148, 406274, 288884, 149693, 176411, 166488, 41746, 83590, 202539, 286399, 462391, 73660, 124682, 389785, 90881, 98169, 332553, 52119, 304349, 304049, 251062, 97542, 265967, 327115, 432309, 303072, 87984, 191463, 388965, 211036, 137818, 377842, 306624, 129357, 309384, 346367, 368222, 284405, 170490, 278541, 68666, 11262, 249418, 452209, 122591, 476690, 360137, 225543, 346442, 418978, 457278, 442852, 22929, 130895, 101683, 240552, 110517, 73486, 137085, 199427, 439276, 368373, 351289, 187466, 333406, 400326, 367804, 62673, 466950, 236664, 414339, 114321, 448909, 479479, 311421, 69044, 337540, 386183, 453749, 119261, 180937, 421198, 232601, 60483, 99858, 180669, 389720, 1729, 164290, 181423, 481470, 264778, 138664, 405131, 38219, 332627, 254147, 46974, 471498, 253334, 256951, 294378, 79310, 54089, 68494, 376545, 221473, 445078, 227420, 281334, 408592, 408722, 424335, 487843, 327259, 32144, 388969, 440502, 473084, 112568, 220080, 468425, 228876, 483134, 93976, 114319, 64314, 14269, 54803, 496744, 158468, 309924, 21693, 220889, 366600, 134473, 25127, 359804, 480874, 76391, 416034, 111420, 360257, 109317, 411250, 417043, 113715, 24953, 90225, 405294, 193900, 98584, 148434, 499709, 435883, 105871, 216584, 468159, 267372, 214013, 340939, 141134, 141498, 312367, 383669, 425229, 312664, 141851, 22774, 20239, 315078, 430481, 297217, 107972, 190814, 229274, 384722, 253522, 214544, 438030, 350557, 56771, 454581, 262411, 66345, 455552, 264874, 435173, 302214, 306412, 394141, 294479, 86556, 324571, 358092, 167363, 482056, 372208, 387582, 377087, 191845, 146154, 401272, 478223, 258962, 121005, 177612, 244471, 437891, 473264, 46906, 299679, 299794, 114127, 12719, 403811, 465200, 226283, 240007, 460273, 215546, 402552, 344903, 111827, 100179, 18073, 370787, 371305, 411154, 117409, 32117, 431818, 451842, 68027, 469624, 367407, 60797, 405559, 49989, 479998, 438510, 298620, 375470, 246707, 286893, 359873, 48517, 443196, 487487, 443181, 149145, 478709, 78267, 250733, 393119, 327, 445459, 32278, 375042, 387674, 376762, 231601, 157747, 167168, 234516, 359358, 409207, 336477, 499264, 461056, 354875, 212713, 222532, 60549, 357785, 308109, 254722, 331625, 382731, 237167, 378169, 260790, 264948, 215070, 39347, 252978, 161617, 416319, 8768, 32746, 442522, 14713, 169046, 177493, 137791, 437925, 480201, 255912, 93661, 103764, 354368, 82555, 45496, 194778, 231911, 425453, 258937, 429220, 139095, 458439, 478151, 145539, 371195, 138389, 29314, 73781, 171043, 41149, 277344, 460061, 17073, 167986, 26875, 140613, 129486, 33524, 20910, 378095, 470478, 228681, 385335, 296961, 54754, 147044, 384803, 396406, 169207, 67249, 428050, 254514, 181955, 450100, 481339, 390079, 260675, 350405, 109806, 4866, 493500, 325628, 281995, 2829, 325944, 404262, 315240, 165111, 268744, 451784, 330746, 338644, 405717, 220490, 55641, 42512, 147138, 490445, 56271, 130204, 6853, 361429, 121924, 331774, 299613, 26374, 332272, 339473, 326004, 331662, 378348, 86594, 108349, 190239, 77285, 144294, 18454, 176158, 42668, 263129, 64979, 122152, 389642, 361833, 451879, 122563, 188360, 468642, 97492, 48651, 409879, 247936, 188365, 33755, 423677, 237519, 220594, 152835, 209092, 269565, 18939, 81578, 107789, 458462, 223344, 266753, 388561, 356777, 83966, 324034, 479331, 141705, 138300, 292415, 585, 310273, 63056, 298087, 482329, 301289, 162033, 77194, 491171, 420314, 361722, 97074, 413646, 328215, 161401, 137569, 352646, 105624, 156162, 333818, 173583, 194532, 280927, 226669, 253104, 435010, 121347, 302202, 456047, 316276, 263356, 89919, 100076, 164036, 484330, 339961, 142696, 294491, 153948, 255902, 60106, 171126, 456036, 242990, 61955, 309996, 183614, 280991, 455102, 434183, 415181, 301782, 488920, 68915, 428119, 269174, 226249, 140793, 399106, 301644, 201298, 399675, 473850, 307242, 354607, 30053, 223166, 228927, 18669, 356782, 73699, 339236, 346106, 266230, 80341, 172931, 331630, 486771, 162603, 77337, 125799, 448468, 134561, 11229, 483336, 122975, 208471, 393476, 38730, 321569, 72962, 36408, 127865, 73370, 390822, 210106, 407749, 132532, 374782, 368152, 43824, 289232, 396888, 367097, 302670, 495169, 424571, 407505, 454393, 373062, 68438, 389285, 208199, 294618, 278541, 263535, 396977, 447104, 12932, 364968, 315663, 189706, 241252, 68165, 163114, 166078, 306752, 223174, 11006, 438622, 222305, 212969, 345375, 225809, 388239, 444538, 315778, 145434, 348790, 326735, 191484, 219487, 218228, 428993, 46139, 252786, 142775, 34870, 251231, 145219, 61715, 462781, 231863, 283399, 166304, 83960, 436056, 77745, 277302, 3133, 88695, 329210, 479670, 7901, 64416, 316624, 435631, 311839, 375329, 419608, 216335, 265621, 438667, 398045, 434727, 90568, 58232, 78388, 406797, 148321, 488128, 365446, 72412, 487804, 483161, 226299, 121039, 146238, 367409, 493706, 373723, 180935, 110031, 103828, 25451, 236536, 120939, 378238, 133839, 59328, 101033, 479401, 3385, 390778, 290941, 183723, 43550, 252657, 55742, 284048, 180852, 325203, 353403, 426742, 453356, 484165, 190953, 122526, 357613, 255941, 47108, 5023, 282077, 94541, 176700, 239972, 431603, 125470, 391931, 26565, 238714, 182131, 212124, 231209, 330450, 211004, 300937, 146485, 149705, 26240, 90913, 184564, 195177, 310053, 3207, 7750, 332628, 26627, 265087, 498200, 111329, 98100, 494847, 53686, 443508, 220747, 299842, 106948, 234605, 399668, 179803, 225984, 56612, 343071, 86467, 264863, 172687, 106307, 20145, 234778, 105401, 92719, 177419, 477978, 431114, 83901, 195389, 36285, 253902, 3990, 482417, 378276, 73985, 9277, 390797, 360341, 119160, 180413, 154078, 170224, 96329, 369014, 343994, 490597, 110472, 266528, 487001, 54656, 75844, 125801, 32250, 183329, 26878, 435501, 87187, 217387, 47302, 247200, 437000, 287113, 94668, 196098, 231277, 496176, 12974, 315418, 261644, 355153, 197046, 26936, 255520, 210917, 494898, 455662, 332097, 277766, 75279, 490179, 54263, 440368, 246718, 376644, 74193, 242131, 451835, 293489, 294560, 289383, 235298, 57067, 242553, 278689, 219075, 238500, 88685, 311287, 132991, 56664, 182212, 432162, 111440, 188871, 164906, 216829, 81735, 94335, 397225, 323260, 279832, 182751, 412897, 441361, 205917, 223859, 242185, 158995, 324248, 218182, 17310, 427491, 88141, 433144, 370496, 363921, 370396, 284483, 14926, 339891, 292283, 493492, 403153, 323778, 9341, 43947, 463106, 174985, 393853, 253276, 564, 344578, 26014, 367139, 360866, 197284, 208181, 110853, 458651, 111918, 93180, 448455, 329477, 256100, 232255, 187809, 388407, 481949, 95124, 455053, 107094, 413073, 124351, 441720, 373901, 127752, 316804, 108284, 349564, 289648, 237758, 237705, 51456, 213764, 28805, 150595, 348712, 200996, 184501, 301484, 416484, 22763, 28519, 424413, 51615, 116499, 44305, 339266, 420831, 124006, 172910, 123658, 422877, 125883, 190573, 130519, 462340, 394189, 315852, 162248, 68432, 83935, 64865, 458790, 339147, 129143, 469554, 314833, 116413, 440654, 11093, 427389, 251474, 293267, 400790, 495472, 160988, 392275, 161847, 378056, 75846, 310423, 406651, 54983, 102718, 459642, 246541, 459319, 227749, 43748, 280944, 433351, 124891, 338461, 133131, 282905, 378905, 203122, 194022, 83570, 231071, 76766, 437420, 272373, 72887, 272284, 174556, 123996, 93517, 417317, 18192, 17100, 404896, 413369, 490643, 279404, 336821, 57575, 424436, 144669, 69609, 411975, 380635, 420966, 408729, 72715, 78839, 126906, 471291, 332032, 215080, 175322, 12588, 71709, 114014, 408547, 336381, 186876, 228656, 386313, 172806, 188198, 64944, 491674, 486384, 122389, 77055, 228966, 201041, 146577, 33019, 403423, 202016, 390382, 39382, 324290, 397957, 187772, 80183, 64450, 49954, 122922, 417554, 329910, 236845, 441915, 279597, 464455, 66008, 166937, 499725, 287325, 323007, 12541, 240363, 109786, 183142, 280763, 388588, 278824, 326538, 223423, 386702, 359924, 327229, 228063, 295855, 394085, 384072, 347212, 15383, 137991, 114328, 28250, 472649, 214530, 485338, 174255, 197808, 303285, 114762, 311177, 23499, 330294, 305189, 353511, 27889, 305847, 124655, 132318, 200719, 281882, 283587, 60855, 363983, 77627, 176229, 145324, 288270, 148462, 363972, 478163, 227619, 453926, 225840, 23274, 113013, 124904, 201359, 187434, 246544, 381777, 207955, 11272, 280937, 177799, 420824, 121259, 246983, 10567, 230682, 80430, 485482, 52172, 400427, 236773, 290912, 471044, 259035, 37062, 459430, 32211, 449047, 319203, 211940, 409036, 440054, 337597, 1367, 56193, 204123, 299766, 9457, 244223, 318776, 266670, 247765, 78873, 444510, 94052, 499196, 315708, 88971, 472493, 2312, 396951, 21816, 174701, 209000, 480975, 77163, 330517, 82609, 41374, 337894, 404061, 451707, 224638, 124712, 426953, 477782, 88950, 472284, 68463, 271378, 358045, 124254, 181523, 180474, 406267, 324584, 107337, 72175, 440640, 15423, 436625, 23328, 460880, 225569, 261484, 21272, 467365, 469031, 11725, 460831, 255469, 40406, 56986, 179310, 355070, 204823, 306947, 254752, 455914, 139353, 18124, 295285, 2747, 104237, 265049, 343917, 299071, 135521, 149303, 88653, 205680, 324209, 471358, 116642, 487192, 313264, 450411, 148982, 253131, 409778, 438915, 258233, 408987, 39527, 133602, 38046, 62594, 48415, 454494, 147757, 229830, 181213, 73476, 467384, 401863, 442913, 294742, 864, 149253, 9051, 274135, 468968, 358239, 425038, 317874, 98757, 372009, 156851, 212500, 196323, 308348, 126204, 226847, 50573, 85765, 140695, 106595, 183292, 256665, 177447, 147648, 51711, 80476, 23987, 494309, 310281, 284559, 60550, 43075, 369040, 5898, 421890, 313875, 345438, 135324, 304469, 305417, 253813, 114839, 311128, 342231, 349707, 330334, 347939, 12863, 391240, 236455, 179654, 91136, 88996, 111915, 197696, 129952, 445412, 321568, 270197, 148520, 359226, 324426, 55053, 110798, 17257, 72444, 139100, 351412, 261197, 186193, 122570, 97307, 465234, 420599, 365352, 685, 67071, 389903, 191921, 98823, 375268, 432055, 433746, 496889, 228489, 40145, 150116, 132770, 290083, 31152, 260249, 63198, 162542, 230118, 283125, 413003, 280242, 369085, 145234, 173387, 51857, 410683, 431040, 143436, 314630, 377868, 52887, 459219, 348843, 80204, 93671, 30557, 268665, 286395, 395027, 419258, 352492, 392316, 360457, 105071, 386717, 376540, 227085, 181197, 184816, 195053, 57218, 171392, 99002, 21417, 54688, 10658, 390678, 335310, 220139, 267122, 453473, 214257, 223353, 152603, 10133, 161930, 65697, 362153, 176083, 352091, 98906, 81295, 211121, 173490, 373584, 492694, 114759, 279540, 492440, 496031, 306160, 225590, 181540, 144993, 129404, 470464, 252191, 146528, 149188, 220500, 497556, 466202, 340216, 324387, 378662, 108741, 199275, 90258, 87692, 409130, 200396, 38389, 48447, 460527, 12138, 236736, 357508, 49355, 172175, 260272, 310849, 24349, 288463, 281425, 261247, 291978, 469672, 157012, 112440, 293001, 426646, 370849, 35211, 430073, 228074, 54795, 71713, 195620, 1551, 145245, 383722, 403402, 14034, 243878, 248727, 77908, 329116, 29567, 389004, 293783, 249189, 420586, 253546, 54830, 136861, 355196, 269972, 119193, 483563, 235337, 47070, 112808, 103385, 252016, 415564, 436386, 55007, 371023, 127363, 324621, 482628, 269113, 213517, 429193, 69206, 386313, 113453, 259892, 5964, 444686, 154300, 209410, 78545, 487625, 56916, 10967, 150763, 250034, 391283, 13450, 196676, 183711, 236495, 376528, 110551, 49222, 252560, 60259, 468024, 391868, 80286, 168026, 479211, 418435, 474028, 92325, 114923, 15938, 412357, 112586, 19, 399713, 162233, 222818, 88278, 238104, 217067, 264398, 281517, 491960, 430398, 139005, 304012, 20052, 147537, 79264, 343278, 479, 465416, 387640, 322571, 144768, 429273, 205324, 56706, 401799, 40137, 312078, 259731, 495998, 108481, 176247, 266824, 496813, 199854, 210426, 175953, 391350, 111985, 262678, 383880, 30411, 494223, 426419, 165578, 274705, 76485, 277460, 83578, 384000, 217628, 170991, 304337, 457358, 279030, 206551, 112682, 453019, 342799, 468924, 60274, 385201, 310955, 312518, 322416, 46806, 395167, 478179, 139446, 47166, 162167, 430214, 91783, 358223, 51616, 23262, 235118, 72352, 255605, 339316, 409706, 214278, 344709, 14076, 92635, 162201, 385684, 33618, 194424, 52911, 180751, 142227, 387880, 216575, 141752, 174092, 61593, 357199, 190917, 431222, 348127, 486584, 66187, 378226, 69275, 23408, 316535, 387522, 283354, 73514, 136561, 287035, 212253, 95527, 69157, 64053, 404499, 25936, 371501, 158352, 464787, 171231, 122236, 378873, 18414, 110731, 455158, 82565, 360789, 271823, 267216, 85194, 389109, 43691, 479025, 383061, 492436, 65982, 457799, 261180, 93947, 441220, 38055, 120329, 103009, 180313, 438765, 326137, 270987, 207492, 260873, 471710, 82514, 34626, 402671, 443086, 448633, 29889, 383033, 310209, 71475, 136140, 352015, 477117, 342426, 450019, 77945, 278816, 393536, 4650, 471706, 168443, 227727, 102855, 17653, 134638, 187593, 238344, 247158, 90883, 62996, 321085, 147959, 309469, 60356, 499843, 89130, 130532, 339201, 59235, 39475, 481069, 441699, 39864, 290557, 319885, 244243, 251549, 149136, 196997, 215573, 424500, 288056, 113275, 137548, 33390, 58517, 481652, 90851, 306885, 10153, 386565, 70384, 497891, 355198, 311166, 147882, 429660, 462728, 24339, 394632, 259235, 359578, 394070, 97588, 97105, 354829, 129622, 2086, 145459, 16550, 53364, 437060, 359370, 111788, 417999, 432903, 253596, 382257, 445070, 280265, 408004, 46587, 336236, 225598, 494412, 367873, 194122, 235887, 233085, 76147, 83603, 309087, 222503, 413553, 301580, 311701, 159521, 375736, 386444, 372132, 443148, 175521, 445071, 351207, 156732, 118754, 370096, 472220, 428030, 17729, 35685, 434680, 292229, 327623, 2918, 199168, 289216, 78764, 434937, 301637, 279643, 180755, 119331, 332089, 439505, 337764, 192361, 411360, 59286, 197298, 437737, 395403, 43535, 284352, 180919, 28093, 29572, 194401, 110025, 601, 243068, 111036, 383451, 202234, 193627, 367241, 86427, 99801, 423546, 9372, 98506, 421230, 353941, 364514, 42531, 471779, 115847, 341248, 358530, 45727, 333733, 91388, 489076, 371419, 173245, 299421, 62291, 428722, 61715, 442128, 289961, 34751, 368753, 495970, 388983, 461126, 105948, 418920, 53621, 83505, 490260, 348416, 180050, 331712, 447063, 498769, 391742, 153080, 250486, 373223, 351797, 241467, 255601, 150340, 89257, 288690, 124783, 222149, 374683, 329758, 99817, 223581, 219951, 336075, 18915, 355120, 393185, 262379, 175855, 498313, 399646, 311397, 238868, 36583, 281236, 247395, 340070, 62384, 253617, 403481, 372224, 214900, 361418, 459998, 131105, 110036, 157979, 436120, 420924, 392400, 204934, 409449, 369417, 410171, 378241, 325657, 40999, 142408, 80662, 12541, 313144, 305942, 473273, 339914, 43220, 409788, 217297, 450119, 480761, 88609, 110948, 402443, 192254, 304413, 90816, 288530, 350112, 444204, 37821, 215684, 468642, 362983, 93330, 389583, 99173, 17005, 458305, 458281, 453911, 253519, 460281, 371192, 300998, 25230, 419689, 204606, 462836, 101377, 464160, 460364, 243340, 418626, 15800, 105067, 111821, 231905, 286731, 389477, 101543, 159888, 81234, 171287, 413582, 322308, 18195, 105350, 407966, 65726, 83062, 176849, 392845, 481882, 219340, 115568, 445080, 262424, 272150, 81340, 48671, 265115, 326296, 68821, 83156, 273171, 442063, 179481, 148175, 339240, 195587, 127484, 220636, 116498, 424328, 303164, 344088, 377684, 463238, 213929, 187114, 213318, 400565, 180405, 105605, 136433, 14398, 482701, 403549, 165170, 88456, 7213, 239552, 389644, 120939, 462918, 38452, 270428, 349897, 178274, 128947, 453257, 172259, 393328, 158585, 34655, 239208, 78649, 425635, 15403, 295200, 8874, 446874, 84676, 77666, 423806, 344361, 469261, 326981, 228657, 316312, 248122, 63226, 230503, 483055, 40897, 104899, 53970, 347902, 351829, 238154, 1512, 50796, 418439, 21839, 321110, 382558, 314568, 93345, 35177, 307923, 63017, 406126, 141438, 90201, 112099, 411119, 323480, 111258, 62751, 55411, 407137, 233453, 193133, 116487, 2421, 11383, 82095, 380414, 254775, 397366, 439901, 164013, 325597, 5531, 396721, 274488, 356080, 341978, 315885, 170468, 433265, 72848, 119316, 376801, 52711, 473157, 308118, 62008, 271302, 169548, 128127, 458747, 374113, 139847, 5389, 405967, 11062, 284318, 394275, 252526, 169392, 382255, 174082, 164586, 187990, 35529, 232607, 425007, 390878, 212975, 394525, 191378, 62855, 125043, 314995, 260109, 39909, 158337, 281032, 441914, 107083, 297398, 202972, 20293, 95778, 383894, 33695, 226928, 433997, 387191, 212762, 383208, 184496, 466603, 483930, 97496, 369826, 190972, 130762, 97890, 449053, 1542, 423397, 208852, 367862, 24863, 77242, 391265, 369829, 12306, 474587, 120396, 194254, 170128, 440138, 44256, 277455, 256015, 269585, 357566, 406425, 313922, 392491, 23710, 403402, 37461, 310965, 234811, 407831, 279947, 76106, 145048, 408349, 447406, 491664, 427889, 232691, 486249, 432517, 154028, 279589, 287045, 22747, 423294, 19538, 127414, 63335, 252942, 474603, 175546, 227297, 424848, 379022, 345767, 218885, 234544, 434737, 482384, 144528, 427540, 31450, 67372, 457790, 4647, 214923, 488958, 130288, 28080, 467188, 304009, 435034, 444022, 54360, 387863, 299529, 130928, 217110, 152412, 404757, 255424, 305688, 334842, 135214, 389269, 333135, 234069, 441333, 107958, 307285, 462466, 95440, 248956, 3293, 83749, 189443, 214597, 480077, 478101, 264661, 123762, 167380, 182518, 112062, 234077, 452965, 54683, 187624, 50832, 32172, 366838, 3673, 390658, 487422, 425712, 281553, 87342, 210152, 93085, 286073, 394565, 446862, 358506, 100436, 364180, 233360, 357538, 270416, 10344, 232637, 245916, 465254, 195277, 328034, 107464, 28901, 3063, 276116, 188735, 212292, 463311, 129252, 386615, 318630, 129181, 218054, 177389, 314185, 99338, 429255, 42987, 83732, 313343, 232920, 344428, 415597, 352986, 100965, 142173, 306553, 448172, 196184, 58073, 266536, 193874, 162218, 62693, 297679, 52269, 409231, 481544, 122856, 133447, 38660, 105363, 375529, 99080, 56255, 84290, 343715, 384843, 456629, 169005, 347381, 301971, 402120, 274792, 187318, 414554, 477798, 222219, 298105, 118970, 200177, 96104, 120489, 410745, 474588, 363665, 106101, 151788, 102686, 391914, 172873, 157394, 60410, 125556, 168132, 252194, 178482, 78946, 166184, 442591, 116360, 406811, 221175, 210376, 125076, 103460, 36311, 199478, 352881, 445736, 331632, 307305, 289434, 144329, 131139, 217017, 425297, 303319, 398761, 319371, 101055, 419663, 238284, 470418, 158632, 324093, 232878, 385159, 345451, 485421, 223568, 472558, 31511, 221831, 13949, 271739, 48855, 123669, 372684, 149615, 348788, 408326, 171154, 10386, 125180, 62834, 7891, 254157, 410385, 91570, 480717, 82586, 40201, 103469, 128353, 217906, 28074, 362814, 94164, 159789, 257731, 36380, 308900, 11076, 33645, 118220, 205687, 277138, 327724, 63632, 430064, 460993, 437387, 320868, 230713, 372285, 311794, 67254, 144818, 4162, 51439, 357452, 321200, 75879, 261485, 284969, 265841, 499257, 46519, 448925, 366361, 86485, 22879, 411209, 489685, 49703, 68074, 206827, 136243, 155411, 376909, 273725, 247712, 244158, 251249, 125129, 442196, 143770, 326861, 92925, 417741, 495615, 465258, 110473, 188993, 197388, 144260, 70256, 101484, 373649, 155409, 27693, 189893, 384476, 146260, 228801, 340760, 126425, 40726, 494326, 250689, 210941, 480443, 96002, 75040, 220646, 278357, 382444, 197697, 219352, 335364, 85585, 243989, 165819, 126483, 391020, 250903, 288683, 351937, 66500, 239598, 178295, 161191, 21613, 17995, 178216, 215393, 69346, 41654, 282521, 56028, 219902, 170057, 226966, 304629, 228273, 369714, 490302, 423608, 147276, 292708, 460573, 109627, 126114, 185344, 296210, 88339, 296084, 261462, 303327, 404952, 458731, 408623, 373011, 426713, 329051, 390255, 147298, 310465, 291522, 467529, 398662, 299810, 134894, 129051, 156595, 12800, 144445, 219901, 482294, 177486, 338170, 344252, 222508, 467659, 217865, 417966, 260550, 328272, 389747, 388811, 260366, 416360, 11279, 310279, 182742, 386438, 64846, 125854, 44906, 62922, 285475, 167801, 196978, 158999, 242233, 291780, 452773, 91257, 74328, 293584, 31270, 360577, 79121, 120140, 239378, 110388, 221665, 274795, 451164, 455222, 178932, 236503, 56196, 39348, 496547, 166263, 384632, 199914, 432766, 119239, 387628, 353590, 280479, 54404, 403933, 335519, 314745, 143989, 328790, 235440, 23382, 6843, 258801, 382932, 311903, 306631, 241243, 152493, 167962, 84786, 431655, 406478, 266243, 299915, 151458, 330743, 177173, 444312, 416456, 369815, 391558, 406587, 473711, 367425, 216457, 185028, 272620, 351211, 45722, 90862, 445026, 315474, 373076, 486410, 324078, 372468, 255401, 3779, 48, 362527, 56104, 167556, 379125, 404479, 202048, 361937, 361603, 374642, 434992, 455710, 96857, 52201, 327894, 481074, 358154, 132890, 384970, 323758, 191303, 334807, 319998, 13114, 244332, 444642, 80592, 485853, 21139, 202353, 366999, 202512, 371116, 149705, 93843, 185980, 450888, 212730, 93749, 319056, 155663, 345259, 11341, 142268, 293290, 431852, 130706, 58710, 372483, 267766, 207391, 428761, 317392, 176729, 69969, 36675, 493047, 267924, 3266, 11190, 300562, 377705, 167925, 142191, 243112, 56845, 6427, 496329, 219513, 193420, 19304, 235058, 68996, 350559, 354185, 349729, 461864, 402921, 87897, 431687, 191450, 276712, 480075, 4477, 143585, 228590, 434236, 372200, 228359, 254212, 458016, 401398, 197869, 90575, 174235, 324738, 86992, 88406, 2719, 274009, 365625, 202265, 393109, 190990, 321987, 448246, 131792, 42858, 258419, 6420, 458091, 286402, 211351, 231748, 461625, 207207, 487820, 140233, 312672, 126952, 470950, 297144, 300643, 60273, 107994, 18516, 97857, 352529, 275015, 215357, 418231, 67175, 107154, 401130, 381827, 382010, 499682, 428721, 5931, 450933, 289523, 417384, 115160, 382678, 496508, 205851, 183989, 268606, 225487, 117431, 176173, 190589, 333541, 272470, 112105, 138427, 410250, 319072, 75328, 476803, 459418, 118511, 35406, 332239, 101671, 454414, 458276, 173025, 100941, 412623, 468047, 444659, 370901, 487281, 433493, 231415, 51882, 449807, 242502, 118609, 284467, 385891, 401995, 411875, 147460, 286999, 60454, 427280, 357725, 390330, 11898, 472375, 388402, 115227, 143968, 494638, 237157, 98762, 317506, 362238, 7143, 326916, 301213, 35010, 228607, 296226, 276738, 203453, 231384, 236219, 178103, 119233, 77300, 389181, 1303, 204360, 485169, 284188, 397314, 487664, 412552, 13184, 184339, 135571, 164505, 230872, 399022, 187513, 111282, 195860, 45644, 343128, 282365, 488613, 42046, 469900, 96905, 68504, 281543, 224597, 273261, 265202, 383632, 227454, 114146, 315997, 230555, 357267, 100556, 184816, 117367, 58619, 184174, 179180, 269950, 155303, 259155, 193926, 293476, 236197, 464491, 386608, 84129, 39742, 489670, 314743, 477666, 490624, 448126, 411465, 223171, 366083, 19100, 205729, 156526, 18649, 18541, 168164, 289431, 123773, 193487, 38169, 397990, 43351, 227302, 439639, 217960, 486856, 137879, 116387, 167466, 404826, 59629, 375874, 172022, 171265, 356889, 24222, 82890, 499674, 104948, 18486, 338326, 390996, 226169, 97747, 291085, 149029, 200597, 9449, 173682, 80447, 89694, 55487, 310355, 4861, 463203, 184398, 206023, 236680, 422296, 472525, 283139, 155415, 436509, 482087, 268550, 466271, 14502, 14098, 414278, 431317, 474986, 112691, 321951, 300772, 302736, 413657, 321253, 177667, 180603, 50350, 88025, 278624, 183571, 474934, 115059, 228420, 401185, 485698, 442166, 300317, 364461, 427473, 195904, 390267, 205621, 169767, 194124, 218306, 390276, 244444, 253568, 467582, 330830, 403388, 295579, 487071, 216498, 319982, 212865, 85347, 49250, 396084, 198676, 151687, 323296, 338291, 435140, 39542, 182153, 64174, 422480, 336765, 196537, 461612, 438556, 166320, 39038, 478226, 194244, 41554, 315489, 397277, 66803, 180645, 286451, 439277, 126528, 185460, 142278, 21848, 183489, 386797, 243077, 29500, 303014, 23252, 110762, 291039, 130341, 228213, 491372, 26632, 52658, 323688, 70338, 269550, 164530, 18613, 170748, 1894, 79043, 312087, 231101, 338241, 424314, 150038, 314261, 122534, 122470, 313865, 324797, 41754, 211595, 413373, 149919, 231557, 184043, 350687, 443896, 53727, 406093, 129050, 469628, 172384, 10757, 495529, 224223, 203176, 89211, 215069, 143972, 54306, 317375, 20497, 63767, 86299, 473317, 125108, 167139, 343099, 474203, 235037, 448095, 277465, 154343, 110630, 48393, 66115, 156101, 408127, 451459, 109171, 220426, 445576, 343175, 344318, 12495, 282210, 97241, 209736, 194156, 189467, 363556, 16988, 284025, 444741, 33041, 338398, 158007, 26278, 422967, 261294, 431367, 72759, 405319, 382148, 424392, 33830, 44510, 149213, 233696, 257614, 145064, 194533, 352926, 327967, 238955, 404179, 171350, 330140, 38956, 50491, 233475, 253000, 482071, 69411, 99594, 94674, 289235, 168675, 207574, 493824, 220566, 419075, 431366, 76067, 498904, 218125, 324909, 483888, 284555, 368415, 408312, 356956, 206154, 334498, 10215, 450101, 379224, 147871, 313862, 112779, 471111, 199199, 33310, 471545, 299036, 194755, 1253, 389642, 198267, 409730, 59114, 439550, 476497, 68770, 276402, 374646, 464071, 386459, 35264, 92982, 65974, 206319, 284068, 68110, 224709, 215161, 40566, 258880, 309270, 73572, 266816, 440394, 416319, 154667, 132699, 61834, 407645, 435041, 173610, 201356, 387176, 453287, 240651, 36041, 23155, 419761, 419189, 142036, 403166, 395488, 268696, 34635, 341447, 404566, 172956, 46356, 1658, 283848, 89903, 443936, 280470, 412613, 112217, 373903, 441152, 376530, 354015, 19837, 372741, 176293, 327371, 53431, 406484, 468935, 55488, 258088, 493875, 54462, 422664, 201567, 146030, 286052, 54473, 396137, 267677, 460515, 131349, 198540, 375987, 195194, 254008, 418833, 246620, 203529, 414200, 41108, 142085, 239247, 305832, 358716, 135964, 18781, 279444, 191540, 266396, 449517, 102273, 423344, 467506, 73942, 69394, 447471, 12447, 380790, 286298, 83958, 199926, 238900, 246647, 332833, 486220, 119440, 463099, 414909, 127043, 284149, 221178, 95538, 123043, 128599, 454843, 11681, 77385, 496397, 322277, 220115, 454994, 199039, 109324, 459493, 322924, 246760, 15515, 198090, 492504, 92530, 217484, 425789, 440621, 289642, 459268, 312810, 50463, 73837, 95651, 399378, 295490, 443752, 150578, 14526, 394541, 488418, 264141, 377131, 427499, 406446, 298154, 451854, 389778, 172303, 124601, 139993, 273686, 340073, 181943, 40153, 311510, 462011, 63173, 352078, 149378, 283479, 30325, 28202, 280700, 336627, 228746, 240805, 176964, 252052, 103046, 198725, 405900, 470973, 88509, 336168, 328413, 338321, 77695, 157789, 339628, 243190, 215841, 180391, 91366, 12510, 36136, 466306, 196286, 31608, 494584, 480854, 227303, 13396, 462729, 219199, 212993, 215147, 181357, 287767, 257788, 61472, 26015, 419003, 228917, 172703, 347214, 19281, 188664, 188927, 218757, 420769, 54982, 367481, 46450, 449879, 427960, 467909, 332013, 458888, 424274, 270008, 306074, 403129, 485725, 456950, 151756, 329457, 447914, 213263, 94441, 57211, 275614, 18287, 494980, 2217, 415555, 362714, 169460, 275780, 446937, 299539, 161519, 360159, 82104, 63077, 449779, 490251, 15381, 49235, 225168, 440678, 431526, 285514, 173380, 140866, 371226, 407035, 468750, 141845, 216450, 288927, 227968, 66082, 81147, 445219, 498911, 485465, 335515, 196031, 22878, 499114, 95030, 3834, 60634, 446650, 52488, 465446, 17139, 423399, 482744, 364583, 54405, 231845, 239708, 433508, 97422, 126485, 345097, 309151, 372529, 48988, 45090, 347910, 54870, 194178, 490397, 224152, 451958, 263988, 153697, 83898, 446363, 103089, 451713, 60536, 103503, 206380, 113673, 204924, 310211, 223294, 54358, 61382, 59877, 206077, 138547, 117672, 109894, 169475, 426203, 414665, 421251, 256800, 427052, 426161, 101579, 476201, 63930, 454120, 12470, 444220, 98586, 413591, 269066, 498504, 275436, 427106, 326973, 318463, 224086, 311253, 155056, 160642, 164626, 195657, 27495, 45902, 409375, 220094, 212261, 279130, 461205, 158348, 32150, 454560, 319792, 384332, 487940, 365060, 167503, 1394, 2185, 134822, 231760, 300029, 212468, 371955, 377549, 291284, 458606, 79891, 154216, 178356, 50054, 319853, 405430, 443676, 9699, 396711, 261453, 146171, 257113, 284853, 498488, 343270, 25197, 166543, 83137, 417178, 161996, 387291, 304168, 87988, 303627, 72537, 34723, 20273, 399381, 248473, 248435, 22253, 8978, 210319, 42623, 154804, 441608, 50445, 133465, 440642, 25304, 49074, 364410, 493373, 358272, 125336, 470461, 30027, 176863, 413676, 135694, 177475, 8109, 418540, 335355, 119548, 269718, 270381, 149551, 347425, 91932, 292663, 215761, 128878, 437818, 123770, 220506, 135358, 243249, 132507, 120375, 232889, 362639, 106932, 45878, 158001, 245253, 236006, 373711, 329503, 289111, 56693, 43961, 256746, 106339, 279365, 127988, 256445, 139660, 118856, 281744, 96727, 225102, 313061, 123162, 134744, 103524, 488206, 79471, 263528, 391043, 309965, 335932, 127212, 231355, 302376, 59235, 22580, 194197, 34109, 380520, 301386, 20435, 254643, 435745, 95823, 134044, 101422, 240575, 15622, 95838, 387251, 222019, 291250, 322366, 230736, 134046, 448253, 279511, 441694, 58975, 356613, 6288, 143259, 23168, 376146, 496778, 273274, 276716, 289902, 240469, 492638, 10113, 247094, 456830, 388373, 267414, 145279, 352401, 288215, 32973, 294138, 352986, 368015, 48875, 36679, 183556, 148981, 440751, 15444, 479391, 377670, 316186, 56246, 79023, 89958, 488463, 266696, 74450, 310693, 374378, 187443, 368923, 447686, 251574, 327525, 308486, 188558, 304152, 4065, 105840, 68533, 423060, 57132, 93828, 207888, 418538, 445295, 252186, 483206, 417595, 12818, 470975, 408897, 125154, 64968, 230037, 166462, 39253, 422365, 486476, 310482, 430825, 332106, 88381, 137971, 316737, 377543, 260272, 380231, 59355, 286107, 165767, 85453, 393998, 304088, 260314, 205342, 378492, 451132, 109296, 7742, 459561, 272887, 447612, 195673, 449837, 229167, 115507, 240798, 342275, 400737, 224387, 144518, 212415, 170533, 458056, 452688, 116589, 137619, 306999, 337361, 126519, 24598, 319613, 302446, 278082, 141560, 52129, 242180, 355117, 183214, 75691, 48202, 456508, 302918, 28918, 261617, 173853, 308636, 437213, 444629, 477129, 441411, 228862, 482857, 138730, 31857, 253655, 345437, 132800, 61741, 482199, 482262, 439208, 118200, 155938, 120959, 231134, 397592, 461928, 390849, 372551, 62235, 284654, 178144, 120354, 122524, 113376, 329184, 258680, 226386, 347195, 3018, 172617, 258142, 38265, 78067, 311143, 266628, 382739, 253766, 53586, 91840, 101770, 276588, 465205, 406511, 319471, 142679, 403920, 450035, 334561, 283481, 315391, 36601, 95405, 207312, 310297, 117102, 235688, 20195, 96525, 209797, 282475, 71637, 94394, 453947, 450893, 215574, 434543, 499384, 295430, 155249, 313582, 65461, 259207, 498521, 167153, 181861, 233646, 277229, 309279, 194509, 489496, 350008, 301317, 427668, 196838, 410470, 110061, 23572, 22592, 137157, 223466, 220224, 374335, 232711, 186697, 197062, 435995, 413044, 112077, 74777, 37620, 320201, 251546, 499793, 428148, 142561, 329201, 32221, 425175, 361954, 459876, 313585, 70934, 309906, 246135, 108710, 118132, 215816, 96008, 3634, 225087, 196628, 447853, 326601, 298447, 336843, 31569, 356351, 441487, 430793, 23241, 321445, 175090, 173127, 211699, 78550, 367733, 465395, 403411, 137369, 88698, 470731, 303691, 20020, 194603, 277316, 276792, 424568, 102913, 314696, 7870, 137118, 282890, 442231, 187205, 81666, 376135, 298212, 60630, 378948, 259322, 49255, 19821, 260455, 430022, 133938, 127566, 109598, 53570, 191141, 58895, 79212, 215843, 242061, 430119, 219637, 181037, 96756, 264511, 101677, 168365, 213134, 43159, 89213, 380415, 299411, 458440, 150939, 100207, 94471, 411305, 186563, 297689, 224395, 228317, 30335, 5636, 384341, 56221, 170075, 250209, 181590, 435063, 322622, 21861, 70719, 36152, 65774, 254441, 174108, 144351, 208963, 334533, 191643, 68530, 420549, 479817, 327973, 49228, 95756, 427631, 410411, 263825, 428452, 447017, 361713, 462189, 383886, 387666, 75316, 152240, 272167, 24724, 120721, 132901, 41742, 80353, 486165, 38321, 261673, 425354, 462649, 494760, 436858, 402415, 461891, 297086, 308514, 446684, 288045, 312076, 462797, 452944, 264492, 408782, 30621, 230365, 122022, 76307, 457123, 148445, 185020, 273885, 338683, 137230, 442963, 118933, 176274, 46962, 54656, 56972, 37239, 143424, 251743, 47247, 480250, 274237, 307092, 213429, 270290, 191878, 318400, 167460, 70312, 243371, 169636, 24580, 1094, 390919, 280744, 126635, 282693, 438918, 456015, 343578, 360463, 170674, 327411, 289912, 282601, 450364, 354841, 461357, 128293, 384384, 295017, 451381, 306117, 451124, 68462, 229080, 173701, 229986, 473746, 421300, 296126, 444709, 124838, 459422, 481723, 425083, 493623, 232442, 447934, 67883, 200040, 211935, 369367, 45780, 345350, 140790, 232987, 367743, 79721, 218911, 285044, 225824, 19964, 303390, 378028, 386944, 96902, 105625, 412657, 320400, 305121, 73189, 90287, 73143, 456305, 83556, 16905, 351239, 431551, 225258, 114251, 488361, 23896, 343607, 210763, 353493, 378588, 202049, 415097, 325137, 247042, 356937, 191880, 467626, 252842, 497039, 436138, 1119, 271337, 336405, 379667, 411044, 295886, 379397, 438933, 181346, 205389, 101631, 237814, 219102, 103485, 56293, 400861, 345390, 135193, 442019, 444193, 71307, 12238, 442508, 399783, 50369, 338709, 57847, 142521, 60481, 278108, 72352, 284718, 152634, 11047, 341502, 351118, 109557, 461162, 354342, 142673, 142245, 274427, 147897, 347324, 446260, 402574, 231211, 302046, 124269, 221859, 152912, 77371, 66630, 33486, 256977, 450700, 10896, 182379, 343298, 107194, 207147, 19194, 105321, 22579, 376365, 423202, 38515, 287751, 364207, 368487, 375733, 224114, 468831, 117514, 233795, 451161, 297422, 392580, 195489, 328507, 120811, 157756, 337832, 71318, 174698, 176291, 362707, 228434, 431214, 40800, 239281, 135124, 343858, 86025, 230374, 336130, 295104, 109180, 301190, 319224, 96319, 495030, 84641, 326619, 384187, 193929, 471932, 153117, 335754, 134782, 364700, 221367, 152750, 1867, 280222, 487199, 40557, 488420, 416677, 87067, 292822, 246627, 80969, 458167, 65891, 67501, 287474, 448206, 210917, 492514, 40479, 62436, 372349, 467528, 468294, 101576, 85975, 4085, 121477, 189630, 110873, 205395, 249930, 114548, 283508, 83665, 71938, 342564, 103173, 277920, 75238, 476809, 434309, 77642, 157467, 472849, 271325, 67561, 301006, 406059, 228309, 1502, 251461, 233278, 156534, 373530, 240711, 401444, 23675, 441893, 483394, 82414, 105481, 114098, 132173, 142705, 224725, 76330, 144009, 428305, 124875, 33310, 440938, 366546, 138628, 299989, 8595, 123768, 308277, 447266, 356625, 282680, 139310, 117373, 321430, 437403, 192356, 277731, 488846, 466594, 146328, 29796, 3619, 166323, 462112, 157838, 492674, 63730, 47292, 89235, 29231, 211522, 362132, 183085, 399942, 24440, 9882, 431423, 405486, 406050, 76300, 241755, 141169, 2871, 184880, 469452, 165860, 328716, 445061, 182865, 315443, 207224, 302988, 186921, 136533, 95182, 10643, 274213, 104322, 480430, 331671, 327538, 353841, 292477, 281907, 143911, 431023, 366492, 456742, 294076, 187612, 333658, 270674, 388713, 315283, 389778, 158279, 365079, 485585, 466399, 253830, 278057, 297014, 384403, 313914, 255725, 425546, 359471, 215762, 321013, 225796, 385784, 478033, 403267, 416006, 459075, 436641, 3966, 105066, 319770, 428, 451870, 32448, 141614, 264555, 186717, 477080, 16030, 193379, 371312, 438175, 11541, 450381, 235175, 239188, 426692, 320934, 201981, 322096, 132741, 127026, 150752, 114820, 377634, 163456, 391179, 223153, 436843, 405808, 164407, 51484, 304070, 253939, 294158, 343393, 138992, 389215, 316583, 140940, 4709, 458426, 68092, 297122, 425843, 71145, 154419, 468701, 243825, 408722, 108067, 142211, 59793, 104753, 340735, 217942, 111724, 36217, 123779, 111826, 365832, 219518, 403651, 126557, 135338, 85403, 174359, 309579, 429392, 315324, 292996, 67083, 467434, 106747, 133004, 93690, 12294, 12207, 294425, 404108, 206154, 41773, 28112, 119755, 339902, 489434, 430755, 22316, 17107, 30038, 381066, 211960, 204027, 105925, 320438, 213851, 209185, 326228, 419097, 124163, 378886, 119538, 154546, 118611, 241218, 163010, 437925, 218761, 309761, 446537, 383906, 231592, 92204, 324481, 150719, 162986, 236214, 335173, 461868, 268193, 287385, 384176, 332076, 132590, 70225, 223276, 98744, 70721, 82935, 142879, 304912, 449744, 392452, 156065, 195119, 444233, 381860, 257308, 93380, 73625, 181543, 292283, 31385, 480910, 412515, 191075, 308422, 367155, 83111, 498276, 152526, 110458, 484675, 111200, 215650, 319642, 496865, 287604, 455500, 421155, 476484, 311121, 15317, 46749, 436492, 32814, 238884, 322077, 39315, 187322, 76664, 204577, 247544, 177206, 280986, 74733, 36332, 264978, 320865, 221038, 447735, 378835, 426818, 449453, 459927, 89867, 427089, 208509, 266847, 340597, 430789, 454898, 394009, 218527, 347543, 132775, 373598, 308165, 348907, 472050, 293287, 479542, 444173, 250470, 168155, 368870, 308623, 172513, 145982, 35830, 47504, 462553, 468503, 444035, 191084, 157162, 31571, 137536, 439086, 76311, 123757, 372432, 498556, 56150, 482839, 50026, 86339, 218722, 396005, 149730, 21225, 82032, 206677, 191605, 363017, 237275, 47977, 98841, 98878, 161304, 488013, 411886, 218960, 322712, 23921, 308052, 287131, 284722, 147770, 218024, 175043, 30270, 177234, 277785, 6658, 122090, 317753, 205209, 189173, 322864, 208533, 367051, 153530, 145577, 300688, 42718, 252446, 52992, 497051, 352281, 316430, 457999, 3173, 284581, 405282, 449653, 282037, 384023, 27, 447972, 326981, 178851, 275680, 352211, 417728, 444355, 498195, 146215, 270217, 425651, 473401, 262107, 398405, 90857, 90676, 216414, 277822, 13439, 254171, 232121, 92637, 11019, 481091, 468723, 254289, 191108, 483378, 111410, 386934, 133426, 388613, 336766, 157910, 267469, 175799, 125365, 997, 427600, 239571, 492095, 396219, 351257, 36191, 86737, 313088, 307735, 438942, 10286, 83469, 201102, 27606, 488743, 401199, 118158, 337074, 76484, 250326, 243707, 86057, 352732, 60362, 42008, 495414, 155428, 277156, 95138, 296282, 311069, 442598, 64114, 322984, 360461, 290481, 89643, 334819, 358529, 215069, 259562, 479364, 330299, 54013, 287402, 470313, 377, 194966, 260367, 280198, 318963, 315806, 337262, 430740, 318166, 357558, 139542, 365718, 81026, 376882, 143742, 392434, 370892, 475501, 70978, 163557, 335683, 392100, 478016, 379603, 419105, 466325, 79571, 472357, 212689, 486217, 75487, 143711, 313322, 200836, 369220, 385664, 462731, 425887, 409729, 199690, 485302, 216335, 228303, 306823, 399281, 405488, 196669, 248621, 17478, 272310, 78035, 131865, 297967, 212150, 475454, 423133, 306898, 395083, 415375, 227149, 443638, 123434, 298974, 112511, 390345, 486120, 296311, 113673, 306757, 414923, 380175, 252879, 65146, 340962, 475068, 157974, 17385, 294189, 131690, 358928, 119727, 52556, 341840, 93443, 74970, 339987, 76394, 122529, 245365, 56586, 186823, 237470, 215216, 433763, 674, 64070, 79472, 14313, 402532, 138785, 176336, 34400, 463293, 119343, 376015, 457051, 422507, 24531, 328464, 134159, 104481, 439866, 483638, 477691, 16086, 447105, 329011, 259830, 63847, 307632, 347471, 67585, 45811, 198106, 314363, 385856, 336546, 408589, 492493, 457844, 220858, 385917, 330684, 384511, 177805, 361043, 394441, 158936, 342414, 68475, 131528, 82483, 298829, 153500, 354120, 273676, 462056, 436349, 182921, 462433, 223335, 164653, 476191, 360382, 235190, 36547, 104171, 149733, 186659, 97114, 190194, 65856, 309548, 448167, 474351, 432856, 464105, 486812, 332790, 477090, 295207, 145131, 491502, 358062, 201567, 276296, 83832, 453185, 125336, 378247, 213826, 97102, 108628, 278673, 393451, 70594, 107918, 48473, 176691, 284422, 308286, 128311, 125119, 80210, 499945, 11193, 73943, 17921, 27164, 255051, 10961, 113880, 348686, 244336, 250014, 107747, 101578, 480469, 443847, 337453, 4549, 429968, 249613, 424173, 339391, 224545, 249475, 68364, 363522, 148597, 499281, 199479, 486181, 6107, 11278, 162749, 151713, 109127, 132483, 463698, 441389, 387507, 381905, 222663, 301434, 341348, 73965, 275705, 382545, 399228, 339380, 152460, 288230, 74038, 473357, 45922, 163265, 338308, 22467, 160981, 288968, 209920, 289297, 195838, 19288, 449992, 142250, 432674, 153907, 475220, 236905, 260033, 127607, 467633, 259018, 432583, 391432, 308960, 265828, 484011, 148728, 266174, 88355, 401726, 432673, 290151, 463225, 315385, 441312, 339119, 19019, 121348, 111345, 204094, 31476, 419650, 88558, 90737, 98135, 418378, 463399, 486519, 423292, 57870, 55925, 389076, 237414, 261182, 464886, 89826, 267060, 410885, 431417, 351567, 225391, 316187, 241555, 10878, 313975, 261855, 451519, 401367, 291026, 352750, 238707, 260919, 476204, 346623, 94280, 270708, 94234, 11621, 303210, 425099, 213943, 402360, 277512, 489279, 462495, 276875, 398392, 85532, 385813, 409913, 295716, 441046, 300175, 128747, 12569, 126234, 365436, 430799, 137993, 9971, 439282, 458654, 55882, 217861, 226116, 31436, 438578, 255808, 346065, 253841, 401548, 313460, 132521, 224070, 406969, 136843, 493315, 443069, 157254, 13287, 343604, 458343, 498825, 115313, 306495, 44462, 284407, 20808, 339103, 101926, 468939, 385265, 183374, 360824, 225134, 248271, 9224, 140122, 499780, 311250, 116219, 374218, 294560, 484429, 492496, 81131, 128808, 376519, 151265, 499063, 256451, 395696, 96248, 300754, 265563, 72928, 87428, 73057, 128687, 407526, 67444, 190767, 104802, 337347, 320324, 315239, 150646, 165095, 286316, 132460, 487411, 174553, 446985, 131137, 63828, 307266, 40045, 447026, 379498, 829, 21729, 109373, 449545, 371297, 59464, 202503, 168488, 477224, 304648, 266228, 74559, 31231, 355777, 218963, 380525, 404467, 314162, 5882, 42346, 220335, 273406, 212416, 446013, 309595, 210449, 238035, 232913, 122986, 401487, 203192, 460122, 296423, 156171, 414012, 405256, 134783, 121667, 195668, 45817, 346743, 208463, 82273, 95149, 302881, 5162, 492354, 341462, 41856, 4980, 73292, 419951, 480575, 332056, 80725, 354561, 15141, 69788, 121961, 154648, 379352, 474384, 455446, 426628, 136324, 238736, 413920, 81963, 219375, 142883, 178470, 399824, 348428, 107386, 440036, 231771, 429101, 55498, 35841, 158656, 385709, 172375, 167858, 256281, 257472, 406410, 421581, 46266, 88857, 127257, 170313, 74452, 220349, 478218, 333439, 490114, 400375, 424623, 238791, 428441, 354022, 335082, 325062, 408026, 31301, 474546, 218025, 413604, 256239, 232495, 198209, 91182, 424111, 360077, 18406, 148702, 368868, 164596, 43539, 226626, 3579, 345239, 240712, 367509, 401878, 398812, 38610, 305258, 182454, 243239, 348547, 147378, 185393, 253615, 41646, 346954, 365969, 470848, 2640, 77179, 10405, 464013, 127074, 212989, 217292, 491042, 149188, 354043, 197692, 434121, 100641, 269563, 291716, 82155, 335610, 203249, 18933, 20175, 5476, 184938, 141786, 380881, 36793, 177583, 424042, 251505, 322213, 420213, 490164, 399224, 237708, 327821, 101307, 178032, 443482, 389414, 295591, 78482, 438340, 305367, 272925, 171572, 5216, 286371, 406466, 247653, 149457, 289072, 235589, 171447, 462428, 340268, 225612, 260802, 87453, 440440, 339764, 303534, 315167, 177979, 108824, 318429, 462446, 430705, 444814, 150082, 344576, 97391, 125177, 100974, 194145, 292365, 377010, 497946, 224811, 481596, 15778, 488908, 487362, 490461, 311644, 414215, 169566, 287417, 142258, 109045, 123437, 88227, 300096, 99587, 236938, 56479, 232024, 463216, 191548, 2492, 36743, 294503, 308321, 2573, 282941, 420677, 378983, 370224, 387956, 328527, 41155, 168464, 153071, 92259, 418332, 237408, 362183, 277164, 207877, 231372, 2020, 81203, 9257, 26228, 294790, 414537, 405996, 40956, 145737, 51167, 94341, 80930, 465564, 101490, 318777, 159072, 478082, 96841, 306677, 312767, 309409, 226911, 351987, 23821, 447152, 494740, 2975, 226265, 290643, 179862, 44675, 140706, 195793, 57779, 132505, 184727, 29917, 355977, 39145, 178917, 331670, 89765, 307348, 409539, 470846, 46729, 44394, 169302, 82772, 439963, 330966, 144652, 243954, 283223, 436831, 372569, 87908, 112501, 83224, 57679, 408338, 5356, 425576, 447270, 490181, 36041, 392888, 446126, 89028, 412873, 242931, 377020, 235236, 202713, 66957, 342255, 389769, 278237, 495008, 275072, 59425, 167039, 476848, 141719, 156960, 301286, 400660, 253015, 184629, 118913, 486156, 19037, 19931, 116952, 146780, 39441, 408065, 387619, 227148, 426480, 60746, 425061, 248373, 25024, 128317, 86186, 40878, 350329, 351894, 63054, 61383, 496106, 288989, 389345, 216877, 151688, 198637, 194379, 378850, 424908, 452312, 220528, 362585, 106177, 39192, 485396, 459981, 198864, 152666, 121267, 60949, 487845, 279560, 229065, 363362, 379948, 460994, 296979, 362154, 325294, 384715, 215157, 379245, 399037, 263485, 319878, 63795, 89143, 370251, 314548, 492152, 116071, 428198, 168487, 87900, 431377, 116617, 101138, 135727, 130121, 180132, 395031, 355059, 240547, 10237, 354762, 239726, 83524, 69417, 459660, 128101, 456558, 19541, 331939, 164778, 271330, 485120, 20427, 465624, 237067, 470590, 227157, 264569, 313786, 294655, 347319, 216350, 278890, 85870, 51594, 438545, 35588, 150308, 250710, 425196, 462331, 225877, 1519, 67971, 494185, 219960, 56572, 173229, 47974, 470793, 276344, 128228, 409767, 262380, 98182, 136766, 152145, 185934, 24025, 137291, 200915, 455754, 414551, 144472, 49460, 322822, 114366, 216622, 45658, 369314, 414082, 480183, 264340, 381923, 456123, 9537, 231466, 202412, 96508, 253277, 137661, 382698, 385991, 260781, 259022, 157098, 65256, 114366, 480049, 312404, 120065, 464156, 385128, 18631, 484872, 75587, 218861, 75482, 291427, 135974, 111897, 243487, 272841, 1107, 212904, 358584, 161060, 155882, 316202, 154063, 255905, 475301, 110518, 162027, 242277, 281372, 45006, 192812, 276114, 248666, 401953, 401215, 34541, 43374, 433499, 496580, 156223, 75852, 264869, 448766, 178764, 353950, 150050, 48185, 457220, 487529, 452528, 68120, 201111, 240223, 92349, 323849, 247835, 397371, 436419, 280933, 98583, 418559, 114158, 319348, 7322, 403878, 342621, 50604, 73190, 345555, 285465, 121332, 21790, 127594, 91560, 256071, 443018, 414531, 68592, 52314, 461297, 419026, 481377, 1131, 331310, 476855, 498586, 337580, 464742, 437181, 418844, 195302, 218373, 141997, 78634, 273435, 252741, 299076, 28433, 497650, 34099, 130025, 266154, 424316, 423637, 362329, 143989, 293596, 144452, 333046, 191214, 36823, 475826, 306739, 461284, 45123, 93886, 136190, 190362, 275906, 246718, 109790, 86131, 254766, 201074, 286171, 172357, 142823, 333557, 484933, 186948, 167308, 194857, 290535, 189002, 290294, 250561, 261862, 172050, 309071, 473169, 260123, 288082, 45948, 201282, 314032, 204947, 385253, 50352, 485970, 148772, 274287, 247191, 191459, 404185, 258579, 159592, 447126, 147831, 127297, 74141, 203505, 90006, 330261, 195940, 181489, 120191, 284232, 357253, 223213, 56983, 451680, 400221, 34587, 421217, 73057, 416510, 473066, 432509, 480071, 255876, 127067, 374462, 70764, 98776, 406119, 380719, 270660, 43250, 38295, 306673, 498466, 307181, 400838, 92515, 362733, 363230, 111962, 354665, 202638, 363139, 242237, 204328, 227794, 168939, 415753, 109563, 189722, 74677, 471700, 420067, 144349, 470039, 24400, 166790, 223118, 314350, 54183, 256905, 3837, 486125, 399012, 485181, 44159, 327832, 225588, 472992, 323607, 13068, 64799, 468920, 222322, 362329, 244314, 99359, 496263, 43761, 437184, 478758, 354555, 96246, 452305, 195375, 146531, 144999, 464828, 112224, 313891, 59863, 49581, 481395, 362135, 76369, 28597, 51070, 136530, 2276, 919, 371883, 56817, 292001, 476763, 332893, 397928, 246774, 359954, 73657, 493208, 80152, 242455, 141404, 362833, 458322, 362343, 50820, 109558, 431858, 94747, 151801, 172670, 487530, 100173, 105606, 327235, 185347, 277055, 394874, 85973, 443439, 374137, 492674, 383484, 464265, 37519, 254690, 393275, 466157, 363294, 350427, 234751, 433452, 242999, 22724, 107795, 316260, 355021, 480543, 84510, 462390, 388132, 350015, 467556, 498360, 56890, 134985, 78899, 54904, 246788, 49800, 275679, 423249, 146754, 301866, 293006, 385272, 313799, 2813, 216895, 218399, 214458, 374835, 4444, 363038, 213581, 63475, 150240, 245736, 62621, 359998, 438443, 770, 382448, 232108, 448635, 112697, 395241, 6101, 401256, 398303, 5049, 433342, 200762, 409500, 67026, 227313, 249684, 249378, 399285, 211112, 527, 239700, 300309, 89830, 280691, 84001, 280903, 410039, 138441, 179741, 441674, 332813, 329140, 249139, 119945, 108667, 483964, 57299, 392745, 492494, 467054, 137924, 111148, 53179, 141938, 62925, 449161, 213024, 435647, 112186, 124264, 379221, 17361, 312979, 204542, 111754, 162224, 488723, 162319, 320148, 221771, 254733, 457123, 329291, 305903, 296743, 26371, 470785, 479341, 101223, 10355, 211851, 419637, 160440, 73189, 338597, 350909, 314561, 19242, 322061, 28223, 314620, 87288, 4106, 263046, 269751, 491415, 440219, 160820, 377405, 48745, 371578, 168692, 270866, 134155, 313299, 72212, 281663, 284347, 39825, 396562, 167266, 342511, 366215, 100386, 21096, 395661, 360577, 371604, 250705, 77916, 442957, 354353, 186584, 326780, 218964, 210959, 455449, 37903, 330455, 244110, 350064, 382031, 236430, 443400, 15723, 88142, 427443, 154064, 405915, 295384, 395141, 149361, 258068, 20999, 164516, 174121, 427718, 390199, 213755, 268069, 55661, 347417, 232680, 476433, 355674, 318468, 170741, 361328, 311900, 262071, 269624, 158868, 265136, 445971, 6485, 371641, 439740, 143636, 499161, 467827, 171359, 210865, 191727, 57052, 481606, 280767, 221798, 262010, 450706, 494919, 68393, 245924, 265545, 374365, 470551, 193917, 120625, 459782, 452530, 123714, 201510, 442529, 235835, 14888, 315877, 130929, 21478, 155881, 145955, 401518, 181497, 288937, 431186, 319852, 100195, 78059, 344602, 232295, 425597, 306956, 140641, 419454, 194354, 494296, 166682, 16682, 33285, 293337, 5870, 205978, 437580, 388856, 384734, 274203, 459553, 34489, 412733, 174749, 320635, 434125, 212860, 346555, 365096, 216442, 301704, 180018, 87865, 327362, 426547, 270874, 475909, 407450, 228326, 71215, 114593, 453765, 316935, 261995, 212215, 392236, 182650, 61426, 172000, 129172, 144530, 474949, 397873, 465103, 278107, 12680, 30369, 319208, 41576, 391926, 281750, 198659, 189637, 475467, 449497, 235871, 379237, 2407, 148681, 220638, 10398, 215654, 457316, 327008, 69049, 154410, 436486, 18045, 184361, 42668, 499447, 480175, 266767, 274049, 50716, 118040, 119952, 479580, 149342, 488708, 22510, 224302, 92969, 132849, 115379, 320152, 486541, 336608, 124613, 445949, 495622, 218759, 499102, 129087, 87121, 64111, 483863, 127646, 306987, 70009, 493568, 355251, 69347, 400222, 105560, 223284, 399777, 175171, 190013, 498114, 459892, 379053, 94768, 598, 306390, 186164, 434247, 191486, 478720, 117701, 190949, 47910, 47313, 267838, 144804, 314300, 424118, 463002, 285242, 148224, 380126, 159245, 273806, 197572, 309950, 126290, 386541, 73296, 91246, 3818, 23858, 123384, 243250, 227520, 132717, 360024, 126638, 355991, 14751, 344147, 297929, 388714, 355943, 175148, 67130, 9643, 27528, 393432, 261091, 412744, 458139, 102603, 427404, 90171, 181898, 32093, 323180, 273841, 359871, 25135, 15630, 302315, 199423, 263679, 216058, 202172, 212394, 115029, 98537, 6232, 497288, 41445, 30972, 165447, 463838, 354979, 385678, 196501, 471479, 158954, 342132, 48671, 1869, 428214, 385253, 15791, 401216, 324778, 63182, 356146, 497527, 7519, 440044, 254912, 298477, 400592, 267240, 38544, 215010, 258751, 237892, 28025, 14170, 339892, 76525, 318534, 478374, 203445, 415042, 72991, 129074, 292677, 400150, 322181, 11004, 249673, 215543, 359039, 202619, 256879, 375379, 317365, 97511, 316454, 409827, 186492, 258830, 354863, 133800, 419513, 359951, 29367, 144777, 380519, 204444, 282658, 67218, 110090, 146715, 365936, 180967, 363591, 1301, 348694, 150685, 238083, 218375, 265649, 416149, 417727, 350092, 353308, 19130, 78469, 193376, 254312, 72042, 35822, 486704, 217266, 353995, 47377, 285765, 235350, 312800, 499062, 258183, 356655, 34082, 368448, 76709, 365071, 141389, 129217, 82556, 88487, 205357, 472376, 387477, 90100, 483337, 325299, 319367, 63955, 33039, 329713, 441297, 188066, 468266, 331624, 45395, 209361, 260730, 491779, 493921, 388336, 483578, 96249, 409879, 147465, 78023, 76115, 17517, 64847, 231090, 464121, 86337, 279264, 282747, 176818, 267903, 122505, 101820, 223561, 130250, 326340, 403414, 250946, 315440, 251338, 259343, 41510, 305639, 184477, 52883, 355010, 354473, 392992, 386573, 165046, 142945, 286015, 490865, 239872, 497152, 65449, 235845, 484143, 424807, 219657, 251813, 172138, 204653, 326561, 326305, 353972, 98365, 46513, 391021, 162241, 307894, 346265, 250164, 348245, 297727, 283550, 394818, 488531, 88324, 174372, 402352, 49253, 380125, 7763, 17826, 270812, 290561, 317086, 317591, 156145, 122130, 404973, 418790, 107535, 311765, 403877, 147382, 473087, 49765, 255348, 309976, 252486, 81060, 363977, 188283, 339598, 142932, 324277, 405005, 413056, 195275, 130884, 221206, 62297, 447185, 442963, 149178, 458988, 461952, 280665, 103657, 147686, 90667, 363504, 14318, 32923, 414351, 275499, 40883, 316323, 238514, 199765, 36359, 402583, 461588, 273583, 385490, 255745, 241437, 5906, 238977, 142616, 277171, 119642, 189076, 180514, 197607, 352466, 349544, 13563, 353721, 485346, 322241, 498460, 493415, 306553, 439284, 282405, 3265, 326037, 278303, 54195, 134544, 440110, 414817, 66618, 391676, 204422, 104494, 153531, 64823, 37732, 240928, 127328, 405709, 137687, 173802, 476114, 262020, 253407, 249380, 481108, 10803, 160770, 196987, 120327, 415283, 292971, 22599, 342249, 179483, 54294, 414237, 108746, 17743, 463279, 201585, 493777, 337431, 90534, 497932, 259519, 152549, 397949, 278584, 67535, 311223, 302571, 478650, 488685, 29165, 120820, 394006, 469222, 220818, 36774, 433638, 422161, 353607, 414485, 333647, 499373, 465842, 326596, 129419, 387920, 82418, 116489, 60354, 429237, 355205, 5756, 339094, 98228, 253707, 197594, 220811, 362879, 386872, 193759, 163700, 481829, 303638, 12131, 167583, 46744, 7251, 225703, 396930, 448482, 25576, 60307, 483310, 87442, 128676, 117504, 330371, 103703, 167191, 499695, 196342, 108077, 353681, 432786, 274317, 49511, 268249, 480715, 453648, 483546, 466905, 125961, 237695, 62955, 202147, 99668, 254632, 309287, 218388, 85191, 377533, 433615, 208161, 304955, 211901, 459408, 107496, 379164, 153640, 100874, 355002, 211347, 261419, 325778, 74821, 486132, 292667, 145566, 305701, 485492, 157310, 66497, 474064, 357356, 224553, 359669, 473548, 33949, 248977, 294909, 301683, 314655, 377904, 366693, 285012, 353149, 355360, 228711, 368166, 445485, 435168, 118416, 147050, 34714, 346510, 366954, 468560, 78630, 89414, 95276, 105624, 490534, 3841, 148272, 251884, 3189, 403923, 407313, 56109, 263816, 487078, 193997, 254007, 139791, 317153, 105672, 332907, 482967, 165146, 256645, 217929, 377508, 93825, 430002, 323971, 39421, 305777, 402281, 151806, 120460, 37913, 18820, 463009, 256247, 424219, 178189, 241, 393141, 259092, 351026, 405288, 73091, 30064, 499129, 2210, 405768, 404073, 248161, 53186, 201291, 465395, 394803, 385511, 381198, 50178, 6407, 422985, 329168, 11761, 434329, 400046, 118116, 241783, 449307, 145419, 469309, 129802, 292778, 343440, 437182, 453120, 184563, 431642, 494938, 422865, 451032, 196890, 416354, 240377, 148223, 167447, 236797, 113216, 412134, 123137, 237968, 109784, 278511, 457801, 205702, 250111, 133077, 82157, 201636, 157346, 481013, 61319, 255876, 282034, 348321, 89367, 134673, 31205, 179700, 257158, 191244, 234352, 259300, 332411, 484966, 383219, 206109, 25113, 298600, 388254, 379195, 220154, 452379, 265635, 112861, 6639, 215739, 354561, 105496, 168418, 156990, 251676, 436052, 282429, 271938, 120160, 15387, 393123, 328391, 302247, 300640, 280784, 335074, 465745, 137708, 112443, 465617, 200241, 293862, 202230, 408521, 219492, 5709, 255558, 118575, 130330, 48943, 474807, 202794, 402954, 343218, 113299, 43061, 494969, 488208, 365152, 166698, 110344, 364574, 9717, 333393, 268156, 84945, 153536, 145933, 383827, 470729, 141096, 337216, 254742, 264599, 126067, 307565, 384577, 93735, 110038, 110976, 42815, 137124, 243392, 228906, 367584, 69148, 100459, 440809, 159793, 162974, 7456, 206321, 41083, 408330, 55200, 396372, 453920, 442081, 5909, 167545, 363751, 7580, 209540, 23866, 421909, 483463, 3526, 33545, 106621, 331517, 37094, 211877, 125655, 144723, 389528, 190913, 369084, 477833, 248920, 303002, 258982, 123688, 320966, 379052, 480165, 118933, 462918, 39558, 347662, 363100, 113135, 181966, 40413, 154857, 73670, 379708, 262577, 290355, 339493, 233291, 229907, 491479, 12366, 320268, 107547, 378276, 239285, 161671, 444585, 93416, 237202, 262858, 429475, 90900, 205552, 381152, 409509, 428504, 153246, 311446, 234926, 441626, 380396, 278583, 141555, 274088, 138821, 11336, 239124, 440062, 65885, 143321, 64180, 422664, 231920, 393197, 82782, 338107, 398401, 299684, 484382, 303445, 396061, 159930, 376596, 217371, 229938, 189323, 304512, 213505, 452843, 119030, 499775, 78559, 345132, 38142, 437940, 373542, 277661, 469252, 452190, 317061, 291199, 464692, 360556, 187119, 201055, 40010, 301065, 329839, 65302, 162602, 210912, 139800, 21632, 103806, 309494, 439869, 358555, 125389, 46140, 147106, 327480, 332853, 339012, 165964, 423576, 176766, 453804, 333038, 179042, 491348, 220140, 113963, 46796, 448600, 476326, 119199, 99874, 306188, 60496, 477264, 251709, 166453, 295546, 478528, 266724, 317870, 238013, 93892, 16605, 353794, 214170, 403979, 253118, 234066, 173256, 475530, 473909, 25720, 321303, 273164, 39835, 431551, 166342, 252800, 142707, 338698, 286166, 407837, 429137, 281447, 365137, 489602, 33719, 72119, 81850, 351930, 327930, 168465, 195041, 333493, 171793, 297889, 115179, 434215, 85367, 104422, 365969, 110907, 74348, 393810, 164629, 341107, 290975, 206248, 127133, 192913, 153169, 264788, 449067, 66110, 370260, 279429, 234901, 339578, 386124, 335664, 119830, 451996, 477654, 495908, 203802, 437853, 160617, 455856, 369456, 397070, 172306, 73382, 279344, 373740, 457250, 446229, 204111, 172276, 404930, 72909, 176411, 88778, 270883, 452659, 178412, 149336, 131016, 323183, 180163, 20722, 61857, 442480, 111081, 398607, 128407, 485988, 223590, 244858, 84461, 288421, 357593, 223623, 240976, 57050, 483273, 268084, 336360, 239114, 98932, 276017, 403600, 241496, 119264, 92730, 214717, 139514, 160256, 258788, 299149, 100606, 484369, 486416, 345075, 179818, 220571, 203165, 402181, 11047, 77339, 274777, 249107, 36435, 298664, 409942, 396492, 384980, 201809, 454671, 486739, 230105, 204288, 494781, 352370, 451617, 452022, 166627, 487102, 69375, 392200, 104308, 347408, 290175, 141576, 49269, 41526, 235219, 212651, 446581, 292510, 73751, 194192, 467511, 405292, 115738, 330696, 240259, 296949, 273901, 445188, 292501, 132063, 33463, 338056, 223467, 95382, 286667, 338446, 91031, 434155, 236077, 136126, 256364, 465594, 185944, 433298, 32133, 416997, 254527, 343232, 185835, 247207, 243595, 497883, 51519, 450906, 23404, 147152, 307209, 191208, 295116, 58874, 461243, 166515, 233481, 395687, 42894, 246595, 162951, 414245, 337768, 331399, 178444, 191638, 117033, 87900, 302144, 50701, 263509, 440154, 38600, 116949, 9405, 237676, 284503, 176388, 345971, 101442, 204761, 129629, 76336, 471312, 121229, 406339, 46391, 20790, 188167, 400786, 18707, 459398, 302710, 189183, 13829, 353453, 421310, 313750, 301887, 331539, 115804, 434360, 192625, 188430, 488808, 31727, 134662, 270925, 367220, 287344, 415900, 138680, 125378, 39637, 331729, 177686, 353405, 245067, 449722, 154408, 57964, 236252, 210383, 61957, 360487, 262147, 428963, 291570, 470125, 275606, 221842, 481903, 153241, 477025, 311056, 328877, 250950, 265667, 318278, 243379, 476228, 166392, 479236, 312488, 310974, 365952, 171559, 114482, 74072, 284122, 15715, 383595, 93476, 334963, 214848, 158995, 114888, 195583, 237646, 341838, 37939, 163589, 80627, 446833, 313977, 147111, 6791, 128728, 42029, 195278, 242860, 183389, 48366, 319956, 267422, 453593, 229548, 174350, 227983, 474697, 222903, 101464, 417343, 357906, 231994, 271574, 294535, 469305, 388798, 148615, 346617, 41596, 348154, 70169, 42627, 154174, 280265, 350024, 433143, 97055, 234008, 33804, 61656, 492793, 139363, 286267, 107483, 119860, 186250, 313067, 147168, 409078, 26509, 19762, 155173, 57054, 463879, 22951, 72704, 288254, 43264, 41071, 15251, 73438, 212247, 195580, 426433, 356450, 381063, 90295, 454317, 219073, 408794, 102285, 295308, 483327, 400021, 463418, 73930, 333820, 435597, 157189, 86293, 341461, 453708, 347821, 390422, 128121, 80309, 343173, 202480, 366052, 423988, 109540, 325829, 393161, 13729, 231161, 183799, 203237, 298931, 446893, 8989, 96533, 483800, 295100, 317025, 57547, 382225, 282288, 22269, 355517, 306527, 68803, 193144, 208077, 83966, 171322, 208808, 84635, 152817, 31564, 172936, 436155, 151229, 223821, 306904, 11156, 474821, 225572, 201510, 267677, 255557, 283970, 95823, 198644, 444822, 346798, 415480, 359455, 341790, 260462, 65966, 421149, 125350, 199137, 130612, 474045, 280437, 479522, 106725, 228928, 415996, 188045, 315931, 462200, 412545, 466190, 102789, 251341, 117746, 484072, 27587, 139204, 497124, 143566, 302275, 298611, 487654, 63396, 423447, 118480, 219500, 456822, 50169, 205010, 316119, 487189, 24997, 381005, 281711, 479824, 59409, 251493, 208241, 465782, 244369, 417640, 322476, 10923, 395371, 201698, 398292, 424960, 314792, 63496, 125737, 6360, 210885, 58542, 40614, 136585, 387931, 301804, 355579, 365752, 95042, 312396, 140729, 239563, 164560, 377948, 402462, 27773, 385125, 491421, 188296, 73276, 160122, 349167, 32691, 57174, 50503, 491537, 102787, 91783, 59177, 90237, 293399, 229157, 164320, 71117, 40924, 136830, 48697, 101146, 368978, 387159, 48094, 269089, 222050, 373905, 311944, 132286, 340633, 221352, 492631, 97060, 183395, 327036, 456285, 399985, 415899, 275526, 227413, 495998, 440789, 225374, 462528, 401324, 54782, 309077, 409585, 407697, 57487, 185584, 471394, 170196, 157020, 43100, 145871, 167090, 62615, 340272, 200303, 311601, 14021, 143410, 218278, 116393, 399208, 234189, 157388, 382576, 188093, 392536, 358864, 155186, 328244, 62950, 150187, 239633, 365945, 309352, 420735, 334010, 334667, 25211, 429441, 297102, 238236, 442917, 9142, 264613, 13689, 177387, 484054, 239010, 127437, 70899, 463249, 52655, 406245, 212705, 255232, 279464, 46622, 436900, 147006, 280172, 27273, 468358, 306888, 369133, 324757, 175475, 200688, 443575, 390312, 224634, 309250, 497518, 42829, 181468, 161294, 303283, 336316, 159547, 179511, 301649, 70591, 51517, 173675, 497442, 466021, 376005, 417060, 199638, 490624, 199660, 215323, 309183, 260034, 202499, 101100, 427527, 265825, 167509, 352174, 498553, 367515, 177882, 43094, 309834, 497827, 250365, 35796, 436921, 456036, 463726, 398597, 371228, 77246, 433383, 396743, 199817, 46630, 117321, 494057, 77591, 73850, 190816, 423992, 78457, 223936, 417916, 121332, 487699, 125085, 275772, 346817, 110404, 314127, 294447, 174893, 485600, 205943, 140729, 415879, 334483, 218120, 83040, 246570, 107581, 8831, 498092, 30254, 436047, 272582, 364150, 115976, 368820, 361787, 177826, 299314, 62985, 199909, 356692, 111646, 413529, 130027, 340963, 269767, 36621, 78732, 333365, 454141, 154713, 129922, 84786, 128143, 287213, 186533, 19348, 27057, 304077, 472034, 486865, 143712, 426369, 186712, 123820, 376410, 175414, 478188, 354434, 283539, 446273, 186784, 393212, 151943, 201874, 99272, 78660, 59447, 324071, 209953, 169732, 332300, 60914, 98781, 190974, 412913, 290637, 52971, 385317, 193023, 172657, 434401, 10506, 187931, 242934, 295972, 197502, 41884, 237480, 471991, 364026, 274531, 289012, 270795, 288352, 147222, 77907, 87863, 100449, 238089, 4289, 494280, 237393, 298411, 411208, 71658, 103528, 397229, 379189, 143252, 198964, 7089, 227844, 186411, 62607, 63288, 168348, 418678, 319247, 274983, 73337, 122610, 51015, 31460, 138335, 304128, 229694, 109194, 270610, 113304, 176017, 35841, 317018, 330640, 346163, 346793, 401417, 410090, 424607, 491260, 39494, 237686, 116509, 383329, 192715, 72397, 118397, 483646, 199543, 208745, 75204, 343851, 253359, 76219, 401082, 1852, 263206, 150619, 412829, 390258, 26605, 190564, 346525, 23773, 279046, 73783, 14998, 474245, 396856, 50772, 151383, 279919, 209302, 356142, 450982, 352233, 408043, 21868, 488179, 258050, 191072, 97041, 233689, 401299, 82036, 471118, 304409, 150594, 30624, 137071, 222332, 258179, 243162, 160240, 277473, 301055, 492090, 196470, 403957, 497303, 414604, 342198, 414657, 53357, 294892, 168507, 259950, 495703, 12362, 340662, 83015, 67376, 355020, 100374, 499716, 439817, 251482, 308219, 86343, 146869, 476293, 192032, 48797, 443281, 263093, 443998, 56431, 191498, 218256, 342079, 290222, 491889, 129321, 201194, 486625, 317604, 84158, 72189, 484772, 100393, 424716, 124, 206018, 498515, 98230, 421006, 342162, 470422, 58067, 279851, 280692, 338083, 270620, 258283, 243675, 35387, 448101, 48687, 50470, 158367, 441689, 272945, 309319, 362896, 440577, 417907, 173900, 214573, 170960, 416258, 274703, 414649, 134187, 287418, 97036, 30066, 76807, 422184, 49933, 442009, 293332, 73350, 230125, 12503, 50368, 387757, 275116, 275660, 45356, 424487, 267471, 335777, 179479, 61142, 235435, 33957, 254138, 367323, 283465, 383348, 284551, 284966, 76714, 483404, 446834, 314675, 216692, 455070, 397399, 141498, 372833, 28545, 146965, 155138, 164368, 483831, 131409, 213298, 412243, 287522, 161176, 34494, 309920, 380498, 139957, 476992, 477118, 2868, 464205, 462928, 197540, 192680, 241839, 427827, 348706, 342242, 472027, 379347, 86447, 166424, 445266, 47433, 265636, 442505, 141949, 428488, 159453, 184247, 133180, 201797, 332609, 269550, 445999, 3322, 267477, 492768, 415821, 101352, 158490, 348683, 362257, 450301, 385848, 263524, 414417, 267627, 474381, 191751, 357093, 145680, 394288, 52109, 23767, 59084, 396061, 400861, 466270, 191137, 18794, 409437, 178727, 302987, 189984, 194818, 286739, 310376, 388294, 1143, 463671, 194842, 246186, 488391, 330243, 200815, 39769, 215595, 41225, 135233, 166688, 477034, 240501, 117197, 10743, 433431, 274819, 191050, 60813, 240622, 323509, 104223, 463977, 334479, 64183, 71177, 338316, 124122, 55257, 343331, 261004, 430398, 249345, 321273, 418339, 113070, 372878, 463556, 351004, 56170, 383126, 254185, 190345, 265011, 375006, 259119, 495860, 459269, 106672, 160770, 456321, 53314, 237581, 53911, 73954, 213235, 123731, 156437, 204845, 146891, 434383, 101460, 50956, 1805, 143163, 95852, 421699, 74264, 33429, 185011, 196934, 463465, 163235, 148514, 412096, 351836, 473037, 202320, 300437, 22694, 22412, 295297, 258886, 231351, 112052, 71381, 491887, 284252, 217638, 421534, 48906, 321313, 412666, 167445, 78376, 139950, 487640, 388469, 355499, 117417, 176313, 406838, 116214, 498371, 51719, 128011, 234044, 73030, 396348, 158571, 311380, 373632, 313458, 362203, 389957, 25762, 256429, 463444, 161048, 455845, 406890, 228636, 256940, 495658, 360459, 280034, 292230, 450778, 138564, 231337, 196925, 247562, 395635, 317608, 346920, 147525, 487674, 342696, 94344, 219986, 354998, 363046, 268673, 481396, 162353, 20183, 115016, 464133, 310708, 283033, 419718, 242338, 242266, 327404, 337033, 231586, 55862, 81562, 463888, 383183, 47077, 48712, 109881, 219691, 461982, 450151, 193418, 329641, 390399, 228482, 82309, 160700, 146180, 411618, 482567, 347234, 124328, 147044, 119747, 194199, 292304, 403614, 182314, 441781, 385483, 323205, 11866, 210521, 188793, 191401, 155276, 250458, 133206, 115513, 486627, 377381, 258343, 142640, 424779, 140029, 116689, 181386, 296238, 364253, 291007, 10537, 484569, 67232, 138822, 165506, 80341, 412832, 108404, 172989, 44565, 41960, 282872, 419218, 247301, 136971, 359275, 197788, 407965, 407008, 366584, 390927, 487339, 140319, 458046, 101027, 12386, 475418, 377890, 405467, 234262, 189186, 334834, 285777, 286156, 177224, 190798, 156028, 192254, 146930, 204025, 228671, 125641, 337532, 148662, 102143, 41074, 20644, 404552, 406783, 113235, 64913, 283078, 299229, 369365, 70362, 409202, 128455, 4994, 354272, 162950, 57019, 137159, 216508, 177804, 317073, 268220, 478147, 215162, 75344, 265937, 326286, 127934, 251499, 146913, 372092, 307758, 378978, 315995, 382134, 259637, 350127, 474265, 238121, 258300, 142235, 499462, 476731, 352587, 5544, 137139, 227462, 28968, 178676, 190126, 424516, 183332, 164817, 37923, 307198, 363698, 483942, 117528, 177658, 161976, 108027, 271200, 65724, 477450, 69376, 448893, 212680, 460930, 353437, 243753, 488620, 429556, 398533, 151014, 416447, 374215, 205691, 45265, 138602, 254340, 37728, 70276, 346270, 60456, 11876, 143611, 43327, 160325, 444261, 161898, 159306, 171073, 183480, 378939, 313036, 364089, 148958, 291776, 427672, 108823, 29146, 305417, 382742, 135825, 290328, 189182, 225826, 364749, 83872, 374540, 201740, 151744, 478182, 417472, 472658, 210558, 114252, 334650, 76743, 101736, 173224, 98644, 157766, 112608, 368305, 226000, 55285, 249309, 363571, 413728, 211242, 325866, 436044, 245365, 276787, 2075, 382987, 143118, 42028, 111549, 358797, 385489, 395589, 8274, 47429, 294688, 136934, 358537, 415827, 297425, 251800, 219111, 318271, 77379, 341314, 156540, 291395, 172135, 126402, 186033, 347955, 208175, 254658, 189585, 148720, 393408, 427735, 332615, 373541, 79455, 79073, 180272, 161285, 186541, 330700, 150741, 368570, 463714, 468566, 59884, 326387, 341531, 365388, 454568, 95587, 294438, 428607, 248300, 47462, 336265, 24805, 242851, 296804, 365588, 345323, 239099, 339993, 40884, 11371, 384796, 23397, 118968, 103106, 117129, 148152, 242546, 268391, 284017, 273278, 302258, 278713, 439585, 87790, 258826, 393490, 190871, 461309, 240551, 386501, 313427, 343935, 283733, 4181, 490310, 251490, 327800, 288631, 435346, 150655, 361377, 12013, 153554, 226234, 460204, 71334, 362032, 483451, 163697, 172420, 138883, 84145, 47690, 94162, 71118, 220314, 50736, 7847, 176323, 42359, 484776, 6417, 487895, 260121, 131661, 23523, 214810, 474005, 454430, 102915, 5074, 432490, 13001, 266108, 203191, 253902, 82303, 4879, 283782, 422688, 338544, 332987, 154039, 303288, 68241, 45299, 116297, 465459, 171915, 264035, 177868, 269369, 416243, 418581, 298892, 132298, 292744, 113546, 87116, 420369, 472299, 267239, 202052, 481419, 191648, 430295, 95335, 230129, 438981, 344650, 192071, 221597, 280713, 166260, 262857, 469322, 16499, 251824, 250541, 192852, 94103, 325866, 278791, 103453, 483259, 21066, 271490, 126972, 345511, 270974, 22816, 247805, 378296, 186200, 461725, 269721, 276016, 80048, 187965, 249801, 209237, 257760, 457721, 134351, 480749, 161782, 89190, 267414, 82818, 197792, 494853, 349037, 127611, 49344, 403446, 54440, 450077, 240191, 94757, 179346, 112170, 200742, 246519, 496241, 214647, 203769, 156263, 476064, 179585, 431026, 199546, 200517, 74581, 147865, 145485, 438583, 188392, 10624, 339618, 136559, 193683, 343821, 19028, 394833, 92218, 463129, 461885, 182327, 63015, 470210, 61742, 97090, 201640, 495041, 491381, 437478, 75655, 461209, 327748, 149309, 419282, 353374, 183645, 405379, 366260, 488455, 39475, 226844, 351287, 312777, 169138, 309303, 267293, 301337, 363501, 282469, 491347, 376268, 99755, 436157, 415585, 23078, 485803, 414957, 473337, 196727, 174609, 113580, 46524, 315266, 57815, 280732, 325060, 196459, 302560, 117494, 159121, 145174, 434781, 421095, 59973, 187885, 344711, 30015, 156689, 306963, 248132, 481981, 375496, 197801, 323364, 212654, 472459, 229642, 169810, 145120, 66823, 316873, 76083, 281550, 371982, 182060, 134284, 441092, 459412, 5910, 421807, 299935, 78191, 329606, 403246, 127500, 354729, 495976, 440725, 491907, 331560, 499513, 416901, 308874, 309122, 358747, 240085, 326006, 96986, 370502, 422995, 426346, 207017, 493205, 28321, 159607, 55923, 411993, 384324, 128095, 202266, 146752, 367166, 333354, 364855, 400209, 164493, 347052, 298223, 311606, 257985, 455282, 18613, 233005, 309967, 238720, 125271, 360778, 200478, 32783, 243498, 378664, 293623, 333679, 357327, 9040, 107797, 200052, 206098, 371429, 373039, 222748, 69689, 473413, 430377, 495151, 456282, 313099, 250772, 13414, 285795, 390212, 52740, 489186, 197343, 409997, 374577, 155915, 160759, 491744, 32086, 434033, 492101, 371861, 471860, 43725, 159973, 445024, 73014, 492043, 230306, 375821, 125834, 400148, 189270, 337328, 339420, 212176, 407473, 140180, 301377, 115907, 57915, 33313, 198162, 467002, 161509, 291195, 250912, 339935, 374940, 463449, 306243, 448008, 207997, 319070, 5903, 394637, 278209, 384409, 112693, 1803, 140930, 303670, 307653, 259157, 147659, 224394, 360928, 439610, 215742, 313413, 395461, 284717, 446583, 157528, 222270, 169168, 172543, 54532, 42285, 149000, 407988, 173415, 22693, 125593, 443607, 124169, 461215, 403031, 416773, 218309, 121859, 332829, 54184, 495288, 276208, 478288, 359678, 25954, 92571, 295798, 342580, 325252, 57565, 471679, 495703, 274188, 139494, 343045, 118662, 365002, 484784, 362933, 48395, 233703, 408187, 101013, 82865, 153007, 313557, 460442, 357588, 334902, 459049, 55955, 226402, 408133, 177921, 39706, 191272, 469288, 29370, 40759, 347087, 337786, 196206, 241401, 229599, 377593, 98159, 360699, 218896, 352030, 451664, 185103, 232581, 344793, 347048, 91790, 64149, 358141, 313103, 61447, 227422, 249358, 5957, 361455, 153093, 476850, 288233, 270388, 373058, 70704, 232056, 281598, 171002, 95914, 146474, 249014, 81870, 201018, 425321, 374494, 441069, 265608, 429951, 276709, 124839, 290100, 400667, 118975, 137802, 198695, 135036, 421903, 317888, 207776, 304408, 346717, 283662, 214947, 149466, 352366, 485278, 155207, 58866, 153229, 97504, 264290, 18571, 345904, 224906, 344487, 404464, 90847, 477986, 367699, 468265, 105972, 295419, 69626, 95057, 40041, 305171, 81976, 239545, 379493, 420558, 252377, 116267, 69856, 423285, 333063, 105841, 238856, 311947, 324801, 45118, 65031, 195522, 455864, 468557, 115105, 453905, 178567, 420045, 235762, 196634, 109006, 12905, 386908, 355848, 234617, 393676, 307380, 493076, 281396, 35258, 408059, 307960, 57127, 241758, 392905, 434073, 384909, 461822, 38486, 373193, 499677, 392761, 279892, 224609, 396964, 275702, 412441, 295865, 321839, 46090, 190340, 202809, 306418, 337851, 318509, 316744, 288352, 312703, 252788, 207452, 304069, 318476, 203918, 244973, 398687, 383764, 170096, 109461, 484451, 174220, 396408, 247411, 37339, 128157, 280255, 79793, 84330, 15383, 175056, 172268, 318248, 144467, 37604, 89195, 357545, 424238, 178116, 203073, 423835, 62391, 255916, 242049, 473841, 432523, 236686, 439160, 81026, 365798, 172766, 299226, 77485, 123873, 187805, 377474, 113067, 349343, 364736, 208578, 416764, 9703, 56224, 19408, 212338, 404954, 363692, 190424, 176345, 142181, 268287, 320702, 128628, 42802, 106496, 366054, 322966, 86120, 19895, 191624, 477405, 133980, 444316, 269702, 221763, 164624, 71472, 425930, 44225, 280535, 249402, 205673, 275236, 130173, 106369, 16964, 207387, 480416, 423028, 13907, 399020, 343242, 74322, 311536, 103777, 281334, 165003, 182964, 470598, 274377, 385277, 350534, 67352, 171453, 226521, 304041, 203536, 140239, 239524, 208478, 251329, 339754, 341199, 494869, 461956, 70154, 332243, 21337, 53631, 213079, 211682, 62401, 198219, 281460, 82380, 381982, 132965, 451080, 62987, 14393, 465746, 283899, 30612, 258883, 462810, 292257, 293174, 364569, 97637, 418820, 188651, 373057, 81083, 329516, 428199, 183301, 404576, 372938, 19029, 117857, 23221, 154045, 368261, 390895, 133431, 57396, 116450, 381949, 160150, 242071, 320844, 297442, 356794, 370087, 168394, 107111, 313434, 273839, 344808, 38306, 364446, 209739, 237545, 450112, 208312, 201421, 410165, 125803, 156001, 314147, 351236, 163115, 86205, 353591, 26397, 474111, 178521, 141394, 289188, 273580, 342938, 127620, 239561, 204687, 409289, 155127, 265974, 249140, 363465, 188461, 307589, 230354, 341621, 388487, 355443, 460452, 336538, 231050, 397383, 142054, 35222, 307042, 164222, 273820, 310439, 105968, 130762, 178104, 397559, 303421, 458781, 38313, 450641, 198807, 65918, 423521, 209813, 246171, 148220, 383004, 335170, 410742, 201198, 288875, 205518, 337679, 453629, 351133, 52450, 390196, 112859, 13843, 214753, 107022, 216510, 66907, 390777, 268923, 178233, 185558, 437641, 441418, 431048, 410490, 141327, 270193, 285003, 401643, 153571, 486289, 93915, 458096, 428196, 217609, 450007, 462805, 313529, 436209, 64893, 474545, 479191, 227255, 347588, 256403, 397862, 195649, 182209, 308055, 454468, 298914, 295646, 420253, 46060, 207496, 69777, 466869, 378969, 285911, 461843, 277423, 356935, 451277, 300235, 437554, 361275, 152950, 190861, 78539, 343349, 95917, 45942, 329961, 425808, 140273, 180837, 190710, 462875, 26068, 261326, 35696, 470620, 52229, 156217, 217891, 253807, 308145, 465884, 470331, 21866, 350594, 125333, 372813, 1154, 133703, 270573, 437046, 53084, 434637, 499857, 202627, 387550, 275576, 280537, 250161, 7484, 479238, 135243, 258992, 7276, 289397, 161344, 34419, 199800, 217400, 444150, 123284, 227202, 218548, 494917, 101891, 485065, 50873, 82668, 131900, 148566, 321944, 166817, 95295, 157688, 115109, 485185, 237230, 30177, 82584, 159103, 259965, 307642, 272373, 15915, 171128, 392882, 323153, 216687, 48732, 431357, 37177, 480418, 236131, 482804, 347830, 98584, 233227, 171503, 317031, 157046, 220452, 217601, 281295, 211838, 104189, 94440, 186661, 152579, 236955, 348933, 461365, 11581, 490994, 97492, 461451, 118522, 369047, 245525, 298922, 131573, 117164, 288847, 481027, 375573, 265253, 18302, 394465, 267075, 212089, 342148, 33359, 198039, 121280, 341779, 42115, 325917, 441963, 386519, 403737, 395234, 435733, 130976, 63360, 35594, 272525, 319133, 229204, 486737, 479172, 366485, 36667, 487356, 12972, 472259, 92854, 1843, 145962, 203141, 358135, 83491, 401213, 428830, 464150, 118014, 346550, 308797, 272179, 498518, 115515, 452562, 168565, 200450, 1614, 311494, 131154, 180958, 250632, 152428, 240948, 422868, 200627, 163436, 39539, 345279, 136040, 259172, 14646, 396742, 401889, 205681, 90041, 150842, 431700, 231383, 4245, 494488, 302716, 196643, 447154, 205198, 480736, 349023, 95376, 411932, 99711, 174580, 296302, 461530, 13580, 33718, 494485, 327396, 407117, 328843, 246480, 71820, 85082, 2492, 267377, 144295, 1366, 443025, 195469, 261440, 116017, 466976, 472501, 358475, 55897, 442642, 186974, 144180, 144238, 492751, 293847, 392237, 325615, 495529, 422100, 297184, 6673, 345302, 233801, 39400, 344919, 138056, 319636, 370773, 105940, 73594, 315646, 291934, 449863, 9413, 353069, 401216, 337454, 128384, 445508, 150896, 299814, 325855, 155100, 321806, 116646, 462302, 260215, 466145, 279729, 207274, 360528, 304613, 251569, 287949, 213417, 311930, 143858, 306265, 96311, 424814, 117697, 112862, 122478, 404172, 140125, 474947, 243219, 206882, 269246, 265208, 354719, 99639, 497668, 444378, 264970, 278231, 446787, 335364, 221297, 299082, 151576, 402012, 339112, 120807, 118282, 108657, 124588, 155328, 227579, 354632, 64958, 28612, 148994, 66034, 121941, 230986, 475526, 163182, 1013, 481957, 332380, 320171, 490825, 150365, 406877, 241924, 477039, 239409, 369274, 78810, 117797, 343231, 335628, 137775, 448458, 167778, 237234, 161115, 387575, 103205, 2879, 231276, 301882, 318122, 355923, 99551, 3362, 172651, 36154, 499670, 197170, 316085, 134049, 237571, 352335, 364887, 181516, 99415, 49913, 189002, 451349, 431115, 487280, 23779, 230789, 374950, 213120, 160523, 481467, 265408, 271327, 6758, 39626, 267030, 30304, 362940, 269726, 200319, 136170, 267736, 77520, 380595, 470616, 184973, 180880, 244909, 175995, 256270, 126445, 85310, 323756, 374411, 12942, 58051, 42200, 58662, 121373, 138637, 345477, 36762, 161398, 399213, 156755, 263590, 46680, 428190, 309831, 351160, 111010, 382542, 210916, 447182, 110899, 107329, 326467, 299549, 273617, 31400, 301653, 14050, 101219, 209920, 2183, 418887, 156967, 238966, 44719, 442501, 203866, 315754, 475538, 148981, 443035, 107128, 99845, 348594, 364768, 61197, 201467, 446409, 490496, 15269, 338138, 366397, 301926, 7156, 46852, 276934, 116449, 9347, 76850, 347059, 228541, 430510, 442054, 22034, 491907, 58911, 283054, 265031, 190877, 171151, 454660, 480435, 295977, 462982, 115104, 33768, 157881, 301289, 451476, 18338, 67680, 468765, 377871, 72268, 391925, 273609, 299638, 473520, 122372, 481768, 259967, 112258, 361055, 336180, 413949, 170010, 305875, 474609, 484592, 391106, 234688, 155948, 126759, 245033, 127684, 71932, 192021, 211000, 421291, 83295, 217333, 418212, 148212, 234010, 171868, 44379, 293424, 367300, 25020, 79415, 234268, 116014, 196638, 322959, 359985, 206551, 6019, 219177, 365164, 166099, 111737, 352046, 139423, 162465, 431177, 18644, 56976, 294842, 116630, 199654, 123536, 486261, 450598, 182797, 41356, 429604, 214156, 223737, 14039, 118712, 316862, 485949, 168642, 133871, 470571, 470496, 323327, 335035, 217685, 442905, 379150, 137851, 279002, 36497, 245150, 46145, 438448, 70963, 13653, 153854, 237974, 289293, 126652, 308232, 144279, 149169, 166978, 150953, 39308, 401813, 29747, 6151, 74243, 49364, 140662, 1422, 4097, 374622, 334087, 1145, 400988, 365309, 370174, 74670, 411410, 480711, 51335, 383320, 286119, 481114, 112675, 267223, 405644, 422177, 41182, 367371, 134951, 342657, 343441, 255950, 354600, 273109, 87761, 290014, 53818, 164971, 491111, 470394, 117198, 428310, 96442, 410685, 351927, 17299, 371281, 460752, 19785, 27486, 256559, 292539, 487511, 139510, 367301, 121988, 138630, 363682, 471313, 289384, 116349, 431829, 488065, 64703, 282854, 284637, 280821, 89604, 84563, 240550, 462124, 171769, 154632, 85664, 165479, 126703, 219914, 252408, 316896, 304289, 192383, 345023, 12290, 166509, 144804, 76994, 127397, 299649, 488063, 364331, 68791, 329061, 23211, 116318, 158703, 177903, 138972, 463049, 315489, 282698, 137744, 175190, 282232, 467744, 292472, 499958, 246949, 478749, 218022, 51971, 128083, 319891, 252965, 320110, 306023, 303865, 14403, 315440, 415881, 251585, 176271, 330441, 296554, 343575, 423340, 262156, 420662, 27965, 436362, 463519, 423254, 499738, 271347, 157120, 413036, 469365, 142784, 25254, 347126, 479666, 171690, 10832, 431062, 291300, 405947, 4117, 432758, 298735, 94304, 214060, 58946, 22147, 423733, 247841, 87282, 159646, 349475, 18756, 90655, 284208, 438519, 19892, 112291, 78446, 478297, 271066, 43424, 279555, 4236, 474825, 396544, 118200, 175453, 274060, 127871, 41472, 303541, 334906, 240407, 207635, 198648, 276868, 116082, 494892, 288218, 418806, 262091, 174977, 391615, 384881, 49767, 335886, 45409, 286602, 139395, 329930, 262337, 89284, 102809, 147222, 295849, 254759, 67260, 153001, 499839, 194887, 356483, 263314, 203380, 38583, 67500, 128560, 92784, 138151, 161466, 326107, 391715, 334769, 39466, 62552, 421567, 209262, 295533, 66192, 97505, 81923, 444774, 468709, 404347, 188684, 468670, 231879, 348714, 50363, 414592, 25681, 1848, 49277, 59994, 317150, 20520, 75401, 259171, 95234, 36999, 486753, 215237, 95650, 428429, 245062, 400499, 3564, 231404, 250887, 4184, 93637, 189267, 101426, 219918, 161736, 129162, 376804, 442492, 455661, 218503, 19146, 442360, 316781, 416024, 316116, 6800, 263441, 385846, 371098, 143639, 305111, 18872, 844, 285089, 317008, 143616, 253920, 382282, 63141, 112391, 364857, 268979, 220865, 95280, 110145, 326751, 91073, 96057, 382067, 352618, 303193, 338877, 101738, 388637, 394801, 251227, 494556, 313377, 388970, 111847, 268165, 499340, 104585, 165534, 308114, 71280, 198898, 374618, 477804, 279125, 241870, 246382, 414231, 1210, 134079, 431415, 95617, 241427, 410413, 409849, 406504, 44705, 67833, 334998, 361544, 224226, 318254, 261406, 394954, 170851, 164575, 334013, 354128, 141810, 330662, 317104, 268566, 326749, 302071, 217394, 419737, 404665, 993, 389298, 327653, 354341, 166363, 416624, 17731, 377408, 149809, 105481, 417700, 419326, 411808, 291034, 385311, 68912, 69485, 410654, 368064, 97256, 356383, 2379, 107148, 321855, 277920, 167897, 455919, 376517, 12359, 456302, 184401, 368066, 495164, 313296, 244758, 157839, 96517, 435433, 291393, 29094, 474508, 218514, 279851, 100500, 398876, 417775, 42783, 424333, 229433, 422264, 446204, 279499, 472399, 414977, 248822, 451510, 183133, 415777, 72737, 193804, 288540, 181247, 434087, 70338, 368562, 24988, 65307, 318862, 8494, 73674, 277290, 372747, 6319, 195229, 39412, 426430, 207034, 365940, 419521, 295624, 298961, 343350, 372708, 368276, 226362, 94305, 418295, 472258, 346930, 341312, 381365, 361425, 139205, 362699, 303804, 96187, 327501, 414238, 388907, 8517, 20700, 391864, 141333, 151072, 199712, 39088, 364991, 221784, 4448, 403598, 418716, 147084, 368837, 428029, 235330, 362345, 402287, 309859, 380895, 373056, 144393, 270722, 410795, 104129, 450893, 27691, 444047, 490251, 164801, 92857, 274314, 26761, 288880, 442076, 246384, 356586, 105331, 73565, 197712, 178423, 289004, 150033, 18679, 260722, 293257, 63227, 176016, 477071, 348153, 55878, 144661, 39608, 476503, 337653, 394630, 483695, 458999, 289850, 99436, 289669, 189297, 357180, 277730, 62480, 131461, 404848, 465077, 440410, 61061, 437195, 309157, 21617, 56628, 318456, 463633, 282073, 231512, 44966, 494959, 263549, 339655, 456154, 37618, 229432, 340337, 168912, 31942, 403296, 103501, 55951, 302748, 6114, 397848, 166651, 69082, 347729, 49856, 324705, 279290, 138386, 395759, 118300, 216229, 489332, 445540, 283040, 175555, 224634, 14971, 485922, 200281, 46424, 246158, 392689, 393710, 327182, 69140, 322386, 252916, 499020, 468033, 347589, 213241, 186252, 480759, 222754, 168076, 469973, 154202, 402915, 145799, 343621, 46268, 403446, 421012, 434864, 144671, 91617, 493789, 60004, 243441, 102140, 327618, 154686, 22653, 30038, 488975, 23334, 208627, 71447, 42372, 199001, 190648, 318262, 346856, 254362, 92346, 413638, 292742, 58265, 291725, 173064, 184484, 4355, 223798, 51818, 73699, 428859, 240101, 263465, 62154, 264, 434140, 498251, 355399, 97538, 422049, 157980, 312211, 27187, 183744, 300409, 334356, 339037, 183737, 247169, 407094, 95424, 415450, 89435, 400552, 261042, 270139, 232017, 111148, 302969, 270849, 413995, 311213, 45016, 2650, 162741, 486230, 164083, 474519, 293431, 425597, 421118, 336844, 181298, 326064, 217009, 14117, 77221, 96930, 493628, 187054, 185097, 325659, 49685, 72457, 483143, 187506, 440074, 419266, 111879, 67703, 211133, 327298, 265730, 159372, 252555, 32393, 380657, 439301, 177435, 162175, 199812, 178838, 206009, 410078, 260151, 425751, 267446, 146361, 405290, 269871, 97345, 395133, 160581, 363154, 276688, 198743, 456628, 93993, 341236, 166357, 75747, 178083, 345030, 98654, 367663, 163614, 345018, 360418, 159668, 307337, 368790, 209311, 463434, 242378, 166915, 449645, 424351, 345617, 200876, 237735, 168320, 94685, 369368, 341744, 432508, 225021, 188897, 44640, 210414, 164577, 201630, 130241, 366269, 367378, 124412, 352729, 385211, 394980, 434626, 389037, 311819, 338763, 240972, 481278, 122397, 78367, 259093, 187856, 464640, 212191, 451292, 183178, 16601, 362176, 264038, 250670, 46554, 337309, 32565, 373131, 433678, 440018, 68709, 144459, 365257, 359814, 302868, 305123, 90062, 77952, 237896, 473546, 137473, 68423, 110490, 90255, 274093, 38639, 384325, 48796, 316437, 294488, 267512, 466430, 467497, 268298, 116523, 309439, 62773, 40875, 351441, 227210, 69841, 81546, 331995, 1205, 123234, 445085, 5128, 349269, 13019, 167255, 309858, 159216, 51716, 310265, 37338, 236335, 199969, 166335, 391041, 8906, 459650, 300585, 383172, 329386, 243250, 85654, 210202, 232418, 197417, 53474, 146698, 35309, 154304, 87064, 259056, 310108, 472335, 302166, 274430, 499752, 231767, 475329, 247715, 462345, 325635, 385449, 481543, 151541, 84527, 387346, 440492, 366932, 268574, 42643, 239854, 157403, 12527, 340589, 450358, 459805, 42661, 133334, 331338, 234512, 106181, 19836, 449465, 217391, 252231, 478700, 372052, 31700, 259278, 237729, 374089, 360580, 413930, 229489, 65363, 216004, 17271, 471423, 101834, 480775, 362365, 205347, 144617, 319158, 170479, 452875, 190391, 401936, 117619, 266836, 428114, 331857, 296467, 213269, 231070, 207673, 323413, 477883, 152984, 192231, 384089, 102022, 49516, 498005, 382448, 9640, 79877, 463661, 142391, 65957, 138551, 321769, 251927, 84130, 214963, 89350, 99951, 478642, 283902, 235993, 316104, 291572, 430323, 176201, 169875, 228997, 344509, 444695, 313374, 11236, 77721, 325023, 460250, 433330, 279372, 54467, 232973, 118651, 6929, 380257, 179978, 151480, 223550, 72825, 2408, 208599, 88628, 385553, 24982, 1086, 227487, 2847, 295401, 166865, 252613, 411803, 185102, 232934, 291394, 358368, 163278, 333124, 223366, 211036, 94414, 210863, 58045, 77695, 486292, 280061, 205398, 91618, 88137, 276289, 11643, 202429, 207057, 81392, 3832, 184148, 476016, 279804, 490430, 463356, 339591, 123066, 128664, 398791, 276674, 187043, 52950, 17360, 323554, 210728, 41752, 166648, 122685, 275567, 433950, 189334, 499610, 416527, 236250, 417165, 174211, 428679, 177929, 127733, 142975, 436674, 22677, 428523, 445796, 166315, 475586, 146622, 286521, 180442, 473614, 425039, 159584, 116239, 171307, 454607, 125974, 108532, 297190, 281372, 493618, 22895, 469588, 231916, 107061, 145197, 123205, 69990, 119023, 203111, 150929, 412295, 313841, 163972, 122920, 486583, 260885, 225633, 208304, 153235, 67486, 60247, 190738, 70249, 159454, 220204, 249530, 43496, 127222, 157297, 466761, 473141, 125618, 195287, 418220, 215669, 401980, 54298, 236104, 467759, 71381, 461655, 331682, 446902, 497013, 389258, 74365, 326552, 59696, 164199, 100787, 244163, 288042, 245731, 190975, 171044, 46365, 363928, 314040, 341605, 78686, 280556, 110497, 151654, 492615, 16615, 169431, 358801, 472972, 390971, 403433, 316151, 104852, 204040, 431536, 118991, 435267, 60166, 297680, 177342, 165456, 188685, 107351, 346126, 265633, 208083, 309672, 336906, 167635, 458365, 486971, 234862, 166670, 482155, 288187, 199353, 273309, 499488, 419757, 410557, 240273, 310678, 243620, 422363, 371227, 87148, 247060, 215932, 416714, 101456, 152629, 26049, 270505, 293009, 261398, 8927, 96197, 293515, 337472, 365909, 149277, 410938, 430828, 497111, 196039, 274358, 279690, 446450, 379214, 382322, 494819, 169264, 29046, 10821, 365221, 54301, 40703, 34896, 267964, 30794, 141718, 353721, 252241, 154957, 19475, 405653, 198321, 240918, 354713, 90599, 260248, 381019, 274803, 350480, 266360, 171237, 233977, 432599, 418296, 329611, 403445, 319495, 292533, 330513, 79694, 15775, 159417, 476978, 227171, 306093, 153104, 401167, 23526, 320175, 239177, 388256, 236220, 449270, 111305, 151087, 392372, 27484, 199492, 386772, 437332, 445139, 60830, 338759, 76533, 157314, 145242, 170693, 74185, 59906, 419617, 256457, 490261, 389693, 141227, 96180, 200756, 311417, 246663, 124557, 314757, 421784, 80216, 317683, 153307, 327589, 355226, 466342, 312879, 80285, 215103, 328433, 124409, 250753, 489654, 4712, 49385, 43646, 317009, 341357, 161732, 480916, 51940, 447255, 162094, 414845, 31677, 388486, 364738, 442785, 440021, 292962, 306992, 98137, 375416, 318967, 230679, 340363, 469315, 259774, 224013, 79335, 5753, 105341, 123053, 100980, 166609, 204812, 138779, 43338, 203259, 448301, 33277, 176498, 42513, 21403, 399135, 481928, 204794, 246779, 2317, 270983, 382374, 310097, 227160, 478035, 5592, 218520, 168266, 366401, 320369, 276723, 164164, 258104, 366490, 269538, 148060, 269007, 276970, 173452, 483353, 168532, 230837, 248318, 287643, 206100, 461276, 177294, 41991, 394355, 29388, 459733, 285052, 179738, 120307, 154094, 155832, 330452, 239690, 469811, 350757, 178781, 316544, 410150, 50195, 380237, 35476, 161792, 311205, 169897, 265274, 310808, 19590, 67935, 149045, 324579, 470286, 346749, 97853, 497888, 489300, 108110, 405451, 278832, 314750, 396145, 123493, 232757, 190033, 87815, 235803, 176228, 333442, 369716, 89154, 353964, 32871, 366489, 303385, 281864, 374858, 242927, 109990, 130285, 486170, 111265, 247400, 413996, 161614, 127370, 298907, 69855, 428069, 302092, 378633, 137761, 2758, 38435, 84092, 220167, 395152, 180686, 474720, 248314, 256722, 463048, 222470, 305136, 57595, 443737, 221775, 338718, 86757, 194533, 696, 403265, 350470, 244940, 105642, 474461, 128395, 148163, 133673, 353947, 196786, 187662, 86368, 101748, 163573, 129726, 21800, 92395, 476499, 352785, 195604, 195174, 419880, 441575, 18583, 347563, 103976, 325595, 268260, 42085, 429906, 134475, 320088, 285617, 176976, 347649, 422763, 150, 363271, 47562, 397202, 15478, 27370, 26767, 157977, 199212, 419505, 320936, 5219, 365477, 16938, 246322, 97082, 122530, 28358, 121850, 225423, 441416, 394639, 272534, 376919, 72209, 100776, 219825, 64802, 152326, 111493, 467269, 109923, 417185, 90779, 417215, 321959, 91874, 168328, 464915, 58158, 442263, 370223, 256673, 94262, 464892, 25772, 348902, 294722, 449096, 216904, 96998, 485911, 121894, 195709, 153815, 157761, 140608, 446989, 421254, 230777, 144294, 464648, 294288, 243432, 419244, 409520, 263643, 352896, 279070, 59737, 423873, 285309, 291858, 270424, 263659, 130136, 33511, 329562, 77155, 290898, 450700, 366721, 10931, 295646, 407338, 420952, 408470, 235541, 362964, 368930, 482237, 103182, 190838, 473836, 264691, 214481, 17311, 305096, 172074, 343229, 344066, 161982, 364795, 58116, 353299, 417138, 364679, 460230, 283274, 225969, 93571, 456298, 376564, 405289, 414832, 70557, 114257, 126939, 334516, 64812, 159380, 59948, 360607, 376918, 334768, 129700, 424534, 480991, 193270, 490104, 40541, 106185, 140646, 18659, 302275, 40938, 165345, 264390, 397851, 8233, 62404, 346319, 115795, 49363, 275586, 108352, 339301, 295091, 265825, 174245, 382826, 39920, 252022, 122455, 201144, 313615, 208595, 380799, 184153, 466661, 185200, 329882, 126545, 475536, 264456, 309193, 131218, 201126, 367978, 4260, 196905, 33768, 495290, 179541, 158812, 471327, 58045, 446851, 81054, 415406, 226902, 367204, 459336, 413052, 467895, 107680, 164048, 454740, 46943, 34123, 196683, 478621, 314814, 426373, 90418, 97738, 382379, 152516, 294057, 314705, 445630, 154784, 141972, 446475, 415736, 166837, 273914, 73458, 56470, 52272, 482998, 75367, 201060, 452647, 32218, 314607, 114552, 497045, 208933, 226951, 103980, 122048, 3544, 79146, 496503, 350675, 469175, 75622, 39307, 72688, 166782, 461735, 217846, 68584, 173093, 176674, 212598, 345307, 466797, 285916, 229335, 279666, 130272, 238278, 176077, 78225, 342406, 165217, 402074, 171978, 169331, 373491, 365951, 16186, 416008, 477833, 341015, 155159, 105214, 195742, 144423, 471260, 210970, 378222, 134105, 215664, 155030, 234014, 487566, 311977, 475795, 439328, 452325, 127775, 6683, 103032, 309311, 44994, 368846, 303936, 471376, 89678, 98059, 291147, 422593, 316102, 171801, 160500, 189125, 395501, 212926, 140178, 81654, 126760, 428927, 460955, 362943, 267611, 416832, 196688, 84450, 493582, 29295, 277188, 368295, 312063, 19936, 485815, 271549, 428933, 199673, 331574, 212939, 315858, 15363, 207417, 472850, 353231, 188194, 67630, 158494, 329828, 138305, 175837, 296829, 417255, 212691, 457815, 2813, 325796, 39908, 312773, 190893, 141294, 448873, 268417, 446237, 400335, 313429, 317141, 52543, 113877, 82208, 294109, 101844, 156770, 284920, 415747, 269677, 411744, 318656, 346610, 474713, 322746, 21315, 168272, 127338, 31902, 235081, 268091, 191149, 225853, 496740, 71578, 282687, 358644, 458054, 337389, 36485, 121875, 285457, 18669, 158144, 39136, 103437, 248611, 78167, 384531, 255921, 111810, 437841, 218324, 16826, 152687, 200461, 362169, 111396, 201717, 497096, 186236, 398964, 340119, 182441, 402944, 163608, 230765, 190835, 421495, 105603, 350424, 450797, 82996, 403315, 442221, 69717, 176219, 455039, 86120, 14858, 106031, 421753, 116228, 176715, 973, 345648, 342009, 288357, 24385, 423362, 64989, 297246, 311763, 38148, 467675, 4611, 404207, 273049, 153040, 42288, 187025, 335788, 441979, 28683, 481443, 40969, 457513, 183274, 236910, 51077, 398670, 6237, 250683, 458783, 348194, 218393, 282701, 42876, 306342, 413671, 412418, 170875, 331005, 337259, 497682, 194195, 205470, 230914, 93919, 184424, 352111, 293920, 327722, 73787, 427438, 351556, 34520, 408693, 439647, 459726, 385590, 331995, 481629, 264040, 374014, 293716, 214371, 243581, 271517, 444086, 39034, 265121, 303928, 435398, 158568, 124375, 158321, 73574, 347128, 29455, 186233, 292352, 428648, 162306, 125442, 341398, 419801, 448902, 430545, 494679, 387461, 185044, 286670, 306647, 232453, 115206, 134520, 17170, 69468, 68918, 198405, 326675, 477197, 444730, 162665, 273350, 373763, 419242, 342320, 337011, 341535, 330420, 411177, 193574, 468375, 349371, 135327, 482793, 407544, 217733, 228499, 493610, 423548, 102692, 168545, 432356, 89374, 349243, 874, 82136, 137727, 212951, 386291, 320925, 66771, 118511, 228892, 237073, 426870, 77973, 402616, 289575, 475875, 372752, 17776, 377306, 170159, 459667, 123360, 375059, 397621, 227319, 215184, 136499, 479798, 189287, 188026, 10506, 125126, 21278, 673, 116305, 308204, 443415, 322866, 453824, 179375, 411264, 41998, 283502, 6233, 122998, 259896, 387484, 416575, 490448, 364776, 80362, 29130, 214225, 414162, 7776, 78975, 261168, 358573, 214184, 449403, 97596, 36291, 147018, 85897, 461972, 129282, 207358, 359477, 478139, 57509, 1674, 19520, 324442, 164947, 326148, 442881, 312554, 197742, 18309, 191326, 169764, 479416, 427904, 21240, 108261, 421404, 102042, 279759, 486476, 460443, 239705, 277036, 78601, 431854, 274073, 497844, 115418, 65692, 124504, 461529, 425284, 138596, 165869, 130406, 45534, 60427, 379900, 181990, 64935, 272276, 2514, 34059, 441435, 102453, 185066, 410949, 52261, 417146, 397133, 72582, 261445, 285904, 114517, 430151, 185457, 482029, 325635, 174696, 259614, 470318, 152350, 112040, 74347, 7065, 97979, 167424, 113089, 107830, 290817, 250115, 208560, 198396, 98674, 319220, 447573, 125325, 7083, 354350, 204563, 303575, 312454, 483967, 147302, 381801, 464460, 382867, 415375, 306277, 463988, 417468, 19804, 161689, 384641, 159433, 316512, 186437, 262159, 149595, 442387, 160921, 234532, 488013, 136827, 229268, 362908, 116640, 296654, 381625, 108605, 135178, 293323, 109280, 66762, 60429, 191478, 238440, 253072, 368319, 244872, 353506, 324637, 330503, 142168, 358279, 99714, 53059, 399144, 342225, 376774, 192531, 486788, 18055, 455580, 140875, 13038, 455307, 479368, 161553, 24727, 444498, 357183, 374436, 369292, 220829, 387171, 241486, 353354, 351033, 38908, 458824, 263345, 497631, 307659, 391353, 19746, 195936, 275210, 496012, 286295, 29329, 148428, 258340, 379637, 483992, 374530, 344092, 393535, 156814, 149667, 473503, 404970, 326178, 210516, 29556, 430737, 356728, 269860, 130860, 155161, 315499, 173488, 259624, 54869, 47013, 173175, 63177, 403342, 409994, 206463, 337638, 302143, 336454, 190334, 300781, 137492, 479521, 372284, 43810, 460492, 78322, 52535, 206740, 83340, 386603, 21376, 134278, 122023, 139391, 7171, 85922, 411782, 160479, 72507, 491131, 40506, 58153, 62354, 496250, 363068, 246619, 230838, 268257, 245669, 235993, 229250, 315250, 422928, 482480, 441971, 361843, 110361, 398286, 77197, 128596, 72799, 231750, 444924, 420000, 307415, 196951, 216767, 60524, 472127, 385346, 72442, 288095, 306969, 406579, 56436, 350194, 255496, 45696, 311437, 316224, 175616, 309715, 453509, 374950, 100940, 364984, 333117, 468465, 375751, 368831, 289741, 283653, 377927, 180618, 309400, 302959, 238962, 4459, 216017, 129489, 429779, 485404, 405113, 435302, 450633, 389010, 109168, 421136, 487801, 45585, 242495, 341520, 70625, 171459, 272716, 467563, 268958, 403842, 36996, 454473, 160126, 403422, 122778, 239912, 179365, 164141, 364201, 13376, 42715, 394479, 125172, 399461, 447686, 278293, 175641, 292201, 271645, 66253, 234906, 120029, 231417, 119543, 263293, 170971, 335727, 376423, 141277, 275682, 94616, 402087, 385310, 138403, 224782, 111358, 318539, 19146, 264524, 99579, 17675, 494778, 89057, 69209, 325430, 317142, 352564, 326692, 275551, 226445, 204246, 149622, 59722, 99518, 281484, 463088, 163745, 348710, 230579, 312389, 396593, 411972, 418844, 403043, 161337, 387765, 86260, 431541, 109761, 416404, 9413, 128363, 118575, 450763, 367636, 258601, 349644, 229478, 411330, 234735, 436143, 105154, 480378, 384772, 33231, 199150, 183598, 198057, 316245, 22101, 56092, 284449, 68584, 91195, 289821, 250112, 261323, 100875, 484760, 340376, 489458, 394333, 158934, 493651, 284146, 453408, 41001, 386406, 424977, 4755, 188568, 221038, 60387, 106893, 323253, 344466, 426469, 75699, 248874, 272927, 245770, 174558, 107202, 141560, 428608, 220525, 347551, 95928, 35302, 64650, 173350, 479005, 155653, 372665, 131033, 84861, 96794, 72380, 469338, 2641, 83504, 382051, 292492, 320784, 146115, 169289, 25129, 182395, 142781, 163798, 392725, 464753, 81932, 343045, 293158, 154445, 471243, 197374, 229551, 150070, 178062, 405797, 199345, 238519, 388371, 333, 317279, 408775, 10422, 78794, 11614, 223448, 179590, 20983, 386633, 379975, 15551, 39274, 47090, 55587, 59694, 177310, 235526, 80642, 35334, 19251, 429876, 135155, 11367, 76255, 76155, 126849, 305246, 309133, 90676, 38687, 226637, 274031, 23536, 232055, 137803, 408854, 81728, 352934, 188188, 73704, 175977, 373411, 274464, 411634, 308271, 218722, 1307, 199884, 347488, 471331, 140667, 269268, 431568, 475267, 228219, 260043, 412640, 9113, 461364, 207859, 167219, 99481, 334839, 112079, 71150, 440781, 125093, 223698, 67900, 35978, 120710, 275659, 298586, 246130, 405281, 50915, 363907, 50741, 148747, 491991, 82801, 179142, 331380, 32778, 194601, 13656, 479587, 419655, 162436, 154175, 454218, 73581, 167237, 251949, 425127, 150234, 312012, 93763, 452096, 152379, 337832, 364763, 338807, 300184, 31573, 441602, 146345, 106835, 65201, 219217, 436076, 226577, 263099, 171283, 98541, 284103, 106605, 308599, 493048, 278194, 318491, 87835, 23499, 354540, 293639, 308395, 388787, 169019, 51466, 108759, 25269, 93368, 319991, 481053, 382642, 308829, 322945, 68906, 1548, 498063, 89418, 338102, 59148, 156782, 266353, 255841, 154076, 138442, 335218, 425125, 386411, 192067, 494595, 120431, 233655, 173374, 473856, 19536, 287055, 195548, 414409, 397620, 228829, 403070, 193127, 192014, 398702, 395210, 264774, 260832, 404459, 336892, 375148, 347221, 440869, 333301, 252562, 45584, 411897, 309872, 52717, 409564, 225190, 183200, 136251, 61731, 362755, 169662, 215702, 484640, 108244, 277670, 56690, 29218, 370043, 385565, 295067, 202237, 497730, 497120, 128449, 54275, 176257, 385517, 74664, 46033, 370661, 56186, 133380, 423487, 436236, 390725, 477913, 348244, 152576, 160147, 710, 140540, 4607, 312105, 376813, 382653, 498825, 364080, 454508, 82672, 249024, 456476, 319579, 51191, 193520, 105929, 367100, 39356, 424085, 180563, 258928, 461434, 15324, 143027, 253879, 279951, 223189, 67635, 353932, 319302, 97832, 142502, 199623, 199239, 307810, 80743, 45329, 153386, 233440, 189434, 330322, 331670, 85868, 197958, 279693, 478556, 389369, 306113, 330955, 80559, 453645, 386138, 25750, 161492, 388561, 71938, 148855, 96984, 84757, 66497, 269262, 404791, 98852, 154910, 473471, 223130, 290827, 324935, 204342, 462597, 378905, 332995, 153413, 80872, 254236, 104116, 464543, 189139, 316840, 407730, 126131, 288940, 434608, 228497, 218633, 167997, 101311, 136683, 207215, 11843, 56155, 390470, 91481, 123695, 326026, 328196, 178168, 139631, 326042, 444731, 399962, 225282, 257381, 263265, 460065, 378013, 331480, 381289, 164326, 38154, 416823, 331761, 254981, 214821, 220538, 157436, 78388, 323747, 129861, 34641, 21178, 357734, 176920, 252640, 477456, 424393, 206400, 416336, 239580, 377045, 230434, 482655, 434832, 157190, 28602, 365758, 15991, 211720, 454887, 426371, 311901, 319768, 293005, 117947, 318460, 307878, 405590, 439822, 127262, 483907, 82488, 189029, 21940, 486796, 150707, 39479, 322574, 405814, 473025, 486032, 445184, 342042, 285629, 87428, 270976, 172234, 8631, 143162, 59968, 297868, 61915, 67187, 458436, 228828, 285601, 386676, 408903, 444058, 91400, 485778, 56592, 128444, 189250, 220583, 59382, 497233, 65365, 350376, 469450, 29730, 430096, 339744, 256490, 187064, 142229, 257543, 272613, 485905, 459691, 190533, 345262, 84476, 151476, 97910, 484271, 476429, 146702, 111975, 258133, 299148, 201987, 384965, 76339, 58976, 417637, 447918, 454373, 146253, 431080, 1875, 28733, 424424, 350853, 440938, 92008, 225037, 278803, 355164, 396823, 441010, 7692, 106896, 266854, 143073, 390739, 243622, 285475, 12583, 185829, 419093, 197936, 90622, 373134, 482147, 182624, 283322, 245846, 140640, 132620, 284375, 149388, 300426, 402154, 284662, 388591, 486276, 115148, 137653, 200233, 169177, 112576, 249500, 418367, 453206, 37952, 16892, 245897, 402632, 419479, 463398, 31501, 173625, 316768, 597, 32332, 423662, 290139, 119807, 469670, 11341, 440307, 424931, 213628, 37567, 207568, 455015, 463990, 327840, 251036, 150180, 417053, 74861, 72758, 175229, 62516, 44050, 98459, 368064, 185063, 352713, 396845, 198395, 205239, 436028, 242314, 53381, 203587, 460710, 327185, 482988, 381107, 343865, 302680, 142495, 29313, 73920, 145831, 481544, 271488, 253091, 255547, 275697, 499865, 37167, 242423, 330582, 145782, 465048, 206760, 27299, 336000, 498352, 498724, 121000, 172319, 86119, 427683, 308432, 226302, 250821, 346156, 320206, 263910, 363522, 12417, 130467, 494360, 232837, 203646, 344495, 277287, 285456, 84598, 194016, 114982, 466045, 177525, 215474, 41792, 98004, 88871, 345508, 311107, 324383, 449496, 396869, 144188, 134038, 280593, 223004, 491210, 124111, 484147, 185718, 153334, 250100, 481612, 365983, 149755, 488495, 94963, 341142, 348749, 102966, 123183, 396688, 284403, 125278, 145252, 71456, 51836, 2992, 394677, 241532, 117779, 241328, 35041, 299953, 199674, 6513, 269770, 458276, 154792, 223784, 308362, 151743, 148983, 56655, 200654, 461138, 15289, 393300, 180222, 172287, 52857, 274970, 193086, 450694, 167526, 276471, 134787, 349786, 207698, 348125, 158725, 437877, 120810, 84734, 494008, 33239, 260741, 494502, 471232, 251273, 157284, 498153, 370857, 7877, 316487, 428969, 128694, 493307, 309914, 290958, 326465, 153777, 280225, 88372, 425937, 149363, 233182, 43343, 137336, 234178, 305110, 115973, 480225, 262429, 149416, 392221, 498750, 16356, 148431, 23676, 381923, 33561, 267147, 268953, 468495, 450669, 244172, 499753, 427094, 314396, 422320, 434820, 348267, 277427, 366088, 306506, 119166, 441313, 481629, 483153, 290763, 384194, 40466, 363855, 303338, 24513, 382109, 292016, 111406, 197997, 458143, 215904, 31310, 437890, 336157, 454870, 308184, 93306, 9847, 138908, 361427, 423222, 408063, 270542, 315695, 477041, 325689, 217966, 79234, 223420, 225939, 23363, 341958, 229369, 279291, 285541, 431054, 483277, 236638, 147007, 79631, 387939, 496364, 157368, 223322, 430227, 367746, 266796, 222073, 172544, 408027, 448730, 106327, 490152, 95263, 276155, 457327, 171841, 466923, 200357, 205033, 87618, 171221, 304301, 227070, 6345, 17908, 341737, 443033, 211384, 474500, 438262, 213692, 71758, 35035, 149826, 395477, 460992, 389271, 455269, 8740, 355508, 335158, 264730, 137435, 284419, 365695, 452505, 18202, 71687, 25421, 395128, 403398, 286141, 43233, 271761, 330787, 2185, 442179, 334095, 297554, 41432, 40993, 472815, 445936, 329323, 272719, 251290, 205848, 213740, 210100, 39635, 479362, 149031, 253524, 227319, 373227, 301353, 16853, 36541, 184200, 62624, 441623, 367863, 484755, 472465, 206014, 109667, 393534, 4775, 275437, 102616, 136320, 498902, 111729, 185928, 82306, 37657, 383180, 163943, 209465, 177566, 263567, 383301, 268199, 321235, 221934, 430950, 30655, 203163, 61687, 310738, 39648, 358428, 54452, 384713, 488956, 282550, 22708, 356979, 108883, 195105, 351951, 55587, 71598, 358555, 268567, 128789, 445534, 41826, 436626, 246382, 211627, 140224, 193015, 128959, 429399, 294250, 298264, 466020, 237579, 354779, 258187, 88463, 286864, 291175, 70574, 401283, 356627, 413429, 174377, 65949, 59179, 85871, 111225, 101704, 162283, 200318, 397623, 367603, 241367, 380393, 387739, 369654, 13881, 282444, 321196, 124056, 251171, 406237, 331787, 223285, 161481, 325266, 211081, 88289, 413718, 148755, 330447, 368984, 231229, 73053, 476301, 493884, 134276, 295935, 239874, 150718, 59120, 225502, 101866, 174826, 302551, 262199, 43311, 45197, 441157, 96563, 293682, 294826, 473770, 35449, 152793, 227019, 29154, 208015, 152278, 71767, 417347, 346717, 447739, 432046, 261463, 158473, 451640, 99920, 229147, 345137, 130251, 243947, 234256, 43936, 255497, 26954, 61641, 154908, 179818, 305027, 43351, 99288, 54105, 152124, 253974, 44368, 438095, 70069, 38068, 86665, 10043, 448809, 459978, 23348, 449461, 4365, 319652, 403470, 399448, 266300, 139162, 309680, 222805, 221535, 415275, 123605, 14296, 117745, 141728, 381559, 52560, 39914, 311326, 92332, 452848, 280421, 357362, 68050, 71054, 61646, 334665, 67487, 229455, 99093, 3860, 200384, 241334, 148865, 239917, 413507, 38114, 8967, 288056, 12698, 276287, 70851, 197380, 461258, 285642, 2090, 311851, 352638, 252303, 423437, 176671, 340406, 164114, 222410, 435216, 462298, 83463, 310267, 272883, 240925, 107500, 482717, 171351, 14635, 337748, 140322, 122987, 150409, 376435, 19704, 154943, 72265, 285711, 471940, 286125, 375998, 402888, 152443, 325894, 197946, 498261, 98514, 267477, 342323, 234761, 20502, 414329, 170101, 30700, 254003, 403653, 398256, 180786, 354979, 74523, 131193, 38780, 264618, 338694, 454341, 278566, 425759, 343372, 57833, 448713, 172355, 441695, 153358, 58761, 372953, 49135, 367356, 155000, 127713, 205279, 266164, 191392, 316982, 479494, 358974, 323871, 498622, 318686, 172837, 446983, 79021, 213112, 207878, 341199, 62234, 144290, 430330, 257007, 138266, 336916, 112170, 239259, 404854, 50882, 455263, 378855, 25102, 446941, 454508, 414793, 64363, 473874, 239337, 456842, 253424, 437496, 141318, 99025, 247866, 483089, 390191, 133981, 310186, 45427, 446203, 11606, 366975, 273154, 273040, 77902, 489231, 383437, 72382, 498213, 115303, 204561, 321020, 495786, 490280, 365793, 182126, 256735, 61690, 235424, 16260, 450407, 24449, 76187, 44332, 415159, 137513, 44964, 339414, 281410, 51627, 355130, 272978, 246808, 267770, 214728, 9842, 320154, 139300, 367528, 241944, 356395, 358342, 258525, 441958, 368749, 464289, 157526, 340746, 196474, 191622, 173102, 78020, 146718, 47197, 184143, 424752, 129090, 303017, 149365, 181663, 450938, 242136, 147685, 242518, 32303, 491178, 224336, 452402, 221521, 478958, 117433, 398167, 26362, 344844, 279100, 303642, 241634, 209945, 383853, 193633, 153361, 235226, 396208, 455768, 135251, 190897, 178780, 247933, 30796, 216191, 75281, 351658, 481016, 201698, 268461, 293707, 245526, 250683, 22582, 297108, 250806, 99789, 182542, 271417, 314432, 309664, 432954, 393313, 284749, 392082, 308228, 329879, 305414, 163631, 56945, 133809, 331932, 314184, 870, 86987, 301634, 52276, 57193, 183618, 306013, 46882, 334232, 371766, 260318, 248539, 122051, 302759, 10967, 259056, 310110, 413021, 125242, 156258, 419147, 183709, 176904, 66844, 336600, 409981, 398073, 32489, 274163, 378619, 347796, 314442, 103965, 213158, 183484, 480070, 81486, 380927, 209080, 367079, 390635, 413503, 337136, 304420, 65479, 255937, 354089, 52565, 149753, 241934, 337609, 128997, 159631, 261287, 83637, 305118, 467244, 368518, 447691, 446898, 74959, 182362, 281345, 270170, 383256, 78274, 481719, 143398, 170744, 132947, 74236, 242762, 310144, 348215, 148889, 387826, 282085, 112421, 57238, 184127, 133107, 169775, 445361, 115120, 335477, 298040, 387447, 257302, 442293, 338902, 170731, 5876, 492758, 76129, 47364, 202718, 406848, 274789, 481634, 110477, 260774, 94447, 110684, 406060, 271932, 419756, 387291, 404968, 288866, 97131, 487631, 200351, 439910, 403217, 386097, 184954, 357836, 145777, 315074, 112892, 192359, 248917, 206409, 415798, 472943, 434460, 27823, 314107, 374490, 393239, 174216, 269570, 149985, 178674, 447686, 398603, 259402, 213590, 327691, 180320, 408637, 269006, 44851, 328526, 75764, 482179, 388041, 399089, 180558, 111945, 299574, 168384, 218194, 459939, 457425, 340974, 252578, 472287, 243886, 30708, 124605, 267593, 269410, 60473, 286303, 109253, 423207, 252273, 292086, 379271, 104280, 402609, 377889, 67755, 389090, 250582, 486728, 237563, 210723, 275111, 284329, 25803, 86344, 127834, 220400, 177995, 122241, 270236, 295644, 158363, 330556, 428315, 473529, 448969, 477817, 238295, 188350, 231463, 241699, 183247, 72037, 392567, 428182, 169378, 203673, 468346, 332942, 308556, 343259, 28291, 415118, 102251, 26687, 76408, 69788, 280823, 9812, 43148, 417277, 264749, 486438, 468101, 255553, 109481, 238417, 126943, 169348, 301512, 441074, 409816, 420123, 150189, 79637, 41429, 275326, 124373, 171212, 139713, 20446, 43795, 13310, 445089, 8352, 97410, 435206, 282255, 77186, 259962, 7623, 151364, 472471, 130378, 301586, 188938, 217507, 231608, 234732, 285584, 429046, 408662, 100680, 6546, 397786, 63696, 378831, 43279, 15529, 359317, 497083, 389036, 17100, 258085, 459140, 243374, 222569, 438880, 431830, 44811, 11598, 415036, 272039, 389651, 446745, 300529, 127745, 24927, 437761, 175249, 80619, 112430, 489193, 109116, 89958, 493965, 229120, 119428, 174875, 80411, 397529, 124664, 305174, 116332, 163467, 477970, 304739, 475763, 191210, 73426, 276318, 345051, 129415, 418830, 150461, 97036, 93589, 304309, 66561, 237324, 236357, 240355, 141974, 428706, 252688, 132772, 295430, 42107, 388648, 118283, 356293, 359501, 13949, 24014, 282971, 186663, 38421, 204808, 5833, 194367, 82906, 242638, 184613, 348481, 163420, 36906, 367819, 246089, 412382, 389353, 427894, 110924, 138365, 8349, 236244, 132063, 97062, 111581, 15701, 21750, 180814, 136103, 339440, 153030, 173556, 289273, 458496, 306038, 333084, 332687, 21208, 466727, 244979, 177426, 357193, 226268, 212824, 180574, 319487, 424275, 450798, 482979, 246456, 406179, 423010, 368568, 38583, 269132, 194060, 19861, 6773, 108347, 278335, 428469, 400658, 10982, 245048, 243841, 42069, 442323, 111662, 392766, 183436, 65882, 131135, 65829, 45528, 216927, 14666, 137112, 294413, 263996, 343682, 277279, 414087, 70239, 253639, 63134, 46314, 311270, 62375, 440416, 215511, 331427, 39475, 487399, 264913, 163655, 74297, 139641, 144355, 322747, 145677, 423136, 230586, 244482, 402602, 497558, 39182, 337897, 141674, 166822, 33918, 18784, 222926, 232060, 256045, 41305, 491489, 291833, 52929, 331058, 377962, 125586, 218984, 295575, 38416, 194790, 94563, 281072, 241797, 220631, 339663, 250300, 3026, 27307, 87675, 320897, 221114, 98844, 346918, 280366, 458750, 476277, 122473, 331409, 392011, 327081, 480738, 397122, 157378, 426525, 115777, 393356, 41478, 311312, 141447, 364533, 33575, 372438, 225970, 238530, 16815, 269464, 60622, 282226, 173960, 5062, 243169, 12616, 356192, 476480, 301413, 457769, 322898, 120664, 251563, 195490, 199110, 165271, 453244, 351309, 315380, 33678, 93647, 344629, 372995, 456865, 202168, 121030, 30203, 378466, 172817, 455974, 15031, 419140, 257543, 217836, 495909, 230726, 486984, 337456, 140487, 103142, 244363, 468019, 465636, 294714, 208843, 11192, 282681, 318400, 403031, 15960, 392261, 101675, 462684, 198825, 162514, 132595, 186048, 483545, 266580, 270176, 278484, 387135, 210576, 417833, 103829, 309190, 146311, 131889, 66168, 29652, 31335, 122289, 161758, 163985, 135782, 129424, 371943, 426870, 489974, 324172, 455952, 294934, 90392, 63512, 307800, 71666, 15444, 240013, 320795, 13749, 97461, 182258, 345029, 400057, 354002, 72052, 453567, 90575, 19607, 302240, 322181, 199005, 4853, 76352, 416127, 273635, 254891, 23638, 4996, 294518, 499393, 357005, 19158, 416870, 239331, 174034, 222921, 342587, 398032, 311490, 280681, 27041, 185311, 424296, 471303, 444692, 153987, 138602, 335077, 172552, 227021, 375074, 87708, 295135, 252266, 259407, 50077, 159281, 28370, 224361, 469802, 165958, 239577, 364398, 55140, 70677, 129785, 378270, 150294, 211527, 140319, 436245, 152009, 60540, 103519, 235150, 363591, 492324, 179975, 241499, 312966, 438789, 214191, 48289, 335257, 50087, 65608, 43354, 138133, 128953, 258627, 136336, 366881, 16310, 52782, 345550, 63159, 462805, 92398, 224339, 122295, 440439, 276740, 98801, 296840, 192825, 471, 275089, 47036, 90892, 175268, 88310, 366243, 29074, 24608, 215914, 407656, 441654, 449878, 451070, 275681, 297815, 100283, 116351, 8895, 48142, 172114, 192610, 337724, 211905, 2881, 41884, 95756, 33181, 352773, 447377, 77786, 184803, 478854, 491686, 126462, 922, 408895, 392274, 21839, 185797, 350716, 401300, 125295, 47222, 429345, 130135, 474399, 15803, 431170, 487465, 400000, 150337, 499176, 204016, 167446, 342971, 28472, 66655, 480884, 395254, 357391, 141018, 86565, 27660, 156540, 188914, 395368, 27804, 14930, 309339, 292395, 291152, 494034, 493137, 20808, 244111, 387660, 244400, 493186, 74960, 247891, 70175, 10086, 4179, 357895, 444556, 268172, 342254, 446433, 292288, 249283, 176229, 34968, 263148, 284887, 442180, 287721, 60261, 251369, 131685, 396541, 409835, 401737, 195803, 151319, 115423, 463464, 279408, 9043, 437999, 280827, 13632, 257682, 269124, 469343, 133161, 406734, 499908, 432609, 361136, 454094, 318389, 183120, 114565, 479953, 232566, 208644, 454013, 155966, 253427, 125009, 195443, 195278, 466415, 168616, 488254, 247594, 334131, 489946, 351909, 30854, 309262, 396300, 431310, 191140, 58522, 486810, 339652, 484953, 144438, 139002, 494244, 3216, 325894, 163432, 419747, 170204, 190574, 375959, 37687, 337148, 422245, 296109, 281039, 471524, 498924, 251032, 268801, 68529, 55325, 19087, 222536, 164126, 345204, 146832, 427483, 9317, 151042, 69687, 285790, 497934, 90282, 186791, 67446, 469997, 134671, 107090, 129527, 488080, 129306, 366047, 365826, 153494, 23964, 157766, 60946, 414107, 24026, 196914, 132383, 7723, 442587, 28081, 146841, 195729, 69334, 416092, 440801, 482942, 376618, 163480, 22754, 340448, 157077, 15257, 318906, 302552, 475611, 326243, 163974, 197517, 40736, 83965, 442573, 248425, 25376, 201427, 319787, 181588, 304904, 333529, 180859, 421130, 140664, 425518, 22792, 436855, 401122, 481240, 317088, 361605, 146412, 395474, 101208, 250669, 152507, 495415, 4735, 355350, 463718, 378194, 15495, 9223, 73672, 3637, 233072, 99078, 39675, 391437, 176584, 437923, 72795, 169233, 337996, 260570, 44889, 382959, 211274, 476637, 337657, 93723, 129221, 117952, 48736, 247829, 294299, 292760, 86720, 467968, 457795, 499568, 314406, 101630, 135551, 365161, 329157, 142338, 359178, 77040, 213186, 238485, 329375, 63521, 177037, 59529, 444180, 365002, 411134, 243291, 45718, 337532, 186723, 139615, 64994, 114927, 394807, 479688, 323539, 306262, 240430, 403522, 417630, 471128, 226839, 366417, 89681, 256267, 323731, 286573, 301516, 288944, 458119, 458039, 124305, 418994, 181720, 370678, 287758, 408589, 56116, 451460, 329973, 234098, 268202, 486419, 37141, 5337, 470560, 491349, 161186, 165973, 441332, 283727, 450466, 226814, 397608, 338025, 350368, 233495, 440896, 320105, 322416, 72896, 297076, 52079, 22397, 25458, 238575, 308261, 485594, 190399, 289911, 52437, 378741, 167836, 300100, 76979, 255577, 108621, 155934, 469602, 39858, 334736, 4753, 58035, 35013, 289843, 222575, 149170, 384391, 306905, 480510, 176871, 344124, 395914, 155355, 388498, 235192, 81035, 224815, 86504, 123724, 319054, 413111, 240271, 329705, 337501, 31756, 282290, 432746, 402252, 289889, 173712, 193044, 108284, 21637, 278898, 271499, 468682, 482589, 166134, 167992, 135299, 58670, 482920, 326465, 490434, 407924, 152656, 119285, 67766, 184096, 484392, 99971, 492101, 260201, 157673, 313653, 142637, 331403, 40868, 139149, 37551, 34562, 377390, 498584, 289884, 321145, 365062, 163728, 199540, 56801, 260791, 26357, 367587, 90167, 179046, 20985, 10016, 471503, 79552, 453746, 434238, 164760, 394682, 399874, 460875, 366348, 369632, 402452, 162777, 469500, 402982, 360612, 159983, 271467, 177488, 87688, 379757, 450393, 330051, 398832, 220729, 198309, 328753, 283388, 421764, 264959, 478170, 134299, 420088, 381659, 288189, 388940, 59806, 95574, 387601, 232655, 378363, 324778, 465635, 84267, 219357, 393086, 275495, 75371, 281811, 371789, 183971, 459937, 214228, 455826, 216828, 239322, 474043, 294119, 372526, 499966, 498771, 53924, 330452, 424126, 437165, 422670, 163201, 123150, 139408, 406706, 86481, 129915, 266837, 416085, 267098, 70899, 316866, 60781, 286487, 324803, 395412, 36342, 206426, 484484, 446092, 164934, 409607, 138399, 88680, 12793, 66837, 409667, 316608, 71242, 473497, 77873, 470825, 48751, 272616, 182765, 99666, 184248, 4797, 369893, 7223, 239756, 442871, 272975, 92338, 329337, 103399, 406648, 362095, 159858, 164167, 164278, 215164, 480330, 386663, 209066, 234777, 15396, 376166, 470364, 240509, 34460, 42111, 78065, 279432, 64920, 446701, 450005, 131599, 347046, 115129, 373955, 299488, 355205, 370479, 186442, 262018, 382162, 38675, 256582, 338973, 2250, 458020, 372305, 178123, 151719, 97484, 496343, 254221, 365613, 386194, 177160, 286423, 354420, 200957, 142248, 490631, 340554, 23051, 26559, 133765, 298602, 175469, 381226, 102607, 257734, 398787, 463816, 190998, 421194, 390778, 7936, 262712, 187713, 6971, 14520, 363851, 395203, 242913, 185265, 127814, 151716, 352124, 468603, 163263, 30781, 253189, 402715, 461893, 347730, 248058, 194579, 296419, 458192, 113098, 433734, 466064, 113491, 90723, 116919, 282977, 224980, 318191, 295532, 379400, 252605, 491899, 375603, 433171, 300094, 291288, 390379, 242304, 151780, 48454, 172476, 238291, 238, 196593, 330169, 494440, 458057, 253552, 15917, 49955, 54168, 222946, 285038, 256759, 33637, 480023, 239526, 452216, 246916, 432030, 375017, 97053, 316425, 56322, 249542, 135446, 168960, 444401, 309859, 81003, 351400, 222216, 50759, 78240, 23407, 193898, 463740, 37968, 255724, 403285, 115509, 203898, 47237, 98211, 268643, 494619, 182218, 4861, 292772, 236135, 137306, 239627, 131622, 328940, 328599, 135028, 3815, 335073, 46015, 224632, 44371, 240366, 287417, 398308, 15890, 320849, 127778, 268491, 46223, 435408, 175870, 281133, 456021, 110965, 239921, 33037, 142400, 195273, 83505, 133686, 44866, 142794, 90838, 353526, 321087, 308683, 107097, 98357, 50262, 184817, 495503, 465010, 157425, 146065, 206170, 215170, 464050, 182033, 280508, 179908, 152763, 168033, 432554, 131027, 440367, 25474, 127268, 479139, 428455, 23194, 254145, 342369, 412749, 428585, 335920, 171063, 434742, 288138, 200530, 413897, 107052, 290032, 228859, 93682, 243032, 92115, 188425, 93642, 217193, 498809, 33625, 357910, 347796, 409752, 395384, 342417, 45451, 20645, 399676, 380553, 373187, 341813, 285863, 106260, 38666, 26474, 283671, 499643, 426297, 64113, 400008, 444318, 51588, 157213, 333940, 180397, 311537, 253568, 185323, 461005, 42521, 153431, 299216, 444000, 125818, 325205, 369942, 327965, 91907, 281197, 148271, 108538, 499110, 40933, 442196, 163258, 430212, 190719, 93167, 226288, 223813, 371563, 353170, 302314, 465763, 48916, 173780, 466839, 259582, 350360, 130025, 184304, 417542, 298783, 157295, 3603, 428421, 321386, 465323, 157472, 229833, 323113, 394380, 426816, 362327, 374069, 150518, 485666, 269234, 215598, 86220, 398456, 195467, 211537, 423128, 45739, 5114, 163950, 32531, 19839, 474016, 82219, 23082, 430897, 146541, 298395, 353784, 224345, 434354, 325112, 389691, 139099, 91271, 364968, 368082, 298006, 441940, 291897, 494583, 363711, 58577, 468051, 247014, 435927, 435226, 430746, 462482, 213626, 295611, 339956, 245959, 339708, 353900, 180943, 118078, 108936, 96928, 98255, 84439, 496423, 249113, 465912, 195582, 479017, 361814, 249800, 415883, 341270, 173566, 390702, 283360, 138156, 78838, 286123, 166555, 116205, 325986, 303768, 19991, 25768, 264185, 250813, 325161, 381004, 395396, 149959, 70807, 498528, 76648, 402819, 119184, 247078, 226401, 366636, 91714, 185710, 369123, 213775, 18511, 166384, 3211, 243871, 485154, 166726, 283416, 60430, 75652, 392218, 275778, 129572, 241754, 220107, 443010, 441722, 241608, 209486, 251445, 350303, 444996, 40408, 173690, 321561, 253020, 303369, 316616, 190649, 382897, 477196, 76225, 292370, 84031, 153863, 286078, 68949, 354533, 418818, 206487, 187431, 315861, 351097, 263665, 143054, 316374, 349359, 437096, 226110, 92845, 332704, 474822, 275652, 105921, 431365, 363177, 478655, 112912, 433617, 394309, 19833, 435804, 216446, 10916, 143490, 103310, 290156, 442125, 341461, 471390, 223613, 247388, 368687, 302035, 125280, 392706, 72371, 419873, 221834, 22670, 402610, 93313, 279747, 447855, 189387, 348356, 339432, 489836, 73048, 151533, 180555, 263977, 172057, 163364, 155319, 84760, 269574, 101477, 350860, 372171, 302447, 92988, 38122, 77168, 398897, 267131, 422548, 295215, 119337, 420391, 358423, 302391, 256245, 16401, 414349, 260230, 282063, 356652, 125582, 62371, 185174, 154421, 408454, 98935, 251033, 401001, 365178, 308846, 12612, 45956, 455108, 372983, 51633, 150461, 246670, 297620, 380396, 487158, 380643, 127367, 260396, 250057, 471470, 95127, 420807, 131623, 148191, 359376, 341625, 201016, 240775, 246984, 380595, 3630, 281933, 378815, 314188, 471605, 48230, 419491, 84982, 437365, 100474, 185299, 314242, 43746, 210891, 78570, 173062, 387155, 78215, 428331, 442995, 212909, 227059, 396448, 5486, 432220, 405920, 208967, 424719, 148753, 340030, 385961, 102047, 138148, 241939, 495884, 432113, 302271, 74938, 405552, 494643, 296278, 24120, 152571, 473634, 135195, 246787, 470934, 148727, 469884, 431262, 493865, 113646, 319697, 100256, 467380, 242160, 361994, 13607, 223181, 15895, 288633, 264618, 421462, 168809, 188320, 286151, 169730, 480748, 256781, 486158, 450607, 92844, 364463, 451149, 439174, 393606, 316724, 401896, 237162, 453831, 241384, 232227, 28633, 360043, 156345, 15623, 136629, 242742, 218587, 165873, 281491, 241684, 78301, 107346, 119646, 220584, 470258, 401237, 429547, 472954, 296952, 489326, 473222, 496369, 186933, 194027, 54459, 421280, 107366, 321707, 356221, 192208, 184654, 29994, 300864, 142944, 142974, 113414, 31418, 243665, 273025, 84914, 470639, 421231, 330573, 87502, 420607, 152994, 101192, 195909, 341152, 81126, 464835, 325006, 355968, 229643, 399815, 123306, 165265, 379234, 97081, 458307, 12648, 244907, 265241, 238352, 493332, 448480, 177502, 384724, 312526, 318563, 42763, 103893, 23604, 201034, 406552, 23234, 443015, 2657, 428362, 493374, 291775, 393030, 101335, 415616, 293555, 445753, 251276, 81830, 53595, 298937, 166938, 422488, 103535, 330744, 486879, 321523, 483395, 255484, 199154, 95310, 479504, 72181, 160767, 181170, 196478, 379795, 204960, 375757, 225780, 9310, 264718, 493805, 133949, 395638, 204507, 65992, 192183, 104862, 293207, 421443, 422209, 411870, 442550, 24883, 162577, 341199, 98552, 456927, 411811, 125488, 260314, 276012, 281426, 471326, 190932, 77618, 62320, 186812, 328606, 411258, 322330, 227079, 407861, 316399, 247188, 485751, 17120, 179163, 311076, 467846, 268703, 362136, 436757, 375924, 446767, 122601, 84376, 67392, 232673, 206086, 112223, 306076, 293193, 136240, 433477, 275748, 5176, 201799, 268553, 371879, 442259, 416962, 474227, 407735, 130442, 202190, 111482, 115064, 216958, 275213, 140465, 369206, 255178, 224939, 349961, 194085, 335112, 452885, 377093, 151269, 197350, 139231, 13429, 73503, 241377, 52329, 66176, 186138, 150790, 202994, 230329, 475907, 167251, 90443, 144509, 360748, 300362, 190401, 302894, 252198, 464674, 340136, 123134, 472013, 345767, 134001, 195788, 28558, 233868, 227073, 150963, 396986, 389035, 265917, 347356, 366289, 193607, 57755, 357550, 228305, 185562, 197668, 287960, 13213, 106121, 467414, 177260, 120762, 383617, 488445, 207495, 254958, 449521, 431407, 60903, 185652, 310327, 161220, 94653, 19084, 72377, 364690, 165546, 92593, 88313, 464332, 277241, 452697, 452874, 84645, 356389, 375298, 68981, 119106, 138264, 151191, 426932, 303765, 493574, 496023, 13655, 179844, 214664, 99542, 46976, 372831, 83661, 462646, 345605, 328030, 308320, 200248, 205516, 183140, 443339, 123994, 99642, 363551, 123324, 301816, 355452, 183938, 81253, 185119, 410672, 6157, 342365, 130952, 466023, 181414, 13468, 114442, 267624, 63365, 186799, 87754, 127407, 274976, 169100, 303871, 232144, 141946, 254337, 356103, 200127, 29588, 75062, 275969, 187942, 43937, 393401, 492828, 339968, 384, 416022, 297500, 190260, 212066, 179345, 436493, 455429, 142307, 66053, 296971, 113133, 195526, 422900, 124142, 499493, 6019, 279097, 454507, 103999, 288678, 477629, 42083, 95471, 367491, 47248, 270813, 308687, 415516, 58079, 416359, 33113, 180181, 218389, 39122, 154694, 96541, 482637, 431782, 172090, 11317, 23171, 270310, 347802, 186263, 183324, 27721, 215736, 295338, 472158, 317495, 363645, 373946, 106871, 341854, 203674, 66911, 433597, 285239, 259147, 465093, 358090, 400756, 334541, 240577, 111498, 257672, 34964, 353912, 298397, 340176, 5599, 385372, 130392, 277603, 453060, 261237, 3951, 170021, 134619, 1528, 109239, 281232, 230395, 193592, 360434, 79867, 350676, 394065, 468511, 28195, 59696, 122840, 137911, 862, 313901, 428172, 388019, 484407, 27382, 414008, 481432, 249292, 484469, 280635, 49384, 498400, 272675, 117739, 469319, 154730, 232983, 72237, 398854, 401066, 107001, 180228, 394531, 221484, 7768, 469506, 67421, 325262, 225541, 121796, 179792, 287809, 366308, 251609, 127065, 326299, 129534, 479, 51072, 324605, 336408, 204758, 202780, 290601, 262399, 44161, 197095, 44259, 352589, 322631, 133885, 135370, 282879, 247711, 101636, 137405, 304844, 22897, 124774, 320999, 264178, 233084, 239598, 260340, 448856, 205855, 175938, 373186, 276277, 225529, 352380, 449712, 3724, 450777, 274848, 271708, 430269, 301082, 87598, 248284, 54377, 431272, 16693, 259796, 76273, 200060, 461165, 342033, 28655, 109602, 12658, 221932, 293656, 138948, 408373, 256310, 143196, 216011, 154743, 468211, 125994, 416993, 378711, 79878, 440952, 145057, 25593, 201132, 393226, 6358, 375140, 231543, 271744, 461231, 407007, 494471, 328846, 137111, 155897, 349111, 151163, 129742, 481795, 1670, 103428, 287461, 13382, 128450, 25735, 379952, 478522, 371844, 405181, 465202, 455116, 12525, 68216, 33203, 162895, 492808, 300463, 98031, 200599, 34909, 21598, 265621, 345211, 409242, 467923, 459990, 187237, 75466, 285899, 457980, 315408, 342760, 404387, 1033, 415828, 482726, 91727, 107469, 312726, 441066, 415465, 101807, 317391, 467126, 312816, 477138, 443260, 276639, 226030, 399019, 416414, 133308, 63942, 454246, 416802, 369758, 402245, 358077, 226984, 363743, 112469, 470527, 1398, 312969, 316553, 340783, 133030, 253237, 34266, 248080, 166025, 74436, 140830, 67581, 318689, 460296, 302618, 113444, 234629, 469341, 187133, 158177, 90247, 339109, 124372, 220400, 181156, 7261, 225599, 93124, 374464, 497981, 246968, 293507, 487211, 458278, 36027, 478450, 279558, 236087, 360467, 260959, 318077, 497790, 395918, 318663, 197924, 226882, 147245, 47743, 245323, 49599, 391808, 399827, 211799, 279173, 98229, 305429, 331560, 446747, 408041, 258041, 4481, 101160, 327582, 227224, 179891, 222392, 118509, 316796, 82112, 97440, 227888, 377736, 56870, 70683, 61786, 307545, 267121, 257412, 317511, 93237, 16041, 129571, 367223, 154938, 63511, 403889, 279039, 353589, 324230, 367996, 312216, 382709, 220391, 42790, 434890, 351357, 180095, 325893, 401918, 79990, 130030, 240993, 180460, 70302, 357700, 362318, 368645, 304849, 381938, 126791, 407117, 289822, 281653, 360182, 137897, 233745, 84053, 452971, 308479, 221259, 106080, 348210, 73378, 272301, 186008, 119141, 369324, 53711, 37248, 177340, 56656, 406024, 323077, 55050, 36312, 73590, 76944, 199408, 275697, 182397, 319639, 453454, 277784, 435752, 345853, 161114, 222995, 123290, 367390, 242285, 408602, 327157, 346455, 63070, 407408, 100107, 355363, 107297, 399221, 95107, 200655, 87150, 426962, 202352, 315096, 483499, 51348, 208055, 214921, 322367, 433142, 363178, 235742, 35899, 136239, 34176, 169969, 143101, 259350, 289995, 459969, 494917, 481228, 245065, 287560, 472893, 49202, 142322, 418121, 253518, 189025, 212069, 314436, 275738, 242704, 250181, 165536, 14051, 275081, 153845, 343575, 31628, 112252, 170353, 214448, 274479, 355195, 348520, 369361, 132387, 243205, 241269, 425308, 196636, 430050, 225433, 137196, 116601, 199222, 45811, 240596, 214951, 267878, 183222, 136533, 311141, 388089, 226418, 55589, 243174, 352605, 395103, 13854, 216205, 171357, 391845, 184837, 378357, 329425, 260323, 360708, 296827, 68425, 330443, 110977, 247775, 212584, 128829, 357712, 177909, 119727, 189403, 453368, 426896, 69977, 156212, 14642, 432700, 54486, 81205, 263451, 280654, 342632, 213166, 26071, 421958, 63244, 491638, 291349, 244148, 147429, 373778, 86411, 59903, 494883, 228631, 9582, 86243, 485115, 436665, 451743, 318312, 55472, 78082, 279679, 345913, 157913, 448444, 248640, 130576, 244601, 323034, 418918, 52985, 22519, 286095, 474132, 312464, 255290, 238014, 354200, 440353, 449249, 156381, 47806, 153835, 113495, 139600, 446222, 319432, 366344, 203733, 269693, 288615, 157987, 418810, 96830, 354339, 197322, 288179, 350855, 124625, 399827, 56571, 129809, 339732, 439830, 362843, 279779, 34544, 108262, 96889, 440434, 132758, 285323, 302331, 197060, 359279, 482816, 397465, 380491, 79964, 155137, 262382, 492891, 370474, 224416, 476405, 47339, 429941, 273560, 228877, 254283, 366022, 268537, 131844, 393398, 381311, 123891, 145590, 379771, 407341, 172192, 13785, 445949, 35121, 315956, 284343, 58147, 56250, 106554, 17293, 358153, 52128, 350746, 189411, 366167, 454817, 393987, 375512, 31703, 94194, 449943, 33915, 468741, 405397, 454519, 154994, 161860, 43794, 223045, 363520, 437190, 181790, 403265, 83354, 17835, 417309, 358292, 155625, 280202, 249460, 435236, 253102, 99011, 269803, 247652, 217668, 368095, 313571, 122157, 113972, 75118, 227496, 259022, 228531, 39667, 302218, 27721, 313221, 36925, 396527, 354916, 428128, 384052, 460075, 423381, 104047, 70648, 168213, 101580, 324274, 273511, 143522, 158911, 262420, 359542, 275133, 195021, 134577, 251567, 424832, 342774, 214943, 311572, 146292, 73242, 328598, 447618, 486395, 202209, 266758, 449523, 267588, 237066, 212785, 476179, 110327, 199407, 287032, 199294, 74812, 281675, 376696, 352917, 167410, 317937, 314377, 248135, 6068, 416033, 371065, 84868, 211491, 249747, 263217, 407866, 9734, 110971, 330018, 272304, 129350, 80903, 125214, 181067, 456979, 372873, 189336, 457024, 143618, 360936, 421940, 409599, 482320, 145699, 41332, 323940, 222017, 320192, 84157, 114066, 499296, 278932, 1112, 376509, 394963, 184088, 337197, 385825, 217579, 228524, 31248, 172636, 497228, 297893, 376551, 1879, 48, 431862, 464368, 333478, 464968, 202890, 91402, 376296, 336225, 17845, 332365, 277834, 182816, 91739, 58094, 441477, 491831, 51417, 238665, 263702, 327199, 303591, 308251, 127565, 142953, 192520, 361968, 223867, 337481, 63711, 435122, 65626, 178217, 306480, 387838, 482243, 471718, 329545, 307982, 190347, 253252, 68288, 344522, 319795, 485671, 174432, 496585, 51898, 96622, 138204, 247306, 289794, 350709, 412431, 355472, 445866, 22293, 43983, 299890, 408256, 314222, 128138, 97209, 196788, 371876, 285261, 445940, 359461, 70899, 434516, 72788, 272200, 280250, 328539, 260071, 11023, 419306, 147384, 58742, 181358, 243469, 251880, 26574, 285792, 32044, 52941, 42463, 259339, 148691, 93582, 424991, 488208, 458188, 349817, 353524, 415972, 32615, 76712, 181755, 210436, 233958, 257442, 148658, 462581, 54113, 310661, 395723, 15184, 117683, 426126, 313577, 276123, 166138, 201737, 141768, 17410, 165936, 84876, 90858, 200002, 434603, 335273, 86949, 138975, 245950, 404953, 208984, 185933, 403853, 325490, 418264, 341640, 237914, 361065, 465051, 440203, 161801, 320828, 402723, 21642, 321302, 80587, 229987, 231718, 17866, 361521, 317091, 35366, 211099, 196600, 419518, 120184, 434955, 136764, 360583, 134846, 36154, 305872, 14104, 232142, 150392, 56331, 230333, 181195, 346013, 45884, 210889, 481346, 39699, 20410, 33014, 197856, 138815, 283309, 371936, 468008, 142724, 173901, 197647, 14088, 171747, 301669, 393778, 307000, 211177, 494484, 249587, 65418, 73744, 78716, 474863, 323403, 280085, 257754, 1839, 103054, 402191, 388416, 7953, 149886, 233777, 265016, 382623, 64987, 185469, 101313, 119523, 157737, 236841, 342570, 177992, 242708, 142678, 22283, 430589, 266564, 6018, 263044, 70386, 276744, 307097, 243574, 56462, 205495, 8076, 407908, 178661, 333761, 111412, 437102, 287851, 149357, 352217, 69267, 480535, 396324, 499567, 227529, 307669, 317272, 303011, 322328, 266953, 330719, 487975, 114675, 491124, 429795, 415156, 244118, 311107, 409417, 243877, 299058, 6119, 209205, 472852, 430975, 337617, 42853, 436625, 211874, 155902, 70499, 419857, 395082, 343596, 198522, 465771, 414867, 84456, 176996, 84179, 42228, 27400, 488545, 199471, 393172, 16066, 148552, 348109, 228967, 372646, 434810, 331054, 177346, 183424, 154653, 438212, 121217, 417314, 141254, 131928, 32394, 340448, 297751, 382577, 421409, 427957, 439799, 120079, 201798, 337114, 42892, 92257, 321685, 268113, 473801, 180815, 432859, 275826, 449528, 422555, 281051, 49697, 185328, 95367, 195008, 257863, 329833, 427645, 18952, 353819, 251637, 405986, 467253, 313583, 116034, 97520, 250306, 296141, 479632, 7155, 85254, 243802, 114018, 307122, 268834, 187856, 316361, 344063, 438269, 169124, 212451, 251851, 242854, 219488, 440532, 463622, 429684, 226726, 339940, 339368, 324136, 378399, 192307, 146391, 454619, 217338, 391809, 8624, 165518, 2446, 294193, 112903, 259812, 114598, 54356, 46042, 73700, 358596, 449106, 380319, 35779, 324809, 256010, 40370, 374493, 385530, 105054, 119671, 352502, 31116, 342324, 388828, 423372, 90685, 427518, 162026, 329507, 90068, 311815, 107048, 443374, 204223, 86650, 327927, 51701, 398447, 465955, 492342, 464159, 491594, 307888, 499986, 190088, 395363, 8944, 318235, 351738, 72763, 136115, 428073, 323301, 88781, 209635, 54323, 465338, 46376, 106901, 111016, 368806, 335095, 172089, 16078, 35692, 242263, 448961, 458441, 13282, 124201, 8676, 298980, 303068, 205447, 168097, 114356, 376320, 273328, 207402, 71799, 64456, 86442, 126329, 426267, 394161, 41088, 164297, 8250, 313676, 377786, 465245, 107535, 402236, 408932, 165628, 322961, 185985, 215997, 130325, 398967, 444161, 173184, 230755, 325442, 486791, 366237, 208250, 351421, 396529, 24882, 461233, 314147, 438607, 396351, 272201, 131830, 79987, 252436, 284904, 262894, 127696, 179200, 420535, 241468, 38836, 149848, 453627, 184144, 104867, 94605, 313629, 426888, 174260, 61949, 312760, 198464, 420186, 367254, 415869, 273280, 391659, 462110, 8354, 405796, 231058, 133034, 65485, 216502, 321804, 395170, 271246, 102090, 257914, 129427, 427884, 378776, 498110, 393692, 147501, 65026, 418398, 341552, 128, 240763, 188784, 8684, 224364, 241776, 215191, 463376, 92411, 224582, 404445, 458864, 46913, 167250, 305550, 264866, 409610, 194562, 342181, 35681, 48749, 436577, 450322, 386789, 59949, 9992, 43761, 194617, 240510, 244750, 15589, 211470, 491740, 263107, 242842, 230000, 180022, 402174, 372838, 334749, 132813, 153458, 161595, 198552, 274697, 334671, 112119, 468431, 293825, 3063, 461147, 479547, 345510, 333515, 238237, 126002, 278750, 203288, 176140, 373017, 171316, 373938, 60472, 47337, 310079, 458782, 322452, 404390, 2867, 227494, 234325, 379942, 235163, 192199, 400823, 218819, 463778, 376707, 491231, 10337, 281447, 410979, 107434, 444256, 60384, 277325, 166245, 13788, 20275, 57878, 52863, 459532, 310011, 481602, 207839, 408867, 368995, 263959, 397393, 328716, 57860, 107858, 247552, 490399, 308940, 287693, 454322, 374966, 441598, 377295, 65369, 235132, 385634, 499072, 352676, 274548, 465172, 366016, 49927, 36821, 134483, 284209, 210966, 7284, 355672, 308208, 363342, 349697, 53074, 462760, 33274, 311556, 443748, 137903, 439383, 308610, 286289, 69132, 457637, 275205, 359891, 385624, 97481, 349225, 225007, 243764, 234043, 264365, 453947, 124788, 312056, 303645, 465975, 223347, 303699, 214925, 483736, 266730, 78559, 352358, 190563, 185926, 150634, 145361, 215012, 143876, 312679, 330834, 40837, 287303, 309139, 213059, 496507, 64836, 483341, 448534, 67479, 396373, 228674, 214864, 432375, 334488, 177777, 406232, 124932, 161127, 326604, 293342, 139827, 202444, 57134, 27143, 325200, 411644, 460699, 43240, 499270, 32243, 371219, 334562, 358978, 81677, 234549, 469269, 360609, 434553, 312816, 257969, 135724, 314889, 201884, 294464, 472437, 200492, 2289, 168679, 481621, 78668, 491410, 47682, 302877, 126001, 303619, 142108, 200881, 84021, 255702, 356966, 235775, 255854, 261417, 113791, 235658, 446611, 157203, 172373, 34217, 386746, 383724, 275761, 38100, 2719, 365654, 86418, 433544, 398378, 454350, 193415, 249974, 463509, 449606, 64116, 151891, 415896, 496196, 412337, 78076, 305405, 60804, 189118, 440641, 277321, 337920, 325583, 297964, 230007, 2441, 240550, 224514, 243023, 101110, 193846, 499691, 161296, 89645, 307661, 218827, 234559, 280971, 423474, 40356, 240390, 456817, 461155, 468650, 446401, 101680, 360237, 86728, 379195, 221769, 443357, 414670, 183355, 96411, 176117, 236915, 470954, 205477, 146289, 469065, 65407, 14684, 269920, 159177, 416908, 274516, 350938, 68970, 41584, 255452, 39671, 375495, 161922, 310619, 496772, 425790, 261231, 194489, 192301, 157664, 490256, 277803, 398081, 60, 1869, 65475, 488302, 15094, 361481, 310033, 284634, 8043, 44834, 40966, 222931, 140653, 469271, 119760, 56105, 330141, 268901, 253487, 197317, 450964, 295761, 101843, 297909, 218881, 230484, 490113, 233751, 84895, 364345, 101406, 292550, 231020, 287933, 31599, 380189, 28944, 122326, 58961, 423661, 126755, 331338, 365141, 17666, 433629, 7604, 396060, 121695, 202397, 488004, 59113, 251752, 193883, 14539, 152095, 159597, 239517, 410870, 164863, 183091, 383642, 184641, 81470, 80859, 370290, 294058, 48201, 180248, 392755, 325638, 51526, 396400, 459321, 131536, 94313, 353947, 268623, 311954, 245268, 51552, 396697, 49348, 357591, 383246, 294746, 397315, 117196, 388162, 289739, 163161, 459798, 149028, 57863, 180969, 320722, 345188, 197504, 477717, 219857, 438303, 1697, 140326, 460966, 350428, 60296, 138913, 203239, 336926, 318768, 399134, 382260, 434050, 414683, 68680, 200160, 96743, 349420, 408171, 298341, 241741, 274871, 88137, 484427, 452366, 254672, 121090, 346637, 264675, 109081, 252401, 447889, 176998, 464752, 416562, 322895, 356230, 384296, 237049, 436624, 346711, 460070, 317071, 391901, 18417, 42880, 259956, 226817, 130052, 348718, 304565, 347002, 106591, 38507, 363094, 365943, 130175, 99099, 249436, 429206, 431519, 108095, 334944, 50657, 242482, 319786, 246351, 72450, 220631, 314333, 44110, 139814, 222851, 490800, 179323, 317949, 77284, 470606, 495211, 186122, 464437, 453543, 425721, 360324, 292645, 327319, 73949, 335002, 478692, 319972, 94298, 130698, 128355, 362560, 218066, 358253, 15673, 462612, 449068, 484475, 22741, 91104, 55254, 156492, 131227, 212219, 401226, 369539, 267060, 53999, 392484, 381933, 54171, 413503, 282483, 443715, 67656, 220469, 316910, 332301, 22722, 326903, 30640, 309706, 492869, 433411, 176114, 282400, 242581, 487875, 83719, 225928, 354502, 201475, 289394, 470408, 301168, 293599, 104817, 80435, 96816, 290921, 150846, 39103, 402089, 163542, 133601, 31759, 318398, 318234, 377366, 64574, 300290, 93455, 72139, 321191, 69876, 450014, 395650, 498534, 234189, 213111, 40541, 441540, 455631, 131892, 89719, 225712, 325055, 258919, 422611, 123441, 273718, 148845, 159264, 115834, 303865, 289115, 85217, 434140, 401735, 499538, 158256, 268331, 75773, 110572, 39961, 110107, 55145, 134317, 480427, 364400, 351198, 243414, 319717, 351691, 44245, 407584, 410991, 185004, 456466, 31829, 148850, 359826, 499277, 415459, 236079, 313527, 116665, 289664, 14894, 339383, 118432, 245739, 69638, 52781, 43627, 387140, 294096, 217971, 414099, 271897, 87688, 357620, 477061, 92812, 382996, 74160, 176307, 308180, 170404, 460764, 257113, 485338, 163691, 56132, 474131, 238681, 158741, 413699, 356241, 55018, 47515, 77634, 212690, 8729, 102811, 63758, 338593, 420806, 439221, 278795, 94161, 139830, 122265, 31476, 40199, 422426, 371227, 83733, 124009, 298464, 143255, 358130, 303830, 16302, 386918, 57234, 308685, 318347, 165172, 253484, 246840, 302689, 375481, 399449, 409139, 482930, 151181, 202063, 120458, 477315, 214890, 366595, 55060, 249221, 485640, 243233, 157933, 38286, 129855, 58381, 242326, 309160, 383722, 123073, 246592, 301665, 162619, 92033, 430981, 412269, 273203, 255020, 210396, 58664, 60252, 174146, 928, 328587, 29204, 406994, 364652, 488144, 27984, 427047, 26784, 8556, 346830, 307616, 369967, 472933, 439640, 395333, 96066, 141800, 264647, 191083, 53375, 194903, 447273, 245168, 240643, 266868, 483107, 44750, 164408, 96562, 124044, 119109, 317731, 376226, 250542, 450406, 337272, 61328, 468481, 75105, 323075, 308361, 130904, 398375, 142525, 66171, 341293, 144553, 13133, 1231, 251314, 490300, 327263, 55492, 235645, 118892, 497474, 431553, 472422, 326131, 168724, 385707, 463110, 109892, 367633, 203956, 309750, 432417, 414465, 251361, 21492, 345092, 230690, 492143, 385883, 52073, 210725, 84029, 154528, 256208, 462564, 65318, 312990, 225333, 76968, 223282, 415823, 216885, 176423, 192041, 317512, 393316, 100254, 299638, 342124, 465100, 202261, 132970, 447230, 258760, 191807, 473890, 354038, 68913, 18817, 170903, 290762, 426884, 461670, 108096, 342539, 130566, 27979, 221258, 245852, 394702, 286178, 394837, 341120, 108301, 394297, 370514, 255672, 450498, 52003, 173921, 361595, 437657, 302905, 279417, 283256, 252132, 296190, 327688, 94211, 357133, 44521, 299801, 91431, 336406, 92166, 310667, 103284, 18667, 90843, 224236, 384967, 178351, 371398, 477564, 400496, 360989, 485182, 117753, 153037, 154197, 499079, 221436, 297798, 242761, 377870, 200008, 387846, 5201, 348777, 188073, 125621, 41991, 206628, 233351, 262820, 458514, 255586, 24678, 433096, 414003, 391909, 116405, 49393, 297350, 176116, 361585, 481072, 352030, 10172, 39062, 108452, 409705, 220402, 484744, 279977, 51140, 499992, 261452, 153098, 365526, 267391, 306779, 326944, 213255, 419484, 12901, 369333, 499475, 420051, 447089, 48595, 146679, 251538, 267215, 129586, 387202, 267781, 64597, 29092, 480307, 203734, 67560, 25449, 103847, 108419, 14950, 250596, 417048, 29565, 233089, 469298, 27864, 4284, 497872, 438530, 321612, 384943, 123785, 261308, 337371, 373053, 306175, 181888, 223442, 200949, 200822, 393131, 451034, 451717, 352407, 229052, 412313, 439351, 324408, 162466, 197442, 356248, 268282, 302161, 494787, 22574, 149212, 414734, 357963, 491762, 328993, 167845, 291728, 195177, 395702, 78202, 138758, 121983, 34685, 163356, 155143, 41029, 384724, 299274, 482656, 2955, 248356, 100090, 48516, 316527, 227542, 279648, 460716, 483353, 112780, 308235, 430475, 369278, 262050, 466809, 351949, 318136, 206502, 205608, 430838, 18167, 478847, 224311, 93625, 404768, 249366, 266127, 190342, 234950, 473634, 406047, 458115, 32004, 91621, 77451, 75939, 228788, 448623, 196096, 29465, 214950, 332623, 216021, 401851, 186782, 467748, 83340, 283688, 53305, 160193, 374490, 217921, 483290, 45437, 418555, 393456, 176579, 12182, 492574, 156522, 135417, 377123, 243241, 228201, 248237, 367712, 290155, 184798, 396293, 482094, 167404, 392726, 111654, 104429, 202248, 421093, 492329, 446607, 393492, 398323, 220519, 267504, 232225, 80515, 26396, 323137, 31931, 403742, 334206, 287395, 436567, 293653, 51501, 167560, 16103, 140418, 359914, 127680, 162541, 76743, 361398, 122890, 101611, 414413, 257320, 233668, 189795, 135711, 93771, 483975, 9247, 248677, 56047, 24186, 76770, 303521, 101518, 497298, 318800, 15705, 386381, 111680, 291587, 141083, 334006, 38607, 53230, 9025, 342421, 76293, 279410, 408406, 319042, 16291, 219084, 207158, 372343, 397673, 160633, 98721, 220546, 120473, 365946, 453937, 487796, 297910, 102534, 163150, 100040, 380142, 369030, 141775, 36271, 85592, 104069, 1338, 479948, 140726, 201796, 406476, 179686, 337910, 313582, 199945, 477108, 216046, 487645, 28146, 289063, 293624, 9264, 81027, 259585, 2131, 447457, 63654, 151162, 363141, 376787, 368928, 87675, 420534, 456868, 443370, 444207, 236642, 96128, 269311, 422183, 405310, 148348, 16647, 150388, 226528, 151155, 350229, 220891, 159231, 492452, 75013, 133172, 318672, 314992, 860, 231836, 499998, 183950, 301142, 385899, 224069, 391905, 151844, 476694, 319458, 115445, 426322, 124822, 209386, 339395, 83269, 358268, 323384, 229489, 321961, 360776, 212466, 9694, 482935, 409817, 209230, 390521, 451938, 328928, 387296, 162202, 239183, 82311, 426210, 202605, 218185, 5552, 364627, 142214, 10005, 361190, 204726, 70903, 399170, 107600, 233911, 124983, 465734, 168436, 278470, 350105, 175440, 399489, 316517, 276904, 457542, 347775, 220045, 204155, 340998, 384475, 167751, 488273, 74658, 144396, 156285, 8076, 310312, 293950, 143281, 322359, 463729, 347639, 452520, 498631, 96385, 356251, 273572, 363537, 475104, 498318, 87618, 335208, 56448, 58353, 413680, 95070, 40964, 422279, 439446, 84133, 291332, 97861, 449209, 438591, 173964, 207450, 312262, 94846, 187291, 196386, 258114, 120259, 2400, 195862, 254623, 261928, 73031, 81626, 127296, 306969, 63618, 290387, 315064, 263260, 127227, 322975, 409168, 336245, 419637, 275843, 240613, 46109, 405095, 271425, 335939, 213838, 312918, 163828, 151547, 411967, 482724, 443646, 469727, 496699, 93030, 271919, 48800, 418242, 477072, 103649, 205461, 167671, 473773, 473847, 355480, 391449, 143910, 373018, 41277, 382787, 175383, 215267, 37284, 427775, 391187, 254552, 106936, 231229, 443145, 333396, 203516, 449408, 384588, 236532, 346124, 358489, 388869, 16511, 174807, 70571, 38223, 301162, 20751, 211623, 313802, 195052, 250959, 278420, 380833, 13495, 213933, 479341, 369814, 141794, 276454, 282208, 35511, 157315, 122451, 185122, 241080, 307231, 123121, 301701, 200008, 218392, 118076, 486678, 474039, 342575, 233915, 89547, 53898, 344666, 435740, 33700, 143553, 182239, 50493, 156822, 456518, 264290, 447364, 393107, 292140, 353891, 48265, 247454, 182780, 420413, 79980, 236478, 110541, 428273, 285400, 446537, 409000, 378177, 232088, 464334, 161304, 493273, 207782, 190725, 38474, 342206, 221021, 314728, 208118, 228154, 143938, 100501, 201154, 347498, 413757, 49705, 380592, 368930, 299719, 308256, 84760, 324950, 331714, 310463, 288520, 484721, 29330, 78858, 122234, 358084, 304496, 313145, 446008, 459700, 355853, 191763, 456414, 174474, 22599, 172325, 184498, 469034, 417479, 333101, 87061, 278427, 394535, 434252, 354478, 57267, 114792, 62827, 165516, 353947, 111848, 191455, 412096, 412023, 238087, 99473, 413589, 454220, 298688, 162499, 94650, 186814, 150949, 242713, 42491, 241935, 61552, 126766, 498148, 458481, 176172, 52610, 144867, 144057, 315803, 165914, 352380, 158543, 494438, 126253, 7296, 361268, 215277, 21355, 457880, 141718, 414421, 330364, 450883, 408948, 75833, 361183, 97878, 251214, 335035, 24496, 446373, 290089, 170103, 303770, 123519, 91720, 408490, 208765, 241815, 442565, 389569, 217562, 319801, 489363, 22765, 490402, 249553, 275133, 488382, 484464, 457686, 410420, 137066, 172981, 467886, 297392, 152501, 210517, 110057, 487522, 446066, 260024, 316718, 44855, 243219, 242624, 265574, 399201, 388988, 259218, 363905, 61685, 438179, 178586, 405292, 39358, 4596, 209915, 148340, 102685, 135469, 158282, 103921, 391546, 68912, 269094, 370397, 143307, 368818, 380369, 362896, 215424, 340416, 249761, 308619, 359506, 478457, 338470, 228897, 376684, 70164, 131652, 482718, 246909, 13091, 162255, 27230, 221010, 29295, 163247, 447755, 27664, 100173, 140517, 412958, 236151, 75868, 322491, 170040, 357511, 294040, 188144, 466426, 386076, 78321, 294304, 352321, 279670, 379601, 233282, 143994, 271185, 352823, 54386, 489223, 222047, 147304, 361794, 375698, 247190, 130973, 391673, 367816, 418567, 278893, 209341, 370192, 83433, 51350, 468541, 208682, 493591, 494720, 19260, 427757, 61739, 140723, 252613, 68538, 340428, 444471, 126305, 263340, 45469, 453584, 396685, 404586, 211798, 169596, 393144, 17743, 362632, 360016, 405194, 428308, 216889, 128535, 398900, 153198, 236641, 373408, 50825, 459927, 301325, 281604, 459830, 290411, 498137, 191748, 498989, 389273, 410068, 90504, 219751, 240155, 56052, 36583, 355487, 267451, 203788, 387366, 388361, 114592, 451442, 388861, 61130, 493713, 226498, 63202, 62945, 361830, 275927, 104941, 244121, 441263, 37093, 59147, 262539, 314242, 166351, 197389, 331030, 477987, 33741, 201752, 289378, 126892, 23461, 23700, 341969, 466847, 430938, 452734, 161932, 133342, 146167, 368445, 3380, 349804, 157415, 255853, 224920, 348713, 6721, 416398, 361035, 183011, 100059, 448723, 18950, 313972, 76376, 272439, 397096, 139807, 418279, 82316, 436240, 360458, 22145, 218017, 256751, 422370, 44964, 149566, 460932, 187488, 456254, 259463, 152638, 301717, 14768, 425856, 297194, 167334, 151878, 266124, 276139, 334110, 181695, 10793, 187330, 310317, 10596, 58413, 458219, 478023, 92936, 475440, 355797, 258369, 201100, 100323, 55840, 86565, 14381, 109259, 258529, 460088, 436482, 12923, 275763, 376737, 319384, 384828, 311372, 287897, 8473, 108715, 331234, 450873, 420684, 269730, 320548, 323664, 128086, 171171, 305765, 130474, 85658, 85164, 126800, 247229, 463557, 146625, 74025, 126728, 384193, 326513, 350079, 169653, 334344, 433259, 83381, 43259, 55067, 107358, 113357, 450894, 296257, 236025, 310231, 135487, 496386, 221514, 177523, 171955, 45875, 48735, 329380, 168626, 25028, 176784, 241979, 228108, 371885, 295441, 114625, 414449, 242508, 341636, 389023, 403724, 298147, 316683, 138712, 338218, 438060, 334397, 496996, 135621, 172364, 2291, 384958, 313745, 456904, 15386, 298451, 406473, 65316, 473959, 221777, 163401, 73200, 159140, 183375, 22624, 412989, 289877, 440169, 432746, 439890, 330789, 424825, 190268, 341353, 242951, 116787, 66807, 98011, 229194, 460323, 218500, 211421, 229419, 258432, 455089, 320903, 475846, 141900, 1079, 30077, 174687, 87155, 240616, 304969, 419338, 90640, 30706, 297958, 417718, 179620, 414568, 380686, 169696, 122309, 65287, 445065, 117091, 447862, 123819, 342305, 332617, 29734, 268986, 299857, 437008, 216079, 258120, 61022, 480328, 420934, 304124, 5774, 397290, 246555, 278789, 202202, 205295, 105318, 216435, 136658, 144058, 244149, 272193, 323355, 160260, 484071, 52742, 114857, 291707, 32116, 448184, 21326, 290788, 330575, 496882, 11743, 13585, 71693, 276482, 301444, 247562, 497256, 348467, 197689, 228396, 368051, 482325, 149867, 336487, 203872, 31242, 137427, 246687, 278330, 279373, 376493, 287965, 122135, 221625, 449168, 3060, 268455, 218972, 307357, 274046, 25321, 428822, 173583, 79153, 384473, 323407, 382641, 386677, 280027, 447295, 382314, 175666, 429091, 486914, 224798, 8614, 40247, 498219, 218249, 176713, 177961, 239610, 428640, 253819, 322414, 134640, 499324, 68907, 246941, 246124, 40017, 329271, 296823, 394858, 375011, 285183, 237808, 227404, 275398, 89231, 117069, 281467, 395427, 399876, 351144, 177593, 413823, 265101, 291215, 246327, 151732, 105328, 437809, 272018, 271306, 322033, 438524, 499881, 4748, 324365, 70318, 196734, 154506, 101902, 394045, 313649, 342472, 238698, 144852, 499012, 491916, 183776, 31810, 7850, 318667, 165297, 291998, 373912, 200890, 87519, 324376, 407599, 434852, 308105, 242084, 264146, 183614, 164707, 462846, 360769, 259223, 283796, 131876, 440668, 41132, 419907, 76561, 415925, 1605, 129173, 343833, 38736, 163732, 321581, 102072, 69358, 490223, 231705, 103551, 11721, 106997, 360413, 193516, 414207, 222435, 89421, 351060, 36060, 44161, 170323, 33550, 264879, 331496, 13446, 277329, 30570, 177996, 418778, 63209, 176431, 492785, 398775, 212541, 186309, 326951, 240567, 330247, 420131, 139689, 246190, 13537, 493849, 37490, 59189, 392317, 381600, 313486, 56323, 165577, 121332, 75784, 208890, 376448, 341004, 186897, 205187, 193575, 13788, 364448, 29688, 16773, 98694, 101963, 42195, 21600, 149132, 411732, 224973, 56863, 149471, 106043, 390008, 164616, 467794, 44087, 157282, 103264, 154318, 75134, 141934, 439162, 42656, 301197, 105368, 446529, 392880, 322280, 158751, 497854, 372909, 288875, 497069, 409455, 85740, 234394, 401396, 492277, 240329, 327213, 90041, 337778, 10259, 207659, 469668, 30326, 398519, 381880, 225934, 291991, 368468, 183278, 104659, 266718, 317819, 489534, 483222, 259948, 439985, 79859, 341883, 307828, 431801, 184291, 123121, 99614, 358812, 272435, 488047, 199160, 309931, 65886, 19199, 293330, 321938, 410582, 183565, 331407, 344400, 418492, 213879, 432471, 410735, 473026, 289180, 477024, 135491, 262239, 277804, 63125, 407591, 56711, 410215, 492497, 420479, 324536, 429270, 40249, 306212, 248440, 281994, 109113, 104506, 192434, 34379, 317234, 212896, 321481, 246507, 98114, 87363, 189438, 35544, 202645, 153113, 383386, 378551, 115781, 390770, 148722, 300047, 364552, 419121, 71961, 182143, 388952, 122945, 341356, 380495, 260777, 237610, 109490, 136088, 87316, 47867, 251761, 45319, 58129, 450290, 385348, 364864, 158978, 341792, 105613, 46848, 68500, 219577, 220719, 175474, 13080, 486569, 354922, 249520, 145817, 163303, 239577, 489782, 116942, 367699, 217538, 387369, 254363, 127517, 239204, 101501, 354236, 223690, 106991, 190633, 142842, 295181, 67142, 254594, 350157, 56812, 269177, 301943, 250882, 52851, 422336, 70901, 147611, 70304, 255235, 262368, 257166, 222575, 104496, 427432, 95436, 319865, 376519, 149520, 368705, 337396, 32674, 167747, 463171, 57870, 400984, 2480, 387822, 468498, 376957, 60665, 292715, 121484, 407925, 322992, 452406, 186759, 200449, 24856, 61000, 94282, 393652, 114310, 129891, 96807, 43498, 330445, 198834, 407391, 494296, 9508, 177486, 227115, 288749, 158047, 447239, 290685, 311017, 396604, 493378, 345276, 374082, 172827, 155461, 74351, 282960, 67529, 449849, 42660, 198550, 353739, 110154, 421874, 21339, 198869, 263340, 399731, 202759, 64935, 176474, 452560, 448171, 259782, 37557, 282855, 78368, 258645, 396615, 207176, 259507, 95335, 336641, 484333, 312515, 78680, 487849, 164627, 224020, 172196, 332589, 75519, 90560, 249446, 389415, 499589, 6507, 385804, 11538, 453136, 379614, 77481, 115463, 274315, 38606, 222202, 239823, 64367, 458557, 471659, 401119, 455737, 41356, 493702, 210299, 18529, 5022, 257511, 416171, 76378, 217306, 206174, 136080, 428369, 112925, 447302, 439163, 454267, 294474, 396137, 98850, 75410, 114743, 428554, 460600, 416939, 347234, 93542, 471566, 378344, 157968, 214455, 139905, 122303, 43562, 10119, 65451, 429237, 438218, 448162, 185210, 427252, 39092, 251804, 161007, 451050, 334708, 155485, 207428, 376617, 296738, 462982, 228484, 278473, 179988, 7253, 166117, 180344, 376229, 149842, 320614, 142320, 106764, 321119, 260038, 218933, 273572, 244419, 345118, 450611, 354079, 248833, 94279, 58680, 416738, 41783, 457793, 283974, 44955, 240050, 42788, 428266, 412258, 496308, 436069, 331371, 251917, 373123, 471764, 399287, 432150, 333402, 321468, 443699, 196375, 171049, 368413, 336698, 408086, 23780, 348588, 91959, 102940, 397143, 66697, 51803, 6515, 238753, 229942, 77779, 340052, 150517, 359624, 238542, 142056, 399528, 445665, 84807, 63900, 126974, 449188, 301214, 131733, 134959, 421658, 232619, 332866, 88715, 254510, 177853, 417192, 321628, 1290, 142714, 359837, 384184, 91385, 176360, 48235, 177712, 115680, 284689, 290171, 265290, 147136, 425765, 456285, 154510, 144175, 49042, 499451, 219253, 41874, 213597, 116129, 424144, 136919, 6122, 464920, 178182, 434853, 13782, 4711, 322234, 297766, 439128, 488664, 11654, 237116, 387618, 417424, 408459, 304713, 391834, 257151, 141873, 238729, 465534, 383303, 467582, 186219, 428205, 418860, 191032, 263460, 322038, 82986, 289678, 141519, 451778, 118159, 363902, 166794, 22260, 162795, 363221, 58695, 273745, 163592, 308322, 127577, 345328, 441691, 99078, 106097, 44776, 69138, 225123, 140487, 256022, 144451, 474625, 251562, 479671, 478787, 63691, 222129, 398483, 204284, 82426, 430839, 419484, 41358, 112312, 337699, 177022, 298591, 54499, 426509, 157723, 366326, 148229, 348960, 212362, 175115, 207983, 222814, 166717, 147607, 218550, 330433, 30229, 392741, 40516, 280738, 203787, 315451, 175535, 480174, 467334, 199482, 179280, 245158, 188342, 118629, 231872, 314594, 293162, 73556, 457181, 218068, 498086, 318375, 126322, 47214, 361842, 351706, 468872, 236131, 126383, 72150, 478906, 402535, 197295, 403783, 45514, 76270, 287090, 69217, 385426, 426765, 385928, 21118, 245887, 167289, 33385, 414864, 168800, 362494, 179135, 63907, 398815, 210219, 491566, 413071, 276905, 22021, 119589, 419819, 101429, 188702, 50386, 258471, 108001, 225769, 425006, 54, 184874, 287361, 68465, 38783, 43379, 70326, 317430, 206475, 204735, 31239, 15091, 183713, 168597, 279138, 368703, 117801, 216614, 50603, 10396, 448438, 30220, 360422, 311941, 408779, 478473, 225717, 422234, 476695, 2976, 321847, 409361, 152136, 164214, 20903, 131574, 185652, 319616, 333418, 494278, 268979, 104124, 423056, 491622, 360966, 72673, 438956, 420331, 356540, 455778, 5511, 183715, 67210, 102378, 270791, 42868, 259584, 85784, 198815, 228680, 386379, 111166, 409071, 379626, 103652, 150913, 269225, 323413, 103297, 366428, 26715, 138304, 414657, 288947, 364045, 206061, 458406, 315715, 358987, 368762, 311132, 38054, 100233, 342926, 462031, 147478, 484855, 236588, 497658, 282376, 306369, 195774, 73511, 372895, 26900, 1582, 146463, 486895, 281370, 263034, 52861, 93025, 325665, 213244, 443501, 129356, 429616, 205969, 391444, 472368, 249306, 307245, 448665, 405715, 340849, 445711, 130554, 299524, 495407, 382668, 322130, 45244, 339538, 20390, 124275, 149362, 243450, 54339, 339494, 126022, 196782, 58912, 438795, 191771, 77800, 277431, 76936, 107673, 423804, 255942, 491630, 194624, 344898, 389669, 218965, 175522, 247463, 123847, 36041, 149519, 158182, 379849, 192207, 148227, 137022, 100449, 219507, 345706, 217862, 122023, 24622, 92769, 481268, 398705, 316427, 286877, 104762, 197250, 375770, 211251, 389516, 86564, 271393, 210594, 439864, 167142, 379127, 322729, 35851, 123372, 480967, 373734, 184025, 242288, 332094, 35061, 110762, 377146, 366226, 341371, 411751, 399551, 483085, 286593, 370328, 407195, 35776, 415626, 482827, 11676, 490385, 122477, 448924, 173474, 345289, 333197, 235561, 483042, 159345, 33144, 53362, 202042, 261848, 419433, 133831, 458756, 320568, 493268, 129639, 182286, 450035, 78884, 14805, 242262, 446743, 355481, 236956, 481104, 208663, 327604, 211178, 232746, 375754, 397690, 369920, 333619, 24617, 465181, 371698, 187067, 422255, 32809, 82551, 353625, 156634, 39216, 138024, 321448, 402866, 283300, 209436, 139451, 239210, 163542, 225409, 281962, 64910, 87945, 415176, 254670, 363636, 332955, 1640, 228174, 322182, 264433, 383235, 292682, 176713, 229828, 335197, 124995, 426400, 182075, 72316, 446317, 23445, 260888, 142520, 352414, 421695, 253768, 477334, 495536, 192218, 419820, 212019, 92506, 415015, 287646, 434409, 52594, 127410, 177755, 196873, 281717, 248668, 430608, 269141, 130981, 276212, 359915, 155362, 174390, 189917, 387018, 89735, 379736, 199203, 290158, 23326, 394980, 78211, 37776, 336862, 498045, 317421, 79306, 166600, 305470, 281321, 257539, 435293, 313550, 432541, 46856, 113210, 117103, 482653, 419698, 239453, 436681, 452179, 367810, 99059, 389539, 304325, 300805, 11050, 213752, 163693, 253658, 426362, 53613, 7841, 173132, 25540, 459508, 364633, 468219, 50722, 369210, 424865, 176844, 77997, 127371, 250596, 363193, 342321, 374825, 339665, 236455, 313578, 21613, 466640, 125449, 498453, 299452, 326885, 289561, 222727, 96919, 487477, 488879, 14289, 306872, 291433, 45874, 87161, 52538, 305980, 56802, 49967, 64762, 255694, 473448, 47303, 139767, 405551, 299027, 259860, 227149, 118319, 371873, 23953, 414822, 43650, 316668, 161474, 395944, 320513, 125478, 498601, 413069, 335712, 271753, 179644, 409020, 49733, 294153, 27758, 238106, 296223, 354169, 296687, 36073, 463716, 16, 472444, 300708, 459173, 491274, 90478, 63325, 256342, 339677, 125714, 417605, 322904, 139892, 177573, 35628, 244564, 201972, 59693, 273986, 2143, 24264, 297974, 196543, 373569, 45195, 423683, 17119, 44295, 429095, 97848, 147334, 367542, 53989, 245469, 354799, 456446, 117506, 179899, 450588, 279248, 387304, 389746, 464356, 331284, 188772, 6390, 285461, 164330, 38234, 186185, 226325, 257116, 70441, 420058, 33198, 266250, 5302, 216725, 484993, 376398, 458357, 47501, 231468, 304485, 51784, 14508, 112901, 403743, 272960, 477224, 82013, 4620, 9838, 33669, 163151, 310998, 13889, 318422, 121117, 160133, 236685, 62192, 429817, 61572, 73728, 299580, 330229, 13417, 61008, 460726, 204861, 494147, 484021, 65206, 439604, 79056, 127705, 63292, 385569, 178943, 305169, 336890, 47089, 56194, 132014, 62841, 115924, 180140, 169882, 325289, 410193, 348970, 486064, 493181, 43710, 264089, 258391, 43789, 426203, 263300, 175482, 447493, 92905, 390132, 364534, 2432, 418712, 97318, 44030, 358819, 133536, 83580, 236707, 468988, 380796, 89869, 153135, 488323, 57892, 353960, 208230, 439471, 196298, 122385, 242340, 197636, 49568, 110781, 140511, 114254, 226622, 55386, 362192, 51051, 47451, 467414, 28741, 193392, 13619, 444275, 167987, 262558, 289014, 164076, 54690, 237970, 64602, 480010, 205853, 142275, 11491, 212497, 278383, 209772, 368087, 200738, 474533, 491981, 236147, 161850, 412597, 146040, 50589, 70632, 126680, 175081, 92089, 351793, 294214, 115251, 19868, 385379, 371629, 111535, 239500, 393040, 466781, 42876, 158482, 330263, 301882, 49903, 487078, 308375, 200018, 412539, 383911, 114988, 484666, 75068, 322916, 311772, 228347, 203545, 285133, 211856, 67071, 340842, 258609, 94443, 464168, 63009, 157612, 222349, 124138, 384636, 217315, 428518, 233840, 132075, 485345, 114321, 45726, 344107, 379474, 6842, 86199, 140267, 204591, 223479, 422946, 383598, 353082, 31031, 162270, 421549, 382930, 151418, 203051, 167981, 133343, 199437, 493833, 172449, 401769, 139757, 491135, 41061, 493936, 242026, 376684, 476507, 210988, 106372, 51051, 232321, 62427, 185057, 123254, 80160, 367870, 396059, 61326, 454163, 285509, 336155, 39657, 156903, 57830, 464150, 74865, 140736, 271372, 140302, 211160, 474405, 270371, 200420, 347817, 417468, 324499, 308700, 194284, 197749, 78339, 179988, 95277, 64601, 53040, 172036, 359655, 367234, 412661, 3180, 335315, 479145, 382055, 190497, 247387, 320621, 137529, 182689, 434112, 252406, 301098, 341411, 435325, 422737, 15567, 124731, 117689, 248044, 139916, 484416, 317839, 283818, 496124, 197079, 172623, 150507, 426073, 465060, 80735, 71182, 50865, 81767, 280469, 229834, 472781, 204117, 160447, 39078, 120121, 407862, 175609, 340062, 450036, 117654, 90577, 288403, 435259, 8230, 269893, 390267, 70603, 251343, 67981, 274973, 3129, 156868, 486481, 220984, 446276, 404926, 276127, 205863, 272820, 341940, 427375, 220856, 142858, 102012, 237593, 466246, 158908, 103262, 344373, 41851, 15887, 461978, 74544, 121949, 137064, 55382, 143660, 284631, 181605, 58563, 90686, 387576, 187285, 339207, 100164, 36114, 248618, 288339, 307237, 330114, 254329, 244500, 79886, 151287, 180093, 315694, 407411, 227176, 427475, 457644, 263292, 104246, 33525, 401089, 55300, 276634, 22446, 483920, 443457, 7181, 85816, 225379, 209714, 65473, 362596, 168554, 2868, 386025, 428779, 351669, 215042, 211177, 467641, 59312, 150320, 308387, 169088, 466861, 34975, 389020, 60257, 393553, 253948, 147064, 156184, 128803, 108568, 137481, 299180, 89734, 464742, 95814, 352213, 200107, 399423, 374700, 64459, 246785, 489780, 356828, 199348, 383738, 440695, 100710, 34449, 484636, 110561, 111271, 385106, 490624, 322070, 194238, 358197, 111161, 224338, 190759, 466822, 212900, 145030, 153044, 21997, 486774, 109077, 83942, 158449, 427797, 359042, 329698, 35330, 20863, 258319, 176014, 221019, 460522, 63179, 496926, 194250, 220385, 245462, 169902, 353233, 151462, 59963, 443477, 34083, 355314, 235999, 47731, 356099, 157295, 357858, 276660, 230293, 92943, 130077, 114820, 160430, 386198, 373911, 89420, 465475, 47945, 230369, 161619, 70138, 187954, 151807, 6099, 28222, 247749, 433528, 187569, 399706, 457660, 224175, 254189, 24575, 493823, 302355, 406904, 442541, 314251, 320642, 156590, 97258, 379853, 30863, 456230, 443649, 179925, 184992, 414415, 276170, 251935, 375712, 250711, 293689, 1175, 398994, 146315, 100992, 66613, 51143, 53308, 207867, 146111, 166864, 219431, 399359, 345205, 195585, 196724, 211267, 401137, 472122, 457714, 412699, 397572, 396802, 401422, 168596, 218582, 20504, 474493, 332850, 449373, 102971, 417386, 116125, 156367, 350301, 442484, 334480, 33458, 437947, 149085, 312949, 382545, 364601, 486698, 27525, 143766, 477835, 142967, 372335, 393445, 372054, 307226, 153850, 151602, 450672, 243238, 412579, 25821, 203254, 482485, 308985, 471622, 194846, 31602, 33626, 214854, 282999, 106338, 155665, 31472, 397340, 26067, 483452, 237244, 359632, 256157, 131494, 263931, 262171, 431075, 143459, 231127, 229255, 16512, 378332, 401229, 435903, 81808, 230653, 83717, 167246, 25161, 82124, 439490, 56835, 225345, 380848, 253821, 193659, 384912, 226228, 147330, 423917, 380097, 402914, 346312, 379097, 429264, 297947, 367307, 142170, 280128, 410198, 76106, 21164, 454661, 94899, 443545, 314402, 192620, 448602, 217699, 88855, 102615, 300387, 416908, 342148, 316933, 77048, 56768, 273186, 348400, 333232, 227457, 370357, 485681, 82521, 300787, 81617, 253631, 19043, 461673, 332372, 462975, 371523, 175048, 457365, 233170, 185120, 77573, 282565, 154968, 164081, 492783, 227936, 498821, 49514, 399670, 186481, 276173, 128464, 279416, 436688, 231954, 259493, 118678, 37214, 394757, 122820, 157833, 334650, 158280, 10166, 139371, 111321, 463009, 350490, 307640, 421618, 75788, 109056, 340213, 328272, 472772, 64761, 151751, 169567, 175582, 227724, 271779, 248196, 372737, 151020, 134512, 272399, 426659, 477674, 325752, 187251, 311942, 136236, 193616, 481667, 286144, 294365, 117551, 18135, 325730, 287639, 495690, 63291, 73237, 156520, 62698, 139620, 128338, 435864, 161365, 269317, 44665, 349116, 345867, 109546, 304695, 443657, 222438, 216833, 324022, 317105, 425609, 175454, 478346, 307095, 470112, 195974, 485184, 403788, 448775, 327703, 373880, 154513, 196404, 181385, 326062, 91388, 35012, 143200, 287869, 307907, 493760, 143889, 40304, 139392, 134352, 264302, 443033, 60875, 474225, 9235, 169089, 135185, 391477, 133937, 235659, 431721, 375775, 76368, 431896, 265848, 238899, 476769, 475214, 275869, 446200, 168342, 464138, 89996, 229830, 129379, 437949, 260674, 12918, 446155, 196679, 36346, 129237, 464675, 223505, 286550, 108523, 260422, 430451, 101225, 206837, 402717, 408301, 161734, 289391, 497905, 348706, 337977, 350908, 60028, 191943, 48484, 8060, 47808, 420916, 102108, 84972, 164491, 286644, 476512, 141929, 57984, 209276, 30301, 486678, 420533, 276080, 357722, 105743, 124817, 290178, 75819, 42314, 307473, 168312, 315026, 303350, 369032, 117432, 221947, 365242, 2724, 149017, 127363, 393924, 356263, 454615, 249937, 173917, 406591, 83551, 16831, 74386, 174433, 197762, 19851, 386937, 255829, 439348, 328811, 1632, 289777, 197375, 415908, 119298, 492936, 341749, 100253, 17079, 161988, 436430, 245921, 387471, 36333, 463835, 373396, 67840, 444950, 432973, 22228, 174966, 53727, 422489, 163601, 70915, 466320, 190053, 112258, 213125, 137687, 419416, 401314, 4841, 81186, 147436, 28285, 322762, 415493, 83573, 379698, 155426, 275504, 124452, 234214, 496774, 164219, 296014, 209180, 423968, 339200, 310991, 259972, 441557, 82498, 302335, 196616, 209019, 353808, 213826, 353961, 166831, 60695, 173241, 3817, 485058, 47121, 497739, 108233, 215782, 377344, 314275, 1066, 148436, 330186, 170619, 33123, 35953, 266848, 456902, 412087, 296077, 425169, 391884, 429318, 381092, 215860, 379440, 230857, 243719, 425980, 119148, 451943, 335709, 190390, 92399, 368777, 449147, 172053, 493555, 283768, 121578, 80152, 81660, 492184, 68145, 124443, 460436, 244135, 431234, 243662, 462273, 393747, 271423, 316275, 332365, 131071, 100616, 119785, 152803, 47107, 315074, 248918, 78334, 234697, 364439, 466829, 395580, 290485, 349118, 140062, 107841, 242135, 425340, 470398, 288683, 265510, 248394, 4565, 231480, 386940, 141525, 323750, 51671, 292295, 227482, 313427, 61276, 111979, 156348, 287531, 392624, 62711, 481845, 146598, 141641, 350525, 486608, 122917, 485242, 149144, 377383, 183443, 478187, 343242, 77712, 143658, 282289, 157167, 13728, 403365, 202092, 470493, 37670, 333441, 492680, 248146, 188111, 203941, 264757, 267675, 297014, 341425, 104658, 269109, 339085, 93841, 225201, 52211, 426292, 304326, 233518, 168205, 114601, 496069, 177887, 206824, 492091, 38088, 387338, 253299, 336405, 211214, 108041, 177779, 350666, 213861, 180958, 209847, 307602, 284421, 311864, 408636, 139155, 49441, 312311, 76427, 79438, 275256, 292582, 408056, 388629, 377125, 232649, 44411, 240158, 342424, 120242, 61845, 150207, 419073, 240750, 486398, 484608, 246554, 467511, 446100, 263292, 65790, 234117, 152248, 257113, 447733, 250417, 174301, 13732, 211617, 400598, 145650, 129097, 490830, 229372, 71738, 80677, 342872, 8772, 470513, 338197, 117829, 125209, 279816, 386995, 458896, 493362, 124387, 177097, 342574, 467297, 70884, 466579, 3487, 232340, 48169, 229192, 490116, 91374, 236826, 402735, 406875, 200450, 226003, 237311, 92600, 316152, 460686, 451976, 53416, 83922, 434137, 3482, 229573, 257072, 194474, 100788, 375466, 185148, 338322, 324961, 443166, 389297, 29124, 387387, 385614, 17668, 13023, 156092, 110554, 191621, 182533, 210317, 269599, 384221, 326075, 183527, 303219, 401235, 88655, 212627, 167792, 317196, 140700, 323003, 80001, 39430, 377752, 264437, 386997, 91698, 250086, 451339, 245396, 473698, 475721, 78960, 333678, 281671, 233167, 478228, 293690, 352695, 341242, 378515, 153035, 284202, 491099, 268336, 379782, 237991, 369980, 443451, 437390, 387979, 169463, 311745, 484517, 55632, 169137, 385310, 383238, 422715, 204535, 335704, 306605, 385710, 363227, 156215, 45547, 417516, 141897, 200497, 6893, 305845, 67191, 261002, 487504, 459650, 125291, 158338, 362507, 248228, 425581, 321356, 288952, 68196, 106837, 34618, 203302, 491540, 264029, 371917, 410421, 437990, 155483, 330015, 303383, 20557, 228048, 79067, 261450, 453870, 474631, 38623, 94731, 105682, 238791, 25492, 499754, 141226, 146472, 490035, 153282, 260535, 451524, 232094, 319470, 216135, 164754, 233199, 432053, 489798, 458608, 399334, 94786, 79714, 16312, 272044, 458065, 384002, 236935, 351754, 151531, 22228, 409063, 233327, 73710, 140697, 331093, 384270, 337327, 303349, 325104, 233775, 388492, 309998, 217660, 79945, 104083, 460334, 493319, 478832, 406502, 277489, 76225, 402071, 226966, 137894, 176880, 374935, 252005, 39157, 64304, 213498, 4127, 77285, 112384, 483771, 493561, 178865, 249698, 88284, 318278, 354018, 218685, 337533, 85435, 200633, 133496, 190759, 380372, 382248, 348894, 214920, 72419, 366014, 256210, 375487, 245998, 195653, 463677, 183584, 51261, 247217, 151698, 413629, 76931, 34484, 269258, 234518, 50082, 226479, 465033, 212224, 143163, 105846, 108448, 154869, 1345, 128022, 428476, 91283, 488538, 249129, 1767, 439510, 30153, 485217, 310689, 274082, 77064, 454623, 264698, 217309, 40889, 13912, 291249, 15245, 320929, 80082, 55323, 100372, 455225, 141169, 349013, 296835, 51116, 416557, 326598, 180903, 184218, 97305, 490032, 244986, 65666, 306777, 140085, 393433, 71650, 252079, 426898, 320842, 388879, 136323, 498660, 72170, 408729, 264905, 164099, 152674, 418613, 71980, 49636, 396550, 327664, 243051, 292346, 52699, 180561, 179873, 181562, 247182, 100073, 370862, 369309, 297701, 241509, 200042, 25793, 317021, 431566, 165298, 499942, 185422, 466183, 407638, 404978, 371805, 11336, 107434, 368365, 56580, 71474, 209757, 191263, 340665, 272109, 21498, 271545, 280996, 219835, 415587, 199380, 291419, 84980, 5973, 281478, 148742, 83785, 36475, 108846, 318610, 497730, 135730, 314844, 297770, 2960, 125822, 335158, 184123, 253324, 55376, 253998, 457563, 1770, 211743, 116414, 148651, 389636, 36904, 321014, 160818, 417096, 249372, 343720, 11919, 205868, 244493, 394354, 312306, 294489, 351126, 34827, 463672, 444580, 198732, 375323, 323400, 496363, 42990, 347106, 241177, 339493, 172144, 493629, 260399, 347076, 181828, 158720, 330170, 213356, 342237, 60624, 211521, 343737, 367843, 88414, 1387, 269306, 415680, 476630, 346507, 477883, 221261, 436401, 286125, 139542, 99532, 254840, 8194, 339446, 44307, 290677, 209042, 209167, 343527, 403618, 495831, 188366, 78201, 398324, 222202, 487638, 360878, 67097, 469067, 445141, 255369, 410713, 93945, 427902, 444821, 102114, 305837, 220380, 400344, 282533, 13179, 309904, 448477, 271728, 461656, 82380, 331764, 495270, 370552, 432635, 402762, 18239, 438058, 477681, 327292, 43443, 13401, 174237, 66720, 176067, 409513, 452870, 470057, 493630, 313271, 316746, 95469, 100607, 324346, 114278, 428307, 437733, 223855, 461629, 131347, 83959, 256424, 325941, 50559, 127857, 90111, 53339, 382760, 125832, 127336, 475569, 243766, 322840, 479382, 171845, 426617, 383164, 87060, 88957, 439244, 416788, 440434, 476258, 335689, 263930, 697, 256104, 63111, 227377, 444171, 197654, 425521, 377986, 35686, 326601, 143972, 167049, 159085, 387682, 351250, 136384, 381191, 423044, 65989, 367785, 123478, 274484, 186648, 483385, 246414, 82217, 414963, 495681, 313790, 392159, 371749, 420253, 105376, 160498, 476763, 329207, 482321, 18970, 202523, 67830, 185963, 79181, 458568, 331133, 91362, 467049, 304891, 478613, 178603, 85835, 275003, 152933, 397065, 274968, 319449, 346788, 104146, 111821, 328358, 385748, 410670, 387178, 441966, 324071, 71901, 179769, 182189, 204817, 450219, 421936, 463021, 127353, 395726, 324585, 196692, 430624, 75823, 322554, 266139, 85929, 416239, 86742, 18769, 135642, 323810, 358594, 185737, 31242, 391482, 393344, 416370, 333681, 160814, 495368, 390589, 481984, 464396, 86878, 187867, 359206, 74496, 285678, 144387, 155254, 288969, 492430, 360377, 380049, 269901, 221142, 164079, 129377, 357852, 187466, 338112, 25806, 402632, 392552, 410440, 177157, 366158, 62540, 312522, 250366, 273582, 178868, 150639, 217922, 171747, 474142, 457591, 168986, 26236, 198496, 78375, 459224, 107675, 250306, 18185, 160182, 435004, 303447, 222358, 439673, 160416, 267761, 139464, 390513, 187679, 191165, 397539, 322554, 73441, 8304, 142423, 140753, 402271, 115057, 427017, 285252, 420792, 157160, 180385, 266130, 19403, 293719, 174424, 128498, 438656, 311998, 362296, 494702, 9766, 314542, 180516, 276797, 1416, 110435, 85188, 442863, 130779, 383941, 159699, 151477, 347229, 7251, 497484, 161654, 58836, 279078, 38194, 412562, 426244, 453607, 328990, 53203, 221494, 242389, 340771, 171923, 333882, 54948, 442485, 127471, 395177, 423932, 83437, 106520, 236957, 470139, 139989, 47689, 435797, 365857, 9895, 174382, 305915, 318000, 6986, 427432, 314027, 389057, 89280, 419049, 1500, 356404, 394394, 363052, 79493, 271369, 413597, 236240, 115215, 95102, 328970, 428659, 114617, 134396, 324273, 215756, 367752, 57539, 65801, 348846, 56992, 124965, 337182, 137324, 195111, 81393, 381829, 436211, 397244, 61999, 350857, 81823, 391825, 196321, 127108, 19549, 334852, 194590, 14209, 382220, 279934, 61792, 320119, 69543, 25919, 147110, 130113, 364843, 262442, 452742, 165647, 418102, 375960, 18787, 496550, 486520, 66380, 47148, 329911, 316104, 300908, 491493, 70470, 158078, 217707, 324283, 432030, 246176, 381815, 138161, 58060, 34301, 398427, 285735, 358722, 302012, 50283, 477100, 29387, 485699, 243516, 388814, 55396, 387546, 446919, 429440, 293462, 133328, 225919, 48716, 23460, 347649, 117771, 140655, 63286, 447242, 346090, 498241, 456020, 244767, 334109, 207262, 37171, 489371, 255596, 474025, 410127, 121517, 483877, 130396, 156632, 102987, 417026, 226009, 310435, 124134, 41344, 120724, 144712, 183510, 103796, 485865, 303995, 378589, 215873, 305985, 139771, 268385, 163464, 489186, 279411, 71990, 31594, 157414, 156157, 216227, 251056, 337029, 326809, 375915, 200362, 33179, 473698, 244010, 355619, 18824, 382392, 322916, 123201, 122567, 371681, 356211, 201682, 432545, 231008, 107062, 463996, 131297, 313393, 278189, 253601, 224405, 200912, 396932, 495947, 419698, 377493, 261358, 27626, 498162, 271123, 231682, 274125, 41331, 69568, 227133, 135977, 262015, 347848, 26311, 200, 232646, 424701, 468746, 12397, 478074, 75555, 84248, 295014, 460493, 185335, 397323, 218036, 147327, 152052, 15950, 456051, 168115, 265614, 423965, 27313, 376568, 35032, 371334, 370469, 187458, 7041, 71803, 241650, 335467, 394442, 162458, 214398, 94239, 394942, 6369, 112795, 375955, 65839, 489231, 73186, 246580, 392709, 267921, 146622, 437974, 183979, 363674, 284359, 276417, 198791, 399753, 62549, 146637, 449515, 231734, 100735, 173346, 330104, 330060, 285741, 330729, 113800, 362576, 314498, 317507, 157042, 123000, 488058, 464529, 302674, 141279, 324124, 104344, 110576, 40874, 381505, 303824, 285561, 415705, 16651, 490292, 90483, 339376, 224339, 461926, 310430, 298180, 232275, 335486, 465744, 325545, 184094, 412936, 38616, 382244, 206333, 458740, 395822, 204042, 3435, 54128, 366740, 453443, 412438, 133104, 359118, 329018, 181876, 238589, 391392, 179708, 223636, 203176, 46972, 323403, 112568, 349411, 300441, 58877, 403954, 182222, 220966, 428693, 165363, 69270, 166183, 47458, 222858, 431605, 316629, 201817, 464135, 72470, 300151, 460711, 312199, 242265, 409524, 228701, 239894, 140780, 358500, 193417, 78332, 57559, 1242, 96957, 203232, 347585, 403583, 336661, 125994, 246076, 245331, 360115, 412058, 468360, 368957, 74168, 84875, 86318, 116201, 396282, 85650, 150409, 392719, 476545, 120553, 278587, 437809, 56893, 49304, 123862, 18204, 266161, 181741, 296664, 314980, 128963, 292664, 13239, 255787, 337849, 316124, 399038, 3186, 4459, 85270, 281326, 289316, 233415, 428994, 439934, 25294, 152887, 308668, 308107, 5986, 494886, 269394, 77778, 365403, 460247, 361993, 308948, 430185, 125041, 304142, 412381, 121396, 281378, 377877, 89480, 401242, 226325, 494568, 320243, 78233, 375774, 398953, 281907, 337582, 249463, 375440, 279512, 94165, 249047, 66963, 290298, 30392, 31158, 371086, 147603, 66087, 293475, 140394, 291248, 337338, 416441, 276878, 260846, 471821, 280648, 278604, 82501, 140716, 73948, 326376, 443148, 487256, 195276, 220632, 155709, 368904, 203189, 213381, 471778, 294339, 236129, 436328, 253048, 185388, 181424, 180449, 247505, 395120, 163512, 210513, 81855, 441846, 22867, 408668, 257556, 239298, 188426, 394008, 433019, 265646, 389765, 150903, 353486, 288297, 323496, 466577, 143941, 57621, 373508, 111500, 87698, 170672, 1040, 165067, 213744, 359374, 317131, 286640, 448826, 2404, 261514, 357472, 495826, 315947, 57323, 71639, 157424, 165819, 385048, 163386, 239322, 25638, 362160, 119216, 247887, 125332, 49749, 8967, 175656, 183150, 424063, 422468, 2315, 89347, 372391, 148914, 30195, 256458, 193209, 370349, 384777, 207504, 202858, 444410, 199738, 141146, 330741, 378316, 215353, 23257, 32619, 201124, 48722, 68306, 200137, 297282, 308299, 215455, 216463, 109771, 90425, 354652, 219744, 264367, 339783, 427978, 395940, 473566, 251010, 411808, 351271, 117506, 12101, 235344, 193916, 321477, 204683, 431350, 230306, 299618, 229205, 413561, 260523, 4532, 33639, 99844, 74741, 53680, 430441, 38916, 48305, 197257, 8937, 322653, 159740, 299548, 340681, 22053, 343331, 259318, 222899, 303515, 409188, 255537, 473791, 279071, 278619, 102014, 131123, 211947, 8286, 43761, 69138, 157278, 435888, 81552, 37147, 412943, 340224, 497922, 392886, 115803, 23524, 481137, 355730, 314109, 200718, 204914, 310576, 291139, 186986, 194585, 412562, 400605, 371804, 403579, 163382, 330358, 265499, 334660, 9884, 395072, 457182, 314523, 34600, 6380, 7935, 201290, 422147, 446766, 144129, 488363, 112457, 101150, 89584, 213825, 293607, 241605, 321507, 306930, 29465, 8890, 456015, 70318, 266989, 43047, 120380, 60485, 245901, 453295, 401820, 482112, 70643, 109472, 402488, 83783, 163015, 83586, 174994, 348899, 84849, 339799, 34083, 269977, 112295, 36948, 471280, 145353, 15109, 319762, 15445, 91297, 82288, 148179, 149191, 251783, 258445, 347286, 119518, 242969, 479300, 320269, 375930, 31367, 47289, 192041, 397985, 10125, 428845, 233404, 131254, 42963, 163919, 439627, 133678, 196279, 186867, 216045, 26172, 39342, 71704, 379792, 392039, 281781, 253396, 246681, 124705, 311100, 327828, 349333, 438873, 312604, 474237, 9823, 316076, 478448, 303205, 443536, 144398, 402814, 73438, 329532, 436021, 198147, 439589, 495668, 226049, 239926, 21930, 488568, 91138, 290356, 457959, 325423, 416629, 375225, 177921, 275557, 222296, 357709, 493859, 264993, 364054, 325885, 282417, 126937, 78918, 468626, 290793, 212950, 405836, 312665, 90917, 167430, 130287, 362091, 481454, 206125, 96644, 258000, 338250, 409167, 412692, 412077, 429346, 20604, 425358, 106572, 397488, 157886, 446343, 131999, 384497, 351461, 214365, 67683, 91902, 37479, 135864, 237580, 95432, 428910, 467501, 350333, 180261, 241336, 64388, 434180, 173707, 381369, 124003, 241559, 303201, 66165, 105013, 276598, 94975, 67922, 247487, 312530, 413837, 58073, 360573, 181395, 174024, 424124, 243147, 461469, 192245, 403873, 100606, 178573, 444422, 491669, 163639, 383925, 268580, 52342, 291980, 96822, 19362, 95432, 483654, 67074, 367219, 463665, 382610, 310409, 137407, 7425, 351283, 115261, 77473, 276400, 142005, 209721, 149142, 462234, 188030, 73388, 51637, 452004, 49499, 341583, 100782, 122966, 360775, 359685, 193792, 109395, 333802, 191811, 3031, 69598, 412094, 243955, 498929, 48830, 335275, 453059, 186289, 33110, 147775, 287903, 295576, 218013, 238176, 355594, 255688, 129019, 283025, 490918, 447417, 159934, 145556, 101958, 135389, 234324, 441689, 124076, 207769, 204128, 282918, 390110, 446020, 345482, 167020, 154931, 90811, 58146, 14407, 422730, 289369, 107050, 12086, 334110, 40730, 420843, 87455, 165731, 115247, 142884, 324813, 26406, 72196, 288366, 416475, 335264, 177770, 182956, 50304, 421878, 139855, 23712, 164767, 330749, 68819, 336324, 113045, 54259, 381630, 289725, 493135, 96885, 323087, 412496, 462085, 112508, 56058, 297542, 402902, 113259, 123945, 459266, 201601, 156856, 227698, 117021, 220589, 213500, 43675, 496182, 418206, 397465, 383360, 95054, 268144, 247736, 326562, 404843, 226187, 217584, 378547, 426985, 42162, 454050, 260818, 215561, 348617, 348894, 458923, 154795, 138083, 322014, 23383, 471844, 482802, 395540, 309613, 81421, 188510, 218357, 169875, 225904, 411773, 363403, 492761, 232325, 77158, 320757, 279382, 26333, 452625, 76174, 499982, 117241, 215640, 403906, 68804, 237145, 15519, 176014, 334397, 322904, 256981, 297585, 86757, 312332, 329461, 401493, 85614, 146059, 130801, 343718, 281560, 125453, 423734, 270555, 57071, 62882, 272075, 252982, 489917, 79711, 35951, 268199, 473952, 389031, 128582, 35429, 126066, 271967, 382897, 419021, 477651, 308672, 108038, 174738, 69177, 77024, 285475, 31603, 120086, 195310, 209821, 33707, 144920, 89496, 399912, 981, 181414, 414089, 372305, 392023, 139192, 397377, 286399, 99126, 317180, 270624, 140431, 444396, 135596, 485688, 26844, 493500, 99930, 183848, 181309, 358676, 429909, 62570, 16603, 44875, 419432, 117969, 312251, 248303, 354307, 463137, 61976, 360443, 321124, 268960, 132972, 227480, 184187, 87104, 204453, 446156, 87683, 472180, 186263, 57562, 278485, 314506, 246999, 68689, 349842, 204544, 274263, 488681, 490961, 263929, 160646, 205674, 88551, 189502, 109960, 206329, 90741, 488164, 382937, 186724, 351453, 99481, 85800, 496816, 224305, 216856, 411082, 306321, 237523, 136988, 419917, 310190, 332032, 402827, 399260, 105482, 438073, 333276, 287278, 19643, 413521, 28926, 481613, 453610, 18483, 481175, 83592, 208496, 7614, 398863, 128404, 437526, 485394, 426676, 40882, 7684, 77802, 256122, 491661, 138282, 133736, 21909, 308805, 161170, 394728, 240747, 82304, 233440, 392995, 281963, 363337, 288653, 455815, 70083, 247662, 491989, 495909, 378161, 273314, 266156, 416371, 492033, 65575, 282528, 411426, 303989, 75154, 85450, 245662, 399346, 355875, 37438, 133832, 350036, 62398, 355609, 109582, 102352, 311979, 325291, 349211, 295641, 23480, 195479, 37478, 30293, 250543, 482477, 78021, 205804, 80781, 42694, 124642, 305908, 446339, 156348, 465112, 71508, 200498, 31961, 290196, 204508, 378172, 45049, 5618, 391497, 36955, 489977, 443463, 111274, 431081, 94187, 92717, 447285, 12710, 314210, 430265, 33016, 454146, 378979, 230459, 313610, 395034, 131382, 292227, 394714, 175563, 285722, 104389, 164258, 86659, 267677, 66655, 4403, 413096, 198014, 435958, 480328, 280149, 476166, 191083, 310628, 372713, 18448, 77125, 307507, 253384, 199019, 281744, 471997, 115810, 283938, 90328, 179245, 331977, 451490, 280559, 39740, 261880, 70029, 195964, 113182, 31973, 312276, 121452, 403742, 187788, 114981, 42681, 13394, 381016, 489309, 499567, 157217, 369520, 64279, 120329, 185210, 271576, 243656, 142528, 236256, 32896, 443996, 167970, 156666, 55289, 354535, 213716, 182969, 192326, 15796, 301995, 466961, 180438, 362658, 170175, 135860, 274927, 37123, 391330, 375794, 20192, 240800, 453039, 4538, 8012, 221429, 86068, 269738, 53041, 298995, 408708, 202244, 433796, 268398, 382910, 45081, 165035, 124991, 364493, 331391, 357625, 390452, 343361, 433802, 422602, 402695, 342691, 105462, 496336, 385088, 121487, 175156, 436328, 339711, 177162, 167888, 177055, 217550, 325578, 238003, 278748, 227748, 428579, 458568, 304032, 283681, 264211, 165149, 164921, 229398, 138072, 371249, 400904, 373484, 444157, 350584, 221990, 377362, 35457, 405204, 50601, 405164, 120071, 151113, 247313, 379256, 338039, 122716, 183661, 429114, 53463, 418376, 465574, 253325, 472662, 356634, 42575, 497732, 152782, 126251, 191488, 334122, 51591, 250140, 19023, 91295, 263667, 40878, 367297, 418267, 285116, 307497, 195826, 14579, 147595, 93466, 356304, 67589, 223756, 449290, 259650, 110734, 266729, 308860, 192473, 391507, 446060, 134628, 63815, 16297, 352012, 416413, 79006, 229646, 92838, 178575, 428035, 347992, 5438, 40307, 479132, 444324, 429987, 122940, 274376, 470419, 383519, 433963, 131719, 339348, 7482, 304919, 45952, 380548, 490241, 238631, 202048, 121512, 18960, 38481, 153389, 314846, 439025, 150345, 329673, 59348, 357316, 495322, 471416, 115998, 182896, 115573, 451408, 100769, 272167, 358612, 439687, 3974, 371182, 103759, 499953, 182751, 385228, 209879, 436032, 495981, 112181, 419636, 197866, 90574, 40137, 298732, 413705, 136693, 129841, 184315, 164210, 165, 431768, 121853, 226453, 249605, 247269, 192547, 185717, 323013, 89299, 380215, 29565, 46912, 332135, 437911, 171629, 313333, 200714, 107239, 413621, 387638, 449251, 114070, 251562, 396023, 251597, 430738, 64737, 147344, 178291, 379460, 52098, 350535, 36481, 8353, 446924, 385185, 111852, 369977, 364236, 113383, 58293, 276132, 316460, 469654, 166460, 161772, 415898, 284660, 82421, 301174, 349583, 142107, 288101, 394661, 324085, 118095, 117158, 467913, 204789, 140290, 62188, 476888, 256480, 88606, 380591, 98753, 270225, 329891, 438587, 461730, 447105, 265392, 111122, 241013, 359013, 426011, 97886, 109651, 198571, 403509, 114195, 423921, 110141, 318255, 384037, 20286, 117681, 470664, 203014, 462341, 179940, 195898, 336980, 74848, 313427, 254611, 81847, 356464, 328604, 478103, 167474, 212996, 153578, 253304, 486818, 258597, 406656, 424631, 188719, 314895, 448946, 11666, 27893, 194730, 94752, 331633, 272223, 343129, 364298, 407038, 19186, 177029, 252221, 403024, 260879, 211853, 122069, 255868, 364737, 278965, 253359, 232070, 136082, 167077, 282326, 200567, 105850, 18615, 83414, 188864, 373971, 169792, 342337, 113117, 341783, 207117, 138780, 79243, 122444, 52641, 295002, 2129, 327863, 221010, 83530, 240773, 410225, 264410, 134640, 293252, 85799, 440601, 194663, 98686, 484017, 266985, 25686, 5005, 177149, 355593, 471015, 27063, 275803, 98795, 367505, 431440, 391771, 324691, 265082, 144601, 5821, 364328, 107440, 133261, 39618, 90349, 387890, 61337, 394546, 368739, 444584, 108664, 136906, 286282, 104897, 70738, 18731, 117684, 2428, 292736, 140296, 193489, 342588, 313462, 24243, 12643, 235445, 144148, 448093, 353540, 191191, 122005, 402926, 141563, 72, 131091, 392440, 149787, 301660, 43857, 426821, 131631, 486430, 9151, 197467, 414684, 397129, 255411, 437308, 472871, 252578, 323906, 132482, 99398, 93123, 102536, 148627, 480345, 333095, 483480, 227875, 74643, 413752, 102426, 227313, 170850, 84486, 35771, 429137, 169922, 362293, 467905, 358681, 432536, 251708, 126069, 248309, 195762, 462854, 128616, 162216, 342958, 183169, 216236, 245702, 167497, 485612, 287031, 175327, 401685, 48982, 157579, 452927, 117473, 320248, 430655, 66478, 251319, 163034, 277992, 268836, 426340, 254038, 288494, 428880, 466748, 126388, 304995, 197379, 221016, 53412, 190219, 125552, 389800, 295066, 392265, 445730, 114160, 336191, 34808, 121188, 126239, 370460, 296077, 374221, 375435, 328154, 127631, 426673, 484942, 102059, 5263, 261420, 101984, 282470, 373241, 101420, 119180, 312079, 229895, 165988, 426218, 313160, 341809, 461183, 450808, 373632, 344992, 448893, 44884, 250071, 153296, 307671, 12278, 143666, 43641, 165748, 441176, 25346, 363753, 9814, 183258, 456605, 410960, 85425, 296131, 415233, 160198, 417206, 226970, 472862, 140696, 130287, 123614, 490020, 223080, 102141, 473134, 430914, 57713, 342510, 227226, 48425, 152574, 221608, 109, 114565, 421230, 140022, 47268, 177293, 452516, 466181, 360798, 273526, 281835, 494890, 32162, 119351, 460285, 89535, 346298, 414159, 319753, 430368, 83071, 42774, 158491, 349247, 342270, 391578, 100939, 240813, 101318, 203490, 119931, 167684, 86344, 195139, 319403, 190949, 364931, 150714, 259319, 163184, 131584, 175683, 357804, 1261, 327319, 435784, 438273, 71550, 245945, 208960, 156390, 143836, 240761, 360846, 385143, 377258, 114685, 156919, 479993, 227089, 366526, 41867, 210517, 424816, 248718, 46038, 237432, 157552, 336186, 41004, 252622, 350373, 86430, 450627, 200376, 311199, 446583, 98875, 465423, 476654, 370866, 189008, 201929, 387160, 38135, 419803, 156371, 85226, 230305, 455620, 352309, 333929, 377613, 485365, 154093, 86056, 89824, 396042, 72906, 197919, 481299, 315281, 90047, 216352, 53546, 15238, 4570, 301206, 406925, 466108, 483639, 498521, 162186, 217692, 161692, 384144, 213929, 290723, 484144, 85887, 479625, 88377, 312661, 291531, 465482, 43250, 78466, 357294, 58247, 373997, 223803, 229666, 307748, 309367, 376009, 383059, 346795, 467551, 187157, 3605, 56980, 328015, 292040, 468116, 311700, 3795, 288607, 442245, 46062, 205923, 39631, 388188, 61167, 236868, 349922, 296620, 429977, 454156, 152737, 397847, 433881, 452225, 422407, 46255, 109583, 311934, 85231, 208012, 365636, 321032, 414988, 282458, 392110, 29917, 242049, 18393, 387302, 365245, 376538, 168814, 53677, 466474, 69181, 89899, 160421, 320454, 109150, 306070, 457872, 68465, 177215, 128131, 77918, 122257, 215786, 499750, 380495, 309941, 38394, 335970, 474193, 437403, 175891, 374652, 445259, 246589, 128593, 127300, 44859, 286135, 60671, 50055, 95295, 20863, 416586, 293185, 363845, 95381, 159901, 387023, 466841, 447167, 308891, 10947, 228217, 499429, 483792, 479440, 194339, 342473, 127747, 228234, 480426, 263400, 201273, 413362, 466582, 358719, 220053, 295120, 367099, 417245, 347841, 144867, 468111, 257139, 325086, 184669, 87583, 98034, 94886, 239711, 369340, 18525, 256531, 332058, 227285, 147726, 348448, 266380, 49194, 450014, 100420, 409054, 14276, 349349, 10671, 242412, 257674, 86521, 331630, 192698, 101246, 38261, 418054, 215819, 413304, 62502, 368336, 270026, 482578, 314246, 490822, 18784, 169708, 114062, 188283, 181448, 457661, 466024, 382813, 173163, 268687, 128914, 245221, 411743, 95293, 447366, 29945, 196142, 438798, 326781, 212444, 147839, 127122, 168580, 417756, 318226, 196240, 476372, 311489, 32431, 376845, 396089, 304899, 6293, 104803, 432207, 424419, 493017, 371949, 402223, 156092, 283550, 298881, 378612, 74859, 266529, 44428, 379713, 257759, 40105, 210020, 435687, 88649, 485094, 88127, 395354, 109310, 309528, 314692, 225684, 258900, 493545, 174839, 308741, 105647, 354085, 398984, 193451, 324388, 490502, 91400, 280185, 210792, 468332, 51040, 290198, 237428, 186300, 273863, 397602, 87928, 51720, 325425, 14542, 442136, 184876, 61914, 20480, 28881, 269839, 343631, 167556, 22695, 365879, 270726, 431211, 274496, 413179, 487972, 240025, 330104, 266775, 404860, 422021, 158701, 303775, 416605, 206195, 64320, 412151, 155845, 49976, 480, 341072, 309697, 191501, 437787, 119873, 133053, 232182, 6802, 241720, 43367, 2226, 229831, 148880, 418628, 269710, 306804, 127634, 21983, 236355, 363174, 311077, 401098, 162668, 360051, 46362, 390806, 448398, 18948, 452101, 88763, 480277, 236637, 321365, 332490, 345005, 459871, 412920, 374315, 189706, 151376, 219482, 169091, 53077, 150342, 276154, 124608, 298690, 484511, 181892, 190142, 5469, 306709, 200997, 214290, 417861, 486924, 114539, 432983, 56574, 443175, 457178, 35857, 307676, 56299, 400550, 322253, 140349, 212851, 80852, 309523, 121113, 19467, 420819, 364595, 466616, 17100, 491632, 378727, 367356, 3741, 338813, 220143, 96747, 472132, 479179, 207824, 496850, 272146, 460903, 57861, 497840, 276900, 71154, 231658, 384337, 25811, 432065, 9399, 294088, 338317, 72288, 257492, 152616, 377372, 450727, 160588, 128289, 56572, 138788, 95346, 257742, 454012, 293665, 69816, 143700, 271053, 228219, 494020, 230434, 216760, 434456, 231021, 285023, 183499, 480048, 297020, 302073, 89161, 316797, 20899, 149164, 466783, 97749, 299992, 64510, 189116, 395162, 299226, 188914, 351396, 323025, 378265, 329805, 453313, 24947, 432461, 147416, 424236, 13763, 33708, 457, 357855, 462944, 442907, 420397, 384360, 389961, 269442, 257973, 426560, 451839, 320011, 102618, 220279, 19948, 438104, 274491, 50207, 63738, 357846, 128344, 115968, 137423, 334577, 424596, 299736, 156427, 222897, 128863, 20848, 378011, 1945, 42095, 204970, 111938, 362949, 226144, 432529, 247748, 114923, 433687, 433299, 288502, 383573, 321225, 173420, 320227, 359185, 350051, 382607, 323535, 487091, 268397, 433222, 246207, 462978, 417013, 260387, 223398, 423561, 304119, 235580, 207061, 76119, 182171, 203351, 273194, 381036, 247047, 156815, 382818, 68685, 265786, 440215, 275897, 423401, 347567, 298832, 61377, 46592, 417479, 391530, 407750, 432242, 256325, 117470, 410538, 127196, 220379, 126061, 323236, 85867, 204345, 212891, 34556, 79991, 232071, 99440, 272367, 401755, 192523, 292778, 475209, 293776, 218765, 77217, 320510, 2013, 219874, 164398, 189909, 148604, 57227, 497923, 250537, 85665, 20865, 441821, 254567, 154010, 310813, 250317, 59628, 132812, 42867, 186126, 385500, 12909, 441211, 285475, 126060, 297516, 268432, 342616, 365550, 452198, 104228, 357110, 454842, 337249, 198793, 165897, 165405, 181522, 360908, 315632, 298069, 425467, 406614, 370208, 338636, 348162, 107409, 347013, 421175, 118547, 449045, 208996, 493690, 42191, 264609, 35614, 224144, 426258, 198073, 131882, 418274, 9654, 76791, 108423, 224436, 486158, 216041, 283727, 459654, 4720, 474967, 335439, 484948, 33962, 228481, 104121, 207854, 333054, 421069, 335438, 239007, 327061, 488257, 278704, 192292, 88253, 296066, 474319, 178490, 341654, 28756, 463716, 270921, 398606, 477816, 255631, 360485, 105452, 17469, 143973, 391211, 111688, 456608, 267851, 83564, 55823, 229435, 482903, 449445, 175881, 157385, 262000, 16401, 114166, 160052, 399124, 94688, 384310, 347298, 72343, 342784, 323807, 40846, 471736, 276215, 231474, 32307, 293863, 57616, 285767, 185581, 62109, 215148, 385086, 316870, 471245, 66465, 1676, 495112, 194078, 28378, 328706, 454108, 374094, 143161, 50827, 280962, 75342, 308627, 133688, 62625, 265036, 32097, 101095, 489103, 311670, 202579, 470652, 487720, 232000, 459897, 349525, 212262, 205167, 451096, 401258, 61519, 121561, 448208, 347866, 484311, 286103, 459945, 29364, 289857, 126563, 473588, 385983, 245562, 90618, 469516, 450715, 423300, 90434, 37303, 382220, 438932, 174614, 290216, 90078, 462026, 250830, 392219, 312293, 154359, 283742, 289516, 327665, 201622, 418320, 341406, 460814, 218633, 397118, 221636, 370478, 95275, 368500, 201789, 216331, 216779, 378313, 255891, 441342, 350543, 333665, 487168, 95366, 200396, 310333, 308913, 460088, 2202, 418258, 42270, 434527, 387425, 251306, 373972, 288247, 269010, 21206, 376420, 279286, 398893, 353948, 402591, 219018, 120546, 471967, 437845, 342289, 348908, 423089, 492569, 42378, 343414, 407153, 393564, 231981, 200298, 345688, 404746, 93304, 12157, 363933, 165130, 441979, 246267, 449432, 320051, 435083, 99929, 193352, 139656, 352923, 338943, 339157, 65777, 365653, 292323, 222373, 85932, 203175, 463481, 475277, 434222, 300746, 37918, 403220, 213480, 377016, 362731, 123363, 153365, 53828, 488018, 213172, 211943, 315356, 229497, 238797, 292077, 379245, 107035, 399499, 319859, 467475, 303061, 145589, 371769, 334888, 170091, 177006, 56870, 39117, 53621, 244215, 252741, 480751, 212328, 59705, 237636, 66107, 488493, 262193, 52996, 468985, 489593, 330025, 198683, 275840, 355496, 423006, 377767, 487513, 368703, 363868, 433136, 86174, 485926, 277610, 64751, 84337, 497822, 485301, 472416, 295450, 266624, 134157, 163021, 185340, 145068, 352398, 183372, 298579, 263942, 477222, 433303, 173812, 442045, 178198, 246977, 470546, 439602, 61549, 221761, 175370, 379397, 122506, 420117, 82095, 154171, 12752, 485448, 29580, 96709, 3390, 142454, 174800, 359555, 239254, 171569, 349085, 429936, 392686, 343223, 496187, 223677, 183191, 334870, 271475, 472819, 281106, 282372, 465712, 384520, 322500, 467312, 95530, 279980, 69711, 255937, 319388, 432127, 70035, 196236, 304927, 339251, 469673, 237239, 255481, 276942, 113946, 121713, 252273, 46742, 107116, 480555, 259607, 393845, 410967, 102438, 126066, 198438, 492080, 491096, 408845, 479177, 361756, 137762, 82468, 185474, 439051, 494335, 66758, 430781, 322471, 26212, 278369, 76174, 184574, 139275, 277652, 121366, 23782, 168365, 424983, 77405, 154349, 178587, 492785, 381188, 192419, 468246, 269026, 129997, 374050, 287887, 133049, 174690, 61666, 418469, 309521, 461416, 127229, 408174, 163816, 158044, 318295, 55073, 159036, 314900, 381891, 484316, 244888, 277869, 305578, 171261, 64988, 166454, 466807, 107109, 437193, 169886, 394804, 456857, 433005, 174705, 222799, 463171, 176055, 483407, 24336, 55647, 105331, 49680, 302127, 284208, 329019, 398210, 69141, 324500, 182334, 423451, 433973, 175630, 107990, 63518, 63004, 494869, 305223, 482674, 13152, 222888, 119070, 391978, 438096, 249621, 244061, 387704, 159395, 389200, 454085, 255920, 356417, 429014, 263940, 493875, 80415, 235085, 353258, 137789, 95448, 74918, 88080, 412772, 404068, 206684, 445900, 88939, 42828, 477563, 264648, 209714, 497151, 155875, 267054, 471347, 136312, 334222, 209675, 178716, 461149, 409729, 444716, 170892, 79343, 324523, 135476, 99182, 223283, 432899, 73460, 158450, 375742, 103307, 349622, 274270, 295098, 208919, 229391, 243783, 82981, 121456, 81527, 353075, 458673, 216129, 16172, 27745, 40374, 133001, 105129, 304391, 258323, 300379, 87916, 465252, 307374, 196861, 309225, 346127, 262990, 165612, 222376, 28617, 357998, 345426, 313477, 9558, 404429, 493655, 308517, 36778, 301689, 152319, 416814, 149916, 485844, 162193, 146157, 5237, 24340, 437757, 449988, 284864, 7952, 173066, 356950, 180184, 239053, 255783, 40048, 65003, 11070, 9411, 142904, 492743, 58639, 227198, 274996, 466931, 374272, 464725, 122713, 41318, 93229, 363246, 425287, 333683, 5396, 81832, 15369, 129484, 351135, 28171, 234644, 98557, 309430, 179647, 268006, 468592, 472004, 496981, 27445, 159249, 180675, 473698, 315298, 201949, 51118, 314515, 326752, 269207, 140510, 33054, 179935, 257280, 59531, 84825, 268876, 79103, 336312, 133638, 477771, 104465, 298844, 485376, 94004, 181219, 43658, 353530, 178061, 357305, 447979, 406033, 113462, 250247, 40225, 107653, 14034, 297450, 178372, 226959, 409043, 82350, 124879, 256479, 229620, 197028, 498136, 401608, 99738, 192467, 160954, 145578, 327105, 407996, 369565, 304021, 267419, 398072, 421426, 191166, 153773, 74827, 388329, 127355, 381219, 338106, 262412, 248791, 6901, 397474, 28107, 494370, 9188, 405259, 120346, 109570, 125963, 266703, 250244, 240943, 22646, 77941, 310585, 183682, 439555, 2992, 295839, 424388, 21820, 65289, 497123, 48106, 338221, 74821, 300346, 344493, 134853, 241123, 58930, 341587, 484012, 391064, 317635, 39911, 25060, 391596, 64753, 409545, 265822, 237728, 370343, 167618, 172161, 448642, 349027, 111613, 79533, 24815, 417443, 483467, 283148, 111393, 396712, 24367, 387940, 61656, 171772, 436129, 208539, 449725, 243783, 287316, 246095, 173630, 153637, 102055, 79208, 94979, 284625, 228449, 46800, 387912, 388408, 334630, 207893, 231280, 61688, 428065, 269579, 206824, 21038, 395381, 251753, 109610, 403210, 363654, 471454, 83914, 281309, 420194, 451399, 379195, 223190, 189464, 279268, 217845, 43091, 115743, 174507, 205102, 3593, 405395, 221129, 280590, 79027, 214032, 325591, 9121, 7025, 433135, 492393, 312770, 202775, 182375, 471653, 458845, 321518, 178469, 170434, 155775, 184850, 299698, 7497, 418062, 192697, 393160, 393277, 225292, 413582, 328414, 492933, 213444, 182296, 191604, 203611, 229627, 318881, 165156, 9705, 96398, 188502, 440754, 497355, 329242, 410027, 149741, 198523, 39077, 138016, 411854, 266299, 123024, 152586, 486343, 308181, 294133, 465519, 453199, 470127, 191354, 32170, 338184, 482480, 18373, 75640, 484943, 212770, 449911, 181801, 51988, 272706, 286911, 295621, 252571, 111637, 215356, 479735, 12525, 216442, 265144, 39089, 14877, 355353, 48258, 68154, 404712, 498639, 284938, 286589, 154317, 65614, 46885, 381514, 295492, 396399, 268851, 240882, 479968, 298631, 497853, 91767, 128093, 195856, 344247, 288449, 346509, 176412, 123736, 181729, 198847, 268868, 106336, 117223, 335034, 165806, 235367, 404290, 176409, 136376, 430989, 2796, 410355, 429075, 79386, 28615, 37343, 437971, 186941, 25938, 289886, 169074, 482907, 31179, 327933, 130136, 323497, 205619, 153450, 15976, 344468, 104629, 393973, 287777, 460550, 417683, 26321, 469555, 157603, 40350, 39239, 278170, 5058, 494989, 459243, 387798, 256076, 227147, 253768, 190234, 357608, 237373, 239516, 151722, 188791, 236732, 298753, 185798, 279105, 381058, 94903, 492033, 160605, 144467, 243942, 250305, 126732, 452705, 364704, 27720, 476720, 282140, 338300, 406318, 356570, 150954, 145736, 118260, 113373, 106808, 428516, 475169, 131101, 243764, 111977, 313396, 413860, 16944, 7704, 158145, 453109, 486213, 438787, 401550, 185609, 40196, 95018, 92319, 286239, 127987, 154955, 155209, 370251, 384818, 309350, 221595, 104774, 94403, 48471, 335449, 464794, 474657, 222924, 204684, 499969, 366339, 416929, 393071, 36532, 84853, 12313, 42762, 344028, 275730, 354974, 163998, 7408, 411047, 57481, 93614, 123716, 177648, 119453, 121967, 156225, 106065, 218528, 369381, 399843, 91316, 361333, 324330, 440459, 235263, 51285, 395531, 53849, 90117, 427508, 478275, 14379, 342986, 58012, 143781, 77243, 85903, 62289, 48791, 391744, 237793, 228687, 448580, 62301, 110148, 82198, 336517, 446951, 448084, 27204, 333823, 55993, 2975, 19221, 322153, 202365, 335194, 390826, 268879, 428557, 419420, 92017, 409221, 491908, 202289, 322184, 467507, 137315, 451369, 397793, 132242, 338830, 429680, 307785, 393031, 193895, 374156, 193084, 130010, 173880, 46092, 303148, 189362, 16812, 301922, 253372, 65967, 422158, 234613, 432580, 112793, 138019, 166358, 360998, 12363, 49130, 146345, 18990, 25292, 127220, 331325, 413817, 111651, 316204, 395611, 90479, 207417, 276419, 66605, 495303, 333730, 147649, 44432, 88620, 403827, 151302, 480904, 386662, 287619, 208560, 23681, 76295, 116061, 474085, 10639, 299518, 497693, 421220, 485828, 179303, 333030, 281758, 376734, 58115, 143702, 210264, 227593, 58481, 1066, 290721, 117825, 114295, 283695, 94738, 312553, 431219, 415088, 330004, 261608, 313835, 342793, 257853, 346777, 280296, 87635, 251706, 93212, 137853, 410296, 92271, 91526, 31222, 273107, 299989, 24161, 34777, 487984, 291929, 396314, 468648, 198416, 424857, 260488, 29470, 27770, 111989, 73222, 415732, 93715, 78317, 174305, 449952, 63805, 430310, 499542, 110702, 84289, 360008, 59653, 350300, 223443, 226902, 206531, 169017, 144050, 46107, 202875, 401145, 423916, 353493, 362933, 183111, 109556, 454968, 393456, 372482, 203686, 322662, 304807, 229668, 493271, 46675, 362155, 249091, 221869, 218546, 339388, 355467, 401245, 190907, 2521, 192746, 9349, 475696, 241475, 184671, 483228, 83798, 78238, 196226, 181003, 456173, 488834, 73892, 301268, 151358, 394661, 477108, 291933, 496965, 101793, 278062, 364039, 229702, 202257, 439240, 433858, 173349, 260779, 374768, 266756, 61968, 476245, 223653, 398749, 43551, 440451, 154420, 157325, 275632, 73373, 389131, 277834, 39670, 411654, 351962, 242608, 187435, 198790, 497162, 98613, 127908, 413027, 374292, 303338, 423022, 173859, 31340, 83923, 295430, 32815, 341448, 340916, 472244, 449511, 282757, 53708, 202563, 374263, 52993, 156443, 76242, 191549, 125003, 127719, 43519, 41198, 422996, 340388, 199554, 125832, 88413, 17043, 433752, 207642, 30664, 474583, 53468, 83195, 399567, 273013, 133988, 263055, 61886, 142346, 194428, 5136, 15771, 85420, 207129, 330425, 106201, 497574, 223183, 125278, 165877, 139696, 467520, 65327, 268595, 297167, 394641, 118436, 348854, 287956, 384320, 316911, 104752, 56415, 181095, 173427, 296574, 378022, 50114, 208774, 464709, 106790, 249686, 489106, 154168, 234914, 134338, 415300, 231315, 118194, 98167, 363070, 345845, 81823, 152193, 345208, 340837, 263990, 246661, 494394, 287203, 469566, 311489, 155886, 467656, 32740, 391925, 327324, 200130, 230266, 407743, 348593, 438329, 473805, 345943, 473728, 371039, 117663, 244209, 383176, 35944, 84096, 454419, 418858, 64078, 150930, 487806, 498318, 288436, 452753, 82054, 228375, 16277, 341905, 390445, 309307, 216647, 134216, 90730, 443083, 496406, 43997, 114302, 106818, 124756, 91340, 416597, 477066, 229613, 355233, 120855, 54813, 328610, 403348, 362715, 327688, 497404, 11005, 33360, 80060, 229925, 37808, 341631, 206242, 472755, 140377, 61535, 285419, 220646, 353116, 92697, 65804, 121315, 162581, 294202, 407640, 176072, 475830, 185080, 323581, 290624, 87283, 200083, 279684, 113051, 272323, 88018, 120899, 107113, 279908, 298942, 381516, 368837, 402187, 314034, 51051, 345878, 30994, 352154, 196022, 252671, 428866, 248394, 496369, 219853, 145020, 393600, 378083, 15628, 114689, 425868, 125570, 437868, 310518, 363607, 206660, 198155, 180214, 404904, 388295, 306743, 455545, 111913, 53058, 377410, 463329, 346683, 229094, 17338, 128922, 120622, 325748, 255554, 279118, 302417, 237965, 264969, 75463, 184741, 170065, 302484, 181287, 106062, 282860, 182595, 437508, 188050, 361329, 442665, 131970, 438345, 473411, 122911, 93752, 282075, 284834, 268457, 228383, 408567, 219078, 140999, 253213, 76528, 441741, 168509, 157950, 483918, 471259, 274422, 453536, 338783, 436970, 436894, 94057, 206978, 209313, 36120, 221431, 75454, 42653, 82241, 489328, 95645, 265044, 177409, 356116, 447327, 413289, 74905, 266363, 398540, 112431, 261401, 399481, 334372, 117078, 66463, 371557, 66537, 59614, 303094, 376111, 205221, 395616, 369376, 80548, 345022, 453292, 22466, 50875, 95624, 101126, 224393, 491144, 148740, 21720, 181069, 458797, 429237, 25521, 460298, 329437, 73789, 157609, 121918, 469407, 72674, 61805, 93904, 121810, 33452, 319403, 140467, 214437, 357972, 452169, 263622, 437252, 476629, 470832, 115912, 332908, 50328, 174283, 421973, 123630, 335692, 244534, 390851, 185699, 91454, 259050, 172764, 318630, 105547, 252947, 205932, 454941, 481381, 293615, 171914, 172663, 267172, 282914, 440208, 255981, 359614, 499296, 176937, 78328, 334228, 177736, 180967, 321104, 289103, 338116, 330911, 384813, 321088, 208612, 159308, 451999, 320262, 46120, 170400, 241839, 51104, 425303, 484082, 446546, 336357, 458477, 85905, 445582, 20802, 268919, 247633, 466812, 443384, 405346, 35509, 180231, 424755, 73016, 168083, 340022, 374435, 165528, 291800, 488405, 189779, 465602, 24685, 423620, 83222, 241319, 90917, 95753, 86368, 271960, 27189, 467879, 181942, 303351, 223644, 395508, 376433, 152291, 65902, 164422, 459947, 286841, 248963, 407365, 422445, 439943, 390692, 4562, 77, 262371, 125112, 453476, 207000, 270600, 431066, 489644, 395079, 295256, 255824, 332735, 226202, 411079, 181028, 161720, 353465, 317990, 382633, 260193, 459159, 293399, 352354, 1792, 224261, 31119, 37489, 411063, 142126, 239874, 299058, 79751, 351802, 468993, 434030, 424270, 332924, 72319, 326842, 64930, 48995, 17671, 353468, 135578, 61671, 373696, 226170, 140687, 103399, 75458, 410991, 23714, 453054, 32239, 488048, 102197, 279399, 217716, 293949, 246342, 271427, 367701, 147526, 489644, 469361, 106987, 8996, 155518, 142541, 221195, 470447, 193413, 97696, 401602, 123488, 268040, 23755, 233355, 220638, 247649, 357409, 476093, 247761, 172857, 12424, 457691, 152311, 405086, 332470, 483726, 161398, 294830, 493020, 289022, 249177, 452587, 160477, 459639, 412236, 378802, 100458, 207374, 71904, 300895, 454512, 299073, 300197, 259240, 221923, 159589, 87781, 346409, 287640, 426926, 466613, 346118, 224295, 464301, 284200, 51325, 133856, 360234, 93354, 306947, 498351, 392808, 472881, 353127, 389716, 67541, 420470, 157855, 262790, 498847, 193696, 313961, 485009, 257200, 37104, 451242, 134611, 29544, 374566, 390163, 50007, 217626, 477502, 85675, 298522, 431870, 311655, 483489, 184837, 179030, 378677, 463411, 189555, 271493, 362237, 278677, 285413, 236801, 241026, 194282, 147129, 365360, 209740, 384635, 408525, 312536, 27681, 269417, 394148, 259095, 197730, 492675, 52505, 262435, 27675, 138135, 191246, 163878, 260830, 457035, 100651, 843, 305518, 171117, 364749, 409595, 369511, 424702, 60005, 42086, 342175, 263787, 321705, 219719, 457841, 43229, 282505, 378333, 74784, 218237, 50246, 69036, 420632, 97807, 280014, 273737, 95064, 259542, 372623, 265379, 499634, 445689, 290735, 491003, 400584, 333746, 149090, 38801, 464985, 329699, 227265, 225246, 121781, 360887, 221684, 280371, 96007, 106963, 105131, 436227, 214585, 301823, 33644, 50276, 437957, 259807, 369146, 226320, 234400, 28536, 446928, 471352, 107005, 158055, 45026, 113940, 11532, 17521, 381362, 155940, 124047, 9182, 329357, 400397, 224695, 324605, 484001, 455426, 303073, 130179, 232332, 93836, 446878, 10976, 95762, 262801, 203247, 113470, 453766, 42767, 264932, 437389, 412592, 338752, 367311, 165034, 384913, 425548, 207409, 162153, 147855, 66780, 245825, 445370, 294514, 233393, 280405, 375402, 230433, 280523, 467494, 498809, 27565, 201515, 3403, 374902, 451311, 279102, 368956, 74816, 373754, 367432, 174866, 208491, 45577, 449222, 347868, 427391, 257919, 222598, 382267, 493370, 419583, 43147, 319846, 44833, 478597, 116519, 441528, 208278, 56492, 16300, 497237, 36281, 306204, 35869, 303963, 80188, 130334, 402770, 207562, 155497, 346512, 94126, 144400, 169221, 470410, 395461, 228266, 414134, 427960, 456971, 5549, 452379, 52881, 475811, 100877, 450505, 398723, 350624, 461944, 495839, 382115, 291090, 317934, 39231, 86120, 352733, 26248, 121448, 71317, 133068, 12005, 484897, 497901, 268183, 97102, 42658, 305258, 89638, 332425, 117654, 28197, 107011, 81767, 57706, 60513, 494616, 56004, 467565, 110807, 168392, 88694, 37632, 196685, 412792, 255451, 91336, 466892, 81853, 417736, 327250, 138383, 334092, 200716, 381367, 369482, 9062, 374259, 231512, 196899, 210869, 106043, 174607, 446757, 460740, 437136, 94851, 367755, 404607, 326194, 186058, 74998, 411012, 499609, 252413, 277750, 162526, 119694, 117742, 191502, 436860, 231081, 371391, 228929, 471479, 318520, 354685, 56078, 207396, 137677, 225486, 156796, 458411, 388274, 30106, 213991, 294540, 239036, 202318, 330587, 392549, 56343, 357672, 90717, 179636, 55908, 30734, 111418, 370073, 245736, 485937, 443827, 89222, 231567, 240483, 322542, 255931, 383838, 237574, 440258, 323255, 89183, 411517, 187393, 297237, 160856, 86426, 200687, 386060, 44123, 38066, 34664, 88876, 276437, 257397, 83504, 446462, 284365, 456849, 105718, 301186, 141284, 469616, 128605, 22436, 211412, 359642, 146603, 135613, 290410, 77244, 395561, 454412, 481982, 145576, 415971, 382028, 237355, 454789, 267816, 479776, 46741, 121116, 499245, 114926, 398030, 468085, 2708, 286021, 413890, 160826, 179879, 108640, 345159, 86090, 97414, 437113, 255559, 377615, 19453, 110282, 469031, 141493, 185252, 8859, 363402, 329418, 483237, 188252, 300135, 232652, 42292, 83890, 280975, 411807, 145411, 439234, 284593, 106447, 499174, 167628, 360030, 68519, 296865, 375285, 24139, 128325, 381024, 168800, 372941, 93341, 413470, 420857, 25936, 367039, 344516, 332005, 455942, 114971, 209669, 128645, 111430, 134943, 87096, 264263, 357794, 17433, 445991, 409574, 441869, 191418, 11299, 452512, 200404, 278617, 156872, 452796, 414534, 492296, 379876, 357741, 251548, 86997, 308262, 485599, 455725, 337640, 292637, 67425, 55924, 480620, 250072, 287973, 449386, 491145, 474717, 292114, 41353, 70770, 186587, 340557, 21878, 80475, 354779, 229120, 373123, 128195, 52250, 22759, 96179, 420218, 141516, 241846, 157586, 392941, 82960, 272443, 37199, 341773, 196106, 310705, 217930, 191779, 378790, 383863, 37957, 473333, 261687, 284364, 166877, 299320, 345276, 370666, 133610, 374380, 66090, 26028, 443041, 374661, 150181, 11014, 485960, 309731, 134745, 253152, 449697, 386993, 146397, 304424, 137907, 141875, 112552, 146790, 299564, 72164, 63683, 53552, 126038, 491521, 328240, 87393, 193443, 12472, 80898, 142476, 302348, 293524, 265651, 281988, 199175, 22125, 308451, 472252, 442752, 192224, 131425, 257443, 145487, 303361, 425268, 238399, 124055, 352223, 65562, 148031, 120155, 217703, 325441, 389983, 165866, 446632, 419351, 384958, 143809, 15692, 335139, 315586, 435014, 395303, 424191, 431632, 48228, 230525, 111616, 102035, 140114, 427567, 442214, 1015, 399962, 146662, 325655, 399829, 243923, 273295, 401648, 121226, 5661, 253689, 164741, 324810, 161358, 475090, 400697, 439622, 232776, 48148, 304346, 322504, 199803, 211491, 234392, 88444, 377318, 206803, 254472, 34767, 68249, 89318, 394327, 488936, 256137, 439320, 75225, 168628, 447512, 437679, 25152, 5714, 419426, 215473, 133919, 107238, 494451, 158774, 332479, 346409, 460368, 276969, 84252, 290078, 241605, 145963, 479267, 398495, 316963, 275057, 116157, 408665, 473939, 453355, 215001, 297777, 14268, 171493, 338878, 280202, 177031, 482519, 304028, 426106, 237995, 459065, 196692, 351582, 191142, 28206, 25293, 197183, 324854, 24642, 175858, 54404, 441961, 9225, 4100, 216169, 60534, 496485, 7069, 456481, 371067, 331741, 476310, 158011, 177080, 444750, 154754, 413897, 464787, 27760, 186783, 314002, 293182, 51291, 74337, 205569, 211181, 11766, 158185, 276844, 112326, 246895, 354401, 240861, 213955, 226946, 415761, 176881, 299484, 41261, 78010, 276752, 372484, 94582, 142625, 393224, 390419, 185200, 266508, 170162, 176352, 265824, 487049, 196856, 7606, 445249, 315683, 98007, 366272, 68194, 188259, 68086, 424305, 12278, 292622, 175533, 440013, 493017, 215501, 316873, 160884, 413324, 105935, 123676, 68628, 43859, 157533, 35043, 15343, 441281, 260480, 12044, 303542, 85100, 353984, 39097, 102422, 104435, 4889, 191722, 408558, 318526, 44379, 476737, 292878, 124160, 297934, 61809, 421313, 169041, 237008, 127418, 37173, 339352, 301658, 158618, 59792, 367898, 263619, 182913, 197513, 228062, 216146, 431818, 39005, 221620, 101748, 363633, 240706, 23918, 44602, 155956, 265372, 104719, 166507, 49514, 355557, 396291, 246837, 11676, 130835, 27884, 258386, 371621, 290957, 143331, 6075, 433251, 416490, 19082, 82929, 252368, 171235, 187270, 123789, 399098, 463957, 497803, 490044, 411057, 40556, 216402, 266738, 38225, 298357, 127370, 247131, 378443, 365130, 123287, 448094, 327571, 308032, 81597, 493074, 305375, 285803, 83294, 380752, 478611, 112185, 226936, 3280, 386141, 293463, 261728, 14299, 187698, 401, 139327, 274190, 146569, 198384, 200243, 273804, 162125, 323721, 356149, 98421, 106144, 70803, 238282, 334866, 166935, 301409, 197017, 430898, 364259, 73776, 140119, 222574, 44201, 247037, 123954, 168339, 126426, 138759, 245798, 179705, 347573, 462159, 23701, 328169, 460769, 271686, 357879, 454909, 190393, 335211, 281834, 404326, 400644, 178887, 47432, 433356, 370255, 412699, 48189, 362953, 132087, 417844, 80255, 222108, 135114, 132225, 248185, 460286, 429908, 183665, 48060, 328553, 138063, 108252, 406017, 290151, 211981, 343976, 385948, 85536, 102307, 34126, 169391, 174348, 338512, 160340, 445320, 348600, 439932, 467788, 208965, 475453, 423023, 229704, 83065, 38367, 28054, 211818, 124609, 360685, 264756, 24945, 436699, 352830, 10177, 202397, 109408, 387429, 431362, 301756, 74352, 146551, 168121, 281500, 224282, 279819, 161329, 434323, 334089, 152435, 87433, 273827, 161166, 146727, 318112, 295723, 334432, 255062, 14828, 235878, 330287, 335906, 27666, 389824, 299425, 249122, 246039, 222583, 1549, 16550, 273358, 403649, 275739, 257760, 175792, 157275, 434436, 472383, 104862, 379923, 403940, 18300, 389661, 474285, 19799, 39150, 219082, 192796, 156617, 248514, 280106, 169093, 105756, 407774, 433201, 498916, 129371, 413534, 39017, 212656, 372219, 79331, 285878, 266123, 405860, 462245, 162529, 302467, 495659, 180070, 429687, 389181, 207718, 422853, 278047, 258458, 283237, 452596, 70244, 2808, 59848, 76537, 340038, 157218, 427152, 220999, 168245, 251457, 296867, 478873, 485054, 149382, 137971, 455476, 93737, 336511, 335952, 60988, 41860, 277765, 315327, 111134, 40179, 139047, 23930, 446035, 439835, 447594, 445102, 48828, 163855, 18832, 34632, 219922, 376202, 382550, 19223, 375321, 437448, 199012, 112154, 63533, 162412, 304525, 160095, 9800, 315293, 424954, 472143, 413345, 281642, 61929, 356101, 16081, 91122, 259023, 152129, 479537, 411338, 456818, 208441, 286701, 464271, 394572, 75155, 442542, 69081, 179452, 440892, 396219, 488073, 491433, 140987, 384191, 138951, 488579, 353628, 92418, 145467, 324861, 239482, 119792, 79155, 435888, 332774, 37947, 75675, 132039, 338766, 87461, 132955, 302684, 431202, 499495, 390199, 198696, 14267, 429384, 98311, 174390, 143027, 234528, 469209, 194676, 181507, 10130, 215556, 78410, 201835, 389235, 128013, 310057, 107834, 39087, 471799, 199743, 160665, 113345, 11619, 52756, 140310, 311685, 315546, 78044, 265065, 224095, 477112, 433148, 56113, 116822, 163389, 281387, 179021, 403979, 178956, 319406, 387317, 326778, 444908, 300222, 231263, 342092, 404307, 8937, 239375, 365172, 145125, 120369, 354244, 67568, 387664, 18687, 222971, 3046, 41170, 470423, 490016, 296578, 429941, 85039, 435566, 315370, 132566, 70139, 294945, 157973, 410367, 69348, 119069, 20775, 174645, 42427, 444638, 381510, 181367, 91553, 305192, 345169, 491875, 12058, 338325, 3623, 204955, 233885, 235458, 292044, 200786, 405486, 183715, 149703, 205532, 449177, 361939, 416546, 29783, 109782, 135603, 412203, 294073, 169520, 404921, 367654, 408027, 446738, 495248, 199098, 234287, 124837, 152590, 229706, 338181, 51787, 117511, 280281, 326479, 436424, 74064, 296048, 178248, 212510, 295567, 257465, 80866, 82165, 410226, 271675, 77837, 185768, 22254, 224728, 307002, 118380, 473414, 105747, 222665, 174387, 199675, 325051, 157768, 139464, 242820, 225033, 210490, 303190, 404357, 410589, 205103, 132111, 931, 492939, 338208, 128819, 494573, 242260, 435173, 11088, 11214, 178347, 428229, 106301, 269662, 324574, 287970, 25569, 316492, 434196, 92406, 421144, 157657, 68782, 386077, 175964, 302963, 11719, 171309, 28716, 273619, 342359, 77503, 84951, 333520, 225465, 487096, 456464, 252660, 25353, 350137, 158307, 105810, 432947, 356018, 96432, 470439, 174819, 462590, 401221, 173684, 227555, 428443, 62615, 410483, 419051, 147169, 286744, 307481, 177427, 14065, 62111, 425977, 391453, 194725, 260519, 382718, 1401, 471217, 240630, 479380, 138770, 24090, 292411, 100068, 354368, 338499, 441105, 44859, 428854, 134793, 148680, 405669, 45701, 493131, 160517, 38809, 98949, 56603, 362240, 87076, 322170, 305616, 68430, 430377, 427375, 64507, 470014, 226331, 173106, 296140, 460958, 242754, 189449, 142078, 355295, 275768, 399220, 306671, 112177, 120098, 333861, 120945, 273477, 313897, 43287, 15624, 747, 59160, 133220, 370502, 488329, 264723, 299057, 316651, 283135, 385405, 400227, 101220, 138712, 173558, 73402, 360081, 345279, 138163, 282812, 430315, 66105, 122034, 94536, 292254, 97242, 297583, 236859, 242223, 95598, 481368, 221190, 176314, 88293, 189170, 348036, 148946, 138021, 82454, 488260, 47102, 208137, 268894, 301489, 115888, 235704, 191905, 325524, 109709, 437227, 287627, 106175, 300864, 470016, 255632, 377813, 16882, 262030, 305795, 129914, 72045, 494124, 410453, 29861, 354100, 477692, 210000, 277166, 427047, 483888, 417121, 122635, 162324, 38725, 473074, 466674, 98339, 314952, 212788, 242944, 245236, 225789, 239235, 2766, 22397, 70640, 484993, 440620, 97404, 234547, 242898, 159268, 286080, 60895, 54130, 302704, 468888, 196613, 426870, 108695, 494051, 49368, 269002, 23656, 73163, 5927, 479530, 243553, 146996, 295452, 224607, 83829, 321082, 74557, 346263, 478516, 303118, 254054, 468249, 203742, 297748, 412754, 68961, 273455, 153533, 256321, 284126, 66540, 327499, 151404, 178919, 305485, 13417, 118616, 28639, 197505, 461822, 71884, 132112, 414161, 465417, 479909, 175243, 420811, 369913, 58917, 164764, 294099, 203218, 34269, 281102, 472778, 55784, 274300, 164585, 119234, 165710, 19184, 257485, 302655, 304919, 463450, 442421, 142655, 48985, 169412, 403968, 382888, 72530, 145071, 393140, 341028, 265202, 191525, 264238, 282385, 324385, 267388, 178144, 310619, 159268, 146201, 155261, 428006, 220401, 488853, 451855, 3108, 396157, 11916, 23871, 300596, 223928, 44645, 204489, 407425, 479667, 99531, 57560, 414992, 278946, 416387, 427152, 379736, 247631, 68123, 151272, 328961, 78857, 26409, 407372, 181278, 290019, 206119, 282031, 268231, 318689, 153083, 278431, 105326, 329375, 331136, 444330, 429745, 383414, 264878, 94975, 468535, 320062, 332254, 160777, 239088, 172775, 108472, 37490, 459458, 146826, 72572, 430521, 253922, 305425, 381565, 289853, 144121, 131608, 378873, 230094, 288943, 37960, 412410, 449563, 1266, 102994, 31272, 149652, 20489, 440150, 379861, 183427, 417667, 89741, 449976, 279846, 414073, 246924, 49554, 319741, 233784, 219781, 271113, 311204, 495500, 305164, 425711, 277341, 340203, 395609, 70974, 390903, 262383, 402352, 295133, 284119, 417036, 26051, 386701, 332273, 234914, 470002, 357747, 65106, 113948, 299302, 98437, 438144, 326196, 221137, 365001, 17288, 119569, 80870, 93625, 359732, 337645, 70693, 295970, 477640, 400983, 386108, 368110, 206383, 336875, 350422, 74031, 182449, 5849, 178631, 370514, 256984, 250318, 139900, 345926, 217593, 74819, 447254, 240076, 139152, 305036, 28988, 389974, 26252, 446128, 797, 417424, 473716, 422827, 362024, 300801, 72061, 270001, 311799, 94263, 184832, 3423, 173525, 199146, 354333, 2542, 482407, 324211, 240014, 345561, 271874, 442679, 149071, 446751, 391151, 154568, 5122, 363915, 333926, 137798, 28830, 169358, 13541, 346620, 37771, 282335, 313109, 158700, 472065, 296257, 478478, 298118, 477835, 349615, 476064, 136182, 94548, 47892, 235415, 291168, 67627, 249318, 181016, 331633, 75925, 82756, 403415, 101690, 291427, 243079, 179408, 247006, 373587, 331114, 381430, 275523, 350723, 17129, 221113, 200922, 392368, 217801, 238218, 175861, 142792, 308432, 175088, 214513, 39818, 147838, 380548, 11652, 305407, 276480, 23183, 124284, 4127, 60146, 46775, 263714, 159904, 113453, 303566, 421495, 458524, 36767, 267019, 114266, 476386, 404848, 351779, 67378, 300766, 416025, 371134, 73368, 342485, 107080, 394888, 284531, 107631, 293488, 182314, 120318, 271337, 153669, 492544, 423328, 250416, 19114, 426848, 25808, 443988, 14976, 415297, 485384, 385989, 170526, 336236, 161251, 195031, 452864, 246667, 355531, 448172, 85780, 352983, 359008, 496840, 437181, 300910, 392579, 206217, 84102, 300416, 272208, 150693, 126045, 165464, 346133, 342849, 453974, 435875, 298262, 499286, 266460, 235977, 5760, 358198, 217596, 403299, 230963, 203156, 445255, 6635, 402206, 420688, 398940, 184944, 55497, 380473, 7029, 281136, 89146, 371905, 185400, 352972, 172932, 342834, 234508, 101015, 250259, 247504, 184316, 457824, 225702, 99304, 469275, 406070, 368179, 18127, 95161, 178003, 281666, 420276, 100344, 263036, 165680, 102278, 153815, 376637, 272214, 407982, 235889, 257398, 118306, 452706, 45347, 49705, 86448, 482915, 40246, 115073, 433814, 192934, 327546, 316765, 385737, 390402, 443365, 480769, 395465, 263680, 369063, 110464, 56930, 10560, 317515, 358495, 105532, 60228, 390278, 175166, 358214, 320667, 77142, 447128, 191853, 199628, 45301, 350672, 291618, 167632, 373252, 386979, 358310, 198175, 388987, 336042, 204627, 41452, 6484, 180508, 197444, 367020, 379182, 336728, 314142, 271458, 87151, 94567, 336548, 261922, 115439, 3405, 179857, 207878, 326969, 338897, 44968, 240988, 392421, 240210, 21073, 171813, 35558, 118637, 428366, 283596, 181892, 19228, 294569, 412727, 411126, 331422, 54145, 304497, 22963, 445080, 107914, 283443, 282968, 392001, 378354, 321372, 71242, 10114, 462182, 246349, 467962, 216672, 489714, 325183, 81003, 445311, 230203, 94227, 14729, 247510, 111001, 361846, 439913, 389181, 212855, 309920, 434809, 202888, 128171, 491696, 338608, 496383, 171785, 219662, 129776, 290358, 246546, 304744, 12046, 405938, 35558, 391829, 470137, 70200, 399185, 268392, 409103, 20675, 334973, 341524, 340688, 190102, 371719, 152976, 10230, 361810, 410770, 14982, 304185, 402381, 208668, 45940, 107585, 424464, 157625, 364908, 230685, 319918, 330805, 96381, 104511, 440401, 377612, 363641, 3128, 89167, 4723, 424205, 199265, 121024, 251525, 61259, 289988, 235797, 425210, 210644, 431899, 134337, 435404, 239900, 150342, 367015, 1923, 339066, 367493, 456487, 300272, 167671, 80057, 56115, 133678, 22649, 99717, 190637, 20954, 492322, 267664, 434100, 102177, 360636, 173232, 446220, 108887, 127920, 3843, 211417, 137504, 489516, 11925, 219861, 202477, 258030, 232879, 155257, 307943, 489684, 118041, 139137, 241856, 63901, 65069, 213006, 368184, 422245, 131049, 197214, 265055, 2563, 135824, 241563, 411542, 3341, 246961, 50030, 406099, 117621, 460193, 231837, 358758, 171068, 149764, 440014, 392291, 71730, 67475, 240856, 340651, 374900, 422883, 11634, 471626, 132977, 475395, 271789, 240287, 78265, 245660, 269, 361761, 382093, 309318, 124959, 186320, 383720, 312810, 126855, 116617, 158516, 353578, 484268, 446492, 228025, 111644, 80008, 79796, 298850, 433114, 478972, 252975, 498945, 406183, 327560, 9577, 449945, 120776, 73898, 460701, 429050, 201852, 226377, 364701, 385493, 146254, 383763, 293128, 199449, 272556, 356920, 29712, 72502, 485366, 410524, 407013, 378838, 445931, 21408, 62244, 164619, 311879, 464563, 132460, 201381, 484862, 345846, 277667, 275875, 447905, 113756, 104239, 152081, 213732, 365558, 256180, 285882, 6777, 336476, 150575, 229397, 462173, 365862, 376715, 236751, 447809, 222477, 435201, 137612, 383286, 398221, 228147, 378741, 131803, 258447, 317904, 394124, 15289, 202813, 119600, 282533, 124731, 4729, 341049, 199560, 25314, 255927, 454491, 433049, 82754, 219716, 419055, 436492, 296655, 344701, 252631, 234553, 358250, 83116, 85783, 462423, 464487, 14869, 229757, 353490, 413739, 187433, 329341, 58665, 67257, 95825, 43027, 277099, 415083, 57679, 3493, 399940, 469091, 436774, 134259, 385612, 133022, 39932, 28935, 445215, 35838, 153314, 59398, 278450, 58697, 438691, 469987, 340749, 316309, 48369, 297597, 283843, 403423, 439048, 322441, 16628, 64218, 367612, 413116, 157143, 427997, 67050, 365523, 343730, 472923, 286662, 78644, 2606, 458714, 354500, 282144, 69745, 453644, 399854, 77614, 238479, 347485, 50753, 462676, 243313, 168700, 246940, 385442, 370561, 250173, 32472, 168881, 128457, 235038, 108295, 330898, 443194, 460334, 470786, 327916, 383661, 395163, 458664, 480052, 467897, 61306, 202784, 341334, 411131, 262980, 1789, 168759, 481308, 416952, 162431, 259434, 244420, 228907, 280784, 288178, 363161, 305218, 113876, 408173, 9077, 205022, 360291, 199784, 316672, 165831, 127111, 136662, 480617, 78627, 15286, 219728, 121605, 344830, 362193, 351780, 471919, 341454, 284736, 132009, 347382, 157447, 27915, 93968, 432995, 405626, 221965, 154167, 180497, 474557, 412515, 280552, 193077, 209580, 85501, 441492, 385728, 15971, 45776, 401808, 109453, 387341, 169404, 191350, 114213, 377464, 416497, 416003, 413818, 253803, 82211, 386782, 378155, 223724, 2109, 704, 320045, 32069, 93617, 386383, 95824, 52364, 114382, 268047, 493984, 341416, 414906, 129096, 328192, 26374, 29288, 222672, 80573, 403403, 454715, 299372, 66860, 242188, 185324, 439024, 304746, 470938, 390076, 296291, 315400, 39588, 217368, 438447, 152359, 490254, 462827, 267706, 245573, 66420, 60948, 277974, 224863, 97016, 217038, 298718, 287849, 169295, 452850, 435466, 338961, 480893, 254450, 201723, 404368, 178179, 379472, 38303, 462701, 261084, 226031, 333913, 278557, 435044, 14393, 396400, 441552, 369654, 314469, 172842, 66398, 349167, 254971, 138304, 33942, 139304, 375475, 183693, 90948, 213267, 368245, 161203, 331428, 428335, 142423, 12024, 330984, 69545, 134210, 35627, 149732, 294789, 293506, 117966, 75627, 192300, 183690, 95227, 210012, 451732, 372593, 289261, 111063, 337219, 485845, 298028, 469497, 459429, 421994, 25880, 120864, 295255, 78391, 288271, 18028, 296850, 210258, 234802, 443504, 465987, 82892, 123560, 410103, 375850, 189296, 230170, 441639, 368754, 142786, 229454, 238982, 361376, 47759, 34930, 283468, 4566, 408887, 345193, 145844, 173595, 191262, 406800, 348537, 199281, 28136, 100166, 110285, 277418, 330779, 430522, 344521, 384454, 469629, 451277, 22098, 430506, 160047, 181082, 435158, 448708, 95394, 312581, 459553, 190163, 74057, 459432, 292541, 293577, 272024, 238328, 202174, 86914, 322839, 4746, 297133, 363318, 150808, 388219, 24372, 457123, 19908, 656, 394169, 403385, 229078, 140987, 18273, 125646, 118176, 111880, 5764, 82806, 348124, 210864, 359281, 363, 327523, 104454, 459817, 113205, 318904, 48197, 205291, 255104, 129584, 186521, 71876, 408007, 444294, 411650, 409498, 268121, 223324, 220470, 411267, 461148, 415686, 175646, 496096, 253352, 103450, 343147, 366969, 40810, 56318, 451018, 54647, 105359, 117473, 410169, 482062, 470227, 345179, 442785, 408018, 81372, 378459, 216648, 157520, 472840, 300016, 252422, 296220, 41225, 239982, 344498, 85869, 416895, 204125, 66068, 123537, 150806, 96688, 424421, 409835, 377342, 409163, 273396, 415063, 61861, 203980, 296868, 218569, 482832, 208117, 384437, 148729, 268467, 147612, 475076, 166814, 72885, 430568, 360645, 60418, 332603, 83509, 490684, 94239, 231910, 77042, 141160, 419907, 327776, 104061, 421205, 188635, 461806, 172069, 407486, 292760, 181005, 457119, 180936, 273704, 48759, 421761, 16381, 236509, 148463, 22141, 404152, 478439, 26445, 373110, 33652, 176269, 417028, 109249, 95611, 248223, 92374, 240054, 235306, 172886, 55436, 62647, 300117, 168418, 384747, 355120, 276263, 105599, 62182, 402321, 165729, 99658, 257711, 1002, 151113, 298283, 221915, 174201, 185319, 175659, 437853, 324396, 330459, 173241, 161979, 468130, 211263, 212313, 320505, 295952, 73308, 85588, 159942, 219276, 44170, 42412, 155712, 317842, 414646, 476277, 121649, 32473, 344084, 388381, 315342, 131173, 303837, 267136, 80186, 410547, 219309, 325566, 32134, 477844, 298641, 292809, 239051, 83712, 303209, 156641, 390108, 125889, 338244, 492459, 416951, 261473, 380791, 62727, 55951, 339403, 389247, 376300, 19282, 248079, 359000, 235970, 235938, 50250, 472228, 347654, 360870, 105394, 267750, 485193, 376570, 497601, 230764, 332946, 422288, 128632, 303127, 277133, 334542, 459178, 352281, 430132, 389969, 461776, 172752, 459499, 391404, 416778, 220193, 288607, 490551, 316441, 99593, 292550, 185929, 348382, 137130, 416941, 465088, 464727, 272037, 409057, 280127, 462174, 55647, 423101, 194622, 72223, 247638, 486133, 421112, 182143, 100653, 142559, 168389, 211761, 6206, 447996, 72914, 450233, 374836, 209336, 1136, 278294, 190292, 212759, 360994, 348727, 269783, 146135, 279383, 272825, 347356, 391272, 477160, 356067, 66774, 162641, 131691, 363761, 192212, 171655, 163689, 428923, 158149, 440224, 165177, 95716, 35039, 435706, 278824, 199733, 71944, 455414, 41038, 9649, 429211, 265271, 51111, 349949, 54517, 496472, 9521, 168273, 66687, 379810, 484166, 309033, 186712, 93697, 208927, 222647, 359708, 491162, 116131, 135309, 345243, 423056, 249589, 484609, 68093, 318220, 94483, 225814, 24643, 261556, 51585, 224865, 395642, 476276, 379072, 198556, 270266, 444205, 428030, 251616, 59348, 280123, 1689, 334854, 15789, 127321, 411197, 16961, 231883, 372639, 494679, 112305, 104506, 345297, 292340, 300133, 364367, 311960, 271700, 307163, 430559, 227491, 181144, 296540, 360447, 50309, 376132, 109134, 23545, 90461, 246773, 341338, 454023, 24982, 475241, 319117, 417268, 222030, 106134, 90297, 241555, 147225, 395387, 228752, 148898, 159988, 498007, 237704, 59518, 193510, 455239, 406773, 304907, 348240, 107116, 23756, 151587, 62551, 72569, 423715, 215566, 351636, 255611, 279070, 264011, 94080, 145636, 288329, 421929, 120734, 264715, 250322, 255697, 462324, 396613, 498183, 231499, 264996, 37894, 260857, 339118, 355626, 321538, 97764, 92846, 169181, 53396, 236508, 215621, 72793, 161192, 348409, 190705, 471810, 145964, 318636, 6455, 190469, 344000, 498059, 423822, 116760, 235248, 468155, 208986, 186309, 319321, 329478, 42120, 263777, 108764, 350758, 479814, 39049, 199720, 16409, 398326, 346587, 412400, 108372, 459532, 355588, 316238, 159281, 420776, 449036, 181253, 370857, 446237, 163704, 317828, 28780, 216272, 96486, 448412, 110586, 139656, 232812, 138647, 450507, 90186, 350319, 407778, 59969, 146814, 375277, 217965, 401544, 112262, 388774, 444680, 342513, 72816, 366168, 273308, 207968, 274005, 57034, 188068, 137436, 231439, 381135, 133454, 73482, 432508, 472417, 67709, 273164, 194655, 449723, 88401, 283609, 4097, 478409, 302494, 151075, 398394, 468378, 424961, 187571, 208849, 345929, 366730, 223729, 45775, 115873, 290194, 141417, 435388, 396893, 262856, 391220, 61533, 429431, 187328, 324961, 454795, 394634, 405221, 30310, 361090, 244641, 30286, 21320, 318748, 213905, 114462, 481975, 292676, 210036, 28100, 319954, 327148, 418764, 184353, 281087, 341274, 212875, 111242, 285048, 269761, 455108, 164093, 104291, 425390, 51160, 36184, 480718, 285692, 24754, 379498, 336711, 315290, 444459, 336226, 251738, 329640, 453521, 246268, 185091, 28233, 277991, 448816, 453138, 408848, 155569, 150807, 162205, 225149, 149045, 285443, 82914, 340925, 106046, 133270, 274566, 187232, 89840, 296105, 69454, 108898, 301181, 378719, 161419, 327580, 388558, 452001, 413336, 155463, 393876, 116151, 297835, 209249, 188829, 19984, 469824, 75082, 133724, 163374, 34151, 2754, 106376, 492882, 487666, 3609, 242687, 386292, 469531, 194777, 366812, 401862, 496957, 207581, 453766, 30205, 397686, 135620, 316812, 449771, 437027, 266897, 453556, 76664, 286286, 321019, 131317, 310208, 260816, 156350, 217823, 101675, 425419, 248606, 363245, 30516, 178057, 225097, 266925, 214493, 213966, 446358, 290160, 107544, 356032, 81724, 153983, 63028, 41804, 311861, 371556, 173008, 178277, 465513, 364651, 48798, 303035, 223733, 2014, 19491, 295470, 420077, 414387, 204641, 33105, 368752, 318523, 183806, 417609, 115463, 249514, 187999, 205049, 392775, 439037, 455545, 349706, 380548, 70828, 226722, 309519, 62281, 178807, 386334, 10475, 118536, 480945, 118728, 383521, 427768, 263798, 470181, 48097, 145235, 213089, 404705, 96098, 408604, 269037, 440962, 466446, 9411, 308611, 75802, 306860, 459222, 391419, 300368, 233180, 154167, 138861, 101991, 216139, 127524, 464285, 219853, 473049, 407369, 468398, 65323, 273992, 174480, 147665, 285410, 424165, 13402, 315531, 39407, 304653, 178125, 99063, 272645, 173113, 189174, 76454, 434901, 176234, 333261, 201425, 215819, 397567, 49297, 235182, 164488, 105939, 296663, 92815, 498857, 254925, 7454, 123733, 261168, 204667, 266565, 186407, 144308, 9070, 81876, 56697, 199980, 9373, 452675, 334942, 493532, 317563, 248984, 486208, 346695, 416327, 480799, 434819, 195076, 273758, 178381, 390413, 220248, 491046, 225755, 394918, 73694, 144218, 145715, 389284, 270820, 439132, 406106, 394918, 475465, 8224, 201335, 455420, 360229, 278820, 174416, 343552, 480541, 349028, 98364, 410502, 478047, 314808, 152914, 22731, 407425, 328044, 448682, 287336, 82903, 292096, 41313, 53221, 413527, 71773, 279180, 289982, 250182, 278938, 314366, 252621, 284618, 1076, 423989, 409500, 192273, 177316, 267814, 440044, 222427, 448631, 40373, 411409, 119797, 185482, 48506, 268934, 289418, 137886, 251064, 158813, 108032, 162061, 233150, 271933, 154702, 383994, 356964, 80963, 338322, 140588, 64168, 160288, 474517, 201187, 112923, 426886, 292465, 35284, 440006, 330699, 28208, 465650, 32075, 126828, 319938, 283511, 463277, 438488, 499330, 208759, 283928, 205922, 282462, 265593, 84671, 274507, 34413, 254371, 480434, 159601, 378955, 14333, 488418, 80798, 195616, 314205, 86124, 412604, 144886, 170857, 37667, 375077, 20418, 413207, 171757, 1869, 366310, 8291, 379009, 458821, 180222, 348554, 76144, 127701, 162903, 242581, 91873, 88164, 36006, 244770, 17090, 334234, 139706, 186430, 98799, 499804, 57479, 199971, 193759, 235637, 353355, 281771, 278389, 302804, 461405, 149590, 448040, 183222, 136117, 448175, 43558, 228128, 138038, 96164, 442958, 320882, 26889, 146546, 279943, 446164, 24427, 120980, 433342, 296571, 201196, 363573, 157167, 64974, 406310, 248605, 456855, 145596, 97115, 386611, 374261, 459079, 376254, 3561, 243507, 300010, 113391, 357435, 42324, 138530, 384333, 317786, 198074, 137466, 377017, 181547, 223823, 361319, 358122, 377017, 281056, 56090, 35319, 267143, 10313, 274990, 428288, 310115, 238500, 262628, 141050, 71928, 43588, 221359, 471456, 318280, 261951, 421530, 421564, 347822, 445766, 422965, 47401, 349641, 374716, 233737, 255163, 191720, 383170, 130497, 465905, 126031, 103149, 358404, 287044, 172801, 21899, 440099, 274650, 206048, 482613, 29425, 135938, 481675, 416706, 286615, 315601, 448951, 313177, 134376, 224925, 352411, 471127, 113212, 294312, 149330, 67277, 398888, 177925, 319666, 400422, 5654, 261742, 466102, 362284, 330865, 176313, 452068, 41829, 208905, 42088, 293688, 130898, 358879, 274700, 153711, 393218, 192041, 66577, 41821, 491071, 48271, 46437, 480280, 407446, 223990, 81781, 178715, 48555, 174038, 448353, 499767, 149248, 413565, 290982, 493536, 641, 178164, 303474, 241160, 159051, 99746, 30456, 462126, 78693, 17128, 416545, 248571, 371916, 150710, 356912, 264876, 488428, 431107, 16589, 381775, 96681, 454265, 10815, 295389, 494356, 403263, 229136, 144243, 330345, 13899, 78686, 339902, 320530, 196351, 410849, 171467, 252308, 76845, 105809, 166984, 77883, 349515, 405625, 215888, 164407, 422025, 36763, 35485, 134143, 143988, 474805, 167922, 153884, 451863, 413869, 92331, 249089, 38797, 47329, 359059, 490173, 473945, 121156, 183569, 302719, 490841, 485514, 327709, 345946, 355449, 202583, 448624, 217356, 247525, 81559, 150533, 370915, 118793, 296600, 365752, 406409, 483519, 201416, 440835, 342213, 366819, 325484, 266617, 329274, 488694, 176085, 461946, 450905, 318599, 196804, 52638, 416002, 450064, 45395, 34126, 3095, 244244, 95592, 372610, 231994, 354271, 309521, 286842, 14842, 37024, 164724, 48220, 198860, 312321, 292659, 176119, 163646, 333570, 26602, 57327, 414740, 191203, 244139, 304910, 388867, 59195, 35599, 302198, 240694, 16194, 95851, 384869, 232707, 211254, 346781, 406613, 433559, 260907, 65009, 174502, 285942, 422333, 94557, 167552, 341350, 69460, 97242, 369595, 36463, 299385, 321028, 487728, 202536, 62773, 206185, 487209, 96071, 454994, 366786, 413846, 391003, 273116, 133416, 2445, 197065, 484906, 437672, 235389, 326140, 337952, 210452, 262274, 114662, 175600, 245808, 415554, 183261, 429955, 75541, 469366, 105803, 403523, 131480, 175126, 373919, 402779, 445582, 297600, 219633, 286438, 419701, 112213, 76244, 337226, 171966, 114253, 383051, 128363, 100598, 106935, 427769, 55165, 264591, 248243, 226843, 59251, 300082, 383239, 392819, 269718, 296051, 116927, 314940, 343722, 432344, 12681, 321359, 26644, 378583, 49583, 33228, 363180, 53353, 465198, 294962, 180621, 251676, 323534, 328478, 219569, 115566, 363371, 441795, 15453, 444218, 343693, 123375, 260474, 493603, 200051, 256563, 118724, 308402, 27818, 69441, 218732, 58966, 348375, 193076, 436281, 271459, 404678, 463447, 25453, 203784, 297479, 411783, 264497, 186853, 498538, 146460, 231159, 462634, 466455, 68765, 321605, 344934, 242363, 344570, 18202, 261364, 149305, 132162, 331884, 330924, 190304, 40776, 67601, 487776, 189962, 203827, 60261, 44229, 445093, 24456, 288642, 293417, 394652, 99952, 223601, 114294, 45803, 405143, 154585, 260065, 288187, 299709, 156343, 442415, 162422, 55524, 290203, 132692, 289931, 393085, 90339, 61193, 293123, 381379, 91660, 224049, 104705, 18098, 25570, 484646, 190661, 445794, 104870, 180116, 494614, 379203, 403173, 420200, 151701, 435765, 470491, 485391, 330047, 380454, 440027, 484773, 358758, 276824, 331277, 136698, 187742, 226404, 326568, 122098, 435611, 330292, 153456, 204486, 351252, 123513, 106004, 26792, 2470, 283559, 372525, 25150, 427326, 59596, 303741, 317804, 464221, 370915, 468569, 229801, 245074, 464365, 47303, 366055, 121722, 83280, 235594, 263722, 87674, 331276, 225070, 210576, 382694, 430548, 429521, 451627, 91698, 468571, 51192, 303513, 201167, 381254, 140895, 332349, 114365, 67587, 367825, 319681, 298557, 85671, 288712, 77514, 58745, 466071, 94116, 10614, 359831, 148446, 389919, 201821, 143632, 401761, 70862, 114473, 132321, 38028, 159187, 14840, 208765, 376305, 21235, 304109, 150242, 202754, 69594, 466646, 417789, 167247, 443553, 406499, 235925, 335191, 58257, 484868, 391030, 298299, 294156, 438793, 377089, 132539, 271635, 6990, 229398, 84055, 57765, 398693, 449668, 359831, 486898, 60029, 287002, 396231, 475550, 343335, 303671, 252971, 484968, 279542, 40843, 47206, 54970, 71686, 64930, 446947, 142786, 274916, 362495, 288367, 413168, 11030, 303332, 291278, 84804, 404222, 281612, 214657, 59102, 52716, 32779, 86746, 93410, 43287, 322161, 225720, 425325, 433045, 226986, 304507, 54968, 416790, 233273, 243396, 499597, 156649, 162811, 11030, 284405, 67928, 101377, 486943, 79804, 222496, 140786, 489379, 43864, 479760, 401068, 30609, 212571, 185910, 305301, 78523, 219844, 351032, 18632, 167046, 353698, 449740, 412650, 245160, 216173, 210669, 129245, 366223, 245782, 424276, 92026, 316414, 453060, 267746, 464518, 439907, 106107, 145, 78067, 400687, 99203, 28669, 459484, 176334, 326898, 86316, 409551, 99464, 394607, 30924, 422201, 291880, 33378, 155160, 450785, 46738, 372024, 465622, 330657, 480133, 66885, 473600, 437770, 214331, 415188, 361023, 106471, 299255, 112584, 465450, 339727, 395216, 462832, 415145, 432067, 435748, 413153, 233385, 11676, 222481, 18125, 445383, 199148, 87033, 103676, 92438, 245545, 129998, 300133, 71126, 188213, 390978, 214339, 201094, 179597, 411339, 425644, 429900, 368673, 202881, 135289, 483126, 288405, 139160, 28266, 82742, 342203, 328085, 281297, 254318, 96108, 117810, 89757, 308398, 23694, 348846, 281903, 360593, 116151, 183274, 492334, 376128, 284480, 453316, 429227, 163460, 360783, 487301, 373272, 248271, 43259, 187151, 243468, 278921, 205392, 257707, 338950, 337606, 109592, 162984, 153411, 203105, 437650, 384618, 232656, 130761, 145867, 331473, 105540, 48700, 470581, 403485, 110976, 17193, 79922, 229670, 165852, 214188, 37535, 344883, 140391, 229020, 306887, 316451, 482504, 104443, 471940, 121757, 43180, 310891, 122518, 277936, 368790, 320409, 248412, 150116, 254072, 415567, 191290, 355681, 327541, 109353, 203748, 338734, 271661, 450111, 199318, 215598, 140133, 290635, 319737, 50690, 234227, 76614, 232428, 373094, 190269, 371300, 319443, 142372, 37828, 107192, 401924, 313961, 278750, 35524, 36503, 256612, 443835, 493975, 253729, 119223, 354491, 375504, 433534, 418793, 5154, 246832, 81826, 193988, 404210, 459499, 295527, 82402, 270515, 480257, 341325, 434919, 465973, 15565, 478538, 445561, 168089, 422028, 233786, 457057, 87327, 267046, 54426, 118891, 182083, 20987, 406066, 42872, 7834, 495987, 297614, 269498, 496293, 461449, 164889, 498869, 205685, 297343, 59137, 296695, 131515, 399261, 257724, 302591, 136737, 459206, 376470, 302182, 150262, 338793, 41336, 327141, 321231, 122627, 178890, 283938, 200013, 14076, 83023, 194633, 491447, 292423, 295890, 438250, 303517, 324472, 374102, 40049, 358970, 262338, 270203, 100193, 484518, 54384, 161386, 89574, 66049, 326790, 264997, 26827, 154977, 171582, 421998, 88148, 315325, 474744, 185902, 404542, 463216, 460868, 490887, 263708, 465236, 174279, 345684, 465262, 466271, 235638, 49687, 152805, 331449, 171245, 461854, 355688, 348181, 464710, 439018, 233963, 242457, 82546, 328268, 214356, 17972, 83150, 76574, 37802, 385693, 110011, 433914, 239178, 424428, 244585, 123362, 430535, 173006, 88771, 20272, 268739, 290575, 199116, 255025, 236526, 302116, 359173, 382606, 138163, 356790, 439243, 152969, 219887, 301954, 374347, 458454, 302132, 115105, 190742, 298823, 443991, 338466, 396842, 77627, 487252, 139741, 269303, 390026, 216129, 344633, 294797, 411941, 38953, 298689, 205516, 94446, 248806, 294263, 489325, 293386, 86096, 481985, 31035, 204722, 118289, 166020, 429183, 195387, 172187, 487126, 234356, 269484, 89427, 74350, 313256, 17695, 322127, 453860, 101214, 497037, 315923, 298409, 486425, 222806, 77045, 190950, 303277, 349363, 295527, 457633, 130905, 196934, 309520, 408178, 132066, 82866, 366511, 46227, 483702, 9846, 145982, 396872, 367595, 413932, 317595, 384088, 432145, 157025, 207030, 400506, 129648, 158101, 460092, 315229, 378685, 222148, 26832, 137565, 222670, 446598, 189726, 230294, 276802, 420717, 227304, 445214, 446359, 178046, 196381, 490498, 362967, 136375, 129300, 133018, 19206, 22854, 298132, 407550, 57915, 451829, 56221, 389917, 439280, 15404, 52862, 366716, 256261, 370738, 249677, 133798, 475939, 369992, 14421, 14874, 219274, 213457, 410775, 129605, 202900, 492225, 260915, 332807, 237584, 159975, 124153, 77556, 226219, 255184, 39679, 345891, 12127, 298758, 171308, 377063, 254604, 384365, 83017, 373384, 3734, 344070, 284066, 71585, 144119, 302252, 238011, 407690, 46505, 268617, 371999, 117069, 94965, 82258, 4633, 384184, 372760, 292086, 271858, 453075, 494778, 382956, 74011, 27164, 245484, 56583, 216684, 29133, 374869, 364006, 90078, 350638, 395049, 244757, 334561, 125691, 98950, 175613, 325742, 231985, 79815, 183226, 223674, 193646, 406124, 35416, 82306, 460284, 146965, 394613, 300151, 247692, 406727, 473671, 12856, 310112, 16037, 48851, 464663, 59523, 481542, 29765, 419488, 197935, 303423, 131258, 35132, 229831, 107791, 250331, 370683, 262, 433429, 299935, 495542, 288350, 489202, 425404, 4231, 61449, 3846, 268553, 65866, 18645, 305210, 449252, 149460, 198463, 163937, 122122, 250161, 465997, 295976, 214519, 298494, 347384, 388424, 103279, 347462, 449438, 153036, 474611, 257123, 320405, 291202, 291130, 95076, 379619, 470325, 392070, 4720, 476785, 431241, 105382, 371591, 406563, 190053, 75683, 346745, 274676, 36991, 190220, 75868, 240831, 12472, 389513, 312432, 378043, 167640, 342438, 274718, 206498, 213068, 131965, 3306, 340864, 41479, 397292, 399775, 259424, 62500, 238221, 77259, 145179, 37709, 459527, 389105, 356638, 152905, 136897, 120646, 249205, 195659, 194593, 475641, 38412, 135691, 276838, 136193, 40659, 71744, 317484, 262676, 421493, 290558, 255678, 406451, 380818, 5006, 77595, 180801, 96277, 311046, 498597, 95368, 103220, 389599, 12476, 287354, 483442, 84658, 435134, 187680, 42155, 314574, 324480, 180555, 37900, 444791, 307148, 335708, 383377, 308466, 202748, 450908, 353614, 151941, 281002, 205989, 110023, 171358, 271117, 112893, 25515, 383206, 231898, 166637, 137151, 58756, 20281, 315800, 343410, 151172, 481486, 22028, 300531, 32798, 478291, 357953, 425976, 116898, 473340, 439070, 287666, 157844, 128201, 44383, 264226, 313106, 43164, 195805, 130736, 43379, 281743, 54256, 340674, 301474, 184305, 308798, 5458, 388756, 435015, 474357, 306106, 149092, 44546, 382658, 57150, 156568, 396940, 423472, 144837, 110448, 169444, 262432, 182719, 270551, 328758, 106391, 212712, 211546, 382083, 369909, 117379, 235862, 245359, 213631, 598, 53628, 487017, 348282, 214157, 239234, 491507, 350109, 64691, 280192, 343614, 280643, 302936, 182740, 176616, 149106, 424450, 288387, 486644, 200297, 249151, 443419, 63370, 62650, 396095, 258215, 170305, 434733, 341623, 17579, 104076, 284593, 362648, 141476, 193023, 484708, 281354, 55670, 432199, 327345, 213950, 6364, 207319, 416921, 111452, 202932, 49559, 175641, 244192, 257156, 34240, 276293, 278325, 247256, 315071, 278883, 494494, 402406, 32375, 432144, 128340, 54434, 125963, 126342, 446211, 236041, 472234, 341468, 314482, 447417, 218311, 453076, 236950, 30101, 356776, 95212, 18891, 84070, 494356, 231572, 54641, 39195, 201041, 247017, 399287, 3272, 51963, 250096, 37931, 277251, 272877, 447756, 171553, 341149, 320586, 121295, 269146, 167789, 37511, 382558, 174437, 60829, 2312, 323859, 24383, 190850, 194106, 484570, 187755, 382249, 185325, 343595, 40564, 101616, 77374, 137906, 165116, 185908, 48671, 169123, 187094, 191460, 34624, 198072, 35845, 19846, 106070, 96169, 452065, 385564, 52320, 371836, 280866, 225020, 437871, 265998, 453952, 50444, 362530, 122753, 152057, 256589, 424334, 179068, 6500, 68069, 49460, 484686, 244503, 472820, 375534, 282759, 111136, 59160, 147175, 128826, 301563, 391913, 82846, 391104, 465931, 465161, 387156, 415282, 497418, 361738, 439650, 430441, 143153, 222496, 697, 369284, 107265, 116926, 283233, 260020, 407312, 419829, 354856, 69340, 454993, 428188, 291708, 141416, 107350, 429602, 153855, 460116, 239671, 283863, 272599, 373599, 189875, 102718, 270453, 428385, 134035, 385171, 193098, 431548, 484849, 420103, 441843, 3111, 222387, 16822, 438458, 140353, 222673, 104088, 353110, 449553, 489259, 445459, 163507, 268761, 226024, 99642, 205338, 441956, 66232, 473592, 142437, 194124, 465572, 279855, 124411, 118810, 176518, 170760, 216808, 245889, 346237, 87531, 357807, 241634, 321072, 363179, 30882, 341022, 300310, 294090, 301864, 84211, 299615, 280849, 227748, 471025, 467424, 489625, 370353, 283960, 99349, 236851, 117154, 386189, 251900, 185885, 19294, 17913, 156118, 267493, 6119, 182022, 116817, 446129, 8658, 247793, 112952, 355617, 234991, 13371, 216397, 294441, 72108, 24002, 372108, 136441, 314070, 159803, 33917, 321565, 205278, 298961, 49803, 489417, 327202, 129244, 298677, 85481, 131387, 267863, 134100, 256434, 152739, 197191, 40816, 258224, 435447, 486062, 237861, 485675, 327543, 308397, 471787, 314339, 264038, 3515, 336690, 345459, 172247, 265026, 329527, 220092, 187015, 184037, 359093, 174287, 243884, 481163, 311795, 165512, 415404, 317508, 146864, 121016, 389372, 32661, 262597, 239293, 321573, 445996, 383537, 105015, 121841, 452444, 45525, 410403, 131003, 192786, 240907, 61538, 313485, 249755, 51238, 475274, 71281, 349788, 154182, 170961, 371398, 127963, 122314, 320469, 312514, 133688, 477346, 262411, 27862, 449504, 71314, 22531, 26188, 231308, 146618, 105102, 154583, 179893, 411018, 111339, 440161, 327445, 423803, 377579, 61023, 155454, 149565, 357200, 246193, 398192, 106721, 415443, 59164, 98074, 197176, 242897, 334838, 237205, 360742, 394326, 311133, 486244, 71266, 296452, 147654, 412747, 375758, 421647, 303710, 296064, 2290, 349779, 443005, 228585, 101823, 1982, 127374, 274961, 80098, 109255, 40311, 16398, 285612, 46435, 125650, 467057, 37190, 423024, 481219, 127601, 360105, 361209, 362137, 200180, 133250, 149452, 141682, 74711, 453439, 352415, 142013, 240592, 483944, 239571, 70225, 166804, 433219, 188574, 370972, 85271, 385999, 393790, 351735, 182570, 73095, 424658, 342358, 365939, 26912, 333168, 58975, 418013, 449309, 124245, 272955, 86892, 314248, 194621, 349666, 7564, 7290, 373586, 342870, 198789, 222353, 53228, 389310, 252186, 899, 308243, 73564, 41000, 475521, 278002, 255402, 132258, 25009, 126987, 167044, 201987, 362683, 484105, 251107, 348502, 382276, 2779, 71221, 135433, 421631, 277250, 307231, 358327, 371424, 414098, 345677, 381698, 252232, 326661, 404748, 423959, 458516, 479894, 361867, 439548, 463778, 283603, 221792, 352318, 443144, 432643, 155330, 240136, 353740, 33306, 177041, 352457, 348331, 280887, 461475, 394116, 396283, 208957, 78659, 185179, 287942, 20733, 491941, 91957, 174625, 445643, 392905, 235935, 137181, 499720, 385886, 227694, 344568, 140286, 134456, 392081, 390826, 69058, 361707, 191435, 345936, 292873, 25725, 275381, 444969, 163595, 119241, 43935, 165593, 71758, 105263, 40440, 297718, 284355, 283252, 181639, 190380, 137071, 33483, 178772, 33320, 125398, 69835, 393162, 167509, 219874, 472957, 307402, 227576, 260362, 122492, 317394, 320097, 33, 252373, 123559, 228887, 447794, 177635, 71641, 77577, 214632, 301274, 299357, 449075, 323576, 237712, 392471, 105293, 133933, 129325, 353575, 64961, 268500, 159631, 455331, 188282, 168452, 157475, 103693, 401526, 134965, 24105, 8062, 347070, 453275, 342565, 29583, 192353, 2353, 217812, 16170, 99053, 228075, 399841, 121821, 431905, 206703, 449600, 12874, 252820, 462067, 265305, 181181, 13035, 12652, 174656, 23458, 292480, 190692, 84655, 182291, 84654, 475211, 212315, 422962, 442753, 21128, 103189, 369439, 48311, 154873, 27518, 87357, 48498, 187396, 92600, 198385, 352916, 455678, 82036, 131808, 384804, 468621, 378141, 425183, 1305, 364171, 362296, 233308, 68215, 177393, 392812, 465504, 438515, 217616, 264119, 168100, 364397, 240145, 190392, 338485, 29485, 130885, 135555, 300847, 207672, 292244, 475573, 318449, 180046, 402930, 440891, 8491, 359896, 219428, 438836, 407980, 48111, 342787, 248130, 332613, 36193, 424562, 363937, 127140, 115588, 262974, 278414, 6127, 139443, 227140, 316613, 78297, 307134, 106385, 434405, 182151, 25983, 417546, 72323, 162306, 101227, 182671, 203968, 460702, 261669, 33943, 33030, 306005, 483183, 87531, 277648, 416479, 404877, 220811, 268224, 312760, 431071, 164782, 376732, 354388, 47984, 312592, 342204, 293140, 101750, 164486, 302890, 308162, 343286, 8088, 335359, 435185, 370577, 122269, 54738, 407141, 216383, 304501, 21381, 405418, 404233, 77335, 304106, 371188, 12719, 74480, 223212, 158535, 256656, 52727, 437627, 229900, 472606, 131649, 335957, 254945, 259164, 279065, 372220, 213499, 369117, 130120, 5245, 369154, 67342, 4830, 479299, 123519, 39609, 433530, 158053, 349613, 72669, 39335, 393194, 414183, 277775, 269336, 499465, 385705, 338342, 2745, 466817, 412298, 295781, 341141, 353211, 326352, 52641, 21008, 460838, 124768, 60107, 46087, 416255, 222654, 407980, 346365, 346502, 203010, 454216, 218926, 181749, 33148, 83421, 96160, 93827, 307177, 11469, 236166, 221104, 106738, 297770, 214423, 198548, 88813, 414803, 108340, 116819, 189507, 102748, 264928, 153486, 231008, 390271, 32867, 384984, 245107, 123273, 471655, 182006, 257160, 137872, 144836, 282919, 379192, 212706, 312638, 452513, 15, 78904, 40574, 345912, 490096, 474230, 379857, 352488, 271127, 320789, 194255, 307587, 438783, 424297, 304065, 30383, 344327, 438371, 204738, 90091, 64662, 90742, 277582, 178158, 377621, 68457, 261799, 237755, 389595, 439293, 12677, 425415, 75542, 2465, 435785, 100872, 204026, 451505, 102041, 382923, 329930, 297560, 401709, 441512, 488651, 470739, 379212, 255352, 24579, 455090, 196633, 118694, 169938, 285914, 258546, 256452, 130988, 452414, 16759, 123114, 196592, 310647, 153080, 262640, 491682, 203537, 424501, 278697, 193346, 272601, 274991, 405009, 356678, 392503, 270394, 239217, 256562, 361783, 453013, 146677, 440291, 15705, 296018, 380386, 35064, 244673, 106021, 161813, 284259, 315624, 434883, 463742, 31714, 485834, 428083, 134341, 154805, 384379, 406009, 115592, 52114, 461206, 496011, 91226, 169494, 177813, 330064, 126483, 87397, 356242, 95367, 379903, 390023, 416545, 125755, 486895, 149616, 36859, 166841, 370277, 70439, 347458, 366594, 224497, 29353, 144747, 311617, 213600, 345271, 440254, 412231, 54884, 144845, 251838, 145408, 470441, 468456, 416542, 338087, 34149, 345533, 400241, 188538, 277273, 102812, 286923, 262258, 428487, 43692, 103991, 260820, 298074, 208285, 266023, 209024, 30478, 417143, 489639, 318586, 142461, 127130, 155342, 351235, 372297, 462173, 5679, 185845, 156470, 232539, 269354, 207384, 146894, 72334, 270018, 177928, 68953, 340561, 416863, 408371, 366002, 142499, 223713, 202189, 340029, 87292, 299860, 397155, 116061, 235785, 47854, 465441, 102123, 220513, 273333, 478606, 237452, 425439, 430027, 337596, 108333, 386225, 246274, 241640, 62701, 375040, 61302, 365376, 315719, 489218, 491299, 100503, 95707, 481775, 267651, 144243, 45023, 193415, 169503, 445132, 11884, 171036, 35596, 162117, 331178, 101095, 339395, 448222, 357402, 207337, 180853, 84763, 14000, 473832, 308881, 446245, 205647, 258297, 25094, 348745, 356998, 7736, 445669, 89401, 198745, 290365, 186243, 450129, 218409, 382777, 490101, 222427, 470651, 265430, 392190, 3401, 291862, 53093, 43267, 223502, 448198, 138600, 232397, 412041, 368998, 98854, 127743, 359382, 5807, 267193, 346933, 269936, 264895, 155040, 199635, 302507, 301112, 296792, 60290, 395079, 124039, 481718, 190759, 157420, 320340, 279041, 136637, 421343, 175045, 334332, 459773, 243867, 359794, 132513, 480945, 172727, 397047, 381535, 248587, 394496, 213150, 133502, 320370, 201517, 183956, 382708, 415992, 469820, 375019, 1381, 160936, 262378, 58169, 490045, 204058, 103334, 70439, 27131, 388171, 43970, 8, 373602, 302864, 139324, 183746, 112055, 43211, 228678, 260770, 477756, 291451, 409669, 214784, 364769, 90159, 2632, 458156, 112487, 328981, 69073, 459160, 388574, 85167, 486560, 353020, 349125, 137875, 114810, 150747, 262113, 293697, 280889, 466607, 62967, 329231, 459952, 146668, 141701, 397063, 366070, 195388, 186777, 393342, 175989, 45512, 106070, 65409, 57779, 28095, 266326, 224377, 294330, 425890, 167030, 466321, 256866, 434114, 346726, 432159, 9207, 184136, 105952, 498852, 213966, 194492, 480129, 396348, 300230, 217335, 136146, 21296, 4432, 246729, 120967, 11351, 129382, 367234, 312146, 290046, 77270, 42506, 491040, 460676, 114331, 257101, 212982, 394913, 74431, 295260, 216365, 187296, 54154, 356634, 215195, 37100, 301669, 580, 159176, 116179, 28323, 379875, 266067, 322183, 230017, 400983, 411888, 335452, 346514, 280614, 43729, 477023, 383832, 111988, 168705, 174130, 170560, 35792, 207539, 465647, 137067, 160518, 213301, 230381, 488032, 125335, 480151, 195489, 211799, 57187, 307580, 24183, 6693, 212557, 60027, 177221, 389351, 184107, 93916, 369073, 355458, 447109, 267072, 448239, 17279, 423788, 274395, 420919, 460072, 384201, 360026, 294747, 261333, 103550, 179059, 348483, 193933, 98025, 202253, 319712, 1619, 358453, 234878, 304456, 296498, 101432, 79620, 384052, 311535, 461740, 144347, 349667, 414483, 37291, 218573, 243555, 499885, 255049, 79438, 464017, 7551, 213361, 470820, 214050, 336867, 348433, 333588, 326676, 123005, 6517, 219065, 48450, 336191, 318270, 90578, 422417, 183851, 217731, 456291, 145997, 208367, 328, 482827, 119916, 424054, 426149, 281193, 461207, 419250, 492072, 233534, 461578, 297286, 34195, 315841, 21723, 11392, 341799, 499100, 40, 376828, 201101, 217255, 155040, 121217, 269036, 422289, 466202, 375619, 447335, 491510, 498629, 361932, 202052, 468232, 199396, 379535, 223018, 431023, 242706, 240019, 242683, 204267, 275185, 73434, 174939, 217335, 129708, 318957, 318783, 331905, 133919, 56851, 42502, 32871, 219068, 195414, 62030, 161305, 126052, 480257, 204626, 352173, 473582, 289509, 394207, 489682, 214866, 143590, 177053, 139731, 243927, 347690, 321095, 80723, 402817, 294085, 60069, 406469, 82753, 170268, 378394, 283228, 303663, 166366, 257995, 451434, 388435, 95999, 373460, 280848, 143115, 316340, 132760, 36631, 110226, 159132, 32753, 339129, 495877, 55443, 18665, 220847, 356996, 248533, 179690, 467540, 404479, 216688, 469139, 97860, 331624, 252899, 370247, 106411, 8553, 429480, 491227, 57525, 15932, 114770, 416320, 314815, 57116, 9470, 62190, 265355, 361484, 281188, 182096, 463279, 194949, 255507, 476364, 293312, 458688, 262200, 20692, 13085, 88318, 420619, 221795, 369309, 103390, 165056, 341848, 327961, 5918, 344947, 59259, 430856, 445903, 340556, 49679, 389211, 6023, 59451, 333624, 410369, 275512, 105882, 297894, 419460, 187526, 194440, 43124, 108817, 413348, 224461, 428399, 128591, 433512, 495934, 59035, 217786, 435362, 67487, 242611, 350971, 360776, 86868, 313618, 469546, 310691, 147524, 424447, 166742, 383358, 489190, 55273, 489867, 51163, 150801, 122042, 207691, 380486, 348628, 171062, 498944, 130826, 238915, 83652, 396860, 36033, 206028, 185181, 447441, 135215, 44178, 484845, 72586, 373986, 229207, 422302, 484973, 486337, 440431, 425770, 45732, 435048, 204763, 239991, 243920, 329294, 299243, 498347, 208612, 91542, 142759, 1308, 489600, 23426, 361963, 265997, 308471, 166649, 215407, 70748, 76202, 408056, 361234, 115685, 297235, 241903, 437875, 382697, 265481, 4427, 20353, 25243, 80152, 136396, 294734, 308301, 47866, 136840, 458399, 318499, 428576, 278165, 100500, 171397, 330581, 158424, 138540, 146981, 307952, 334084, 403460, 221777, 155927, 209485, 255973, 248310, 453389, 145118, 258405, 154933, 196159, 144861, 300376, 30373, 175786, 78039, 328426, 303453, 283443, 293166, 2587, 467758, 363046, 237830, 114202, 482967, 190488, 27153, 310290, 380655, 33041, 309386, 166212, 439694, 16127, 70655, 187823, 264903, 17088, 467814, 259318, 53980, 295846, 412846, 485473, 240166, 442198, 41622, 48896, 386617, 464454, 202926, 465358, 30388, 326367, 91305, 463287, 309473, 306383, 257889, 373093, 291863, 136932, 497514, 239422, 353701, 351855, 73511, 484757, 143968, 118510, 9232, 174776, 360251, 478768, 363462, 166983, 24708, 180466, 282193, 493830, 446556, 162585, 117859, 86147, 55937, 81901, 265956, 224613, 265474, 294607, 456048, 450737, 275573, 54633, 322542, 229524, 249792, 166499, 327823, 366921, 175362, 489959, 118413, 174788, 383001, 4823, 206026, 407109, 365691, 437540, 203921, 458973, 389033, 413073, 297155, 146475, 286208, 452372, 243676, 213338, 12112, 102663, 220984, 470256, 52271, 32629, 382359, 117745, 94784, 260624, 176884, 323764, 392894, 284569, 494167, 31759, 146137, 123218, 291057, 139341, 240357, 349284, 235002, 75109, 463314, 202399, 442623, 276823, 66686, 404367, 297593, 351343, 425764, 488317, 124378, 620, 99816, 468758, 430709, 388597, 489912, 83164, 289050, 46953, 348161, 40273, 141159, 184233, 475134, 169089, 465212, 301221, 165130, 245058, 320985, 96814, 243532, 482633, 62023, 124279, 49636, 29729, 152846, 218527, 217967, 495123, 289093, 402086, 370070, 326629, 253117, 333204, 119547, 94507, 176750, 464818, 167770, 336626, 58135, 362924, 207138, 262749, 260783, 223311, 170199, 403869, 408970, 298268, 413447, 24247, 130941, 129917, 107216, 2967, 72111, 495431, 40596, 180872, 39479, 185055, 265643, 160411, 112562, 244416, 494300, 344149, 200318, 212914, 161810, 202485, 312714, 146777, 456089, 437490, 82058, 324708, 425235, 360888, 108871, 419627, 250123, 70594, 398861, 336491, 213441, 429903, 379194, 52121, 215198, 36383, 277693, 59921, 323130, 432909, 307137, 403645, 254695, 30453, 61025, 231318, 277030, 6894, 91866, 341057, 469909, 320712, 272074, 350014, 412587, 192348, 160413, 259820, 438884, 11054, 259632, 491916, 336911, 420609, 421052, 423410, 58710, 209522, 12502, 209423, 493655, 396338, 253341, 477114, 148641, 475983, 350423, 487411, 448429, 400159, 484308, 409423, 494565, 240764, 275046, 171938, 165650, 201001, 424506, 85285, 275776, 53228, 250869, 57006, 204149, 390472, 392764, 32814, 315977, 314583, 227551, 77776, 358287, 278773, 423121, 490193, 397665, 270316, 102134, 119447, 262644, 104706, 496954, 429499, 327883, 105340, 235242, 468173, 468025, 225001, 307645, 225460, 364220, 187369, 82658, 458843, 398366, 485768, 60039, 434065, 299969, 145316, 481862, 147663, 180957, 34606, 265836, 7916, 64862, 171431, 289859, 351970, 94061, 25194, 345562, 398247, 432673, 331960, 350155, 324275, 108086, 491259, 481502, 340329, 330953, 271396, 13265, 57204, 476899, 363119, 258336, 191930, 72248, 431518, 55145, 145609, 164585, 57556, 154327, 470903, 408970, 246762, 127945, 389948, 383645, 14084, 482859, 227735, 489228, 119924, 126761, 182972, 430343, 91772, 377270, 71326, 467519, 131852, 113847, 27495, 198253, 125300, 66630, 349102, 320972, 334908, 335743, 207607, 426741, 248285, 169368, 155749, 287696, 152717, 197771, 167376, 324491, 434814, 144133, 6534, 174377, 277226, 399076, 219480, 88774, 280583, 391232, 383598, 398394, 443938, 304716, 2151, 316425, 112980, 398003, 363814, 88952, 68047, 293624, 38807, 125284, 343837, 436764, 51321, 285373, 151930, 256947, 72865, 196553, 495308, 428173, 441580, 109169, 249273, 272465, 47871, 449331, 259055, 449519, 258115, 499052, 20731, 36003, 305634, 253703, 215232, 331980, 97628, 214426, 168426, 226209, 238806, 16399, 453516, 344191, 424069, 70488, 16175, 315823, 318969, 471058, 52410, 349858, 400625, 473519, 377765, 200871, 340226, 349867, 111242, 422680, 456439, 143097, 388464, 342040, 217539, 368261, 472366, 47437, 484331, 407296, 416823, 32621, 326387, 479195, 168840, 329938, 387082, 497873, 373451, 6249, 203321, 94439, 130522, 442474, 208235, 418842, 8511, 115280, 393952, 221695, 447919, 40581, 216280, 79735, 436972, 173169, 324191, 431541, 469144, 123325, 165198, 272203, 180509, 310045, 192290, 389344, 402658, 209960, 306758, 400353, 270189, 148190, 226575, 398691, 43853, 259056, 20201, 63861, 260222, 287174, 75821, 167083, 207691, 308928, 422444, 73969, 20352, 373233, 350285, 44662, 291101, 179546, 394142, 190165, 231624, 87348, 14735, 266998, 434488, 128523, 119321, 32967, 326716, 359315, 460414, 308728, 105722, 474541, 97194, 490780, 31859, 473525, 309252, 344884, 168344, 340766, 199355, 400310, 257554, 269899, 265489, 431630, 280609, 316342, 49641, 233463, 204765, 291314, 220552, 248105, 136460, 260914, 232475, 281214, 45536, 197796, 315911, 153691, 161885, 37004, 167809, 440942, 339996, 125933, 171640, 178201, 493782, 114903, 63409, 149119, 421458, 32592, 74383, 89236, 133092, 221495, 329053, 225458, 20803, 244963, 228066, 135941, 300276, 33293, 107668, 445069, 488709, 292506, 33713, 181134, 156218, 275322, 127826, 100286, 15052, 155549, 340041, 235681, 59928, 97827, 79248, 43594, 361585, 164852, 54064, 174123, 368751, 348996, 391975, 72768, 284901, 438141, 470865, 172445, 23152, 275713, 196913, 248317, 36047, 288865, 87977, 353251, 104887, 326081, 398973, 448446, 406752, 397953, 457554, 474019, 216986, 415963, 441062, 443900, 453427, 17741, 392673, 305993, 467668, 107487, 192486, 202326, 316069, 461670, 26530, 154507, 425156, 65945, 269608, 186726, 282088, 333669, 202465, 277693, 487360, 337151, 365834, 4167, 341147, 277901, 142333, 192036, 278596, 486595, 361057, 257, 198350, 486314, 451271, 335713, 204611, 38305, 324812, 440130, 268783, 385822, 164820, 320619, 260214, 165148, 314638, 473019, 482313, 5866, 440904, 113824, 51027, 232219, 304016, 317723, 151257, 480553, 348506, 185622, 372681, 293263, 316649, 493306, 10436, 127349, 439005, 315419, 413648, 87472, 156843, 257880, 348385, 50042, 295825, 185018, 7826, 196008, 440079, 332005, 249082, 277092, 304915, 302113, 42711, 82665, 18336, 399140, 209918, 119636, 121491, 163317, 196659, 187649, 419145, 323721, 486815, 390683, 496586, 127430, 400257, 400342, 66779, 487728, 403974, 40529, 457463, 394726, 462738, 97530, 442687, 418627, 470723, 294495, 277054, 182036, 294727, 415657, 233433, 256936, 94857, 485317, 195746, 267580, 444372, 274189, 329014, 370642, 47282, 344661, 469273, 95524, 308315, 145976, 353819, 264282, 198836, 287755, 243333, 222600, 484174, 21658, 486834, 359709, 205702, 210094, 451113, 194239, 373942, 160789, 331194, 424941, 166305, 178292, 28069, 126128, 419251, 419899, 271564, 373476, 234677, 1679, 344798, 204412, 131548, 47867, 265578, 251518, 305986, 442298, 323538, 296901, 80153, 144696, 359117, 107264, 157344, 67378, 289724, 342924, 486556, 434882, 40811, 489876, 295958, 163599, 133993, 23744, 118198, 86497, 197397, 185454, 111557, 322885, 376060, 178331, 155603, 226527, 479606, 257243, 411703, 386860, 113455, 446688, 388277, 315755, 420682, 415647, 88390, 467933, 194368, 337142, 450026, 147649, 304471, 251074, 464938, 392821, 221418, 115536, 61748, 366972, 471155, 123450, 123178, 333777, 270833, 285919, 341766, 421019, 93316, 257902, 417312, 54281, 11185, 53589, 238682, 370038, 233386, 295216, 312014, 470794, 436732, 106250, 492871, 75007, 81274, 153676, 482357, 116819, 450754, 231280, 232286, 493380, 355208, 337512, 51481, 260792, 138461, 265434, 48324, 323980, 404740, 171079, 28415, 80661, 264958, 195908, 15174, 180508, 128507, 87023, 10142, 94497, 419292, 420686, 442445, 223395, 408496, 115999, 389598, 446493, 299342, 38652, 250218, 157897, 169607, 177440, 304176, 269594, 130153, 313436, 206313, 23681, 136349, 215381, 113881, 328739, 413161, 481455, 148465, 42104, 164387, 419179, 407672, 160626, 394951, 331725, 78426, 6809, 270382, 311093, 78495, 59576, 53026, 9669, 281524, 318749, 306706, 488873, 317940, 69488, 47924, 261046, 199519, 170972, 420844, 300199, 209513, 334602, 496220, 176977, 459918, 414342, 323282, 34451, 364682, 34489, 89769, 340162, 350157, 217924, 225468, 199284, 375014, 152087, 326287, 73470, 179708, 103606, 482588, 88872, 140625, 358616, 481104, 146054, 198267, 188019, 42431, 481910, 427844, 215833, 301606, 134509, 3684, 317854, 150077, 266652, 64507, 405652, 91393, 471304, 215944, 362303, 330751, 326915, 287939, 159130, 374751, 346642, 115972, 83897, 242382, 375909, 133571, 113398, 255020, 314792, 417110, 215414, 324291, 219069, 48940, 297855, 335925, 5757, 211325, 293233, 61176, 75532, 419622, 380723, 197722, 94538, 485550, 236690, 420226, 39541, 56585, 286134, 167096, 103966, 401200, 362743, 51678, 289331, 275889, 292275, 281786, 4753, 115416, 479020, 488848, 47180, 64636, 206907, 492936, 208623, 237145, 416922, 445701, 202640, 130446, 294587, 171153, 186918, 357415, 214700, 192782, 93404, 465222, 153653, 32705, 438736, 473483, 418174, 304158, 464533, 245382, 430573, 139010, 23762, 370050, 107044, 116465, 216665, 95530, 203753, 472868, 167099, 390969, 266345, 215400, 155071, 443544, 151157, 261489, 262965, 361436, 68480, 67949, 388559, 122302, 273844, 32936, 449818, 32778, 153005, 136862, 134018, 302323, 187759, 204011, 115226, 374646, 119814, 231123, 195252, 7080, 295789, 160974, 297558, 130319, 65994, 326294, 311151, 84121, 275582, 302102, 120236, 393470, 177302, 174529, 37336, 26070, 330831, 391265, 178179, 263853, 98551, 365652, 42176, 93127, 59741, 112521, 220407, 352381, 495089, 412355, 368077, 171715, 259285, 56881, 177211, 221518, 241607, 110710, 205520, 157062, 149050, 133822, 457754, 148757, 485142, 254054, 452290, 10570, 401209, 362427, 165272, 98939, 97061, 271336, 439337, 420229, 406514, 490729, 427037, 385724, 121043, 18475, 211556, 494516, 20432, 343326, 138020, 316201, 367316, 47032, 480597, 269720, 136919, 234767, 104354, 225518, 128146, 102784, 120696, 472918, 165966, 352350, 323437, 29551, 163629, 398499, 210859, 59028, 476753, 333070, 140209, 389467, 386150, 415091, 458218, 477675, 48851, 250763, 194299, 478082, 22589, 185505, 235599, 270264, 55268, 74061, 224897, 194147, 303918, 60190, 218651, 299230, 421410, 110772, 365220, 213218, 168374, 358971, 297757, 25242, 10560, 171090, 165752, 408129, 350220, 103831, 71338, 195091, 239813, 138132, 221412, 447602, 471753, 360613, 470438, 297767, 325759, 482384, 163040, 236207, 480821, 174120, 181281, 74901, 226187, 290338, 284371, 491291, 311368, 210163, 406324, 30490, 234051, 176269, 179100, 153254, 65414, 225140, 449074, 78107, 254208, 227416, 336102, 247595, 260818, 182683, 362866, 254430, 341537, 493243, 323150, 81646, 338822, 469296, 202631, 424678, 498673, 284840, 233905, 457389, 161458, 42202, 433762, 41338, 138813, 75808, 142912, 111517, 397797, 283971, 379074, 178999, 17083, 277461, 334797, 180267, 481843, 177039, 355583, 220175, 35231, 114310, 270821, 151740, 356997, 174756, 47276, 70303, 29944, 436617, 444991, 184565, 302280, 302881, 183810, 70444, 392297, 390129, 252716, 114147, 111925, 110562, 349291, 268548, 335087, 197924, 61091, 211144, 375117, 319327, 361746, 445563, 248863, 188715, 108019, 454378, 495670, 24128, 26137, 6346, 140485, 35434, 312698, 213294, 40002, 109420, 388150, 595, 339632, 488903, 404289, 380103, 408671, 162503, 296394, 19532, 51742, 44043, 368834, 353065, 89735, 147289, 246533, 351670, 466444, 382268, 341533, 163429, 47792, 146496, 458602, 6443, 112516, 338968, 197928, 400261, 71398, 36110, 282901, 194523, 111902, 74920, 35013, 18397, 18379, 211428, 443445, 432227, 88125, 481319, 272758, 398357, 168689, 403250, 329371, 362648, 339449, 148311, 249190, 408634, 426893, 376389, 219006, 143169, 260587, 405991, 188859, 14922, 191293, 369425, 267271, 97280, 77772, 80562, 382014, 471204, 413655, 218405, 411766, 117911, 128290, 214546, 399328, 167092, 475562, 378879, 136967, 409640, 111541, 380876, 20008, 126802, 111562, 24151, 444509, 449828, 385147, 349926, 262768, 132589, 33594, 444666, 396605, 493076, 208404, 254598, 168186, 124413, 148914, 153526, 225920, 377388, 187055, 261554, 144023, 54753, 308464, 149344, 21743, 359754, 197441, 390807, 371387, 264325, 72765, 473283, 286921, 88779, 397133, 138847, 404647, 439948, 54400, 176795, 499263, 215005, 96248, 222918, 405071, 398585, 46512, 317760, 274695, 71257, 347912, 379543, 123724, 332320, 378956, 154415, 375311, 173571, 185337, 130410, 89012, 328567, 423788, 81623, 366805, 495193, 105432, 179904, 419719, 65613, 419926, 194590, 116460, 450029, 347245, 49870, 8825, 348635, 416842, 158362, 258839, 85402, 158616, 111228, 171400, 351038, 298239, 142539, 369143, 222325, 13634, 478471, 9137, 213935, 444357, 417812, 315052, 302548, 344529, 295583, 88205, 336434, 169847, 215199, 339087, 473370, 254811, 336680, 94085, 279892, 113577, 387116, 310694, 337596, 189735, 463785, 206191, 43792, 141809, 157070, 102604, 497417, 86212, 103514, 489425, 17277, 164559, 469499, 442485, 56357, 56201, 421998, 206104, 165377, 241588, 13383, 245303, 323985, 266096, 268754, 298521, 148284, 477866, 416986, 275522, 219555, 126852, 404516, 254034, 187625, 262267, 104667, 333814, 1690, 433851, 175840, 392335, 447250, 149170, 182872, 373140, 287785, 191820, 328149, 417619, 311763, 372006, 193708, 194471, 29044, 48212, 47351, 429982, 404454, 87714, 157861, 347286, 339335, 462539, 36663, 312432, 388253, 172762, 118235, 75678, 211570, 72803, 107533, 3894, 131946, 405327, 436544, 266933, 379514, 394313, 4241, 143034, 140177, 409043, 417737, 419193, 308915, 4568, 346509, 152893, 99809, 72327, 74222, 487812, 191579, 369291, 490321, 27928, 230213, 415997, 325111, 36490, 78252, 192149, 407863, 359154, 383130, 299226, 51467, 272599, 366903, 128099, 252226, 136719, 290294, 260824, 38919, 15848, 133703, 194500, 359012, 485583, 147794, 491042, 331271, 180139, 426463, 127326, 4959, 22082, 2879, 394529, 268561, 486765, 236341, 116591, 320137, 435213, 439267, 161998, 385310, 423485, 139547, 396185, 110675, 393543, 20857, 389952, 216986, 425781, 159382, 259585, 85434, 468314, 87369, 187283, 416267, 43427, 302420, 267750, 255351, 52203, 417894, 312143, 442982, 124478, 109388, 387160, 97505, 212067, 271193, 1157, 156657, 247144, 332193, 406428, 278845, 234686, 431811, 276164, 340519, 419112, 386113, 174133, 380502, 74506, 380350, 443753, 406717, 20870, 193639, 333100, 280884, 225658, 113476, 324957, 339193, 94434, 497323, 326214, 320216, 61195, 456708, 359743, 356062, 320805, 81511, 94160, 395434, 296718, 302214, 13263, 282817, 129524, 233025, 420904, 106339, 442264, 353750, 112458, 302787, 200184, 150529, 333306, 399467, 125349, 410923, 279458, 61550, 291642, 43910, 71240, 366119, 428263, 24901, 392893, 253807, 23201, 380295, 18411, 25467, 363856, 478654, 347676, 30821, 232841, 298944, 167007, 299751, 16474, 20141, 384644, 336414, 74099, 240266, 88783, 404766, 220957, 282966, 368109, 32219, 133239, 145168, 499151, 156504, 4902, 345887, 376351, 7008, 184139, 283124, 265596, 285883, 174977, 63034, 238045, 381852, 144696, 268876, 205093, 165604, 140963, 182934, 158319, 170553, 181246, 17872, 271215, 470147, 186171, 76911, 134060, 191993, 106993, 329685, 89539, 413775, 235737, 471246, 35404, 168825, 74286, 160014, 225359, 242664, 174067, 166824, 270187, 449932, 57650, 3099, 489211, 130169, 5153, 370666, 44031, 459987, 495982, 340955, 461260, 158483, 104927, 168407, 161953, 310863, 213243, 406135, 350380, 5937, 115551, 152705, 480385, 362107, 381709, 393380, 86154, 414311, 130560, 267092, 364076, 434890, 9402, 240323, 194476, 173458, 201098, 181276, 239554, 174306, 325103, 222398, 234790, 403498, 45619, 151057, 250098, 215836, 118036, 99687, 298927, 343887, 251922, 109831, 188558, 231080, 118524, 395291, 433298, 14355, 475825, 22678, 94874, 375041, 187536, 356461, 45126, 154876, 138359, 31645, 452305, 294431, 467577, 461093, 408215, 34289, 172600, 461439, 16645, 484079, 469201, 142875, 395484, 19776, 295471, 106906, 73250, 135985, 54957, 484264, 237604, 119293, 57345, 480454, 288229, 144310, 11484, 6683, 337463, 86183, 435254, 189084, 22266, 482840, 297382, 1594, 416251, 280595, 8055, 443497, 15708, 48263, 166054, 400599, 154621, 333840, 439436, 409069, 417667, 110644, 172987, 282408, 247550, 1701, 178183, 390639, 201548, 277631, 329456, 150567, 67931, 426454, 196020, 140203, 326021, 180423, 171578, 228527, 295977, 486678, 391163, 65402, 466292, 265833, 358767, 276227, 84464, 244253, 69771, 16859, 27369, 233058, 281365, 148245, 225719, 489012, 57462, 482575, 39212, 496977, 161634, 64898, 56010, 479465, 188930, 151883, 22280, 138822, 425896, 381049, 153162, 366983, 401468, 182051, 422982, 282224, 230786, 78959, 457710, 152003, 15305, 358759, 484150, 128575, 471820, 377928, 478830, 439755, 240239, 435705, 410609, 294435, 221921, 302024, 477370, 171812, 405070, 31440, 124163, 466859, 83587, 490316, 78242, 295838, 14681, 201026, 440661, 77851, 422332, 206941, 444299, 174230, 177911, 437083, 408906, 191852, 345066, 106563, 64720, 126387, 479934, 38966, 288063, 452307, 377501, 78435, 166469, 62953, 95310, 109094, 210968, 166612, 473926, 117299, 398826, 74312, 154936, 146938, 343044, 167038, 440806, 170794, 245724, 268197, 156755, 386282, 184594, 243103, 97694, 379022, 176741, 277605, 277790, 313354, 313783, 353471, 491154, 130447, 134322, 312928, 380284, 72485, 389411, 455320, 251558, 69261, 363959, 278414, 269963, 241696, 152163, 158293, 251796, 379730, 479083, 330078, 114545, 283420, 203371, 167028, 384375, 148670, 160686, 66180, 477355, 161742, 366320, 150004, 255217, 112006, 22655, 30348, 247980, 435073, 12499, 479741, 18421, 376605, 146, 424204, 435340, 175745, 382241, 471912, 137441, 134073, 68269, 254097, 351099, 494767, 14153, 330540, 198412, 79555, 227223, 313335, 458233, 197051, 105508, 323312, 167355, 155722, 376679, 15518, 124259, 25364, 252665, 84064, 375191, 378734, 301891, 279931, 274404, 299132, 104697, 498535, 408233, 204933, 189607, 270741, 319440, 424586, 432146, 95000, 60477, 446822, 328257, 314301, 369031, 257899, 167515, 362766, 388941, 423653, 440647, 201588, 420523, 380473, 313707, 94414, 195924, 486492, 429511, 298261, 457084, 428821, 176819, 194196, 377174, 31620, 214817, 319669, 207375, 440412, 497207, 479755, 434079, 424859, 230866, 421598, 170155, 25722, 497379, 415795, 357009, 235838, 289822, 233688, 6164, 354218, 13504, 17901, 370791, 159858, 438436, 202219, 427212, 498462, 42124, 447525, 235226, 122208, 100597, 298108, 264839, 409332, 277342, 56968, 239061, 181312, 117473, 147298, 1814, 403028, 178611, 449580, 340161, 23670, 403045, 405078, 463407, 88114, 420038, 8483, 494211, 71684, 99092, 144765, 355428, 323839, 354437, 408735, 27213, 211860, 495030, 98737, 116658, 281682, 221218, 71176, 352590, 444774, 94511, 18708, 81746, 9869, 216066, 410569, 351169, 46135, 37055, 284011, 124571, 203701, 485233, 187763, 286141, 364426, 243850, 254656, 446923, 183096, 129711, 396793, 105950, 240192, 445807, 94454, 321864, 66694, 4519, 186221, 452058, 260118, 176130, 349937, 30502, 148877, 258351, 261624, 414106, 91834, 31051, 38779, 271456, 200504, 51867, 348844, 66009, 311509, 61869, 91661, 19958, 454303, 267535, 87962, 130053, 485273, 469724, 319741, 485756, 425280, 363428, 279669, 367313, 168083, 236442, 252038, 491456, 117937, 39366, 306814, 240963, 349446, 402336, 200720, 160170, 47117, 449716, 350625, 95926, 272604, 434188, 132917, 192829, 491407, 337566, 377694, 71415, 101907, 236792, 443062, 253437, 472928, 241558, 236531, 108638, 19949, 36697, 303765, 70641, 253168, 392328, 33494, 275475, 340221, 118084, 405571, 212879, 343868, 68375, 203685, 13788, 23476, 218447, 189366, 271368, 362029, 419549, 191866, 9206, 345017, 143812, 12179, 390283, 164272, 290323, 398240, 173467, 214369, 293261, 272655, 39785, 352262, 365504, 85120, 56579, 206300, 126682, 412877, 458429, 352837, 358086, 395733, 353969, 204853, 411300, 388335, 289325, 256558, 403210, 441295, 417421, 354714, 384839, 248217, 492609, 263343, 224064, 263302, 116702, 145558, 397840, 246641, 26853, 382928, 124635, 260351, 239535, 51530, 58362, 366024, 363868, 299968, 307759, 248701, 375451, 129418, 369332, 111262, 35758, 363725, 135554, 45685, 436117, 73001, 198106, 304147, 357186, 188543, 304304, 66843, 242738, 425995, 496747, 23691, 179074, 286761, 160328, 448256, 150310, 311491, 385118, 147375, 179082, 279740, 226178, 259942, 33555, 135850, 410152, 482659, 496470, 57561, 417391, 254372, 111039, 35626, 434668, 486163, 376743, 234792, 285939, 122987, 394306, 342912, 251801, 362645, 334519, 4522, 29116, 119983, 345534, 395966, 268458, 101133, 333801, 244206, 296833, 35646, 359127, 48317, 490499, 482483, 137744, 308822, 248219, 228140, 208659, 50688, 57483, 307992, 251241, 460743, 379735, 26845, 115593, 361343, 220120, 387131, 85681, 21464, 18916, 493242, 339407, 464602, 355274, 367773, 166741, 470227, 151478, 288406, 491345, 79780, 491741, 432126, 81558, 452295, 214279, 482391, 97085, 224721, 39820, 197017, 287330, 138698, 73759, 77619, 499945, 284050, 210676, 415980, 453002, 173931, 179857, 328020, 444479, 361677, 300200, 420213, 143949, 218459, 495059, 318597, 258233, 12248, 113275, 159246, 311491, 204087, 461311, 96204, 469896, 89116, 224304, 233169, 291863, 398705, 353267, 413598, 286424, 377546, 225338, 365159, 461928, 493327, 22688, 63676, 150229, 388568, 279166, 419570, 495089, 440922, 220422, 85642, 16885, 352792, 202252, 428529, 467036, 307756, 165082, 303182, 116443, 416929, 364574, 342185, 468400, 235905, 178223, 7042, 481681, 204544, 223238, 322642, 127774, 92875, 487318, 73794, 409427, 464749, 289817, 14479, 8487, 383067, 20174, 8093, 279366, 383637, 250388, 218846, 385686, 86741, 179759, 497721, 112307, 196540, 270723, 426036, 121896, 369522, 379384, 276432, 303853, 10591, 416707, 220652, 94345, 192983, 290422, 120562, 268830, 159808, 181626, 300377, 460686, 248934, 112142, 280061, 367907, 404148, 408400, 194965, 139976, 9133, 81589, 105955, 94987, 129807, 63350, 75144, 139214, 157086, 198374, 130669, 26858, 97781, 461740, 47124, 244194, 441505, 269285, 1077, 62701, 400964, 330571, 104656, 94214, 391144, 90793, 332544, 308607, 446853, 201950, 393172, 147704, 22023, 443229, 379388, 386717, 92229, 464056, 98518, 299861, 99478, 188283, 234579, 253521, 37426, 322953, 322539, 57455, 274218, 111282, 198597, 402661, 367980, 474838, 405260, 486561, 331424, 490777, 494853, 230661, 176165, 266595, 4860, 86329, 320312, 178545, 149340, 384669, 346739, 189301, 7242, 461374, 407774, 281541, 137651, 415266, 482877, 197444, 171175, 375144, 58895, 468472, 75111, 382270, 278741, 63595, 320203, 409122, 291235, 443371, 212197, 432513, 70888, 165262, 272334, 329938, 346239, 121205, 18300, 222480, 23108, 317041, 368641, 50128, 346596, 31412, 226663, 234456, 225333, 149307, 374146, 32983, 21393, 431506, 360967, 42295, 171910, 433797, 235417, 485388, 175551, 439388, 345842, 405114, 50653, 430393, 189859, 461518, 399549, 270259, 6963, 404616, 95800, 131715, 305807, 213327, 396240, 460268, 78700, 112684, 106608, 451975, 87247, 218014, 119786, 369614, 489910, 239234, 61508, 299004, 37369, 118366, 389192, 11661, 318082, 11255, 15949, 364377, 418084, 463934, 176299, 273169, 428891, 161950, 459399, 278609, 445051, 492651, 451862, 198631, 221596, 240002, 286041, 113697, 231705, 410813, 343464, 101751, 22373, 433676, 344039, 160829, 329700, 383518, 401668, 69352, 423891, 341654, 466381, 322941, 407135, 173957, 56281, 444388, 44591, 141915, 326825, 145832, 103177, 271744, 321963, 131794, 102453, 220602, 46629, 468127, 110914, 401187, 288925, 449391, 167911, 469522, 278927, 3314, 218288, 231977, 65285, 328553, 491312, 112638, 311169, 25738, 139460, 38247, 42230, 215282, 450814, 251478, 31238, 407798, 377278, 488633, 214118, 432457, 209044, 246771, 197410, 33425, 214238, 24070, 340393, 55023, 257170, 382948, 452575, 314392, 187958, 490304, 452058, 252893, 155038, 358897, 9985, 3562, 33068, 353900, 471249, 106584, 244676, 66100, 42622, 179168, 431578, 322132, 132167, 392620, 487651, 186664, 145495, 431217, 56682, 183376, 74837, 378987, 396471, 6984, 465125, 420334, 83635, 487698, 373800, 347439, 50328, 184428, 367589, 64975, 414053, 118814, 346553, 223463, 301437, 486449, 228535, 224188, 390154, 2138, 49204, 105689, 220675, 224976, 36367, 419193, 168141, 154353, 288735, 34668, 374859, 249938, 277199, 99238, 3669, 448659, 35533, 449119, 496407, 128992, 254586, 319166, 212188, 357435, 316773, 66137, 108966, 106908, 21591, 454423, 451961, 223589, 84451, 128365, 139921, 46487, 122722, 97259, 64966, 358925, 194898, 321855, 106538, 254187, 218077, 332556, 205013, 258091, 266840, 106528, 496584, 370506, 340310, 184247, 427472, 141368, 240141, 419606, 377445, 272485, 379417, 17134, 421666, 106104, 297492, 71251, 323238, 55265, 273020, 247310, 217418, 141197, 451843, 156363, 386206, 361918, 156785, 239392, 169066, 162840, 394572, 296733, 116197, 491521, 49308, 72556, 376737, 271505, 453728, 91810, 121687, 85030, 191742, 7357, 124360, 331231, 406989, 28916, 180207, 55762, 338891, 246263, 87305, 117810, 210788, 35032, 20322, 59534, 22689, 296031, 294015, 187662, 318396, 98229, 243797, 182333, 394390, 191418, 234737, 20834, 358054, 196538, 241067, 406679, 457908, 471886, 425213, 255720, 371241, 388039, 369042, 72322, 113362, 297626, 264808, 362022, 157218, 142255, 461847, 248853, 197429, 115985, 125717, 53150, 341679, 51449, 87158, 388515, 321926, 18201, 331385, 282722, 258265, 14220, 448007, 339982, 136736, 366618, 236224, 360496, 385170, 323340, 255104, 331409, 215346, 352552, 323064, 497868, 180507, 96259, 174961, 357990, 427426, 193284, 443137, 403513, 461418, 157268, 423914, 156522, 482756, 313604, 386397, 397273, 215867, 10769, 261008, 402760, 165565, 191646, 24294, 113002, 92471, 202494, 798, 294950, 244579, 274154, 276892, 277775, 65018, 183272, 294157, 466176, 350164, 27038, 452527, 338874, 222134, 29515, 80348, 361178, 472944, 398060, 295208, 360720, 116539, 235298, 137880, 337493, 370418, 157622, 216881, 340956, 62315, 325405, 468001, 291271, 152954, 71363, 5866, 491840, 17139, 398210, 239324, 270995, 498711, 212844, 31866, 301478, 134389, 349370, 297978, 353652, 403367, 489700, 185242, 239392, 169079, 483723, 44656, 78831, 450882, 359918, 31841, 484755, 172364, 175133, 316769, 40849, 102101, 25975, 19177, 17769, 251123, 405839, 68517, 313006, 27333, 324008, 113490, 319574, 9649, 332290, 150738, 261608, 451903, 437291, 371900, 439892, 88559, 428274, 319385, 443202, 316450, 80298, 142526, 419465, 120456, 202582, 46044, 205684, 494234, 423894, 113885, 156955, 386106, 111987, 15763, 188716, 41603, 181241, 273438, 116741, 385521, 467958, 43518, 440640, 294651, 361143, 315488, 209583, 498337, 279270, 210487, 478894, 145434, 53274, 264019, 325452, 228270, 302568, 260058, 158507, 56641, 430421, 231258, 131697, 323774, 134956, 58566, 473071, 125984, 132817, 124351, 250391, 404462, 268187, 348684, 143352, 433256, 165645, 79053, 397824, 169878, 381920, 306084, 51902, 69412, 191126, 117870, 436459, 85634, 235440, 362629, 330659, 76655, 196020, 249941, 440996, 128589, 189428, 103980, 118854, 220398, 415332, 178960, 389630, 244161, 293892, 249795, 47864, 236322, 116953, 188299, 201341, 339788, 382936, 168323, 364817, 107618, 224353, 336204, 144284, 190557, 322852, 233960, 75717, 26315, 426793, 99840, 76688, 213081, 137666, 76530, 58036, 325070, 7273, 135304, 183133, 361132, 247161, 257803, 473865, 176475, 246046, 296414, 340758, 330999, 29854, 141017, 68869, 227172, 64103, 264907, 389982, 191184, 30957, 207240, 26821, 143931, 247411, 305798, 49753, 85309, 206320, 20851, 339353, 366170, 442891, 476804, 373608, 150154, 83240, 31259, 228924, 19084, 271813, 51942, 246663, 42221, 166549, 98256, 319141, 460127, 110372, 85285, 277738, 457019, 409501, 287450, 341430, 267150, 152415, 121470, 344371, 335401, 142567, 457860, 306898, 37069, 407142, 199566, 289411, 9287, 236673, 60670, 167444, 261969, 131274, 136759, 30922, 90000, 484539, 138902, 374512, 127357, 209412, 320605, 199509, 227781, 379019, 366958, 328814, 128942, 55343, 361776, 47664, 78583, 469814, 478884, 187775, 120634, 321686, 24820, 144901, 339689, 26562, 43920, 14304, 216758, 238038, 488548, 196965, 437626, 85344, 88224, 200823, 87658, 328149, 83983, 444698, 285291, 406756, 9643, 41233, 262189, 455348, 158039, 236692, 237282, 484590, 347443, 227206, 456096, 424178, 295092, 254926, 62180, 151045, 329807, 365078, 32423, 594, 169886, 64473, 151550, 115236, 90947, 450443, 99262, 23826, 120907, 206249, 173417, 192701, 373125, 387120, 170024, 140813, 199090, 131559, 172538, 488861, 387111, 477627, 83561, 4254, 42305, 423157, 350847, 459299, 115696, 134050, 206942, 17864, 430384, 352773, 335216, 249129, 478255, 397559, 367512, 318345, 199212, 205023, 109845, 405586, 414515, 395344, 27340, 246353, 435788, 443632, 123528, 8986, 358195, 174485, 327917, 98772, 193107, 393352, 104456, 175423, 381170, 365839, 210195, 495553, 468246, 118004, 124315, 103821, 220541, 452398, 9602, 229534, 117299, 470782, 379210, 26666, 412366, 459153, 285116, 148037, 487417, 57651, 173848, 283653, 166381, 104545, 85087, 90956, 134414, 2056, 221958, 248843, 342028, 122600, 84609, 107435, 466975, 213087, 484726, 33868, 50883, 356931, 391616, 54395, 154383, 382383, 363816, 167689, 461524, 445697, 178951, 105660, 365215, 268064, 257869, 202124, 450004, 112985, 94084, 279691, 306960, 138568, 225854, 329109, 146828, 258841, 128799, 445434, 266980, 79509, 448132, 22134, 394260, 474394, 122330, 109626, 44924, 403285, 248671, 361647, 314440, 323311, 236889, 275632, 295255, 296232, 108008, 200533, 274695, 329640, 190240, 468699, 77088, 429457, 460401, 28960, 46737, 248675, 266118, 141403, 298407, 366744, 58835, 175861, 79343, 449608, 137858, 132879, 484283, 104848, 258454, 86577, 234259, 164640, 344059, 103813, 309184, 472364, 124196, 496571, 74715, 484412, 512, 127359, 115037, 85353, 230577, 34982, 272504, 464384, 450557, 347213, 350973, 177305, 496535, 269104, 52748, 105023, 715, 486656, 478330, 280965, 284916, 392627, 461956, 481906, 385949, 31980, 204321, 317470, 379987, 289578, 142232, 145833, 211000, 215770, 133550, 72003, 482404, 407808, 326047, 74641, 421557, 120224, 33779, 52006, 302565, 104843, 369099, 489498, 145465, 100152, 20010, 323632, 271617, 72431, 227937, 189153, 473033, 298594, 94590, 97354, 317143, 42499, 38906, 339828, 105563, 412495, 182092, 82408, 221335, 251347, 303068, 478079, 466341, 240104, 251274, 320824, 237939, 348551, 342486, 34903, 8243, 199036, 204406, 373533, 212039, 47417, 370955, 450658, 408382, 125682, 175192, 311429, 214023, 140694, 223913, 114688, 14224, 189186, 398301, 370557, 107065, 389116, 351375, 270151, 104245, 457190, 130423, 79650, 255694, 331950, 103744, 131075, 296888, 149371, 259504, 238113, 139429, 294528, 277794, 199720, 110063, 170460, 215211, 207628, 406428, 181584, 456336, 404801, 122679, 499776, 216460, 441584, 420706, 45913, 57343, 324046, 298961, 468967, 162405, 69633, 242243, 435902, 143761, 484771, 398467, 295158, 138167, 236450, 263459, 432302, 142222, 265161, 91797, 388233, 266664, 199194, 99374, 133618, 70188, 120572, 23398, 184838, 193483, 382847, 374978, 454308, 246482, 270941, 6574, 455039, 113257, 283146, 218696, 389586, 59066, 447952, 80925, 102215, 415785, 251303, 199941, 232329, 435453, 266647, 317372, 273666, 87861, 15150, 34828, 124380, 64273, 440103, 181548, 452396, 263563, 444506, 245785, 178138, 209812, 151579, 313601, 67387, 194894, 153930, 219135, 126045, 333550, 405308, 81952, 220171, 286727, 88341, 323120, 274603, 299099, 358596, 104465, 159554, 237178, 477735, 269694, 269754, 175088, 11712, 177972, 455183, 197751, 457600, 452379, 431800, 66472, 40821, 467492, 287124, 51759, 229909, 493148, 150307, 485926, 409072, 100824, 409655, 60990, 7376, 188066, 287215, 204445, 494369, 177473, 33227, 346149, 456589, 156136, 292275, 454650, 145178, 200038, 304314, 352590, 459597, 54828, 22309, 376286, 160403, 348064, 211186, 111243, 394144, 215715, 198557, 383203, 261347, 99788, 176684, 218713, 132701, 209426, 318528, 222343, 134787, 301464, 176076, 369738, 354902, 11391, 133579, 228261, 331226, 111595, 335669, 216520, 243176, 34751, 136224, 28734, 187341, 49849, 92929, 329482, 408877, 144516, 465016, 327017, 463786, 435310, 326653, 275797, 228969, 195670, 490270, 118825, 369646, 21632, 366365, 75517, 413294, 363286, 265627, 131763, 42681, 217361, 86299, 335928, 397950, 367278, 254211, 219872, 33860, 310110, 151342, 423046, 470357, 171823, 378147, 224553, 366420, 231648, 113844, 448616, 218751, 329506, 198417, 40246, 362523, 216662, 61939, 38304, 392649, 393124, 181141, 268977, 168383, 469348, 51704, 130878, 25083, 479592, 330046, 62279, 421562, 132623, 377870, 420862, 461508, 377960, 462128, 304814, 209361, 455008, 21648, 449111, 151277, 14345, 339175, 323535, 79281, 126884, 336128, 445915, 423296, 165023, 16338, 56768, 431058, 128555, 152647, 470114, 456084, 103097, 239665, 132983, 65773, 43651, 457286, 442852, 23028, 59004, 462566, 42929, 384968, 347118, 298794, 483166, 437345, 128319, 327445, 456405, 451445, 140325, 366424, 491949, 494823, 82220, 458486, 478868, 330569, 436528, 283297, 155074, 90678, 103201, 132796, 243546, 303766, 142612, 92763, 68279, 70770, 28559, 213356, 23283, 493104, 478253, 309397, 441297, 284879, 99834, 312204, 10345, 472642, 450828, 352782, 342152, 458919, 490644, 149466, 64543, 480417, 134689, 368102, 438117, 487761, 480686, 345993, 106113, 248409, 456071, 175314, 143111, 282663, 60168, 152129, 203549, 130622, 336625, 300281, 364730, 346322, 241364, 44399, 126655, 114512, 374978, 351911, 145921, 274537, 96832, 81374, 259158, 284035, 372927, 397849, 243048, 117620, 380338, 233431, 439210, 334690, 147012, 132871, 436112, 275600, 318168, 143938, 54217, 313115, 136636, 82152, 67523, 65618, 330574, 257821, 475257, 153639, 303954, 191663, 75522, 413411, 280793, 351544, 418135, 41579, 249300, 161216, 250348, 311037, 422110, 226578, 104553, 392198, 81350, 394029, 418905, 335853, 358640, 400162, 329386, 344363, 372407, 495019, 191711, 172393, 182759, 376378, 362041, 40895, 465212, 460065, 105819, 397129, 328091, 2355, 492898, 414484, 329776, 29632, 175361, 193469, 110930, 221933, 118217, 159376, 193239, 426041, 454358, 421905, 447825, 253563, 60483, 362842, 248016, 46574, 129704, 475843, 63942, 5846, 175540, 82088, 217070, 57118, 430864, 380940, 367013, 262804, 131183, 443780, 248357, 10148, 448228, 235177, 455960, 141027, 418323, 304795, 348332, 202369, 24325, 170528, 475655, 330705, 129708, 54730, 488348, 21448, 159903, 138870, 41196, 399536, 488004, 217001, 284098, 332685, 109546, 29947, 158267, 380090, 232344, 4235, 344268, 259060, 80984, 18162, 338651, 365063, 297666, 437126, 260829, 385252, 218392, 81902, 17085, 188202, 363763, 462367, 10210, 44059, 253965, 453006, 200074, 410143, 461023, 148383, 418245, 389468, 343312, 162579, 45374, 183044, 28679, 310075, 432789, 395070, 107725, 64371, 88583, 122651, 32451, 195695, 144601, 9135, 393781, 112919, 125300, 355608, 486554, 94228, 263443, 303417, 9514, 176599, 444081, 80021, 297891, 442841, 6943, 489291, 139265, 155313, 246082, 310147, 259038, 431917, 182716, 80934, 271836, 124639, 356010, 197515, 259542, 89777, 405333, 353414, 232604, 469563, 277545, 175287, 13943, 25617, 485745, 358128, 445, 234183, 87376, 177985, 280968, 312267, 312144, 476581, 496577, 485296, 37443, 200781, 48044, 494169, 187018, 99285, 126155, 53393, 361736, 455665, 409054, 192451, 139903, 355974, 80725, 460597, 177577, 311086, 415205, 249960, 287977, 160286, 39648, 9329, 364298, 69479, 418031, 227096, 128371, 342924, 90777, 12752, 96093, 173498, 79431, 459843, 100352, 152155, 294245, 183291, 42681, 108469, 171997, 97862, 482770, 91989, 276756, 257582, 488587, 469281, 474753, 442533, 187617, 305717, 158210, 335310, 420036, 300183, 385995, 230712, 13036, 358982, 117598, 228497, 498358, 361261, 178449, 115632, 151594, 185357, 82313, 319827, 284099, 17153, 35912, 16822, 270460, 959, 481508, 12545, 417127, 467635, 350747, 196578, 98864, 338194, 76793, 283367, 431400, 412338, 317669, 132584, 113526, 333844, 235127, 473125, 135768, 178568, 27068, 206735, 208872, 356840, 262773, 220712, 303863, 315583, 491422, 478329, 216136, 254347, 277255, 189179, 280304, 26433, 425094, 69880, 13862, 131116, 435797, 19716, 215372, 73326, 297049, 479769, 302700, 256078, 399939, 351156, 8544, 228627, 346124, 52502, 363822, 29014, 315864, 191287, 332307, 216823, 331168, 436485, 323801, 216205, 130534, 428371, 482956, 405465, 183892, 197604, 77125, 157931, 385099, 231086, 493650, 471785, 335812, 252803, 410860, 7532, 409257, 399618, 24308, 371000, 35376, 239872, 320773, 150394, 468585, 45088, 202376, 416344, 296764, 346117, 187875, 497570, 436116, 382102, 372403, 165812, 51491, 383460, 442707, 327966, 210588, 194019, 112657, 360155, 377714, 423041, 159612, 12625, 218613, 139473, 446219, 237053, 267978, 193660, 228051, 213261, 103627, 371454, 316865, 346132, 126643, 398252, 124168, 144511, 400039, 303306, 211032, 201486, 287468, 452681, 79898, 100893, 144553, 357868, 316635, 84054, 142049, 249257, 25250, 123062, 490639, 270924, 105501, 329369, 61070, 40887, 231222, 125423, 161734, 100127, 188838, 328854, 412346, 198278, 120399, 446458, 167246, 207179, 141544, 271396, 23777, 99881, 4021, 324724, 294129, 194891, 78605, 428599, 485026, 459618, 286606, 13320, 142251, 459861, 272429, 394593, 300694, 223447, 19135, 214496, 60143, 421684, 362074, 484201, 38851, 256656, 336942, 433597, 338094, 240030, 213264, 326713, 441855, 390911, 346556, 139503, 325631, 325744, 29292, 328469, 172242, 428203, 391835, 158239, 18118, 269564, 444831, 380777, 416852, 205458, 161812, 27283, 141973, 261139, 301341, 472180, 15600, 263858, 304228, 385039, 268255, 40728, 92340, 431826, 305801, 113704, 249125, 158803, 343507, 109618, 355475, 267611, 251927, 68702, 127639, 6944, 20671, 269760, 139427, 421833, 359896, 301086, 425378, 402452, 271644, 160227, 347040, 484981, 47274, 311663, 330405, 245044, 53617, 465954, 140760, 247911, 149601, 379893, 122447, 397028, 338944, 322555, 466259, 492756, 102165, 472077, 68372, 104857, 116671, 443565, 356493, 69662, 212284, 477935, 94874, 374949, 23308, 25670, 166952, 263003, 261386, 136970, 376452, 449956, 328120, 123555, 379614, 445186, 93131, 114470, 127255, 452257, 244795, 233780, 403116, 85650, 256358, 15589, 367767, 474837, 172730, 19361, 171774, 134532, 132432, 28640, 283395, 355952, 190965, 84198, 5136, 449665, 133242, 62762, 181844, 348129, 291659, 223542, 146507, 4877, 92115, 9730, 193392, 281719, 366264, 324587, 490309, 395610, 239170, 332473, 315333, 311459, 88807, 111337, 378277, 189090, 152098, 285003, 185728, 107990, 98717, 154919, 152612, 459933, 47030, 173069, 249289, 487944, 297937, 33001, 470187, 160696, 491605, 431546, 386607, 98812, 227973, 274001, 430557, 480814, 115215, 41986, 435744, 404787, 303416, 475933, 495886, 388773, 405867, 89018, 59018, 144195, 460966, 492638, 401665, 381431, 334845, 215885, 478313, 184385, 315155, 203978, 205649, 316364, 114450, 62621, 470282, 232488, 88884, 118960, 79703, 459787, 363337, 70594, 488498, 213806, 61419, 39818, 146108, 212243, 272068, 273742, 480790, 366352, 349630, 295120, 228437, 136962, 84296, 287238, 186826, 92057, 455142, 293055, 157632, 373423, 2956, 408837, 24774, 301652, 142793, 424306, 284836, 156613, 29251, 21832, 170692, 458009, 451612, 454156, 133879, 406111, 284539, 230254, 98912, 232427, 356524, 245011, 357470, 148258, 460577, 218145, 142290, 21395, 57377, 65593, 435474, 342594, 185536, 179332, 330356, 312933, 452638, 73074, 47719, 147256, 454074, 256488, 295257, 494010, 465799, 169275, 295868, 483986, 280208, 318958, 187072, 34475, 122999, 474970, 452147, 146895, 431655, 118242, 421350, 100077, 291054, 245759, 325779, 484823, 437954, 497068, 124858, 485182, 292928, 4659, 412939, 66889, 288277, 472926, 342448, 201059, 295956, 318669, 10539, 135589, 7790, 138099, 444499, 154991, 479943, 490215, 206711, 310632, 31895, 42825, 246428, 347033, 269045, 223115, 258439, 438210, 439794, 1492, 153468, 258046, 270219, 303527, 41763, 92044, 358306, 54642, 228369, 292668, 449010, 368149, 11089, 103536, 427309, 53858, 382021, 438144, 104394, 475609, 341215, 95812, 428951, 250831, 349327, 485779, 173138, 488137, 325731, 290883, 322803, 406880, 283836, 4494, 216390, 3112, 125107, 291371, 108283, 50327, 327847, 86893, 273277, 258129, 328161, 452356, 53761, 55284, 83515, 453276, 229160, 371036, 97485, 165682, 464017, 100958, 353639, 473385, 33635, 147960, 26053, 102327, 268398, 149177, 232116, 447865, 58496, 63435, 148282, 483216, 305275, 424629, 339928, 316536, 323478, 192224, 150459, 143757, 34497, 254478, 393431, 86170, 457385, 309343, 3369, 283792, 47211, 263588, 202173, 231673, 53651, 397799, 466275, 495672, 264647, 306072, 87204, 13639, 170190, 419335, 359735, 364715, 449378, 48085, 75017, 306630, 79661, 274790, 250821, 84422, 458250, 213693, 176888, 237540, 267163, 473824, 411080, 389217, 95573, 270443, 337402, 191898, 239935, 167009, 334332, 268048, 112742, 391532, 289564, 274584, 425741, 42035, 259857, 249405, 59607, 199069, 451, 486199, 118989, 156220, 200312, 244770, 208616, 490681, 107846, 191402, 354372, 248723, 129673, 336775, 430455, 44994, 174776, 176270, 247412, 409010, 431857, 301987, 449641, 159243, 305465, 302795, 104064, 126519, 148331, 128448, 172165, 128949, 280379, 202835, 347177, 180633, 267690, 490613, 49538, 423795, 444119, 137263, 84398, 66948, 216053, 434103, 322722, 62161, 15993, 442750, 193290, 214588, 89698, 460869, 14532, 94660, 377641, 125619, 266270, 102992, 66531, 93591, 343534, 165786, 480558, 157611, 30316, 42750, 367571, 425444, 352104, 49001, 258658, 27577, 85270, 274531, 209285, 358848, 225574, 432552, 393905, 205471, 254319, 198183, 237592, 178024, 50898, 71641, 481149, 476410, 329432, 221736, 161396, 200161, 374933, 162069, 432281, 60756, 184348, 229023, 236239, 409790, 99180, 143758, 108342, 447716, 271517, 471320, 344020, 197857, 201793, 413418, 476588, 347080, 425, 365442, 467250, 384071, 126754, 254450, 384927, 55141, 155418, 451416, 385780, 415854, 57894, 166615, 245405, 183162, 403349, 366151, 332321, 413098, 375558, 96599, 361422, 472559, 241006, 85826, 394793, 98312, 491279, 374027, 433784, 412142, 97630, 249354, 115973, 455, 12292, 6875, 274263, 455279, 255802, 377866, 432508, 352684, 107163, 369492, 177459, 396557, 319210, 246551, 7098, 128585, 66394, 172885, 339326, 81147, 320759, 272767, 260726, 174416, 242009, 222760, 454598, 143385, 137189, 251746, 60526, 342297, 481299, 341657, 292288, 197866, 32533, 161188, 483166, 267840, 96483, 328784, 474824, 466939, 421104, 131035, 264891, 203706, 246437, 402558, 132274, 243840, 411374, 4991, 60489, 465763, 20509, 164525, 350254, 41866, 2029, 265035, 235282, 171470, 99718, 53568, 1684, 154278, 199528, 379703, 493916, 359649, 201175, 149763, 127026, 326202, 315533, 166022, 464882, 436328, 41951, 204528, 457070, 187861, 299586, 191234, 147212, 173215, 391576, 177985, 426422, 383785, 483200, 475556, 473436, 244776, 277131, 66075, 166374, 422336, 361790, 179547, 143668, 469829, 189175, 149185, 357226, 230598, 153571, 201201, 477437, 476817, 25918, 45058, 225083, 336226, 243146, 399618, 494943, 324576, 218463, 176115, 102636, 485718, 448940, 142959, 427271, 474421, 151453, 154163, 194646, 182028, 450609, 11940, 190768, 253245, 304714, 42005, 391485, 213654, 16380, 464679, 211625, 114884, 349045, 229442, 152976, 216740, 185004, 404378, 211882, 51199, 66816, 176025, 324033, 32968, 52168, 265938, 433270, 365652, 250172, 128339, 329890, 170907, 401132, 3979, 438588, 462439, 7119, 456636, 414522, 385208, 138720, 299017, 411484, 85916, 402417, 223921, 340137, 248647, 71547, 298560, 296978, 392920, 281520, 373346, 126279, 253426, 84252, 146770, 323008, 357006, 269120, 212457, 433685, 445974, 141684, 69814, 370821, 439322, 423567, 302260, 18163, 171762, 37974, 266696, 361658, 22130, 134298, 407692, 389689, 439366, 246585, 2727, 246643, 368900, 151283, 152736, 105262, 16861, 376112, 117718, 365076, 384002, 113413, 407416, 479357, 123138, 118251, 358433, 298915, 448080, 327104, 10402, 2400, 400686, 435023, 311324, 58420, 18957, 498058, 208976, 144085, 373239, 310838, 431626, 235937, 140072, 211673, 415582, 140834, 316208, 182747, 203133, 85468, 230663, 12466, 209925, 8161, 30821, 383400, 162741, 470719, 19819, 215029, 456654, 35683, 94479, 339074, 459599, 228267, 188122, 253004, 19110, 444335, 441018, 62448, 243244, 283438, 399120, 256104, 60817, 64229, 454280, 94268, 5494, 237135, 245812, 293664, 111753, 90377, 379440, 206467, 441647, 405195, 221310, 324733, 371652, 214733, 372289, 431681, 187285, 200990, 163015, 332528, 344198, 228391, 404374, 23433, 291494, 341353, 425106, 188731, 145845, 29083, 120598, 132734, 433016, 120048, 122235, 203345, 122123, 451815, 461534, 105743, 236752, 225321, 2252, 239914, 219567, 292281, 247487, 393752, 69638, 48500, 34071, 33838, 237837, 256065, 352860, 395606, 59117, 241147, 93395, 490178, 296417, 155808, 230198, 197067, 463972, 226329, 45111, 302268, 481958, 76001, 410388, 476608, 311386, 98648, 66332, 235729, 195065, 131094, 422437, 235116, 52578, 266433, 52251, 405978, 191410, 31814, 124733, 271554, 263138, 188836, 87118, 270570, 376574, 147077, 194915, 82191, 200894, 343605, 73430, 392415, 367782, 17396, 350210, 234372, 30781, 334376, 333394, 377406, 240740, 239426, 335241, 356199, 407953, 277864, 447328, 378278, 298583, 394001, 189000, 210594, 202736, 390173, 146194, 196620, 195526, 348915, 415664, 215522, 465107, 148885, 210159, 262768, 415270, 339172, 490012, 241550, 248138, 158656, 416009, 463807, 293816, 340966, 330020, 162337, 480733, 187323, 264498, 463236, 356978, 483833, 195407, 360107, 274068, 445341, 340449, 346303, 107942, 443275, 456921, 382963, 34750, 255636, 337955, 342971, 372492, 405211, 33203, 165593, 22204, 231640, 27696, 277917, 443038, 416457, 379981, 54019, 85255, 466446, 180024, 482036, 493803, 121599, 38851, 254355, 220230, 455626, 495552, 214073, 133749, 300502, 378877, 379963, 194507, 274448, 399061, 399379, 305300, 398312, 295720, 359635, 55226, 4428, 8610, 242796, 225325, 237018, 24789, 447093, 53472, 402362, 295468, 244085, 155833, 159643, 482266, 313592, 210019, 466116, 207917, 363446, 69862, 141147, 80337, 112493, 23841, 300317, 179368, 165298, 332867, 51660, 383650, 179239, 192737, 423622, 102705, 15780, 210194, 491495, 70717, 481085, 206131, 368239, 79022, 49457, 478968, 261253, 449147, 73954, 471223, 57813, 481773, 304981, 253436, 330134, 209036, 118167, 236772, 489762, 184046, 263555, 467864, 474926, 350699, 15029, 321394, 333073, 299138, 281280, 428780, 337189, 319226, 355735, 132618, 430154, 351571, 51629, 156981, 2304, 290928, 455700, 423632, 42719, 413828, 163806, 240533, 445984, 211193, 426307, 17970, 389302, 315730, 490554, 115669, 133058, 104862, 398667, 87069, 13275, 97522, 359311, 101961, 402353, 253398, 325271, 259000, 472053, 152463, 282373, 12167, 491693, 460282, 434462, 181680, 384297, 3751, 148965, 491513, 498514, 248573, 240055, 228667, 315229, 138165, 357590, 165885, 160621, 128894, 370540, 68301, 31055, 387334, 240259, 194921, 299586, 252733, 340945, 313817, 192979, 97925, 73939, 424309, 213290, 146557, 154684, 79147, 470687, 443601, 481809, 110648, 214052, 427657, 418046, 362535, 193486, 230235, 345889, 227797, 268748, 375572, 103394, 308903, 308576, 194637, 299542, 358439, 454434, 237529, 460284, 444525, 251859, 138418, 199522, 480309, 142772, 303481, 57249, 164946, 273554, 347991, 393974, 8685, 374935, 219221, 303529, 340622, 263821, 3886, 344423, 107631, 274813, 70797, 479925, 383599, 495891, 279786, 264872, 356709, 145666, 244865, 362742, 64995, 229048, 265032, 14034, 353234, 78119, 181200, 351648, 106924, 253024, 22079, 12585, 479913, 255059, 328586, 60070, 218108, 392857, 165016, 210842, 328031, 364156, 427124, 313287, 123491, 323660, 36741, 437277, 146006, 350182, 229554, 296571, 424496, 274496, 286241, 103395, 246289, 121082, 358813, 350805, 399886, 24497, 241317, 269234, 66123, 328392, 34166, 178290, 279231, 447847, 145039, 251254, 3930, 40540, 433579, 175949, 23005, 425761, 207942, 247113, 301752, 486961, 86090, 93365, 91008, 65584, 477007, 201584, 207158, 445582, 179713, 329887, 433751, 441688, 315895, 81626, 266744, 170672, 307656, 111406, 78876, 380784, 176804, 120018, 327596, 120158, 492002, 400284, 222292, 323406, 412152, 356117, 47006, 388244, 16287, 278291, 469052, 472460, 127122, 470650, 91460, 385173, 95712, 162114, 49751, 276817, 350149, 273218, 111540, 388710, 162198, 368137, 340113, 34981, 351260, 388636, 45450, 2998, 144870, 432749, 429047, 135592, 240289, 5777, 486238, 344415, 315690, 106477, 218918, 207175, 487996, 176726, 475306, 173194, 53990, 276757, 164376, 414858, 422245, 175601, 189402, 107562, 31904, 47496, 122290, 366101, 237622, 251084, 21759, 406467, 243887, 443251, 18032, 326878, 142568, 241838, 165563, 112936, 134461, 41451, 487615, 11374, 438836, 452399, 140190, 217361, 351975, 322895, 41067, 152057, 359200, 182075, 431317, 388080, 434956, 55484, 38645, 133720, 296719, 159701, 467806, 26525, 206076, 339170, 96435, 359439, 66018, 269602, 201514, 256355, 290282, 184614, 307725, 294836, 336066, 186319, 207011, 421039, 235374, 463514, 475715, 229043, 270938, 113512, 284402, 379955, 259227, 139365, 181885, 14402, 343434, 456369, 306475, 144890, 446948, 114719, 79837, 44703, 281942, 56531, 387195, 42919, 365854, 151002, 496080, 224573, 259890, 164771, 42405, 99213, 198068, 144732, 53884, 180764, 39292, 477959, 328679, 215986, 307998, 127081, 225711, 119960, 149145, 342234, 340516, 365655, 493465, 414037, 431783, 88397, 316150, 158039, 386186, 445009, 46575, 366217, 384817, 386194, 368738, 3159, 246934, 326409, 108750, 242058, 384850, 470874, 171794, 350911, 460348, 218019, 186076, 153402, 400855, 190173, 58510, 461610, 75597, 296465, 30418, 384831, 106903, 97495, 34320, 366299, 176291, 297519, 337538, 325182, 22294, 251352, 397090, 273401, 39123, 110159, 479646, 3692, 383918, 303691, 125533, 474222, 163275, 317684, 240241, 256722, 97934, 350198, 374198, 256771, 471570, 356008, 316019, 252418, 300793, 319811, 102909, 249357, 415155, 78335, 375942, 373749, 388805, 46479, 103399, 102189, 394931, 389735, 90334, 286707, 38470, 362202, 324872, 145966, 80036, 77339, 8241, 490137, 51603, 171184, 494334, 179311, 356451, 107583, 621, 279182, 176287, 487888, 181630, 4836, 80109, 284725, 67344, 386111, 57309, 362487, 26077, 278344, 258549, 295485, 254797, 58387, 465819, 355975, 389918, 305008, 154469, 341979, 174096, 417690, 474418, 199171, 209425, 87296, 75913, 37583, 491991, 57612, 497789, 379942, 173351, 372625, 40623, 317609, 439390, 44971, 341807, 226302, 191570, 291986, 389996, 1363, 67043, 263374, 435765, 53506, 445861, 126880, 65461, 191619, 229056, 208467, 443106, 481725, 468280, 499682, 438691, 272391, 479894, 70750, 350510, 422392, 129803, 132535, 132496, 349067, 390296, 350419, 61085, 76730, 315448, 364307, 460627, 157091, 445809, 262639, 297916, 434539, 120548, 298126, 404819, 175437, 490548, 220831, 17243, 460714, 347466, 64024, 20966, 347795, 487138, 299999, 454634, 347528, 71662, 177738, 162329, 62707, 211843, 119389, 490894, 221085, 261766, 470428, 331668, 411042, 239977, 386076, 209858, 250499, 240192, 38629, 200477, 304271, 219372, 383190, 12108, 150431, 492093, 489217, 186924, 270099, 358905, 125488, 145682, 392885, 243968, 113118, 314933, 65745, 281527, 256837, 127735, 80281, 480620, 112393, 112048, 302531, 107126, 250574, 385764, 365609, 244402, 155036, 303516, 472511, 227571, 287934, 417462, 284364, 228544, 177043, 82526, 184079, 292290, 140839, 271156, 3091, 481658, 277876, 344231, 136510, 487715, 358987, 22571, 457060, 452233, 489962, 29673, 426218, 231956, 90527, 417923, 415475, 419386, 216549, 381538, 258350, 13250, 11907, 491257, 1094, 163354, 64039, 183320, 214069, 440657, 324437, 483761, 33373, 375723, 292705, 307858, 425157, 343514, 23171, 167542, 53265, 24868, 114522, 206643, 465062, 499967, 262186, 352801, 214372, 314604, 362132, 74398, 250204, 296866, 64840, 278458, 469234, 28076, 310480, 177356, 297668, 126225, 234115, 175721, 40371, 44359, 323217, 253681, 120773, 417713, 362101, 20303, 357935, 498954, 119177, 265498, 175666, 490612, 70627, 442400, 59995, 236186, 396216, 248555, 123218, 468462, 88318, 259075, 458963, 202293, 446088, 277049, 223815, 195691, 34497, 285703, 291309, 283816, 213142, 185621, 123635, 374794, 494466, 353580, 168033, 115994, 155091, 234153, 129779, 275370, 45064, 30893, 195215, 129792, 92274, 216536, 124905, 434429, 79149, 375908, 270281, 387367, 255706, 474714, 153863, 301348, 388811, 359100, 356387, 494793, 83162, 46925, 29005, 112943, 103621, 111324, 179346, 451367, 231581, 216469, 288556, 61529, 332639, 329566, 57834, 63512, 96033, 10503, 391405, 269994, 162513, 229984, 261641, 173469, 426920, 499327, 380049, 316730, 199610, 498458, 312137, 17771, 165279, 108479, 69527, 268033, 107811, 160512, 241513, 79501, 492869, 8441, 54727, 347780, 404874, 373283, 476201, 319585, 227386, 412442, 19993, 167220, 303262, 379626, 4323, 96957, 231306, 174328, 461070, 13999, 8243, 96741, 247485, 64881, 314455, 331717, 140449, 179814, 142402, 335955, 442215, 259404, 332956, 125587, 460179, 389463, 293312, 37980, 255058, 143455, 312271, 316191, 97625, 9367, 99240, 440301, 70621, 297838, 312006, 124247, 86573, 79213, 345616, 99822, 259105, 451965, 288618, 375653, 274403, 209895, 77879, 56299, 432287, 159502, 408619, 304154, 352704, 405321, 302436, 291296, 145314, 22865, 17760, 139074, 5792, 241693, 145100, 125356, 94307, 493504, 398890, 344938, 261882, 267928, 150380, 91696, 17547, 169283, 2540, 62639, 454085, 122933, 435452, 94543, 383962, 342959, 91458, 37276, 375133, 378148, 159024, 191545, 239876, 219867, 299382, 266071, 180648, 50244, 461420, 367805, 77472, 467891, 184386, 226015, 495484, 316501, 260618, 207807, 149765, 488976, 470215, 77252, 440494, 248723, 103229, 431187, 74132, 313544, 445574, 20916, 83407, 465109, 126999, 459448, 413085, 252360, 444265, 177735, 117653, 48508, 135907, 60758, 257591, 173163, 284493, 157167, 278714, 189474, 95189, 484098, 19222, 248805, 376058, 482151, 439956, 416251, 281845, 230435, 124816, 12621, 46243, 249427, 192736, 135068, 59870, 116276, 74469, 288157, 312680, 116338, 446650, 416437, 130740, 400654, 159936, 295376, 212431, 50881, 472269, 373006, 427285, 392316, 36515, 492781, 30071, 129226, 413516, 438029, 147281, 45719, 113680, 422897, 409608, 445742, 153925, 260217, 41572, 65378, 174391, 187872, 272458, 85457, 316996, 190658, 398259, 347633, 370995, 38547, 489253, 249029, 482982, 366907, 487792, 211818, 227497, 103245, 264325, 166816, 492082, 154640, 55691, 228540, 340526, 34060, 486441, 91793, 490339, 427227, 324921, 101324, 144476, 45487, 196336, 69881, 356674, 44177, 129644, 365594, 129070, 477936, 246590, 25921, 188643, 343251, 22469, 189797, 354167, 209037, 316793, 137984, 414895, 230312, 237020, 46540, 353952, 45272, 442163, 413776, 340766, 185817, 274568, 304669, 215157, 118152, 456475, 318326, 240842, 466820, 312052, 4094, 340632, 238391, 476846, 484169, 141235, 359416, 151603, 443320, 419031, 404123, 44856, 339365, 233601, 396004, 101261, 178431, 263902, 97405, 390891, 452246, 321429, 342179, 54954, 446075, 267066, 287377, 134579, 213243, 313379, 234794, 179938, 470282, 495202, 148686, 233530, 236370, 50349, 166286, 496119, 118764, 4856, 457501, 487222, 204481, 473023, 266251, 488700, 117227, 223790, 329808, 480116, 118562, 432559, 138076, 212921, 282524, 342880, 164375, 379689, 337637, 446743, 107659, 412982, 43935, 300043, 454483, 412320, 354779, 288143, 192083, 319705, 19357, 344347, 191146, 176086, 104723, 70797, 27015, 452665, 301767, 376127, 255844, 458359, 475656, 434520, 216988, 81182, 145608, 364201, 226170, 386279, 443836, 126276, 99430, 40078, 472767, 30188, 216128, 467240, 206486, 305279, 276177, 410348, 222085, 478190, 246385, 3006, 229446, 439968, 416913, 311638, 476773, 37695, 215990, 492664, 304813, 184889, 177787, 290934, 461797, 3760, 424929, 304782, 206030, 321685, 416729, 5359, 400667, 181322, 451436, 444828, 272349, 479736, 450766, 310113, 377372, 318318, 54157, 84486, 157345, 423970, 391433, 105562, 217903, 359190, 198827, 41585, 459774, 412589, 125087, 481663, 464387, 310057, 487232, 400233, 432898, 270253, 56113, 178763, 472938, 47938, 191934, 383238, 242186, 320304, 211553, 267527, 298623, 180362, 391830, 424034, 331100, 204343, 456288, 19806, 199474, 439801, 58921, 175675, 276497, 402649, 357211, 306315, 405607, 415800, 156820, 382315, 233776, 144423, 331662, 123962, 228197, 337471, 352114, 82358, 106022, 412147, 301831, 490355, 437258, 39479, 443414, 485548, 371911, 272075, 281743, 170481, 20723, 466418, 187341, 252651, 249290, 132505, 89099, 197381, 163334, 266491, 73364, 101077, 286229, 435678, 486152, 201983, 108270, 462267, 159300, 103882, 15991, 361586, 361743, 77270, 400610, 430881, 487503, 329200, 109923, 37994, 443881, 147650, 424817, 439433, 309129, 237550, 117166, 463086, 242415, 196425, 485991, 285566, 388521, 208673, 462580, 121065, 323213, 375549, 245178, 461517, 118547, 377540, 7823, 117462, 268222, 497530, 340377, 1933, 264565, 410501, 388112, 461605, 160394, 293929, 128201, 308698, 196471, 37405, 455893, 158006, 297818, 378814, 51044, 282249, 446714, 294358, 276071, 63993, 446208, 205730, 136531, 160872, 224642, 25018, 62554, 442699, 455982, 463976, 148008, 113707, 489352, 261997, 96639, 430198, 132862, 6206, 224503, 316476, 350069, 496175, 191106, 182769, 186958, 264051, 185636, 264747, 12506, 359705, 321641, 127564, 232530, 77689, 409315, 239593, 232712, 70479, 143849, 317516, 140839, 197255, 164836, 161688, 208274, 92679, 270072, 147045, 88690, 190116, 355926, 61214, 111415, 266771, 333549, 164281, 198945, 49287, 349127, 467173, 8432, 310525, 461973, 314820, 76933, 118611, 494173, 285920, 227584, 109000, 166409, 175040, 292795, 454793, 429768, 374285, 492715, 295891, 155766, 77658, 380837, 164979, 413736, 210868, 214771, 464501, 444930, 332058, 393444, 77381, 423350, 389871, 311746, 469876, 139546, 295776, 3778, 98335, 266959, 148990, 227108, 159019, 395245, 211700, 68313, 392326, 266855, 117576, 483272, 192080, 345794, 243191, 74387, 134141, 12671, 157417, 363512, 400148, 100166, 328350, 441537, 228965, 436161, 36803, 204331, 307289, 262326, 232988, 407168, 303915, 268463, 423985, 62303, 347986, 42181, 418716, 18813, 45315, 445329, 104020, 376319, 215584, 113452, 266731, 393373, 344784, 413901, 34275, 371539, 223345, 341669, 425026, 131008, 451267, 378878, 125062, 34166, 202401, 383593, 192204, 288607, 226610, 229321, 380692, 177971, 50387, 428463, 239162, 129045, 28154, 334585, 465155, 153415, 75988, 444672, 212212, 205412, 396429, 343273, 276369, 141352, 256257, 381788, 493213, 257494, 462383, 138810, 47369, 61787, 6841, 386617, 98742, 408329, 46349, 408481, 170940, 39128, 391188, 317818, 58604, 102400, 250442, 216592, 322181, 26148, 110050, 300950, 100245, 19209, 91396, 406910, 406611, 355424, 339418, 147450, 290069, 136521, 44295, 290591, 379211, 100059, 279799, 10415, 242003, 50903, 373826, 12065, 173288, 401026, 365187, 429191, 156914, 340092, 242848, 144478, 235391, 188024, 122820, 230908, 366176, 289358, 30006, 84929, 496295, 484945, 281749, 163016, 35703, 317466, 259913, 369684, 182489, 174057, 278964, 236183, 394915, 253513, 407446, 335189, 294431, 211177, 129225, 262904, 128421, 398246, 280506, 76855, 114215, 64881, 368682, 68434, 146048, 455319, 165687, 412357, 329103, 254946, 423003, 362707, 127834, 395485, 24941, 431131, 13470, 143246, 345548, 367466, 302913, 407300, 69452, 272583, 329840, 309962, 283713, 473045, 454786, 451207, 116094, 75284, 456258, 213534, 380279, 492411, 385650, 319095, 227703, 219094, 284498, 246663, 438596, 94365, 49679, 372102, 448454, 95063, 424885, 253713, 402275, 27822, 315461, 21116, 169221, 91782, 270182, 24463, 358318, 313727, 247664, 428381, 314200, 85558, 422600, 129660, 326474, 231303, 243574, 238101, 342602, 207195, 49688, 362665, 437366, 372840, 163496, 426064, 60072, 212755, 494974, 464820, 284975, 387667, 470815, 346766, 452909, 262107, 6850, 107511, 444911, 418959, 206949, 226741, 352629, 194521, 453807, 480896, 239066, 165290, 381393, 120808, 465722, 336599, 185072, 482340, 179565, 131719, 394147, 109150, 219754, 36580, 238798, 321178, 224775, 240448, 207486, 57741, 443078, 442816, 243635, 319607, 352526, 460503, 413484, 363917, 398436, 458849, 309055, 362624, 486600, 69723, 330034, 109834, 432899, 73933, 449298, 461054, 30156, 299101, 81369, 408836, 54934, 270103, 322340, 137933, 60892, 175281, 476264, 412433, 75493, 486789, 151157, 379884, 193135, 375709, 413476, 436927, 441377, 402716, 360592, 463643, 220330, 300790, 495766, 209882, 487220, 368342, 54906, 258105, 4064, 318182, 222007, 469291, 232477, 97314, 357446, 484577, 303186, 320483, 135429, 474640, 220556, 355860, 402292, 220640, 72305, 13413, 17274, 323479, 258195, 495840, 242027, 351669, 8658, 421800, 461292, 111722, 113369, 84847, 235966, 36912, 233436, 135579, 239157, 321085, 395012, 2732, 386714, 124743, 174701, 337972, 439518, 156769, 288588, 205232, 475544, 207763, 17102, 459611, 47387, 379169, 234447, 477047, 232922, 73635, 349549, 241854, 274297, 140234, 448418, 111505, 317461, 107324, 238834, 334127, 77555, 377507, 264535, 53745, 369872, 270879, 53027, 407409, 100755, 369647, 198639, 108600, 303070, 295242, 280832, 481478, 164153, 174163, 437297, 19060, 322738, 2254, 92552, 26930, 149374, 201916, 375505, 240494, 446252, 90065, 261285, 115285, 94644, 416871, 385645, 285415, 93202, 424322, 389850, 126833, 252345, 29455, 314465, 4358, 427684, 282417, 3400, 233918, 153361, 119533, 85047, 26361, 208253, 22794, 369937, 117380, 214005, 92566, 196461, 106576, 347090, 244014, 113081, 278166, 421152, 455274, 82460, 434195, 148236, 124780, 6325, 337016, 485805, 22944, 71346, 430513, 355428, 496979, 350061, 121290, 355683, 364247, 458395, 346520, 357131, 103754, 51194, 476443, 81440, 386592, 397951, 144070, 443757, 32280, 242927, 273402, 320981, 268544, 494845, 106981, 181398, 434637, 38881, 189394, 83643, 261858, 164099, 358746, 494547, 58712, 109905, 106456, 220780, 28471, 142526, 291549, 290880, 392910, 370528, 393462, 437997, 332729, 59410, 428587, 111274, 459616, 248266, 268732, 296304, 249534, 235902, 57278, 348174, 477908, 194963, 411850, 472009, 38569, 66606, 172694, 145825, 40764, 227512, 319541, 154710, 154512, 119626, 174133, 394621, 340169, 340435, 349618, 133416, 97501, 444309, 451631, 38243, 208211, 35728, 43197, 209497, 197226, 24750, 162460, 321450, 170925, 51430, 285084, 114735, 88439, 101285, 128668, 465909, 16454, 147270, 278209, 150364, 54765, 260714, 443030, 119577, 83779, 362021, 225920, 456656, 473661, 202347, 428493, 249163, 195253, 32989, 438060, 293681, 347618, 142847, 476471, 86010, 300154, 38780, 22844, 110069, 34227, 52461, 231526, 294117, 203685, 326163, 479665, 1236, 407135, 311880, 238618, 351918, 481938, 493740, 312565, 176426, 120895, 304750, 31093, 123685, 493130, 28693, 84325, 146260, 352329, 6892, 70659, 321407, 483359, 105637, 180329, 248243, 493685, 264593, 361111, 67837, 365648, 265545, 50584, 148650, 41513, 12753, 350575, 251364, 85853, 213742, 303569, 496991, 274837, 434440, 72603, 144107, 299785, 143885, 230224, 340971, 212743, 145456, 166191, 126965, 223359, 262364, 359616, 71375, 439934, 459541, 261359, 244299, 393877, 185246, 218570, 21329, 302000, 368130, 227296, 122255, 297469, 78874, 182892, 24621, 397498, 235176, 195545, 201687, 164275, 388689, 229616, 307874, 256704, 414125, 304874, 61395, 419502, 353170, 46122, 112416, 230080, 58984, 426633, 343975, 178194, 59317, 396044, 305873, 340923, 146214, 161568, 357071, 324663, 257265, 371636, 304450, 242861, 208116, 316535, 353719, 28014, 418949, 212901, 291973, 97262, 37981, 406815, 274095, 344038, 237005, 371119, 131921, 409912, 44881, 170722, 226890, 21579, 199206, 53573, 323561, 34651, 130515, 68217, 435933, 139119, 409601, 87144, 449303, 32667, 275387, 235582, 125360, 433206, 407689, 60339, 167749, 294519, 317544, 74389, 424727, 467674, 199669, 440655, 190731, 366653, 197243, 3315, 298930, 298522, 79145, 6031, 231216, 158027, 473934, 466445, 382668, 116205, 261190, 239893, 20716, 19713, 368915, 452758, 433174, 372257, 386673, 134096, 12459, 261094, 382192, 345587, 302902, 160040, 254155, 278525, 173163, 334477, 340835, 28054, 52312, 7455, 40375, 247877, 123261, 22701, 352870, 218968, 330460, 32998, 181780, 477344, 222877, 493014, 21666, 171102, 200503, 475334, 291664, 480607, 66646, 104924, 22041, 390191, 272103, 367625, 165014, 299751, 131315, 205307, 212346, 356470, 418763, 262216, 89767, 378407, 144474, 25248, 231371, 284416, 15381, 109118, 336751, 245290, 386102, 29691, 381361, 168441, 397583, 123159, 234427, 80441, 12973, 402372, 111190, 67944, 215491, 90344, 245041, 110577, 204612, 388232, 403439, 296058, 161005, 197821, 454755, 458562, 312941, 280053, 143001, 76543, 302400, 66772, 445972, 343359, 202288, 461701, 123369, 301014, 232945, 402952, 359890, 424643, 322595, 108559, 95942, 372127, 114683, 267637, 126037, 224748, 362262, 87648, 85481, 109113, 272708, 231984, 444471, 495077, 44145, 45117, 187333, 51375, 246420, 361402, 11894, 366276, 139905, 434758, 379505, 231109, 306551, 400748, 35546, 93194, 174173, 292901, 462299, 220598, 272506, 181461, 455474, 184565, 315271, 415545, 121635, 221739, 496277, 106621, 75885, 480144, 126169, 447061, 126365, 42263, 462796, 129186, 297664, 478495, 195944, 173690, 296778, 271721, 208741, 101447, 365482, 310385, 322966, 439801, 227145, 344326, 209521, 334054, 74528, 368867, 473232, 73144, 182268, 151478, 466916, 313945, 354111, 456748, 227102, 297145, 172108, 56689, 318851, 152388, 239891, 445173, 16534, 178577, 156090, 488571, 442634, 294015, 229964, 124090, 415087, 297450, 378390, 40193, 405290, 151318, 440409, 367864, 483165, 135917, 423000, 98163, 476920, 294524, 325243, 483998, 83979, 9230, 404113, 155576, 17793, 124614, 46898, 323120, 412312, 209592, 461186, 15347, 15076, 354929, 326791, 97080, 433621, 128376, 213217, 357660, 455122, 387782, 110820, 23668, 484879, 319025, 475952, 380029, 31270, 336953, 279945, 56481, 486324, 63286, 342139, 355512, 467965, 432845, 19143, 347377, 51588, 66331, 111922, 451351, 44007, 37789, 105666, 148825, 178649, 327681, 87912, 120147, 213787, 86786, 108819, 23837, 88071, 110408, 487137, 67742, 319270, 280262, 406711, 141220, 212026, 247938, 405054, 64507, 200461, 170663, 4075, 373896, 202027, 57874, 446574, 295524, 128131, 404190, 307374, 62783, 135370, 170346, 160644, 411484, 138039, 158397, 19033, 262582, 241221, 441986, 96240, 152091, 103840, 339909, 160494, 137022, 232975, 255015, 104907, 158369, 395218, 489620, 60696, 113772, 302537, 257061, 305335, 360489, 353807, 169568, 465689, 159388, 128148, 34983, 125250, 216455, 63864, 202255, 254906, 190758, 392620, 204017, 257700, 356443, 441663, 480599, 481462, 214467, 216561, 93145, 385343, 375801, 161691, 14013, 322110, 185966, 227185, 388960, 334119, 114553, 484120, 52922, 83489, 88299, 51254, 350644, 43766, 126566, 205208, 332836, 392037, 225967, 87223, 413219, 123665, 97176, 110224, 462405, 189343, 370066, 178863, 349489, 5548, 499557, 276429, 198053, 21245, 374703, 431207, 208584, 403128, 473258, 372637, 463006, 110864, 38256, 197336, 342986, 241345, 40951, 366462, 256858, 491744, 213591, 466128, 432498, 44496, 287777, 43083, 185859, 402900, 122711, 396816, 412835, 478284, 439718, 77187, 44097, 327365, 141795, 293585, 187343, 289550, 443123, 330330, 345274, 229434, 46329, 449311, 242976, 68000, 126405, 91524, 157399, 1536, 268546, 56242, 32712, 176543, 129723, 498986, 235725, 132035, 406799, 421102, 424388, 379824, 215268, 106346, 142660, 456967, 54926, 163429, 377432, 395258, 130559, 370350, 106913, 139199, 102497, 228306, 204474, 352378, 273301, 346198, 96301, 404291, 291293, 71442, 435064, 250616, 86894, 294520, 180287, 432779, 472966, 114548, 289538, 104478, 308916, 338257, 33988, 60500, 297793, 154238, 311536, 334571, 270070, 378808, 138133, 284926, 175405, 32464, 373702, 96774, 158750, 83066, 176669, 64998, 352483, 2249, 4755, 297608, 491735, 179538, 33416, 151685, 213929, 319604, 16651, 175503, 263856, 421860, 345880, 327112, 260692, 315630, 258318, 333516, 322200, 75274, 178124, 200589, 39965, 69099, 318340, 160356, 71828, 316431, 169301, 337539, 413638, 223497, 469443, 353545, 210426, 63298, 102592, 314782, 410638, 188863, 420480, 413476, 432695, 64720, 131723, 257586, 381329, 214359, 82873, 383426, 117688, 296713, 158506, 56685, 304709, 57312, 213573, 251774, 191305, 293151, 181651, 49307, 196273, 267315, 161234, 143457, 299245, 478809, 187255, 436482, 401113, 350448, 384966, 144531, 67113, 221859, 83167, 328033, 137669, 182407, 173496, 244602, 268650, 439618, 445430, 389132, 100702, 379000, 85476, 401186, 304820, 378087, 206006, 326800, 251092, 156678, 172041, 86623, 128124, 47661, 227276, 471687, 222629, 140536, 356357, 443157, 464692, 140233, 17906, 85508, 61586, 7062, 136208, 11984, 30397, 423174, 243582, 376429, 66969, 57240, 67573, 235597, 294876, 219005, 183392, 337841, 325740, 148040, 440141, 93589, 58287, 234390, 241051, 382230, 232612, 17899, 176191, 220014, 9453, 113863, 292026, 446763, 328621, 77719, 96666, 86473, 243781, 28333, 495768, 363758, 217110, 210244, 166481, 39157, 208492, 22408, 343009, 418353, 254465, 178691, 109353, 247146, 99177, 273595, 41029, 161548, 472324, 169329, 462758, 324074, 233997, 459007, 260006, 465780, 219830, 47904, 219544, 76538, 254344, 286412, 118242, 308082, 62344, 347434, 65526, 129810, 270272, 77527, 490266, 110879, 126097, 112595, 109542, 250706, 23455, 491984, 142483, 336128, 369904, 255428, 173176, 417426, 1901, 14832, 236135, 424228, 239701, 106313, 403923, 224076, 382317, 404491, 371236, 119031, 1693, 379890, 448559, 452531, 366381, 22286, 328659, 467653, 311454, 489441, 164767, 115788, 325499, 130084, 430901, 291921, 92333, 398362, 41335, 8945, 101968, 494734, 194229, 147966, 355485, 430025, 360755, 279184, 475336, 119948, 338887, 286962, 56120, 115662, 448050, 202053, 306431, 416473, 314724, 419039, 388914, 26416, 383960, 489865, 97345, 88343, 72697, 480978, 414860, 86692, 456953, 86166, 462077, 275708, 92084, 225379, 381621, 316374, 81776, 449435, 492963, 293143, 64835, 496664, 309504, 7140, 33678, 439217, 41104, 96321, 15461, 42, 283300, 44762, 121706, 164372, 475765, 64119, 233713, 334115, 276347, 449209, 409301, 110747, 31672, 233432, 48995, 48797, 346728, 54402, 163089, 147283, 413891, 410396, 472820, 147197, 312515, 153089, 207809, 471931, 164468, 171249, 468521, 226811, 493602, 489771, 271787, 452214, 407721, 80117, 436822, 51349, 186842, 227370, 232551, 196822, 391347, 382294, 397222, 190064, 104456, 261170, 252821, 95108, 84325, 333752, 387959, 332569, 157823, 98987, 236214, 119003, 146552, 145366, 285016, 496015, 335502, 389263, 443802, 416673, 368363, 450860, 140929, 76914, 176798, 204787, 225248, 319037, 484657, 344201, 324631, 63507, 407316, 413986, 462879, 327044, 271275, 15068, 336697, 322861, 458609, 124517, 249714, 399656, 91264, 157090, 16253, 301352, 224133, 72772, 241306, 143203, 61016, 308376, 289692, 61429, 443850, 228961, 498999, 382959, 443347, 186545, 447693, 453527, 408527, 355375, 66989, 183706, 350929, 488414, 164854, 419449, 347095, 325967, 413080, 310664, 243105, 37017, 313778, 154410, 63929, 249885, 100065, 263987, 445471, 382304, 101829, 12119, 450464, 30511, 358955, 347117, 235356, 340028, 119702, 278570, 103977, 487601, 127218, 106865, 386092, 98925, 345929, 422545, 337194, 407620, 283886, 104051, 412574, 63636, 319060, 485921, 491166, 400708, 136910, 235231, 387646, 358599, 497790, 165636, 473110, 314175, 93942, 329329, 137947, 314335, 464651, 297976, 366528, 300312, 80134, 66152, 100754, 157066, 5162, 291273, 173600, 6110, 155785, 449516, 462116, 452407, 331393, 81376, 100780, 498320, 414495, 49860, 24062, 94551, 419354, 7954, 306065, 438694, 31468, 158985, 204720, 316703, 8796, 83168, 37579, 391926, 128632, 442282, 354738, 361823, 362694, 425573, 246976, 499223, 208631, 419528, 488613, 367433, 442129, 60842, 493844, 433081, 234740, 123132, 490467, 112696, 54198, 194168, 351854, 328524, 16814, 274766, 340168, 448400, 121077, 466808, 101989, 220962, 96945, 74483, 85190, 66705, 442814, 93809, 217155, 268401, 377014, 252140, 201953, 314653, 267687, 117820, 74423, 249426, 14257, 352370, 157587, 48715, 111721, 83517, 262729, 473736, 136604, 434678, 225471, 476906, 368950, 219058, 104781, 376796, 304359, 311035, 312079, 340327, 284987, 57604, 153169, 95419, 409279, 331221, 12924, 330461, 268266, 257725, 405689, 456479, 283700, 382059, 212804, 482908, 374627, 148048, 4955, 403074, 24067, 149114, 320236, 480325, 74956, 458374, 102817, 467174, 466646, 81695, 240134, 410172, 4317, 9631, 226340, 6429, 100930, 114690, 375370, 484729, 470072, 96700, 56880, 374180, 425179, 462331, 473640, 245640, 329514, 424331, 196730, 449998, 166654, 103164, 6995, 447585, 189532, 7704, 309723, 269457, 35539, 407567, 334873, 107411, 91464, 92088, 340264, 351223, 28220, 14954, 366955, 495595, 139629, 134307, 31307, 401996, 176294, 334833, 66148, 211289, 428977, 213950, 410811, 83280, 138035, 252249, 113425, 301635, 141075, 379049, 45451, 358035, 40516, 366346, 22475, 148212, 404099, 444578, 475815, 371492, 79618, 149405, 492940, 6968, 29474, 136762, 63459, 121820, 492287, 473782, 479700, 57579, 83230, 477359, 322702, 207367, 131060, 74798, 107529, 422965, 380659, 10576, 360315, 423745, 124493, 300263, 322850, 287437, 447119, 464216, 199394, 107218, 346836, 461643, 248767, 239226, 346441, 1440, 210411, 61450, 316316, 244842, 271686, 359414, 370985, 159841, 179136, 481285, 189592, 467628, 88584, 236473, 170599, 66990, 318900, 183408, 65978, 328123, 56161, 458064, 406495, 200152, 435692, 143225, 343817, 312025, 306144, 431476, 93682, 234600, 475211, 489253, 209134, 98537, 101306, 109679, 485569, 153046, 338033, 425923, 356968, 468173, 102165, 49322, 430791, 180180, 14153, 120800, 94531, 35064, 151440, 461853, 261859, 110777, 392244, 320415, 305986, 36452, 147931, 491744, 116528, 215128, 259549, 291286, 407407, 7340, 452253, 123631, 175281, 215979, 435026, 379096, 226843, 28166, 427973, 31229, 239231, 300430, 272281, 352991, 99476, 9216, 412023, 367485, 415777, 338096, 130540, 72208, 69136, 298128, 298544, 154498, 484156, 467623, 147686, 90961, 91239, 115867, 52101, 115967, 376387, 90331, 373109, 475421, 87189, 42968, 64989, 434983, 178759, 228439, 395979, 274023, 103934, 476985, 338278, 157366, 196329, 133533, 72553, 468256, 398642, 294753, 152207, 93043, 465687, 418693, 286343, 320706, 85320, 102834, 293152, 6933, 250920, 205011, 13827, 72520, 107312, 86328, 261114, 347146, 400311, 156866, 201787, 333316, 374346, 474020, 252228, 60365, 23349, 192612, 309462, 335540, 452190, 292144, 234606, 207786, 136789, 265933, 357138, 394182, 323270, 238417, 323122, 201010, 97026, 137784, 285439, 203658, 287226, 78758, 140345, 260026, 423797, 71696, 454250, 6100, 111890, 180801, 207617, 29527, 15957, 55780, 31258, 79466, 392485, 330116, 379264, 120433, 213633, 71662, 401978, 82545, 115004, 341342, 217020, 361942, 1433, 95689, 242630, 174638, 194698, 84062, 190510, 84982, 123261, 74720, 381467, 492016, 115555, 397931, 431895, 117377, 240209, 451038, 367700, 347057, 103856, 231628, 124510, 375867, 80158, 388398, 354029, 112156, 249868, 23107, 2626, 307278, 396707, 254092, 113597, 475105, 94160, 414294, 370931, 485024, 164496, 67282, 166365, 307483, 483172, 370507, 275460, 358979, 451933, 449482, 471292, 108754, 464046, 121520, 187307, 480084, 64507, 326420, 450666, 167582, 159917, 478273, 85750, 445371, 323665, 432285, 211991, 365258, 103350, 424547, 184340, 204831, 30059, 38109, 91846, 52141, 431822, 126418, 481209, 414730, 224102, 265782, 97586, 495443, 202128, 23552, 318093, 65488, 11142, 316885, 374216, 123265, 54491, 295067, 170090, 313768, 149745, 215577, 455118, 212288, 238821, 137646, 356663, 406670, 228912, 73220, 229025, 451232, 225099, 472864, 151503, 236118, 291276, 203025, 28103, 375641, 360994, 226284, 54610, 119602, 11094, 186425, 250426, 37899, 316869, 292817, 132045, 341054, 315964, 479282, 225305, 383168, 94709, 263746, 188283, 347637, 112019, 29854, 225121, 339655, 46863, 458939, 467907, 305114, 198723, 138399, 289054, 463967, 445677, 295255, 140116, 477783, 383725, 198465, 63971, 365917, 267817, 423859, 393420, 83152, 69671, 77446, 95264, 386285, 27277, 89938, 422794, 167189, 362254, 244419, 480578, 396780, 351592, 25533, 144346, 175963, 85136, 188546, 292626, 254364, 57602, 235839, 373561, 169687, 430667, 96019, 3493, 92885, 310907, 459954, 55479, 445629, 434945, 111451, 461527, 272430, 333591, 227317, 5748, 158008, 299812, 244083, 391162, 490556, 312708, 239025, 484351, 218039, 32933, 400277, 416422, 328282, 271619, 143200, 260352, 306175, 137462, 154049, 425727, 90047, 375735, 330039, 196713, 412427, 233824, 457878, 27949, 496546, 363435, 497502, 62782, 375683, 35928, 185621, 118454, 31245, 343159, 472876, 4194, 428543, 276541, 362110, 149571, 82349, 309680, 341126, 362905, 252085, 459724, 348842, 353060, 474520, 392246, 116891, 21689, 198988, 111358, 274661, 496989, 416566, 459912, 329247, 173615, 458907, 30712, 133490, 190721, 366150, 422612, 260103, 195812, 368025, 305546, 61946, 448095, 349188, 316878, 327428, 339878, 169737, 331665, 204952, 354033, 32109, 121699, 28668, 233718, 82514, 5548, 243435, 352412, 216856, 245550, 299164, 124758, 9502, 428597, 157006, 342548, 398607, 429204, 124883, 449119, 464813, 382343, 400171, 228477, 66368, 463435, 476323, 245461, 460813, 123182, 130485, 349756, 459809, 344029, 251398, 442167, 362473, 435759, 494445, 144792, 201675, 440539, 103647, 293103, 211150, 359909, 39034, 208277, 359933, 289561, 160496, 352984, 186385, 281120, 213199, 368169, 139090, 445076, 146338, 80330, 202783, 129011, 468018, 240497, 152379, 48636, 202360, 181852, 290937, 227516, 22870, 345569, 374778, 484736, 146585, 322399, 57350, 121669, 301614, 478260, 320619, 106333, 305836, 323648, 476459, 94341, 203063, 291121, 229836, 241060, 213037, 246822, 50109, 374506, 242875, 21861, 67317, 190052, 424438, 326701, 171414, 24906, 89678, 348591, 5823, 415183, 88784, 62567, 208513, 271316, 122478, 452943, 451584, 440113, 80237, 58104, 324444, 437359, 233919, 34347, 94017, 499524, 140044, 26241, 23561, 263258, 366622, 226508, 384599, 40642, 88924, 49799, 69584, 54286, 371476, 495666, 399493, 255484, 319186, 296607, 286581, 272070, 6346, 310628, 391373, 363207, 382525, 220955, 276821, 229375, 266871, 286673, 432487, 483072, 102505, 24106, 51595, 30592, 45798, 130810, 51761, 258953, 14280, 161406, 34716, 361434, 83423, 466759, 287425, 480884, 304883, 421608, 88100, 103381, 170131, 233072, 90979, 456263, 26531, 287329, 166143, 376929, 446016, 285973, 135130, 394094, 37837, 394382, 37032, 164965, 106103, 70333, 223989, 425231, 73600, 334695, 70863, 318786, 297448, 169576, 42319, 378200, 339990, 368248, 44460, 28955, 453787, 393371, 260216, 25044, 35696, 367218, 68683, 440730, 444593, 76309, 164987, 458431, 499750, 439260, 56382, 61633, 303239, 150632, 349432, 82021, 482549, 241995, 18067, 218425, 167597, 402753, 490329, 65947, 302561, 359222, 92838, 167552, 147225, 307870, 275411, 173034, 268721, 69657, 381681, 137766, 18005, 306135, 44156, 166153, 186318, 469873, 412711, 270972, 261412, 482943, 324031, 28211, 310414, 81663, 182575, 257860, 88653, 169885, 277790, 150836, 378527, 18381, 137525, 10275, 179157, 124520, 87660, 467145, 189816, 78339, 470716, 417125, 222048, 390314, 381746, 250563, 312069, 90609, 382228, 192954, 69409, 319025, 228412, 446595, 151267, 380615, 338578, 497411, 220138, 362008, 350720, 242607, 290239, 136045, 187232, 163008, 135762, 267271, 35618, 45299, 73218, 451607, 123298, 220191, 167542, 382967, 234553, 203259, 300083, 94433, 77934, 496820, 486813, 282058, 241173, 419062, 99874, 159711, 259659, 238506, 64740, 2684, 492270, 422669, 124289, 400819, 76987, 427977, 17749, 420024, 16029, 22548, 80295, 170655, 77486, 89174, 476262, 216612, 263299, 155602, 60490, 322583, 138738, 384807, 380887, 280724, 335591, 312499, 180606, 284030, 448413, 149057, 283775, 270473, 302049, 379363, 159318, 311035, 81807, 19900, 393475, 244790, 116964, 241566, 252517, 263479, 188016, 306986, 233, 214070, 470580, 69779, 287181, 455979, 426949, 345894, 488350, 480572, 139961, 206298, 222334, 91408, 445601, 437864, 56846, 258784, 409542, 303936, 325441, 409560, 120225, 479335, 143748, 257104, 11738, 407361, 487085, 485784, 160249, 473427, 220549, 225171, 53598, 389967, 67128, 478228, 227745, 450794, 391895, 72906, 61678, 186801, 289298, 475483, 169152, 231931, 278672, 438821, 140972, 187023, 433446, 175740, 434724, 158719, 368281, 471891, 297487, 157415, 148445, 460116, 213318, 168837, 175531, 249817, 294906, 148225, 208693, 131422, 402585, 20163, 484877, 305039, 31179, 361052, 348700, 368432, 375591, 439054, 244383, 379671, 456534, 469580, 371061, 399954, 85735, 29950, 397077, 309887, 254990, 145544, 400497, 39924, 68656, 496166, 375011, 128445, 360996, 469007, 353206, 231927, 365284, 119140, 280097, 166690, 256354, 261783, 480432, 471919, 311217, 11021, 316771, 211836, 209989, 393348, 72103, 447998, 214107, 198662, 29104, 102661, 382822, 464171, 3276, 172238, 311812, 73944, 50741, 233302, 487870, 286019, 303546, 63765, 228908, 167620, 40421, 450691, 108047, 65381, 397776, 32559, 371381, 316578, 33036, 361200, 362320, 375806, 201082, 117467, 482995, 440293, 483819, 499049, 267353, 293536, 258638, 52026, 7152, 324407, 372093, 57578, 56029, 363490, 141769, 282075, 89211, 392687, 109627, 138568, 234117, 35459, 46118, 303730, 311163, 408991, 487639, 499875, 276869, 267978, 28989, 91879, 53915, 63986, 476009, 152495, 205697, 406878, 9028, 37449, 431972, 361326, 449486, 146798, 151401, 485343, 495536, 34954, 332129, 326604, 224100, 486251, 450724, 403608, 323358, 425528, 103676, 474840, 367218, 122370, 136991, 450290, 92133, 201679, 6358, 159563, 269110, 11317, 451264, 360135, 128768, 409343, 29069, 110342, 10057, 350793, 49847, 257804, 7779, 93663, 158420, 449885, 451661, 265581, 360648, 335377, 391048, 190954, 151014, 453608, 324786, 295762, 383917, 58988, 308454, 287781, 180108, 225403, 167438, 401282, 271526, 310291, 317917, 81233, 412732, 394670, 144958, 433732, 190513, 455259, 366571, 60484, 200220, 158857, 80753, 77076, 23821, 227077, 55599, 94249, 27367, 157361, 404768, 192402, 353452, 293501, 38989, 93421, 439727, 371228, 367753, 136982, 304372, 402472, 339087, 174445, 255222, 485088, 442855, 375250, 327873, 456937, 88244, 498854, 40044, 353687, 57710, 93547, 233937, 425376, 172121, 203597, 369010, 259794, 20339, 17858, 341261, 82373, 478585, 208498, 394325, 434056, 34339, 261349, 191140, 113296, 136123, 356040, 492547, 432156, 433708, 273716, 167288, 233693, 141971, 13164, 198302, 90510, 203089, 4968, 359858, 468970, 432671, 130908, 386911, 372778, 351587, 159283, 452766, 197460, 400504, 84146, 267258, 136243, 124763, 487619, 429575, 499061, 261325, 268651, 113536, 236202, 476674, 416395, 14237, 363911, 143381, 271313, 335864, 357399, 21129, 165786, 97904, 279927, 293157, 405389, 369554, 418857, 358184, 344135, 370390, 137859, 494856, 15192, 375673, 273408, 236506, 269329, 82892, 372556, 498895, 109806, 382823, 271511, 413970, 393747, 210594, 34636, 61826, 438254, 381190, 441946, 50325, 325804, 234236, 350947, 488229, 231120, 68239, 274538, 494786, 347265, 484768, 228701, 204401, 452006, 371193, 434057, 67037, 104548, 2998, 317920, 26471, 49078, 165054, 103974, 464189, 494243, 224902, 437408, 61995, 416844, 281321, 294051, 348735, 275919, 378040, 478067, 247949, 276092, 3192, 247551, 195872, 70066, 129669, 329006, 294467, 207396, 329410, 234936, 34877, 453037, 364593, 175139, 408188, 267493, 47557, 53670, 91883, 56121, 359132, 156574, 170119, 269000, 33235, 305724, 399286, 309200, 1766, 399695, 254302, 137303, 495516, 39373, 43015, 337657, 139474, 1544, 82505, 191942, 70673, 131747, 80345, 345205, 315349, 342442, 423702, 436052, 414313, 22614, 447209, 71996, 169564, 465780, 400964, 198089, 106051, 412718, 126594, 357734, 230614, 46439, 300101, 32755, 265672, 385210, 347113, 84125, 470968, 23450, 159487, 318006, 153432, 306263, 378042, 357060, 491822, 186503, 390569, 107169, 467869, 228945, 20346, 189648, 167052, 192895, 319940, 19563, 154849, 247323, 1805, 495219, 127854, 461917, 225700, 439187, 288781, 351383, 314796, 235884, 13462, 486599, 352072, 28947, 185728, 178081, 399545, 151849, 415492, 492980, 87207, 370487, 339915, 32603, 306898, 257314, 144473, 450259, 490181, 390493, 342668, 284878, 190880, 96897, 59333, 272863, 305245, 217822, 466589, 156679, 36229, 337423, 441057, 102180, 495954, 80578, 250133, 315120, 175237, 134331, 301944, 268861, 417635, 30690, 484362, 146168, 87774, 344054, 41778, 59591, 179839, 325584, 335859, 285025, 53345, 27953, 245782, 116847, 285989, 208662, 387847, 131418, 237917, 368709, 49718, 413354, 243093, 261141, 87486, 437167, 41594, 436413, 162584, 225027, 467672, 396213, 20066, 449163, 213104, 415719, 260577, 387868, 95879, 242284, 375152, 221047, 424881, 51797, 200347, 144324, 21343, 70648, 266970, 272084, 382577, 38676, 222478, 128692, 158792, 464469, 247422, 206353, 38617, 142157, 350152, 442092, 475599, 56855, 282265, 383844, 207892, 101889, 308857, 425516, 5305, 315565, 392770, 185461, 450508, 383802, 245975, 80512, 348195, 435755, 369763, 96546, 87431, 231363, 337833, 95141, 196190, 425096, 294741, 189057, 480259, 113986, 318606, 451535, 272954, 398232, 162974, 34581, 22000, 166275, 213869, 466378, 75647, 267937, 245457, 41970, 370738, 108328, 147707, 452456, 31255, 230558, 133417, 252568, 438375, 125837, 54615, 313139, 316808, 289503, 216573, 78839, 194341, 358021, 323816, 128336, 6110, 246616, 449175, 54513, 410785, 354213, 213572, 76805, 157493, 421339, 28161, 79231, 139604, 324666, 484119, 157770, 430646, 119274, 130200, 381839, 405941, 349134, 360560, 93123, 48836, 263989, 131473, 270696, 100501, 155534, 99044, 403362, 401408, 112991, 203967, 37443, 341685, 410353, 344196, 127856, 111895, 157745, 340879, 254215, 108372, 398455, 69861, 479826, 308628, 284476, 45851, 63473, 235849, 269261, 293853, 489855, 267438, 370114, 316015, 296822, 86694, 363927, 311737, 89412, 217217, 82394, 282380, 181654, 26031, 349750, 279488, 443374, 350180, 363418, 87366, 466740, 391857, 343075, 296500, 226665, 356310, 430507, 496240, 69478, 40896, 470314, 418601, 191053, 440517, 41510, 175499, 151648, 212109, 341829, 290040, 164533, 159291, 384952, 180266, 250725, 473092, 60332, 362697, 152994, 395727, 125348, 412274, 493185, 430121, 10178, 329396, 326126, 329675, 361202, 285099, 324310, 266924, 197097, 230619, 154876, 213745, 78539, 413821, 468824, 163846, 415917, 125929, 467852, 492067, 328349, 120747, 124586, 273481, 117096, 426362, 42985, 281159, 11609, 386375, 198230, 334899, 156509, 407663, 124880, 490642, 474214, 358384, 310160, 150297, 405634, 467353, 62487, 165164, 274860, 400622, 31236, 435245, 121404, 235097, 16333, 228096, 327945, 108845, 164306, 267715, 373341, 266871, 483240, 208669, 496256, 37371, 427510, 187888, 204802, 354864, 136853, 494295, 333445, 252811, 27084, 61715, 124830, 361064, 417373, 141709, 181248, 460350, 362154, 3891, 226232, 365955, 412510, 163860, 100141, 476690, 184805, 189068, 187069, 211065, 176190, 329276, 370908, 44401, 29776, 372528, 39999, 194502, 209446, 431254, 267128, 73087, 498540, 382877, 374307, 490070, 121957, 68641, 143444, 259084, 413204, 492861, 308733, 214855, 361438, 219384, 188648, 236725, 34883, 139855, 478820, 86021, 64054, 79936, 153020, 335095, 467889, 293301, 311696, 231910, 18773, 361853, 146082, 473488, 219447, 19797, 342723, 210151, 292095, 346474, 429857, 61724, 183846, 307978, 450465, 310787, 474929, 295727, 411478, 208862, 472527, 358821, 345141, 398689, 201285, 385191, 109844, 133451, 247089, 448045, 244314, 464391, 196610, 275168, 439575, 286374, 158958, 477382, 324927, 223071, 20879, 57830, 30506, 477374, 494435, 102048, 247767, 473673, 73382, 453558, 71248, 204998, 263214, 243751, 103347, 156197, 87734, 95630, 105779, 477978, 63089, 416633, 341697, 355508, 150365, 469736, 93464, 300488, 394511, 308002, 402384, 46482, 237871, 440618, 347804, 285988, 310314, 254861, 490357, 302100, 95783, 140016, 195247, 194900, 17606, 336559, 115188, 448989, 143811, 428475, 246366, 258939, 6800, 180638, 194030, 416053, 278437, 380638, 127970, 150807, 261432, 320584, 281831, 432111, 46336, 254843, 313012, 41280, 41477, 414193, 92974, 223668, 488815, 455944, 405969, 74043, 264600, 87801, 272849, 263103, 9236, 146173, 406003, 128763, 194851, 460520, 56960, 32920, 46016, 490935, 286211, 227424, 442666, 348642, 423340, 56413, 199592, 151058, 87087, 90573, 239001, 72336, 144173, 453726, 142867, 210671, 140177, 47450, 485867, 357884, 367309, 136702, 26719, 470507, 63314, 199774, 443702, 84857, 232542, 164033, 381951, 188385, 220141, 223795, 154320, 187596, 138872, 68329, 418292, 360857, 89687, 452993, 396089, 102063, 91374, 107223, 330499, 441421, 346314, 279394, 396554, 219207, 56386, 174606, 126073, 252829, 428901, 49288, 14724, 21522, 59307, 342113, 484387, 371170, 65408, 48940, 120237, 263602, 43257, 155516, 316323, 464579, 151532, 173187, 13075, 484417, 73018, 133396, 209639, 30303, 32980, 19373, 25992, 314942, 464504, 45035, 255666, 242125, 320241, 7285, 431374, 264719, 430116, 440883, 89272, 483087, 168945, 77994, 107097, 256790, 39760, 114805, 379758, 109811, 266823, 156201, 131923, 405859, 332096, 321861, 358600, 152802, 16448, 124913, 24427, 372963, 74273, 98882, 463949, 497010, 248013, 118217, 491822, 86983, 479475, 11675, 290077, 41440, 426491, 406468, 463528, 426554, 106397, 447714, 173451, 349915, 79087, 370346, 413391, 32911, 230021, 128080, 270505, 240223, 295931, 352143, 104024, 408370, 121842, 382989, 60197, 181068, 344254, 413940, 486732, 122062, 61523, 478521, 268047, 173151, 178421, 355496, 336181, 463043, 467145, 452152, 195833, 436848, 284373, 92556, 230368, 198453, 18880, 199939, 425356, 391363, 463087, 337183, 429580, 258192, 115829, 366458, 106239, 476000, 51823, 319577, 34787, 56758, 40117, 324043, 466534, 376167, 14836, 286814, 57922, 95094, 191410, 278030, 356088, 367804, 292399, 8907, 333267, 20322, 427481, 389549, 2114, 184740, 182834, 297691, 323531, 226509, 135735, 379295, 63724, 326575, 204031, 378342, 298998, 32472, 427008, 408275, 119935, 232999, 156104, 331017, 409766, 131931, 331626, 32725, 193798, 237140, 90193, 174494, 419158, 340870, 111605, 382890, 149767, 347825, 366546, 34580, 480820, 186480, 312730, 371939, 242860, 364170, 341262, 272607, 215375, 170938, 376844, 30816, 235432, 40131, 262178, 386979, 355541, 361848, 97724, 241113, 391454, 120269, 138498, 233382, 497135, 216522, 183150, 201847, 340816, 203888, 425748, 96188, 216994, 432113, 127756, 417783, 274124, 6193, 85138, 139913, 145018, 119658, 156593, 206718, 56837, 250141, 365042, 357621, 246328, 247032, 3827, 172429, 322403, 242010, 296934, 207900, 482895, 32044, 441749, 286151, 480033, 7559, 207244, 322106, 103257, 379098, 176164, 344506, 474889, 432435, 220801, 427637, 179618, 270955, 450534, 377814, 469953, 495268, 68637, 380598, 340137, 402235, 204454, 65743, 290839, 227549, 406489, 7607, 317026, 278408, 98005, 236772, 139456, 361077, 17855, 384245, 36141, 373690, 3888, 432953, 90177, 191474, 356468, 255887, 64393, 291894, 8593, 477826, 237162, 311401, 340889, 153816, 369632, 219593, 134348, 326528, 155647, 325720, 253141, 335321, 122037, 5198, 228652, 51677, 105588, 409186, 489296, 106338, 1624, 346822, 143815, 261874, 433659, 162114, 402480, 309797, 352405, 114489, 245680, 67649, 21940, 440803, 498011, 198655, 464800, 495221, 248986, 73298, 128325, 493924, 76943, 177736, 248649, 24564, 259712, 101484, 110009, 487895, 144316, 253051, 422963, 286370, 126365, 412160, 468695, 471666, 313, 117407, 203602, 498098, 310968, 247394, 159274, 227565, 144845, 92424, 466319, 462842, 433982, 42000, 278753, 339444, 191220, 219268, 479443, 369439, 73981, 346642, 190910, 394976, 87341, 491968, 1696, 168175, 317558, 137877, 394433, 112593, 347652, 343525, 496133, 381480, 222059, 59811, 479833, 128680, 425202, 305611, 411340, 33566, 268354, 224346, 362136, 392564, 11248, 65057, 327719, 217473, 439991, 225472, 35218, 56486, 176716, 76170, 266749, 311114, 478634, 351614, 331726, 302832, 481091, 139409, 182895, 135020, 361300, 333658, 133185, 110770, 286592, 168225, 414594, 438918, 214025, 29727, 209700, 290127, 310529, 472455, 476696, 223640, 8813, 86168, 234187, 353130, 467349, 158013, 189526, 297670, 279649, 22708, 487952, 257063, 156201, 235360, 124021, 50797, 285053, 67444, 146537, 377335, 369244, 429902, 374707, 439344, 404222, 451717, 92282, 232380, 488827, 183037, 280591, 388406, 351397, 267289, 216459, 91969, 229148, 259579, 148058, 440456, 97547, 423462, 428441, 456111, 493510, 157816, 20927, 380164, 139126, 460509, 81533, 150910, 25456, 404108, 39440, 249955, 327250, 176038, 340887, 101485, 355895, 10924, 395422, 414699, 489113, 245216, 174525, 20229, 354620, 376552, 184852, 318402, 391338, 480453, 107790, 76232, 255700, 419346, 27962, 80131, 405678, 328901, 433896, 210187, 163780, 431161, 17791, 307004, 137648, 220291, 261802, 435747, 65670, 64632, 117831, 351765, 159788, 36320, 65336, 362468, 435815, 179836, 251518, 35895, 288224, 228691, 187369, 123939, 330257, 454463, 328294, 328663, 164407, 309827, 238687, 337231, 177976, 329857, 186934, 156726, 397526, 108590, 388609, 51531, 205530, 311314, 469274, 221896, 439673, 390487, 391421, 164688, 45554, 443814, 227750, 476232, 390159, 373412, 94416, 3435, 418082, 440001, 121228, 52166, 64927, 144189, 418941, 304660, 235681, 148387, 142443, 192014, 275056, 273083, 293264, 476380, 398177, 306047, 135230, 260160, 286223, 467505, 487978, 114592, 77937, 144699, 216951, 133481, 481725, 345031, 223676, 136928, 106464, 208792, 278657, 158812, 34248, 286483, 239273, 455789, 59370, 375057, 237862, 407878, 63159, 119499, 153679, 94823, 111623, 354084, 233052, 146457, 443908, 371495, 117546, 269558, 471764, 191099, 488991, 431137, 97361, 247580, 255079, 168550, 223026, 222888, 439526, 324160, 415690, 8266, 388663, 318690, 386918, 291755, 6220, 103146, 350135, 149186, 477800, 79975, 250189, 342905, 280759, 452467, 83297, 62760, 394039, 198019, 260601, 457321, 49017, 411501, 415786, 439071, 69894, 75865, 184347, 140340, 366181, 169217, 179104, 2862, 104018, 56879, 91632, 302288, 119743, 311167, 452237, 427513, 379727, 66695, 384119, 235775, 373380, 289067, 487647, 467626, 227158, 494721, 210398, 371572, 354644, 220347, 266221, 36669, 128816, 265496, 87334, 466395, 199402, 411401, 482557, 108108, 46774, 150098, 3607, 82028, 185454, 261884, 158252, 465867, 280424, 59482, 463323, 438536, 370163, 95165, 92823, 409954, 335830, 207045, 71944, 181006, 295600, 251013, 312210, 20839, 314721, 357655, 403144, 419851, 197660, 84796, 343632, 38243, 100437, 92402, 459242, 228056, 91744, 186286, 373170, 93663, 399144, 356222, 15472, 239585, 385009, 74717, 300300, 495841, 93181, 454442, 251585, 477131, 477169, 350039, 129803, 264408, 382429, 305872, 307450, 437268, 60283, 332310, 459603, 168055, 7415, 202205, 346611, 211265, 75303, 375445, 116869, 319057, 194463, 141229, 460024, 489497, 459000, 453854, 252397, 193908, 152995, 407935, 433306, 287087, 64344, 312402, 207729, 88600, 18107, 236909, 307855, 10522, 4257, 78199, 204259, 165629, 364224, 312498, 68238, 303424, 336610, 144783, 298038, 143529, 399263, 118686, 436871, 12384, 308441, 163666, 483212, 238999, 461825, 248329, 464523, 438069, 356971, 297223, 117801, 455665, 109531, 232759, 327240, 419231, 315586, 247244, 89303, 371248, 416861, 210540, 291547, 253475, 429295, 138162, 53341, 276655, 353993, 72731, 394109, 126836, 89927, 376768, 42141, 90511, 67610, 274251, 281475, 73793, 486732, 158126, 78085, 233962, 187806, 327902, 168539, 426667, 372737, 135663, 256120, 420149, 186579, 148552, 176354, 105875, 337259, 421901, 316011, 68690, 114866, 491329, 315369, 262230, 97797, 70538, 429765, 153606, 309802, 17448, 167550, 138843, 301314, 209041, 307860, 486011, 265778, 99459, 91942, 451026, 133076, 371215, 242801, 389792, 328567, 256714, 347958, 494146, 55073, 387701, 409285, 494596, 171998, 489648, 371881, 27404, 245136, 200390, 96557, 233517, 295599, 353260, 170929, 187950, 201960, 154576, 140998, 187240, 81546, 464707, 139837, 57843, 140556, 314417, 215004, 119840, 378552, 173937, 88953, 40303, 271706, 121874, 21257, 10512, 326373, 240954, 14094, 307184, 269877, 247950, 234843, 396059, 11548, 129124, 139111, 233547, 473211, 487866, 98297, 68372, 32815, 336595, 291783, 307495, 220588, 83100, 119081, 402725, 194329, 144298, 497180, 113753, 195966, 176893, 260332, 14920, 236132, 116485, 230482, 327577, 102710, 336446, 460312, 241930, 69795, 181054, 276991, 408391, 117752, 119421, 214568, 7797, 46791, 464143, 369841, 75473, 250530, 58700, 193100, 265331, 389119, 433916, 286463, 50878, 144257, 299074, 318913, 449099, 239568, 408585, 211114, 410773, 322474, 445978, 492067, 412896, 5475, 70394, 490208, 425019, 154745, 380206, 22064, 301390, 252, 298433, 483958, 436826, 317715, 209859, 499743, 400291, 230001, 475111, 282170, 89946, 86706, 12076, 362832, 280523, 311560, 274967, 392351, 385222, 227086, 13641, 97585, 435759, 25066, 274828, 254839, 481351, 111685, 268685, 289283, 387856, 287890, 190587, 48683, 251589, 60017, 255108, 331538, 221186, 313735, 341774, 49783, 350773, 201136, 232214, 439740, 199024, 94114, 178010, 89027, 391352, 331488, 122366, 314117, 464725, 255077, 191588, 219366, 91700, 4215, 264684, 403784, 488862, 187815, 442161, 437724, 252703, 66582, 192842, 44084, 233145, 86473, 36015, 18311, 42368, 211070, 74356, 379291, 280078, 5197, 229637, 85425, 485284, 124835, 56768, 332675, 316740, 394944, 194282, 140758, 147999, 122924, 212744, 117152, 143814, 212132, 12078, 284513, 499413, 472815, 78826, 183875, 453387, 451345, 337212, 383151, 98942, 134835, 163662, 59713, 381835, 73272, 487745, 182737, 84667, 26740, 488027, 146077, 57197, 395358, 368680, 376567, 405287, 446389, 265819, 364809, 109923, 295838, 293511, 48245, 112866, 106896, 309384, 316154, 257942, 414504, 49739, 365189, 248248, 421396, 309770, 316465, 217122, 495687, 180784, 14906, 449455, 495591, 261763, 435594, 154804, 334556, 88752, 104535, 486046, 494204, 137015, 433995, 434747, 251924, 38046, 213452, 253878, 428745, 160265, 449418, 195178, 356923, 440633, 61305, 258031, 124908, 413827, 37797, 420887, 123147, 365829, 457160, 485739, 154550, 54321, 22887, 365003, 290852, 227227, 69048, 398068, 97968, 258652, 315986, 328408, 122071, 473884, 102533, 139287, 400228, 32024, 210365, 386023, 105930, 305462, 160050, 4788, 238237, 282406, 331794, 199014, 324529, 25521, 280699, 215695, 68863, 424134, 183972, 150976, 55719, 291368, 303884, 15989, 139740, 6368, 359081, 76738, 462190, 228562, 401628, 293087, 120173, 109151, 90687, 207904, 210288, 273857, 381139, 218016, 366118, 380119, 424511, 30968, 475818, 400278, 108379, 222806, 446866, 317809, 281307, 22827, 310020, 201123, 111885, 147485, 72448, 413820, 121001, 291273, 372467, 65492, 246015, 290076, 402468, 1764, 279697, 142801, 123957, 299784, 378675, 77747, 265556, 113886, 394564, 98788, 152284, 245934, 181171, 308263, 15722, 313543, 351689, 15753, 313615, 299432, 379812, 345304, 326930, 190602, 305233, 486374, 114492, 174675, 144252, 223703, 344413, 459703, 143609, 428568, 87226, 245057, 185854, 266908, 17144, 71084, 61171, 44117, 209912, 221056, 465771, 433814, 481253, 252422, 51705, 477614, 147843, 261487, 224794, 65942, 355899, 227572, 50346, 374818, 94096, 357997, 152215, 53241, 308228, 343977, 188126, 449981, 219240, 190580, 295597, 420739, 164948, 196913, 95562, 53272, 320969, 274237, 30152, 405242, 170252, 126033, 435287, 270268, 28538, 302414, 155672, 215614, 337135, 165589, 202850, 351142, 232328, 436929, 137734, 311556, 38185, 169694, 110663, 46030, 2929, 203944, 312137, 65077, 376713, 226418, 421863, 264185, 281771, 294094, 48431, 231572, 88911, 61850, 64826, 325660, 220204, 207836, 392535, 115239, 406255, 276521, 25684, 366113, 334284, 91936, 263769, 460439, 179619, 311518, 443121, 157840, 248942, 481452, 228227, 205798, 225791, 147428, 474226, 345291, 413922, 285642, 334328, 55484, 181676, 427624, 180325, 424984, 283305, 42857, 239122, 50404, 64550, 7049, 488047, 168154, 143771, 389768, 143474, 90679, 306264, 115998, 348175, 1126, 284861, 473803, 29571, 95691, 92549, 482898, 473337, 80221, 53860, 329874, 78572, 395011, 447853, 112835, 393284, 304853, 261903, 10058, 25938, 384178, 84198, 24971, 73726, 44591, 448948, 404800, 310619, 249363, 130645, 149498, 300035, 73438, 282001, 184213, 4353, 326590, 343296, 98699, 58109, 294056, 343664, 213611, 357617, 170436, 260567, 220075, 108711, 424712, 408541, 196773, 62352, 76768, 443694, 429078, 136284, 224929, 108860, 244832, 434890, 275907, 491206, 456950, 396766, 384208, 356146, 440413, 325822, 227076, 167010, 149947, 222241, 266327, 273285, 39030, 162408, 447447, 2169, 442763, 112311, 162592, 149081, 9418, 82654, 67846, 350472, 146779, 120815, 71410, 422051, 206799, 365653, 283202, 470839, 207046, 319477, 46045, 275373, 289084, 85745, 333587, 446678, 408510, 193512, 5811, 175572, 134922, 224689, 163524, 187452, 354117, 200414, 335724, 389281, 48419, 241625, 282591, 468839, 390620, 456185, 479342, 216595, 101022, 236776, 5802, 467549, 413603, 244852, 2488, 309875, 103314, 63017, 120818, 266500, 217965, 270908, 194369, 488184, 48090, 274515, 229490, 212926, 346095, 394327, 78079, 346589, 348647, 256210, 347412, 50718, 49453, 346244, 150794, 214915, 245622, 384295, 157095, 422429, 1891, 98261, 345526, 238314, 322459, 458524, 240176, 444108, 259115, 443772, 487137, 341033, 410694, 331069, 443744, 302577, 273934, 78591, 164045, 44465, 133577, 96016, 99334, 469527, 75870, 421728, 103075, 239229, 117955, 153634, 322272, 339585, 251368, 142795, 133023, 384384, 63851, 339575, 137772, 388554, 105922, 207067, 247200, 328924, 127116, 253259, 239068, 492000, 118492, 294324, 231637, 421227, 391087, 37252, 302740, 392086, 102141, 401917, 287870, 18412, 470764, 43891, 447061, 367662, 287602, 34024, 335275, 72374, 355821, 192639, 198656, 105943, 341213, 14662, 437274, 387724, 151316, 34635, 55083, 284712, 51595, 56973, 492350, 80108, 441554, 28979, 215478, 328238, 379145, 1759, 408488, 418571, 53456, 300548, 162786, 355946, 395073, 186114, 237618, 201729, 174148, 312528, 180744, 387801, 112778, 187473, 100410, 349333, 283881, 95022, 465985, 232514, 244288, 205590, 212452, 489014, 314149, 264761, 270307, 155025, 133630, 48849, 443746, 181211, 155272, 71550, 468996, 133621, 467368, 180932, 220206, 36699, 48347, 478496, 212740, 142064, 397372, 444515, 138394, 96483, 61697, 390480, 253365, 422058, 391183, 457771, 92038, 170641, 317640, 153167, 161705, 241808, 367373, 464862, 373715, 74019, 109959, 199218, 329219, 252441, 232939, 128044, 47452, 352269, 109764, 308829, 459210, 108583, 477900, 136893, 490858, 32420, 51765, 125410, 337439, 318231, 334085, 380634, 21598, 151283, 398802, 444988, 411086, 442533, 280313, 226986, 24819, 336495, 457728, 435905, 408715, 274510, 184787, 10925, 77396, 196749, 197956, 397562, 242054, 390136, 425274, 350362, 304242, 101774, 219756, 277999, 167382, 115482, 120436, 232679, 13827, 41043, 321797, 304993, 372537, 335932, 122968, 243464, 253463, 170335, 21503, 99763, 437220, 367253, 260370, 112973, 228738, 172663, 191359, 261844, 303496, 389262, 437701, 300617, 463248, 302519, 409227, 422566, 482691, 61903, 310902, 51092, 358142, 315965, 357315, 478313, 317373, 127679, 481338, 281369, 320231, 154795, 318595, 476414, 113685, 317245, 212503, 173904, 97072, 92149, 359646, 384852, 283426, 124379, 165638, 430446, 246536, 16164, 322644, 449304, 360168, 369861, 227323, 412564, 348252, 184916, 275408, 491901, 146853, 21153, 365915, 318357, 345112, 217204, 164151, 285378, 421999, 402133, 150584, 457278, 176706, 181447, 246444, 329502, 485549, 113881, 250144, 95265, 213248, 318303, 188487, 2450, 109723, 297638, 353187, 196752, 124369, 200136, 219737, 98393, 63628, 487658, 242354, 445476, 276566, 207576, 368313, 219089, 391323, 66837, 74125, 172777, 355990, 52201, 232147, 400502, 293226, 224505, 325430, 136330, 247712, 235663, 46276, 116277, 470715, 251810, 211698, 401950, 369692, 413256, 320448, 220989, 93775, 234054, 479679, 313617, 432636, 260322, 409718, 450264, 61210, 275011, 73307, 152980, 429635, 467976, 402318, 5065, 10881, 234350, 94116, 354001, 143264, 178481, 85635, 19916, 441402, 310427, 281834, 374450, 206992, 411322, 242343, 348086, 361451, 137881, 131827, 496350, 266427, 149576, 179918, 46219, 278604, 157134, 213813, 452553, 322614, 24015, 291649, 87966, 16769, 161204, 482019, 121848, 243256, 77903, 455664, 404861, 173083, 455686, 267692, 399188, 27039, 155032, 7750, 324786, 196198, 229706, 396553, 162581, 493453, 76476, 408347, 223028, 249550, 103311, 489749, 419383, 259428, 277397, 233509, 83204, 82849, 344798, 119876, 116114, 385598, 257009, 449848, 219110, 425775, 392869, 356822, 377233, 468583, 200391, 27408, 206831, 337485, 315606, 140350, 427702, 272379, 391587, 113453, 21560, 181865, 271981, 463318, 481733, 292600, 59064, 304979, 442072, 43839, 464464, 283851, 200135, 67303, 241151, 27676, 334662, 468375, 314478, 293797, 410931, 418702, 192986, 297392, 405705, 207237, 59275, 144588, 36521, 432748, 402656, 445730, 248744, 472141, 72636, 379069, 28282, 173037, 153581, 419921, 336810, 261554, 12489, 229447, 414651, 380592, 487607, 460299, 404901, 203788, 281382, 220926, 264513, 399581, 437640, 4076, 142707, 304203, 377366, 327420, 464340, 367051, 328576, 256373, 54277, 317224, 402024, 435256, 9384, 295202, 124783, 437920, 60289, 20421, 164027, 160717, 494883, 210363, 250818, 348153, 53115, 483147, 193115, 412760, 483423, 82606, 83821, 238046, 470442, 34296, 411324, 30089, 482976, 3735, 332189, 171329, 60796, 426514, 493810, 456920, 117566, 301034, 380194, 104116, 52000, 344012, 144979, 413762, 239908, 304596, 199249, 384386, 150582, 475650, 122245, 484684, 392400, 267513, 30186, 473628, 18996, 208120, 96679, 82990, 348360, 8521, 87103, 47699, 29643, 29435, 282732, 113263, 328288, 326779, 165589, 381433, 18497, 272798, 291032, 476808, 488409, 357015, 249978, 166103, 10645, 56688, 342892, 132302, 250492, 454742, 329687, 388425, 90617, 246596, 489705, 155419, 145732, 330459, 108745, 414763, 349712, 467009, 79443, 422278, 362046, 159682, 436075, 469588, 445982, 370229, 159108, 303781, 461515, 176001, 138733, 88839, 249633, 290191, 264132, 112089, 136385, 166908, 275905, 8361, 453478, 314425, 326713, 172635, 240351, 324663, 165883, 480247, 142841, 7519, 227985, 345843, 275138, 491110, 268796, 416202, 102049, 248465, 164882, 217285, 214122, 267940, 149073, 306065, 296123, 210880, 358512, 361216, 200709, 289747, 103310, 198678, 495681, 228324, 297348, 317472, 126117, 88685, 414621, 404448, 318642, 409251, 254780, 256953, 483822, 145224, 172457, 334921, 425278, 58345, 427257, 62525, 95099, 467120, 297782, 262956, 448517, 219214, 394224, 41511, 323262, 145743, 390252, 490903, 131261, 270444, 261741, 390490, 145328, 193716, 15198, 108120, 317049, 4133, 134822, 307926, 337946, 219865, 292673, 327923, 204684, 141876, 400541, 100772, 335552, 395236, 312837, 25872, 259711, 42022, 32493, 85845, 240460, 225859, 302764, 486087, 224224, 42835, 207670, 265753, 447815, 29820, 87087, 63733, 117045, 257744, 345036, 293245, 211697, 266043, 39520, 93484, 313605, 236832, 366847, 325072, 250828, 273150, 111171, 412182, 414628, 312765, 370836, 483595, 243916, 273642, 210897, 287607, 269479, 210133, 405039, 280007, 369861, 184664, 376277, 431417, 259056, 78583, 13380, 385200, 363617, 52098, 306744, 104813, 395242, 249453, 436360, 436964, 63845, 145869, 445231, 153680, 404306, 251071, 292626, 30145, 195326, 8263, 192147, 361244, 186504, 474528, 2171, 170579, 224774, 16956, 323906, 445431, 308049, 274829, 224862, 101793, 244574, 195377, 8668, 226819, 95667, 43478, 498968, 255148, 166392, 13966, 89334, 328957, 327041, 181915, 278863, 189865, 239515, 31970, 404773, 275634, 99230, 498921, 341544, 438844, 38167, 86411, 96417, 124604, 242121, 494564, 473484, 166324, 58654, 64274, 24894, 176343, 261530, 14242, 477510, 482821, 305909, 280330, 8221, 284892, 14119, 148221, 254996, 182560, 920, 496752, 125508, 28178, 161130, 475401, 86927, 453525, 2445, 148223, 138266, 465065, 441063, 495508, 363400, 364747, 422674, 27203, 59602, 171021, 180717, 80873, 289617, 110944, 317839, 464042, 142828, 125504, 446122, 65845, 215418, 40763, 305827, 173709, 269992, 226781, 449010, 367950, 343493, 8657, 407853, 417788, 164331, 485604, 257337, 77493, 94470, 471969, 112497, 139282, 3179, 251799, 168267, 165108, 209405, 188108, 382720, 124705, 382671, 415357, 127142, 329146, 108916, 226253, 347901, 400805, 27794, 78842, 325205, 109125, 254575, 425012, 226417, 130662, 74994, 303046, 40435, 430249, 172829, 271199, 436590, 282485, 54649, 254265, 478238, 289794, 205240, 177334, 69338, 481923, 258307, 110334, 244459, 6112, 423390, 297660, 265082, 36314, 434056, 269228, 31722, 162831, 394973, 106356, 108398, 6442, 58963, 22522, 273298, 114919, 382647, 470593, 177420, 496328, 53093, 211841, 293471, 264579, 326803, 175646, 89236, 312796, 177253, 176822, 101708, 276585, 161151, 289611, 193594, 405177, 103078, 416938, 476374, 341450, 157439, 39082, 30723, 401749, 482919, 27220, 193105, 295564, 493059, 51155, 126050, 229132, 465433, 330445, 405104, 6975, 159300, 143896, 346697, 308284, 55104, 373269, 91675, 490355, 323422, 6839, 61048, 237725, 82028, 97828, 323353, 31203, 409427, 415687, 449851, 108153, 482911, 411408, 226747, 235847, 195072, 89965, 333593, 306665, 368821, 471690, 156916, 497418, 311618, 444750, 398016, 295029, 92596, 35986, 460936, 141510, 276247, 455231, 148545, 389588, 488317, 235772, 359840, 226167, 110929, 357394, 442684, 18683, 428059, 67684, 450723, 283927, 376611, 356835, 141716, 105378, 74344, 466178, 210286, 195652, 358263, 411227, 431806, 205973, 319006, 94901, 115975, 51102, 346773, 311084, 277072, 45617, 123036, 455887, 325178, 233, 472682, 340946, 402707, 200189, 464905, 141805, 47053, 315957, 284208, 216140, 139672, 419693, 137375, 71975, 100550, 326886, 202985, 267945, 100941, 21240, 61391, 265311, 487811, 459226, 359407, 328041, 98320, 198120, 468025, 398820, 81866, 217626, 408712, 110547, 355213, 376020, 483867, 18145, 343532, 349033, 100110, 446397, 385212, 410933, 207588, 495045, 94247, 409265, 308247, 152666, 317154, 254862, 193965, 107073, 224240, 251478, 274979, 383725, 287864, 449374, 99485, 103317, 453547, 114233, 485046, 235123, 167437, 486369, 135248, 382706, 92728, 466945, 307899, 465058, 86136, 363279, 223075, 157961, 7212, 248890, 259591, 120923, 93660, 308624, 402080, 152763, 447025, 485708, 227345, 171683, 166536, 466731, 456866, 11006, 234392, 46218, 283971, 494241, 414956, 202970, 415430, 59604, 80048, 389005, 499594, 188466, 187864, 437938, 260449, 326897, 244173, 344219, 236299, 409528, 163556, 143875, 34884, 171028, 289700, 421066, 117757, 169533, 267487, 430990, 250054, 246633, 313624, 146156, 446403, 61296, 241356, 271717, 51923, 26629, 116468, 406997, 98811, 239163, 70387, 87640, 358311, 278079, 353618, 188427, 112837, 169472, 144336, 316485, 383871, 293367, 31517, 21437, 9422, 265750, 145674, 487867, 273315, 102620, 75660, 224211, 354291, 307748, 384740, 150448, 48538, 213265, 315013, 297993, 284738, 60071, 390961, 58393, 31333, 485649, 143787, 55153, 54840, 192765, 55204, 241185, 368737, 170280, 437221, 131876, 98271, 343978, 232909, 275902, 372892, 399856, 422263, 214806, 78841, 26526, 97898, 80122, 148749, 306645, 499335, 126639, 263868, 416040, 192073, 313351, 485403, 259150, 389313, 363791, 303936, 234051, 445351, 251852, 427561, 203309, 103066, 44746, 304832, 283552, 154898, 24105, 45597, 78543, 199278, 127758, 328438, 154896, 412802, 31704, 384432, 257640, 365547, 10451, 475842, 347721, 315216, 307937, 491562, 3589, 363898, 108424, 173828, 67013, 228584, 477858, 449955, 39786, 259861, 307087, 216288, 50746, 368457, 305720, 407216, 173276, 426544, 189928, 245980, 384209, 120405, 417104, 145592, 198115, 315869, 10873, 401676, 121130, 175897, 480838, 316141, 358717, 216753, 443278, 111675, 419737, 74355, 74954, 121998, 463882, 136810, 373241, 296887, 340143, 59125, 489501, 114706, 172300, 234091, 180141, 312120, 307674, 236178, 209106, 485452, 324170, 72458, 159838, 265840, 242030, 334931, 457983, 269784, 345811, 382730, 307782, 482966, 349623, 476629, 201279, 251364, 16423, 235348, 96479, 376450, 292193, 272927, 146539, 67535, 220326, 355822, 436212, 325175, 128115, 63770, 217543, 162308, 56547, 188054, 94933, 84713, 491356, 4734, 354250, 217979, 350353, 126259, 116838, 143086, 437591, 345337, 309455, 240885, 377372, 214436, 102305, 120955, 157378, 417555, 363617, 444350, 47778, 306715, 2227, 422770, 62389, 134889, 412487, 64029, 406769, 119549, 183645, 247027, 58586, 52765, 290425, 135134, 63011, 161439, 79885, 379710, 160298, 195562, 195670, 91231, 272490, 106980, 34772, 127727, 270703, 50934, 351387, 12222, 212007, 400355, 297049, 237841, 291720, 56124, 184354, 44021, 468607, 406792, 85414, 484169, 40824, 117091, 162001, 442641, 355830, 93289, 279152, 263526, 478487, 485781, 59410, 207101, 176080, 381551, 50130, 425233, 272484, 86343, 48082, 382727, 403815, 336591, 371563, 207376, 376390, 161993, 81044, 289662, 10699, 388399, 377546, 239026, 87387, 212713, 457026, 347468, 201963, 156989, 204876, 322282, 309276, 411282, 200947, 426385, 139466, 47017, 221076, 76382, 303798, 89323, 183820, 19625, 54002, 365610, 119691, 400520, 108625, 326735, 176621, 44974, 432975, 480736, 255993, 390382, 117255, 377745, 287849, 328051, 38693, 413236, 81588, 107640, 13683, 399722, 411697, 321546, 309844, 102902, 392686, 39404, 302137, 392815, 139120, 388935, 342437, 270049, 399386, 392145, 401209, 445688, 234722, 408739, 44879, 55017, 267136, 284733, 161778, 27111, 152889, 311015, 28398, 492153, 29150, 110672, 381957, 256252, 271620, 73211, 370181, 34438, 395618, 46227, 398510, 302697, 228928, 14504, 465212, 229535, 179685, 38919, 12827, 88685, 43452, 288314, 111008, 66780, 407409, 157422, 256029, 299415, 475794, 377114, 437462, 288700, 144037, 483270, 142064, 76378, 51821, 302498, 298250, 194380, 307276, 24011, 353855, 395218, 237404, 387722, 296973, 357890, 152585, 376762, 71528, 16612, 446275, 488459, 224397, 486038, 372561, 62341, 429532, 314603, 414432, 483389, 187916, 419896, 336792, 28947, 281420, 350513, 460061, 267178, 313587, 248196, 423429, 376667, 472542, 441002, 79718, 207748, 499363, 287376, 90257, 164638, 72902, 385312, 294762, 91856, 33018, 495066, 327299, 154854, 215331, 36881, 263941, 21354, 492700, 89149, 91476, 391866, 71369, 134538, 355892, 55382, 344988, 247860, 125624, 96912, 212744, 322667, 301632, 57802, 421067, 466250, 385880, 67514, 443755, 360486, 259077, 386612, 431224, 177990, 277400, 73927, 277215, 437436, 44165, 145458, 56021, 387720, 42673, 405448, 488111, 451632, 259407, 262630, 339867, 78028, 493273, 38734, 242754, 98291, 374709, 154776, 307724, 145057, 108324, 200964, 355024, 113673, 55031, 212668, 99948, 119740, 2278, 112692, 273327, 170877, 373473, 334025, 43923, 382072, 294666, 69798, 406291, 253899, 378872, 244461, 133864, 159875, 413298, 80490, 391677, 374, 48096, 471744, 103749, 84138, 366121, 209075, 223115, 286148, 189651, 378010, 19331, 299143, 86268, 61124, 279153, 168704, 201654, 282012, 187247, 490262, 267258, 387860, 141297, 130962, 474884, 331387, 484756, 68475, 234359, 96975, 89182, 216775, 331076, 43727, 416529, 18762, 74947, 127000, 421065, 286251, 130051, 425974, 210181, 382782, 162035, 423441, 437094, 383607, 13680, 41764, 287435, 268896, 381612, 366313, 359116, 99089, 329455, 136882, 329123, 492082, 56064, 356200, 450967, 272424, 433988, 106743, 433326, 46416, 254791, 48907, 186963, 268758, 262636, 432433, 221071, 297073, 170258, 85528, 393110, 191851, 397282, 372798, 367473, 205224, 289960, 249290, 223189, 43121, 275322, 21807, 230646, 486647, 401925, 28610, 172506, 359, 415125, 189467, 3609, 390988, 121729, 29021, 221675, 163491, 264378, 29160, 140071, 497335, 231633, 192644, 67356, 341464, 253697, 374801, 302752, 258525, 13206, 292205, 471293, 187735, 18077, 271301, 472621, 232507, 338424, 25554, 479249, 196168, 294476, 302135, 297669, 199490, 349511, 268383, 368503, 390651, 446200, 314588, 318282, 22938, 391474, 11762, 232381, 14598, 82004, 95204, 386516, 216113, 392135, 60250, 88243, 138901, 198064, 294754, 459351, 425545, 162395, 433094, 100983, 209939, 136396, 172723, 241390, 137048, 27011, 289129, 295950, 410153, 44168, 353451, 312790, 178263, 475587, 207152, 222996, 129383, 372762, 132569, 347783, 402070, 175906, 292071, 42632, 348774, 279766, 494811, 183928, 127879, 158969, 401401, 27099, 56885, 145752, 270226, 68432, 459132, 204302, 177363, 342864, 137098, 204043, 88906, 150146, 382737, 199132, 61139, 363243, 473463, 172576, 289883, 94410, 481277, 249716, 199234, 413618, 422035, 367561, 394776, 98606, 152491, 9981, 342237, 323158, 13951, 443072, 70489, 201134, 90681, 11858, 111065, 301682, 28591, 354983, 82870, 15720, 433602, 43057, 459419, 190952, 223704, 391997, 149710, 92258, 355254, 366158, 67484, 342836, 35970, 108013, 417288, 367281, 3363, 72905, 85463, 13020, 7450, 129806, 245932, 440521, 217484, 455339, 498128, 400715, 103344, 471636, 42026, 366016, 105963, 71913, 96694, 68877, 45352, 185214, 102463, 373184, 196000, 267123, 398467, 494000, 192877, 212497, 59722, 28248, 166849, 138823, 277841, 232993, 273329, 44684, 145941, 26597, 192559, 390383, 140738, 317926, 228257, 210955, 379993, 430764, 244741, 332379, 297880, 120604, 158054, 96750, 479763, 59983, 152284, 47437, 334620, 394409, 131083, 125928, 5561, 264691, 173202, 288686, 151846, 106028, 99154, 480106, 2402, 474257, 298518, 420285, 333451, 394564, 295133, 118057, 274332, 152752, 273318, 111366, 211789, 13928, 97070, 217073, 19078, 216555, 40616, 390867, 405065, 464513, 788, 268735, 137811, 301087, 479608, 338499, 109250, 61010, 477460, 4362, 251642, 302362, 266684, 161235, 254986, 55365, 327728, 54502, 239246, 343715, 305912, 493193, 65439, 369265, 327866, 49851, 225558, 42339, 52648, 443907, 280317, 459088, 442836, 450511, 387932, 464983, 336130, 482294, 465756, 249196, 146665, 58924, 138333, 60049, 43119, 126225, 70263, 334091, 253827, 15255, 58819, 201556, 372439, 236011, 55352, 155737, 459860, 466186, 182878, 421885, 468308, 67836, 254682, 320353, 244068, 461013, 141587, 193887, 482021, 242381, 237207, 139264, 45092, 361874, 467412, 140505, 359341, 286758, 370556, 14823, 3044, 134577, 325043, 76658, 15695, 134110, 326694, 306542, 47553, 400222, 171967, 18579, 144821, 467538, 454659, 14512, 397742, 423405, 86570, 250104, 478060, 18020, 174087, 312503, 224676, 153377, 379543, 281614, 491213, 120593, 447419, 327867, 385453, 346486, 357417, 237000, 444698, 249512, 109602, 327028, 17401, 491857, 36090, 283132, 486821, 178195, 185320, 276637, 268114, 277827, 233198, 123589, 295806, 452387, 158826, 162283, 53455, 241408, 150341, 75147, 305099, 58302, 35929, 281577, 62702, 251802, 161058, 390965, 343437, 475626, 222350, 155011, 378236, 312773, 393991, 198711, 319089, 292470, 143266, 262780, 224244, 423124, 479986, 321420, 168177, 123570, 172463, 121832, 473808, 385395, 36580, 361791, 393041, 260269, 143669, 312272, 401247, 70222, 396562, 488107, 454712, 325497, 422727, 334059, 350611, 221067, 84581, 345012, 299425, 253696, 361728, 455309, 109877, 82671, 103717, 187712, 350421, 88471, 130529, 14695, 264908, 375928, 148385, 146989, 335470, 284694, 344740, 99213, 307755, 369921, 66435, 239705, 496002, 102630, 43728, 332187, 63156, 193359, 274693, 40414, 356041, 362733, 2393, 69943, 124887, 214889, 55925, 46556, 384758, 349213, 72782, 100283, 157923, 81904, 60520, 430151, 192287, 361224, 486035, 37384, 389618, 359360, 121150, 405980, 205124, 162458, 381224, 282856, 408736, 333458, 416818, 6754, 344176, 101942, 326263, 440269, 317617, 427418, 206366, 82699, 37613, 490247, 4620, 452707, 129911, 273039, 125455, 407898, 279140, 488803, 388882, 236357, 42180, 228018, 280832, 75279, 167988, 361376, 184363, 100956, 56579, 52305, 152996, 437921, 403870, 2916, 300154, 336311, 432064, 295639, 432415, 252108, 385339, 302809, 112609, 127225, 127683, 298044, 314038, 310303, 374212, 62679, 272146, 107310, 483026, 440110, 140954, 41702, 242259, 18252, 282203, 385852, 328189, 344247, 339832, 35839, 147588, 188393, 236741, 27671, 114990, 406224, 235321, 192973, 218363, 428110, 306233, 51350, 440248, 67473, 290346, 65960, 335389, 142571, 31442, 88361, 154145, 471342, 230640, 275463, 441575, 126886, 53627, 120943, 492939, 410779, 488555, 137390, 234758, 175790, 433673, 301561, 289316, 438659, 490372, 263385, 394618, 13612, 11093, 211105, 350867, 313586, 233538, 102116, 115150, 372681, 406081, 486344, 486255, 32986, 285429, 131638, 295280, 44372, 442709, 228731, 120585, 456311, 80917, 192933, 225854, 329999, 312790, 368345, 470405, 389476, 156749, 347636, 468798, 300451, 68334, 9907, 498047, 465945, 387405, 451850, 298629, 309346, 89054, 117601, 127568, 471516, 12752, 38945, 249629, 351262, 136685, 289902, 32186, 80222, 315159, 64862, 375444, 299605, 455194, 472054, 333727, 303513, 365098, 38451, 342227, 126085, 245235, 156329, 176988, 169590, 87768, 427904, 221006, 10542, 376705, 47932, 325937, 116713, 480412, 147, 10022, 137281, 453821, 32039, 12543, 143595, 190172, 266389, 164786, 322780, 321557, 495994, 356403, 463769, 16338, 472106, 41245, 30206, 149845, 313692, 414857, 102603, 7294, 147497, 166770, 19119, 226358, 270562, 399705, 202890, 292423, 344509, 366330, 8941, 491045, 146925, 164405, 482270, 428053, 484708, 212470, 181695, 370229, 362881, 445489, 164238, 334174, 464568, 381813, 144121, 370370, 473180, 147120, 179144, 319669, 499708, 23083, 221584, 222346, 489976, 267480, 454513, 246517, 375770, 245775, 464837, 129209, 333517, 66577, 6927, 308728, 450814, 348214, 64936, 430974, 364754, 92817, 204798, 269389, 83397, 222680, 103986, 72594, 466956, 88282, 43597, 452755, 33992, 46590, 69838, 404101, 481984, 107122, 324997, 20820, 60666, 18994, 312708, 211629, 355878, 63797, 212982, 389400, 342742, 74680, 174296, 438623, 436306, 77840, 372385, 411039, 20770, 359331, 379724, 288686, 435074, 61203, 458251, 446112, 211828, 440849, 139970, 327879, 477027, 66751, 25035, 143330, 114944, 234173, 412394, 315610, 286905, 91659, 195008, 113781, 233446, 170566, 225864, 148407, 62149, 229373, 78746, 371832, 373992, 272412, 22990, 212894, 27904, 469557, 493537, 341699, 69432, 430726, 23015, 11452, 26752, 185866, 374882, 333043, 105730, 169138, 366718, 56747, 85282, 68808, 208323, 331184, 359517, 62466, 351454, 312631, 162640, 490702, 41419, 487411, 355604, 89201, 471636, 26412, 397386, 476207, 191159, 9697, 9662, 472423, 479179, 222500, 272359, 459708, 364128, 202705, 389615, 92420, 419577, 394031, 32303, 312811, 475989, 247701, 155574, 59498, 420355, 435267, 419071, 370955, 106486, 113616, 99904, 165561, 345500, 221849, 146171, 118881, 5227, 377977, 296413, 369967, 77443, 411663, 207837, 377659, 297515, 259519, 430118, 261949, 179898, 433711, 64737, 90251, 129676, 498155, 70916, 435874, 239231, 405626, 251434, 291027, 212856, 142776, 211628, 459824, 105802, 195969, 104857, 368645, 186750, 172746, 321990, 365151, 302812, 304889, 309139, 69810, 352532, 316366, 286309, 84637, 31381, 223595, 6426, 318617, 195247, 255860, 226133, 458803, 211015, 163368, 105004, 499096, 292462, 360178, 415450, 403330, 479570, 269376, 181375, 130937, 194327, 392670, 467756, 212749, 171259, 391031, 469987, 416577, 356778, 258762, 318749, 91373, 481134, 151396, 20056, 323732, 308598, 463529, 436810, 473646, 469446, 461597, 36152, 59710, 99878, 348591, 310570, 415848, 17713, 174130, 29153, 208289, 171319, 34716, 311729, 492870, 135322, 230173, 478249, 89705, 397392, 367289, 53555, 484460, 291732, 65699, 36747, 78240, 357928, 268396, 400034, 480223, 234218, 421030, 308821, 421947, 22032, 401066, 489506, 2618, 246404, 122788, 476937, 433479, 141204, 238884, 105652, 270117, 52368, 477904, 253906, 29387, 310130, 404473, 197103, 211237, 424741, 29116, 384783, 302530, 296054, 55298, 397305, 432420, 192246, 184826, 361058, 293052, 343703, 129031, 283294, 314198, 410970, 144476, 305341, 87549, 388241, 429110, 358666, 236876, 256794, 147323, 274961, 458234, 495499, 166030, 260134, 335414, 353100, 107342, 152281, 291482, 309769, 453348, 391731, 257647, 328267, 27842, 233364, 306548, 127370, 314139, 77241, 438344, 309116, 35319, 154874, 220686, 199694, 300674, 8658, 416244, 321836, 88547, 127653, 29640, 408349, 300934, 303512, 451234, 81722, 394238, 7116, 423628, 162084, 280236, 129780, 490796, 415944, 471017, 459586, 187072, 182689, 25730, 82622, 461257, 375524, 317417, 44962, 190224, 399080, 55486, 210694, 111263, 166073, 47256, 209187, 127738, 464873, 256638, 144176, 313531, 3300, 238465, 134539, 473508, 496458, 377470, 44729, 184781, 174079, 200460, 185428, 111880, 216270, 286509, 194313, 50990, 359403, 100740, 353290, 225501, 78517, 88867, 274825, 273329, 490191, 195994, 358307, 26853, 428163, 106796, 40781, 459675, 108871, 86560, 448486, 362012, 257417, 420136, 200385, 417843, 5753, 251296, 259688, 342008, 248285, 352298, 243534, 296917, 139129, 172672, 146678, 276442, 341237, 122352, 453122, 332832, 375983, 116247, 269807, 465240, 281109, 95484, 401226, 311175, 406613, 195927, 363324, 410448, 363537, 21236, 146659, 481312, 17238, 348493, 290460, 471780, 299105, 456060, 468304, 369082, 166165, 447952, 331660, 305446, 329882, 482744, 481297, 36760, 372727, 334232, 127482, 98815, 276529, 386378, 242254, 181134, 409296, 117646, 35045, 439127, 190471, 303029, 287275, 425532, 117558, 425192, 23735, 297111, 366620, 335713, 144896, 454783, 151272, 121543, 247681, 301110, 430930, 147231, 311696, 193215, 192727, 109058, 18018, 146193, 315318, 274246, 232789, 493373, 145984, 414249, 361354, 413039, 451534, 315838, 303291, 486572, 143478, 356029, 75064, 290031, 317241, 150717, 107304, 317316, 46622, 380109, 166205, 141357, 392648, 473265, 164275, 338078, 234417, 25560, 287688, 221784, 304954, 330019, 61762, 173189, 116708, 47013, 58118, 228578, 250983, 38581, 13363, 359110, 243194, 281460, 445923, 335694, 314985, 59038, 183657, 216896, 47263, 112493, 453084, 263492, 457674, 35247, 417452, 102787, 86932, 304460, 357151, 250901, 202235, 121131, 4208, 18462, 304295, 369137, 251513, 370872, 26998, 342767, 447616, 255304, 101699, 271803, 360522, 126366, 299053, 349815, 401990, 499165, 192064, 366817, 491799, 43661, 382610, 387444, 62002, 129032, 153313, 45456, 311665, 476181, 306001, 354972, 219923, 326901, 31856, 215859, 36189, 213546, 46735, 448325, 211031, 336139, 491650, 381377, 248984, 398517, 369836, 208552, 379671, 465640, 367828, 342664, 40400, 271443, 183935, 32604, 240401, 449496, 78590, 74958, 228404, 387399, 31295, 180618, 497004, 1394, 233067, 163803, 3034, 239798, 242806, 373480, 99470, 353053, 286215, 144949, 263284, 274740, 59720, 138180, 191064, 159906, 79169, 273272, 36247, 349090, 460107, 275075, 396278, 255132, 52753, 171423, 54770, 385089, 161594, 11270, 114186, 215071, 266438, 23843, 269140, 32670, 367713, 234954, 26368, 48241, 115645, 65535, 88750, 42557, 169534, 452437, 422207, 15419, 212088, 60355, 329602, 35782, 311437, 3575, 222753, 64833, 429765, 221284, 22471, 372831, 397636, 464128, 144911, 122719, 223962, 263695, 142799, 231689, 478736, 389063, 281206, 296191, 181676, 39354, 402694, 240158, 414936, 373510, 162382, 337150, 34503, 268467, 293054, 189122, 114433, 249367, 487177, 359702, 481364, 266077, 148974, 37501, 321344, 452621, 82665, 253121, 454149, 115903, 108109, 398354, 215643, 65450, 431775, 244677, 335661, 219651, 460852, 284954, 174249, 25563, 6703, 284872, 96604, 492386, 376889, 32428, 88555, 382500, 297522, 381717, 456582, 19054, 385796, 197550, 444565, 191690, 366109, 422811, 288490, 441570, 257871, 135185, 358241, 269432, 98058, 27309, 433000, 224598, 294864, 226580, 250556, 375504, 74944, 232647, 352579, 289405, 212404, 417203, 123874, 448610, 204730, 300371, 321486, 156776, 419839, 410711, 220781, 106050, 472796, 88932, 355276, 344139, 369980, 328229, 170115, 201321, 66209, 476635, 243041, 107576, 386526, 168265, 288510, 366214, 344679, 383863, 275460, 373653, 482148, 360122, 311145, 229213, 49852, 409026, 288866, 158239, 380412, 106755, 123884, 10181, 22657, 153307, 180667, 45652, 490900, 257290, 175600, 249672, 303437, 441229, 349978, 473161, 278469, 364126, 376521, 333190, 107242, 141834, 264435, 351490, 69593, 363648, 105467, 479336, 98904, 298003, 59208, 131069, 310661, 366565, 113138, 272828, 215903, 438160, 157264, 259021, 122889, 179722, 174913, 87990, 341948, 42506, 161443, 23425, 239535, 176509, 405188, 216586, 381068, 276748, 205247, 202849, 377213, 400051, 382414, 52258, 63809, 41200, 330296, 114485, 17111, 87344, 13239, 83738, 158659, 53017, 465954, 385613, 79921, 79923, 166416, 284777, 282553, 381804, 109132, 364902, 3267, 62333, 498511, 275113, 336434, 226271, 369161, 19305, 82572, 633, 55621, 176626, 209091, 377860, 471748, 353692, 268665, 82841, 227623, 459285, 214534, 476906, 259913, 244428, 411963, 232857, 92333, 243031, 161309, 189435, 771, 87373, 213520, 165713, 266740, 106815, 297469, 123625, 368317, 465049, 179005, 107545, 355455, 499068, 248987, 58640, 385902, 160564, 34916, 353446, 144100, 456977, 26601, 32440, 259936, 72549, 355334, 191139, 401049, 307286, 240064, 300306, 63600, 14804, 25613, 485721, 414902, 200217, 28847, 367894, 41079, 38529, 173828, 117305, 357844, 455773, 400057, 475538, 355486, 242724, 368955, 122855, 298905, 128379, 260756, 64340, 378462, 305021, 29329, 339428, 326734, 371826, 92844, 308304, 416539, 5788, 304707, 396276, 137360, 161775, 71725, 175363, 199765, 196832, 499755, 289808, 473578, 200609, 99805, 57430, 157252, 35644, 495674, 462593, 175018, 238230, 121743, 91476, 263507, 468326, 215049, 34731, 202733, 13719, 360331, 205593, 288427, 349111, 498129, 484630, 310220, 140837, 227893, 119980, 485858, 489581, 398925, 32205, 408828, 53919, 17757, 233126, 409920, 160656, 251009, 426200, 39173, 153494, 480100, 297106, 368961, 13523, 464951, 98211, 89941, 94472, 318789, 40354, 475534, 199092, 269425, 493026, 304501, 120023, 368806, 265318, 245111, 153404, 161576, 405895, 140423, 414861, 319285, 289682, 16956, 339392, 134351, 163804, 374272, 149834, 385501, 267816, 401063, 137810, 21200, 399896, 420339, 272172, 240634, 191734, 235390, 254597, 124212, 167182, 267502, 91446, 240638, 229597, 144591, 261988, 398330, 488738, 88564, 45289, 273511, 169185, 257262, 75196, 354177, 193473, 238019, 81555, 294320, 331832, 481087, 175090, 56017, 214758, 350577, 263473, 4999, 359823, 393694, 57345, 212918, 442648, 414276, 107350, 267283, 150486, 340031, 464696, 33162, 364330, 428227, 437506, 235995, 149391, 233523, 339724, 254556, 388984, 283072, 134136, 79355, 412949, 269421, 96391, 492003, 312911, 231454, 261976, 121011, 9704, 324974, 408043, 230719, 362344, 350587, 388934, 253477, 412473, 204545, 252132, 366981, 303441, 8702, 393845, 117822, 205173, 341793, 472519, 18080, 497522, 29579, 306769, 209139, 259577, 269651, 12464, 15251, 199627, 391861, 353787, 224397, 126124, 442890, 248217, 391429, 353947, 336705, 435757, 321000, 256230, 452272, 471434, 131597, 336593, 44558, 226263, 226392, 373226, 339397, 481636, 457248, 491220, 319774, 220513, 325561, 455252, 139397, 474659, 302244, 104200, 199032, 83751, 423872, 258276, 169879, 74437, 262540, 478482, 53343, 120760, 234081, 178696, 80852, 172226, 453984, 274215, 463219, 478621, 203619, 380725, 348281, 97498, 39485, 417197, 350294, 170157, 48874, 465561, 458208, 430447, 440173, 347546, 144447, 211902, 410816, 439537, 445331, 169403, 410795, 438809, 160137, 358754, 154646, 71650, 136733, 399779, 254828, 283455, 366975, 347913, 385845, 130107, 190700, 7563, 347686, 493202, 275109, 358087, 320857, 389654, 42713, 391013, 13793, 79823, 198852, 106139, 255395, 427624, 319958, 214797, 43039, 10054, 129036, 295513, 453998, 405053, 214731, 263385, 102989, 234060, 139252, 171262, 382602, 467803, 218475, 378036, 228885, 371021, 454837, 479331, 278871, 38622, 51708, 8250, 244290, 97918, 202076, 30521, 154086, 50911, 81046, 82984, 482393, 462264, 115204, 59879, 25916, 255213, 57378, 37846, 170687, 389585, 172412, 425839, 453392, 40854, 112378, 253533, 21897, 121105, 362412, 21427, 393713, 379472, 158504, 253517, 396811, 416374, 194743, 395605, 329363, 147980, 478444, 481052, 305039, 282072, 388740, 362473, 460995, 403504, 142745, 450853, 494220, 176460, 144056, 427634, 207119, 240598, 394098, 189031, 143437, 371042, 367374, 437915, 64362, 493158, 2695, 154664, 477978, 217880, 105773, 251995, 43525, 100988, 469003, 10367, 30318, 494685, 129420, 141935, 499880, 141109, 161362, 70094, 367430, 148179, 187596, 3549, 476268, 57437, 381731, 78125, 369221, 429245, 336097, 774, 20426, 220190, 360203, 454987, 364554, 389059, 192878, 311410, 464197, 7669, 93982, 12244, 364054, 56, 383991, 256563, 39499, 192910, 375584, 354531, 74133, 429263, 122489, 82470, 90678, 12031, 248511, 20774, 246445, 261056, 440760, 92960, 340362, 75892, 314009, 498454, 240477, 462601, 394539, 331796, 73845, 410155, 189961, 101054, 128703, 482026, 55357, 165150, 453253, 10032, 472593, 254554, 409006, 498900, 104078, 170251, 305322, 439764, 130357, 31288, 261373, 80003, 56083, 15404, 339871, 188216, 204930, 210446, 23535, 463620, 112444, 91988, 194735, 339172, 71937, 171134, 278318, 195668, 395616, 490574, 490749, 30422, 341424, 273799, 361304, 496572, 402317, 284835, 40240, 489696, 495806, 234667, 109343, 461958, 414676, 421265, 437925, 329425, 150142, 202751, 481831, 393779, 259884, 402683, 420476, 92498, 408286, 367035, 161535, 75538, 216026, 410096, 467055, 412362, 367000, 257880, 43716, 364803, 373011, 465284, 382701, 341399, 407133, 258450, 26249, 41510, 121124, 213859, 358793, 215066, 362139, 257556, 334515, 96470, 387037, 483110, 216557, 252942, 63101, 48527, 197146, 464499, 264998, 416425, 480271, 152948, 108048, 323183, 245851, 182928, 179333, 329765, 210680, 211980, 415153, 173504, 216762, 10911, 211942, 400292, 185463, 238818, 472318, 372406, 487434, 446151, 392176, 229642, 357206, 113391, 46394, 242783, 246171, 371809, 358833, 440802, 269721, 54490, 128148, 356967, 289718, 46368, 474168, 32373, 226330, 138781, 316047, 405195, 379157, 365207, 146669, 405002, 82594, 364896, 62964, 403193, 241312, 35360, 228774, 449897, 125225, 147409, 315468, 209605, 437810, 57057, 344288, 232174, 232031, 418138, 140562, 465362, 137617, 143342, 167516, 162211, 290020, 320645, 168637, 452014, 435456, 480145, 145094, 222397, 189345, 269757, 45178, 303831, 449653, 7325, 114270, 355060, 174638, 394008, 458093, 485012, 460720, 15592, 298156, 428428, 215527, 190376, 348948, 479456, 151483, 416197, 10782, 493900, 146046, 32768, 54183, 205169, 147151, 4967, 173309, 161022, 407515, 468305, 299784, 197906, 84075, 317813, 354198, 487289, 129671, 298902, 279996, 165918, 244912, 76852, 86228, 400966, 311765, 454846, 429807, 459940, 360946, 282860, 202345, 208385, 39646, 106413, 165022, 151514, 43176, 207837, 159475, 310068, 3686, 13080, 141025, 123953, 31791, 365052, 274869, 201152, 259367, 459576, 25535, 110959, 114339, 170497, 104660, 82300, 185901, 252054, 90013, 158953, 487127, 206887, 97661, 11237, 309153, 353179, 286795, 107602, 127241, 300977, 483857, 95644, 437937, 343675, 167242, 377991, 275945, 263230, 427227, 310734, 417949, 74014, 469679, 415008, 44964, 316144, 480321, 158171, 273063, 135590, 139036, 449332, 378118, 414055, 84331, 439913, 153291, 267643, 151831, 451793, 418558, 35915, 12470, 294510, 461994, 114416, 471205, 424788, 326684, 130209, 60074, 497268, 290042, 338631, 299618, 374525, 391823, 223335, 127818, 457895, 468037, 224897, 176758, 366250, 401036, 339466, 180995, 173752, 99947, 370994, 399529, 410484, 384517, 240008, 325881, 76876, 21730, 55731, 369698, 70159, 360312, 210090, 2236, 50099, 316633, 393925, 38261, 26559, 334178, 152104, 368114, 76130, 165694, 10809, 475309, 70383, 367467, 311721, 178937, 163781, 193337, 360433, 259976, 266471, 480752, 469751, 138428, 41540, 12467, 222655, 417855, 7443, 163218, 461215, 95913, 390545, 130241, 418316, 175131, 217439, 136888, 362165, 376308, 418693, 40275, 134296, 321816, 182845, 187671, 130059, 1872, 157884, 372130, 233361, 185859, 36224, 180763, 276990, 74826, 168125, 51694, 291010, 321513, 47707, 132129, 343318, 45964, 341212, 190497, 318374, 277820, 93501, 376954, 464495, 275866, 306842, 294701, 175355, 167416, 151720, 113481, 40175, 342605, 64458, 425920, 400722, 299098, 109295, 452157, 128931, 29374, 45811, 54416, 368374, 40843, 166941, 92333, 122125, 389670, 146987, 328931, 336442, 326258, 131522, 494229, 462682, 410566, 360280, 184540, 75946, 398166, 341478, 76524, 469646, 304290, 94099, 421905, 348862, 431216, 401415, 455762, 417515, 316599, 39611, 75113, 190721, 373850, 68970, 350190, 135767, 289887, 97630, 48448, 419786, 440657, 150267, 202423, 295375, 173553, 474966, 372280, 295329, 347939, 320876, 33372, 414934, 317565, 357698, 40277, 192456, 31863, 165842, 188128, 82943, 40517, 397325, 179278, 234160, 58199, 77363, 80119, 69704, 124022, 353768, 354266, 232999, 272697, 457861, 288903, 157992, 144961, 11205, 292866, 340266, 70026, 97062, 317340, 497980, 218884, 468070, 46272, 269828, 227381, 119552, 406798, 111278, 458445, 64122, 250227, 270621, 178589, 361279, 453035, 178348, 453062, 168838, 189036, 495, 41919, 164396, 311625, 81479, 105417, 150266, 278654, 136986, 98726, 373768, 10819, 395093, 47659, 3893, 350651, 310024, 225355, 119636, 357478, 479159, 120583, 23528, 414269, 329446, 108728, 366756, 55771, 453290, 220548, 424059, 398976, 493941, 327090, 386513, 175702, 23858, 189357, 200453, 52881, 217122, 293297, 482812, 264315, 206112, 337522, 435928, 78305, 379330, 435620, 112103, 394268, 479608, 283966, 16999, 277569, 41117, 367120, 363583, 365732, 300101, 138431, 167309, 289306, 410093, 173017, 152635, 110207, 277377, 268793, 234710, 324764, 232878, 69387, 316889, 51060, 328016, 92971, 121909, 152946, 78127, 377007, 342311, 352011, 437465, 439556, 348318, 470033, 281138, 452195, 141098, 331246, 175179, 176607, 311372, 359558, 273794, 360506, 25466, 426088, 175717, 71547, 223320, 300084, 293669, 96290, 209496, 210015, 194420, 458998, 140989, 431762, 300482, 185894, 52044, 231655, 70683, 238274, 331253, 168638, 250939, 146042, 302931, 387452, 20945, 122068, 149970, 412884, 314150, 261670, 267173, 491602, 45084, 493306, 195757, 264135, 55322, 170799, 155562, 390694, 367721, 484024, 100553, 498366, 240185, 223258, 326180, 269701, 191577, 122406, 127568, 424507, 120727, 444627, 58731, 438176, 275039, 391752, 316631, 348736, 336090, 177030, 363197, 356496, 263562, 497617, 47315, 256564, 31034, 370447, 53407, 348078, 45662, 455677, 313011, 499657, 285546, 472948, 343169, 159850, 333689, 16272, 444190, 351898, 319633, 330290, 48529, 332606, 184643, 328926, 12586, 334203, 187918, 265728, 424198, 420906, 468265, 391240, 383178, 337850, 103645, 45759, 457593, 227884, 158745, 102472, 450626, 415769, 333875, 27175, 311655, 44208, 287378, 29079, 16120, 221307, 98418, 428048, 1754, 204317, 368370, 431020, 404768, 369407, 427463, 214496, 487627, 214226, 270980, 474465, 310770, 242348, 182189, 427122, 83515, 472441, 224231, 22883, 15788, 492313, 72857, 282979, 28861, 176391, 395950, 242435, 83930, 406248, 196057, 300308, 268377, 447428, 76639, 95738, 387650, 133680, 213102, 165902, 232865, 392915, 379957, 390805, 352658, 132692, 51168, 290626, 287627, 57444, 105081, 292318, 385071, 403447, 183408, 451645, 219417, 94647, 59793, 358949, 62295, 106539, 48517, 284861, 120313, 163808, 475224, 120077, 325922, 43499, 62447, 226844, 139483, 427107, 87889, 437823, 414263, 89602, 62818, 254807, 302673, 187737, 390968, 494553, 399828, 355375, 249582, 223116, 352, 142350, 316444, 472807, 395842, 416956, 170169, 380978, 139847, 401216, 364739, 178977, 442393, 64720, 106681, 297915, 176412, 296975, 395758, 237650, 64975, 215874, 207249, 183658, 393345, 409849, 306498, 458758, 175016, 208555, 122530, 232015, 461220, 455106, 22101, 47843, 373183, 73033, 356953, 244562, 223633, 291729, 417658, 450804, 368615, 114524, 397731, 465520, 295185, 73453, 397493, 150032, 20048, 344549, 312683, 395499, 63844, 135051, 170025, 492487, 14029, 150164, 311391, 408970, 228560, 272417, 32156, 185486, 443458, 225140, 58723, 206787, 54788, 312598, 47794, 397207, 444562, 106695, 238018, 170573, 188316, 21967, 186367, 353848, 229414, 29775, 456439, 341858, 346882, 113434, 174296, 34695, 437994, 403903, 77384, 308702, 176476, 12291, 470756, 228114, 181510, 363001, 385066, 486000, 178105, 77277, 173658, 77870, 268608, 309465, 106572, 391163, 1358, 51859, 174979, 35819, 375292, 372595, 219433, 73775, 208923, 19496, 416605, 222762, 265382, 405742, 74827, 138879, 365526, 10846, 75942, 393942, 130384, 126406, 344293, 434092, 361162, 227461, 479698, 388637, 65122, 43355, 490224, 320156, 164949, 329213, 312700, 7295, 178015, 184238, 106372, 331137, 82452, 204307, 301168, 194699, 82047, 494908, 137490, 87886, 95763, 100686, 47481, 206625, 238492, 137899, 480465, 113818, 279527, 466372, 331403, 294286, 482543, 25558, 117069, 288140, 89383, 17940, 257137, 469403, 235598, 54635, 234743, 52598, 331810, 241129, 214367, 377077, 466033, 118412, 7413, 96180, 51910, 165110, 16224, 74988, 254627, 308509, 96137, 74392, 77789, 172640, 306809, 195148, 450520, 215274, 171930, 179773, 226951, 42436, 363612, 150834, 349924, 233197, 334375, 391485, 67098, 137220, 383966, 213113, 59963, 468019, 18991, 119690, 471719, 75933, 287489, 186750, 25090, 187276, 306974, 140350, 399816, 142474, 483011, 43689, 338141, 362635, 29543, 25907, 181054, 24654, 423658, 269246, 58046, 460123, 373509, 176633, 76759, 408692, 461289, 250992, 283931, 95726, 477812, 189216, 463557, 30593, 196933, 238105, 221157, 144372, 67534, 80824, 405996, 437478, 342499, 197621, 245757, 483555, 187381, 455822, 433253, 91946, 445791, 391479, 487998, 327232, 81820, 206262, 489519, 315256, 290280, 174365, 70969, 128106, 94786, 78889, 218468, 297997, 446090, 77289, 11030, 442478, 453833, 390012, 326829, 82015, 470954, 352235, 420452, 388735, 443003, 16240, 234564, 251699, 38, 378025, 160501, 263967, 297752, 31402, 375856, 114375, 118764, 262393, 19458, 20399, 37361, 4930, 398167, 443843, 312583, 329783, 134262, 237550, 88602, 361011, 106327, 239971, 245941, 236230, 215711, 409501, 329546, 306163, 283367, 107189, 319817, 408337, 282283, 210364, 42964, 476084, 137850, 27308, 412758, 172531, 26375, 141932, 46594, 179392, 232661, 70102, 420374, 43714, 35330, 394991, 62577, 34208, 484807, 334701, 138600, 282836, 396212, 4046, 374302, 318030, 379125, 230280, 315055, 109848, 455468, 271401, 332675, 302357, 113900, 379793, 487534, 459976, 393903, 92402, 25906, 473057, 495641, 140508, 93571, 3477, 310121, 358835, 89741, 144711, 151444, 479332, 189423, 367307, 413822, 18286, 448548, 461321, 387705, 149593, 188247, 48314, 17644, 331312, 151223, 34976, 80588, 282128, 244950, 111622, 321769, 119496, 148419, 151264, 108152, 103297, 285910, 343143, 406937, 446990, 494869, 44810, 202801, 269356, 469222, 496231, 91023, 9560, 454262, 421780, 409921, 29522, 313842, 210639, 24411, 260961, 396468, 287897, 488066, 72056, 465960, 266101, 388328, 485178, 499294, 261028, 234493, 145678, 489612, 19993, 128026, 46925, 189487, 247259, 71266, 163282, 147439, 193832, 155235, 54294, 406852, 150425, 390742, 63597, 87415, 194555, 146347, 105721, 34549, 325201, 148606, 144649, 323808, 444610, 484764, 300158, 346580, 29408, 208285, 37740, 425996, 11163, 335822, 449601, 420433, 135750, 383727, 10285, 28232, 463925, 429197, 411875, 19211, 151086, 442846, 181039, 98852, 116462, 427587, 129658, 256797, 64494, 426993, 322726, 454513, 304343, 444026, 153444, 435721, 181816, 282445, 75397, 144786, 227786, 173976, 142829, 189669, 359978, 36901, 243790, 89982, 469390, 114277, 6022, 400102, 284760, 298968, 1047, 129470, 109322, 479029, 194238, 119515, 70584, 434543, 469310, 205803, 77444, 441350, 350504, 466261, 226570, 120743, 17236, 104763, 320134, 236598, 425565, 285224, 493834, 464806, 396684, 205547, 14979, 126948, 283944, 114943, 200706, 364645, 247972, 167408, 401635, 185011, 189864, 343484, 170573, 58043, 451591, 12898, 49197, 332843, 6760, 330554, 317212, 323813, 61550, 199246, 394478, 279669, 40304, 384400, 496475, 300868, 269021, 264827, 360401, 176526, 384221, 152489, 397557, 336000, 374358, 368388, 131139, 23078, 374394, 431243, 435760, 153087, 190662, 444720, 279143, 444242, 120758, 26037, 478449, 431909, 392819, 305092, 395944, 252829, 469407, 130021, 188905, 13572, 169325, 448616, 477045, 476751, 340275, 473339, 437310, 229223, 262642, 6045, 320418, 118740, 82854, 56712, 303786, 22878, 95920, 359338, 434428, 1395, 367067, 96330, 229446, 285001, 269426, 133528, 340567, 477100, 404398, 37120, 102976, 42485, 250860, 147239, 496552, 251498, 17328, 490015, 337124, 400497, 139546, 280545, 46583, 120206, 452764, 443901, 330370, 134814, 117960, 418883, 339194, 24876, 77788, 295452, 408049, 317244, 53376, 388288, 375759, 105597, 282476, 73367, 116342, 496026, 429570, 412376, 234590, 337886, 113685, 145346, 263007, 336519, 250973, 498408, 226420, 379077, 255411, 268068, 304938, 344730, 65637, 135385, 133042, 103592, 361164, 293219, 84755, 317883, 392683, 10927, 291090, 376083, 186206, 424089, 214810, 292617, 496839, 452590, 460288, 262885, 256811, 43161, 119047, 245331, 98233, 255162, 4800, 407813, 182973, 311570, 124037, 182458, 238298, 288462, 324746, 126293, 357014, 265272, 68736, 152512, 170042, 487461, 202702, 493146, 463125, 326393, 19855, 292003, 476120, 139266, 189695, 361338, 131554, 205092, 414275, 89889, 159034, 73649, 23080, 118728, 402444, 159280, 370042, 122632, 374505, 133954, 115456, 383854, 13349, 59238, 157889, 360556, 261596, 480183, 385278, 150067, 410231, 140713, 422065, 369876, 331316, 287521, 118327, 301306, 397774, 166763, 350936, 284085, 63388, 91011, 447630, 480596, 407949, 128522, 449939, 26577, 258735, 432999, 374320, 425197, 287043, 249998, 346711, 220019, 282486, 315790, 341674, 180007, 491717, 309913, 391153, 463936, 361655, 423124, 188025, 280886, 322360, 406748, 261168, 90556, 329086, 266698, 271385, 80657, 107411, 432271, 267856, 31676, 215458, 186091, 499732, 415959, 390298, 370624, 180832, 108717, 397180, 354851, 463710, 23829, 413632, 253768, 186772, 284946, 111011, 356401, 395553, 344819, 79674, 147774, 267068, 450774, 12148, 42309, 388817, 187289, 142805, 398990, 194464, 10707, 426406, 467234, 56778, 213656, 179803, 149836, 105279, 447123, 71473, 196348, 385187, 375373, 137689, 359799, 90628, 4457, 201566, 442200, 117758, 469370, 197690, 425494, 182626, 337144, 384718, 364590, 367671, 280195, 375346, 281639, 389042, 258033, 232832, 184473, 50790, 84865, 413100, 353319, 276685, 28292, 329132, 99582, 10890, 217224, 234213, 68288, 114211, 366086, 440731, 385936, 299748, 174564, 326060, 435117, 27236, 347650, 200225, 254615, 303277, 79919, 343987, 97128, 204196, 359735, 345911, 231282, 409733, 185019, 346089, 421184, 164417, 327613, 32729, 263599, 446676, 14843, 434564, 356044, 214474, 368759, 242578, 429802, 207825, 156202, 313365, 17339, 62216, 470461, 19162, 23175, 24158, 398772, 345944, 444129, 210071, 266118, 340249, 415797, 123100, 42775, 134723, 494935, 458875, 482958, 54745, 143961, 259599, 347835, 112664, 293526, 282375, 181835, 240429, 249942, 56649, 332179, 492440, 111963, 410458, 376282, 398580, 177019, 206015, 430914, 123217, 28856, 310985, 452843, 13736, 389019, 490878, 403215, 315121, 134057, 464013, 232126, 334118, 335820, 161043, 297593, 390120, 13843, 206472, 177916, 407992, 101117, 207171, 279688, 108758, 339363, 132304, 103178, 12573, 103035, 480982, 73801, 456927, 324507, 333093, 142754, 274510, 372887, 111750, 135476, 120587, 18259, 105790, 156754, 219266, 207183, 235710, 71974, 137301, 106079, 270698, 70220, 463401, 352042, 172665, 436292, 438756, 267657, 207687, 74301, 469566, 418195, 57083, 165122, 15417, 384079, 111786, 387744, 133931, 108475, 459579, 455090, 237846, 272744, 42201, 70865, 356229, 284646, 322125, 237033, 390901, 469597, 32571, 384535, 336501, 314730, 481134, 362548, 336641, 255604, 306899, 10387, 462400, 366537, 17233, 243704, 420005, 136844, 33993, 287145, 89754, 18937, 34293, 462511, 408700, 230772, 5373, 31191, 283655, 362196, 179344, 162845, 464791, 436476, 267067, 241616, 409331, 444566, 345575, 10597, 431243, 414060, 237590, 212492, 234351, 413125, 88544, 280236, 350655, 125874, 241787, 32548, 372831, 163781, 193960, 473540, 62328, 20644, 103135, 124202, 428940, 223383, 68755, 141781, 323184, 360458, 133155, 436883, 321875, 6649, 157608, 61570, 16895, 195320, 214993, 77155, 388520, 349842, 369124, 253361, 263851, 102907, 383611, 421687, 140006, 171583, 300426, 282082, 146916, 493637, 284272, 212831, 82678, 23419, 267012, 343383, 475329, 415079, 65973, 241250, 488779, 163935, 267974, 17177, 254550, 409361, 192507, 140309, 163994, 153059, 371697, 145691, 300210, 47439, 277640, 293281, 499915, 230691, 288517, 466865, 129008, 46236, 367437, 158423, 177950, 20196, 202973, 133373, 381932, 474289, 201537, 234414, 260041, 3392, 232122, 135657, 250343, 170296, 400963, 174005, 44937, 109979, 102880, 440674, 295238, 261352, 326105, 274758, 209361, 74167, 485518, 285074, 267242, 330470, 235333, 147427, 9239, 101913, 131653, 455299, 11657, 166537, 236262, 185578, 149582, 261557, 42943, 175418, 122268, 288107, 480311, 321161, 486053, 274601, 391770, 368210, 367272, 110079, 350535, 189708, 163268, 402175, 228803, 261004, 30415, 142468, 105762, 250033, 492623, 457275, 371238, 143810, 40022, 148276, 383233, 173206, 171027, 245509, 372663, 207691, 463901, 158791, 212095, 41928, 381140, 226537, 330814, 219855, 113796, 476365, 297924, 150177, 390030, 324350, 390571, 315159, 116274, 286810, 220092, 54372, 281925, 439714, 468447, 204626, 140869, 266348, 156601, 32213, 293825, 389651, 453943, 183156, 297907, 446613, 422144, 372359, 496934, 280608, 302489, 171730, 14002, 421516, 357617, 9654, 13712, 38059, 146533, 160498, 278469, 73759, 75419, 14172, 152090, 303327, 349540, 85783, 297762, 444192, 459951, 321599, 380207, 180992, 221510, 294758, 386301, 14472, 332338, 466841, 259621, 295189, 128312, 116386, 273375, 156607, 91234, 274980, 21907, 244559, 29362, 163787, 56092, 82384, 47496, 111858, 94436, 347706, 170761, 276639, 380823, 314717, 111691, 354139, 100502, 372941, 394842, 219196, 413770, 218414, 469703, 389264, 379684, 472758, 431205, 36699, 358631, 29042, 53488, 267127, 393033, 174621, 127446, 36517, 15458, 443685, 336781, 449021, 270889, 206202, 63784, 31569, 192618, 474107, 117032, 183735, 412057, 162761, 256999, 50709, 357534, 69878, 435636, 146525, 172996, 328883, 177940, 484731, 14887, 257158, 406889, 414071, 211315, 491583, 293806, 417956, 268890, 248080, 448288, 71004, 108361, 129899, 16605, 381014, 251634, 233468, 415752, 341522, 40270, 449985, 246349, 64612, 288962, 40539, 77572, 287354, 36376, 379482, 358257, 488657, 339539, 4370, 100048, 33463, 28950, 313542, 336535, 261263, 451134, 6876, 380257, 98413, 43270, 87749, 369519, 158965, 379929, 476922, 174035, 461106, 14810, 207396, 161643, 479980, 349469, 348431, 423726, 411847, 362432, 147573, 465626, 111500, 102902, 214434, 83528, 459788, 418537, 302260, 69370, 483595, 463327, 237997, 295467, 170762, 190489, 167694, 298071, 166479, 151508, 482234, 218966, 111575, 377399, 389821, 40494, 469010, 395602, 362286, 185007, 287261, 42887, 262393, 436689, 16998, 87886, 438125, 209956, 12875, 345771, 115227, 242836, 151623, 189652, 383301, 497393, 95711, 337746, 492303, 219730, 179342, 382690, 176194, 402835, 286842, 365553, 414234, 353879, 275050, 465381, 130071, 380974, 137771, 456838, 346052, 220053, 392342, 16275, 437735, 298787, 108950, 257823, 436392, 410777, 345307, 39022, 338767, 324195, 354033, 217408, 358780, 157133, 197000, 361856, 357547, 417656, 390861, 149793, 415293, 109439, 249620, 305764, 331432, 86579, 128133, 222411, 481040, 282733, 371319, 279621, 305924, 112019, 116027, 130176, 319184, 419579, 166064, 337152, 292330, 308936, 46039, 147432, 310580, 169826, 419810, 2754, 251539, 306431, 273743, 91935, 122624, 461216, 145482, 229482, 190391, 2680, 7348, 398683, 255689, 328560, 207756, 430637, 106625, 202498, 190690, 430946, 380674, 116648, 347101, 334658, 226453, 344089, 470929, 27747, 382721, 293732, 402405, 83903, 248272, 205725, 308711, 114240, 389270, 139867, 28154, 289521, 39629, 145563, 493490, 337532, 319991, 425226, 317787, 394712, 247455, 421124, 455798, 397202, 476415, 330243, 67004, 323678, 105816, 438334, 410669, 354304, 248073, 96552, 293252, 151513, 214800, 314689, 48667, 51104, 114470, 345187, 27647, 355463, 139696, 162966, 401539, 452435, 104270, 306853, 432629, 165630, 258702, 260308, 304070, 4605, 422472, 166656, 128047, 322687, 57467, 372781, 263351, 260513, 40191, 466289, 485730, 323917, 492309, 62323, 476266, 17061, 266799, 13754, 40700, 298485, 201638, 467478, 315689, 42488, 310510, 3426, 367572, 52498, 313424, 54731, 102735, 172695, 272103, 461187, 137193, 196389, 498095, 434187, 55738, 249625, 305729, 166263, 199619, 423593, 480327, 26326, 72976, 219642, 34946, 62649, 472890, 463170, 151587, 100085, 167496, 119323, 403435, 110151, 147190, 390993, 117664, 471940, 39120, 42922, 37943, 224569, 482505, 409900, 456484, 78322, 204728, 52543, 418691, 339960, 124116, 413197, 178156, 357568, 22969, 411707, 322668, 182810, 157679, 327934, 298015, 63279, 454400, 451393, 70620, 21097, 8490, 296974, 183844, 209520, 95553, 329366, 150008, 126679, 267922, 298824, 214164, 25331, 455160, 20771, 79864, 218178, 184067, 210137, 324219, 431370, 20380, 386391, 279381, 252611, 236902, 391758, 336133, 374349, 361130, 212826, 205449, 308755, 175339, 198977, 384588, 391301, 417816, 113381, 355612, 415856, 35893, 146725, 493557, 286234, 108966, 223885, 83359, 105397, 441130, 211434, 446272, 202068, 381331, 122433, 407002, 340794, 462970, 490426, 131591, 162486, 201570, 162441, 348909, 266290, 318836, 413293, 413669, 80597, 184189, 373570, 161401, 493006, 488582, 64403, 124350, 42836, 125518, 63942, 213401, 477592, 264201, 336517, 36550, 486975, 496091, 72135, 119531, 99373, 321877, 281205, 184138, 7923, 417265, 233134, 493411, 70984, 43030, 396064, 325554, 229919, 140647, 221861, 12746, 296470, 70962, 158641, 242219, 327207, 121738, 372630, 322791, 264338, 362399, 398002, 376719, 340120, 192578, 267507, 385988, 51604, 55876, 38, 307016, 58138, 281768, 439920, 92137, 116997, 380398, 84683, 261696, 87822, 397547, 16889, 52625, 496011, 308173, 368353, 296898, 131771, 89232, 207027, 137396, 402921, 240811, 338546, 354175, 92631, 10291, 140612, 414117, 325135, 119419, 453276, 377, 124546, 444825, 441092, 340061, 357546, 303245, 151474, 474602, 364650, 77188, 289001, 305363, 361010, 473863, 397457, 456708, 426929, 193957, 88029, 133316, 22580, 263489, 48698, 207316, 456746, 45564, 169574, 350955, 35107, 127507, 383963, 446601, 128628, 400646, 416667, 64878, 370348, 439599, 325826, 372663, 47992, 46120, 272287, 488538, 482570, 259873, 24389, 285500, 312220, 321187, 282050, 174901, 26303, 316027, 87314, 104395, 487149, 113223, 397471, 67875, 217582, 160219, 123835, 195659, 291389, 196205, 261256, 268187, 136134, 366641, 168060, 419944, 453908, 465901, 122183, 218171, 181598, 451760, 391880, 356781, 350102, 329256, 198923, 27602, 231160, 179867, 300825, 299757, 127828, 429155, 285100, 34882, 70321, 78011, 23636, 458162, 464005, 152363, 72167, 308629, 205515, 136870, 295582, 213917, 444055, 305230, 361934, 449726, 210216, 242062, 57467, 350469, 493745, 99814, 429163, 181547, 212639, 26194, 419514, 214449, 305587, 76386, 317869, 255859, 170433, 285190, 320513, 372046, 199527, 258413, 389332, 244822, 274726, 426438, 21196, 53850, 242604, 319343, 114522, 243226, 104105, 159976, 463779, 349632, 31140, 309920, 148938, 45498, 88844, 278864, 409692, 492845, 474471, 81189, 276960, 387090, 301422, 123015, 313976, 43801, 315661, 344446, 393965, 55523, 399602, 295250, 179907, 57672, 79188, 194772, 497516, 228067, 335605, 94200, 192869, 153467, 103507, 368425, 490678, 100045, 44077, 176961, 221203, 477157, 119857, 327098, 55990, 299598, 66114, 318679, 371102, 385884, 182255, 211735, 211922, 110421, 361250, 308126, 485453, 463932, 249519, 312371, 460316, 200084, 334435, 104153, 66109, 343526, 169834, 25597, 208861, 290140, 206682, 451215, 14517, 452178, 224638, 307100, 220530, 26618, 226527, 392325, 486298, 234374, 180844, 176911, 440910, 370495, 461221, 189955, 464029, 225364, 208952, 427019, 392574, 108176, 279935, 150144, 32714, 195443, 257446, 318732, 373945, 316848, 384654, 343922, 45534, 394076, 442140, 376600, 480051, 442097, 235920, 269316, 130390, 351827, 352242, 439833, 376374, 321134, 223097, 220758, 311355, 479546, 399152, 11244, 483576, 198734, 20825, 39698, 102610, 11306, 444004, 42084, 443008, 251027, 189138, 415706, 120370, 230803, 131905, 356216, 267019, 17441, 289810, 111545, 160781, 373981, 325966, 451526, 295844, 302182, 19707, 176525, 451825, 354906, 96735, 290004, 431063, 74133, 471976, 387020, 257774, 139764, 269371, 230191, 415050, 316977, 390111, 53618, 438270, 385259, 412858, 485894, 381002, 441785, 229726, 178604, 143439, 134467, 327343, 319059, 97698, 16870, 406071, 338041, 469672, 3895, 325030, 20800, 13628, 37904, 82524, 480612, 63850, 315453, 23725, 144368, 338779, 367735, 53255, 391894, 74495, 1270, 83870, 392493, 168626, 239827, 262813, 497594, 379090, 451842, 281845, 368528, 433657, 2134, 64691, 165252, 314770, 218520, 417295, 5652, 397091, 336794, 388075, 298078, 302563, 86602, 292549, 46212, 346117, 160852, 278131, 210965, 60087, 10403, 192370, 101229, 27299, 240999, 442744, 355519, 251811, 452896, 92309, 232314, 11891, 156874, 303403, 79672, 377193, 291004, 348738, 68274, 351001, 14199, 16591, 54722, 448085, 229389, 202705, 431438, 447757, 236593, 40976, 133922, 162981, 112891, 466737, 408045, 188901, 168822, 383434, 291061, 389397, 381821, 390024, 320150, 344611, 392209, 350316, 379430, 426030, 48872, 362246, 430362, 337157, 58969, 245141, 478911, 451781, 7003, 172480, 99490, 295395, 240108, 45789, 382488, 129249, 220951, 215163, 265334, 235090, 134951, 229852, 203874, 92404, 389963, 450824, 403114, 28845, 81217, 404504, 201112, 486031, 197614, 456717, 143605, 374446, 149402, 181208, 157307, 26245, 24517, 434599, 122532, 154252, 46211, 190509, 441006, 191238, 361264, 46296, 235147, 262560, 44944, 298845, 197672, 45323, 237965, 229399, 402650, 252204, 206130, 262133, 398649, 44089, 88518, 485317, 403846, 61669, 13256, 213759, 317718, 348700, 221247, 233285, 129029, 307171, 313838, 108023, 338204, 268347, 79345, 264184, 125572, 288996, 63255, 272807, 383487, 219775, 122209, 341387, 188000, 330324, 154950, 170105, 383012, 238274, 262062, 311767, 378837, 4594, 464558, 186726, 472413, 337481, 444502, 438857, 194995, 391693, 100367, 398688, 130516, 449648, 279921, 309892, 87124, 121090, 124707, 406995, 309819, 353082, 87934, 389063, 90955, 107467, 387298, 23129, 368500, 10350, 399308, 332505, 245097, 91545, 331489, 452533, 293041, 137498, 382345, 191048, 443503, 174338, 340308, 426297, 219516, 308916, 382014, 333222, 453964, 108283, 42020, 243834, 454865, 275149, 373635, 263962, 33526, 188410, 293583, 39775, 441098, 467610, 11758, 217454, 300252, 216119, 380186, 293294, 137465, 150905, 411338, 308511, 404282, 380401, 276181, 19761, 155765, 251599, 419149, 77290, 349586, 275728, 341310, 235358, 416253, 439435, 429438, 395617, 241055, 381113, 436351, 301008, 469512, 363371, 57292, 365007, 29975, 241350, 82939, 318011, 176233, 144597, 459689, 387266, 167882, 480950, 283633, 294830, 406542, 308542, 447255, 95198, 306288, 164287, 429614, 126549, 354861, 450722, 137328, 324821, 332312, 217387, 255351, 18326, 74342, 63470, 213563, 95628, 415122, 157825, 46861, 663, 323043, 21395, 298430, 333586, 293163, 137155, 309706, 97242, 169349, 333230, 80436, 390416, 276394, 350174, 67319, 174182, 193834, 324311, 41260, 845, 442784, 412800, 352100, 330655, 164274, 48566, 297522, 485549, 253372, 383677, 389789, 473566, 477689, 109394, 368764, 108672, 346753, 30986, 475477, 198328, 142484, 290575, 468025, 464030, 438717, 443350, 110216, 106932, 15470, 7882, 338007, 307976, 298295, 90650, 225401, 437356, 91993, 330036, 424596, 174060, 476075, 171045, 88994, 322217, 346196, 130509, 369514, 372855, 202303, 205575, 23771, 193762, 54706, 77052, 132035, 273529, 277521, 72986, 131014, 128194, 389385, 128374, 85011, 186155, 142734, 103049, 458498, 301829, 221840, 372798, 149313, 397004, 355701, 266073, 75912, 36797, 276703, 445758, 135135, 466663, 257845, 27778, 330693, 929, 452555, 357252, 170187, 403146, 362768, 169201, 296715, 67314, 461764, 37144, 168445, 149573, 176908, 76094, 19519, 496374, 332089, 115268, 121520, 480848, 323939, 130463, 458858, 326224, 367801, 24959, 12009, 322510, 274171, 219657, 144350, 126453, 1544, 419408, 378597, 386413, 389842, 119381, 443708, 497917, 216232, 230821, 332708, 92373, 97984, 32741, 93058, 461609, 279319, 122653, 85135, 340066, 404574, 84002, 211622, 68007, 196612, 417808, 334877, 113543, 187228, 188134, 416246, 346108, 497099, 420784, 457500, 8272, 118740, 439836, 177209, 341167, 277989, 405722, 450275, 480276, 469757, 24669, 255429, 222772, 211415, 357454, 442341, 240566, 259587, 160820, 415617, 353328, 328943, 112487, 21224, 40028, 331137, 465150, 487677, 149881, 391127, 427253, 15224, 158900, 331662, 271548, 419202, 467721, 27217, 216459, 6762, 18672, 486382, 342552, 459580, 228136, 646, 481367, 386003, 322992, 267233, 69923, 252359, 20233, 195409, 225447, 120018, 109638, 140804, 59742, 306407, 82206, 408386, 203974, 183441, 144121, 196641, 100379, 117657, 436533, 115741, 405849, 280524, 446376, 144941, 334915, 55930, 183422, 321171, 148002, 446181, 483442, 253391, 333570, 36890, 38299, 216610, 195842, 177646, 192364, 403960, 187282, 144535, 345256, 349108, 26195, 132695, 272981, 35727, 424066, 415178, 264954, 276157, 254795, 473495, 201891, 47067, 223684, 246775, 345292, 144975, 432878, 105787, 248981, 195664, 39737, 405936, 243696, 464593, 133624, 27302, 396153, 263713, 286817, 276835, 299887, 124520, 315216, 402190, 356580, 453227, 173001, 497171, 357474, 163970, 125503, 442164, 494119, 49179, 11943, 59849, 341738, 320837, 45814, 456741, 4541, 109181, 454631, 360915, 156076, 164169, 25969, 288302, 277229, 125649, 471690, 299721, 337978, 13725, 497220, 86196, 264922, 257079, 469911, 264129, 154756, 67740, 495790, 384364, 486485, 155603, 162424, 332638, 435803, 301358, 8644, 179274, 306440, 474860, 97554, 292644, 97710, 166018, 251113, 472906, 96585, 131668, 193605, 345339, 286522, 444692, 226038, 52781, 245001, 179222, 19084, 177716, 472056, 332846, 408052, 250227, 408600, 102515, 102062, 259051, 173571, 356079, 26822, 325324, 466125, 98409, 72939, 159257, 57012, 32948, 240278, 9232, 421601, 270423, 429921, 37189, 265312, 242408, 205869, 261162, 159980, 237803, 199399, 300055, 328208, 356916, 188188, 187648, 492463, 145689, 181269, 98192, 40855, 92460, 474096, 434303, 350626, 102222, 458997, 264753, 444609, 112321, 83058, 394359, 189605, 251128, 106431, 402445, 396047, 81385, 190611, 263779, 18241, 348065, 497896, 400923, 155981, 369258, 149970, 376219, 460576, 31972, 453170, 278897, 98866, 66589, 420295, 325924, 88812, 90402, 403786, 460162, 332336, 304309, 57049, 69622, 46882, 385522, 389021, 469060, 54459, 355311, 63428, 413783, 398277, 326887, 383313, 423486, 59021, 34129, 251155, 58285, 136627, 408836, 340332, 43398, 198714, 339337, 496820, 18549, 127952, 63659, 42866, 358388, 349310, 490402, 120691, 266701, 111907, 485508, 468237, 133520, 159251, 112900, 112227, 290648, 495070, 415979, 162991, 320113, 426138, 8883, 15621, 305265, 6241, 198133, 1225, 310024, 269704, 52305, 263238, 227672, 184878, 302650, 254673, 197352, 335142, 407906, 17971, 72427, 310903, 72226, 291783, 48376, 467108, 67681, 360993, 434530, 159986, 419161, 109239, 492242, 54390, 287436, 159589, 348204, 285454, 100608, 334487, 279241, 428751, 449571, 172071, 296970, 487329, 196526, 415068, 306623, 151471, 395954, 101934, 295076, 488690, 313524, 430039, 442302, 15142, 8102, 116687, 48203, 117765, 234272, 483452, 66581, 54139, 162596, 205929, 81105, 457492, 188786, 462399, 211898, 334017, 466102, 37710, 216531, 137405, 444459, 492373, 265338, 208566, 129683, 126850, 298757, 137099, 266928, 485120, 287563, 204713, 42430, 43776, 414194, 89245, 92250, 412107, 319416, 193994, 122852, 101486, 134376, 224086, 377685, 293860, 499098, 42664, 134927, 438132, 456981, 235508, 404315, 51900, 241400, 162817, 369081, 302672, 38337, 411859, 100369, 410462, 177062, 431290, 117153, 397348, 403078, 471438, 234110, 427413, 366593, 71660, 265950, 440647, 279198, 93384, 194809, 23239, 238520, 78280, 37063, 379737, 303107, 97109, 203767, 137601, 234880, 323464, 118691, 74462, 58193, 36358, 396409, 1410, 393274, 347459, 184912, 47945, 78953, 487273, 74054, 98671, 417025, 226439, 11250, 142817, 96937, 75101, 386253, 235969, 324036, 117552, 461795, 106721, 251094, 359697, 384953, 152319, 332883, 55156, 428945, 431339, 482890, 341433, 269324, 276549, 3903, 453675, 356264, 70494, 211497, 444421, 345593, 378302, 259119, 310807, 123390, 390692, 11666, 195479, 351837, 232363, 279229, 136441, 11856, 182253, 401908, 8608, 305029, 155054, 214857, 460147, 377947, 124000, 136398, 462255, 305284, 292983, 189690, 300318, 29224, 322148, 300481, 107795, 221584, 464690, 146760, 491972, 87452, 103039, 354428, 449909, 228198, 263598, 144616, 42516, 252065, 224840, 370340, 146762, 266895, 155118, 379542, 160145, 415056, 234817, 24151, 120826, 370619, 458292, 296624, 496765, 334047, 347096, 66158, 290028, 310130, 437940, 41328, 309492, 406670, 187082, 372925, 436734, 333324, 395581, 87411, 314198, 297304, 177089, 180420, 67747, 267236, 32328, 261392, 392806, 417430, 36081, 2250, 427045, 382363, 44, 79983, 428654, 278808, 147611, 22429, 463547, 330154, 90791, 159382, 291342, 248209, 274781, 166417, 341406, 226714, 83036, 135547, 187875, 494621, 256440, 321752, 80076, 210853, 341594, 112529, 304433, 1453, 397598, 139357, 175838, 40893, 333638, 375097, 305719, 181112, 449504, 2364, 258094, 203797, 179149, 53271, 243857, 206651, 460579, 57214, 404290, 165220, 57966, 483781, 289847, 114454, 252145, 100473, 141008, 185877, 93466, 44253, 19899, 2206, 446769, 111364, 332643, 141241, 227544, 65013, 322328, 25016, 97994, 344641, 99898, 80957, 126408, 110306, 146706, 220970, 291590, 66606, 432285, 37448, 331583, 416958, 214543, 490199, 228856, 207999, 168989, 454414, 284153, 482689, 110431, 40471, 126332, 319237, 194721, 100658, 438826, 470007, 41730, 215474, 4685, 435354, 219829, 460058, 100032, 113964, 173148, 317747, 324689, 97094, 354966, 357841, 329494, 495550, 156182, 763, 449932, 42685, 252232, 306951, 243494, 308229, 20229, 451680, 28140, 205417, 238441, 467541, 4911, 467398, 400677, 300368, 214066, 308250, 226394, 372802, 250769, 493888, 3420, 148104, 330398, 285703, 74398, 285158, 115475, 334864, 216177, 140783, 356864, 199101, 185542, 303081, 156829, 183555, 371868, 430091, 190905, 299896, 178621, 374136, 296701, 423829, 283431, 186429, 309218, 489728, 477359, 62589, 35029, 17477, 449256, 209318, 234726, 82005, 26490, 110958, 185144, 160140, 54107, 290238, 98323, 323379, 380133, 86095, 421861, 487415, 413961, 179773, 213303, 407719, 258027, 486624, 283493, 231814, 489858, 308461, 12705, 220653, 368902, 21473, 285827, 304667, 398314, 318879, 142883, 396616, 180520, 333678, 214016, 143168, 382296, 402675, 180527, 195467, 296597, 156039, 367561, 224977, 163098, 279470, 117094, 370368, 74822, 312204, 478413, 346034, 99678, 196252, 162410, 386441, 96483, 297370, 479473, 214503, 105896, 175933, 45152, 338377, 203466, 8134, 415391, 71319, 467807, 225012, 245965, 246730, 375869, 292015, 76964, 255194, 387920, 72272, 4121, 212624, 24219, 465745, 61393, 22972, 284411, 366803, 437778, 399212, 219759, 51361, 82071, 355296, 201608, 202383, 251724, 59032, 16010, 18857, 80217, 200070, 72702, 376885, 58837, 317122, 109243, 28656, 446592, 368337, 238431, 115305, 42246, 114201, 43641, 219818, 130277, 416386, 127458, 422351, 106322, 294201, 274714, 328831, 8328, 334754, 383600, 373484, 8130, 352689, 41759, 283913, 147451, 53360, 418386, 373053, 266817, 277438, 209555, 337978, 85038, 286649, 420054, 37795, 223475, 67058, 261517, 304063, 79267, 137986, 401853, 20136, 150191, 307720, 101530, 117174, 326448, 54739, 61877, 47262, 143177, 459673, 316121, 281182, 456707, 210307, 329771, 60360, 203106, 15580, 215759, 404364, 293907, 449693, 477369, 219973, 215451, 13139, 78327, 140308, 282843, 321738, 388909, 22369, 186085, 69967, 438604, 300464, 482915, 328644, 365349, 181191, 266016, 326409, 478002, 244499, 438920, 389050, 294641, 153671, 109019, 22074, 269222, 217467, 371890, 85181, 159277, 119417, 296194, 196193, 108512, 264886, 371963, 244835, 391960, 432717, 350127, 141600, 178135, 460389, 320705, 496944, 294941, 65431, 448655, 254938, 56185, 149056, 455399, 166908, 355640, 239292, 293949, 217970, 183895, 169263, 400648, 151240, 463405, 464078, 277028, 349806, 111782, 386789, 223097, 246041, 20968, 275015, 351618, 334377, 51324, 414255, 49383, 129865, 337664, 128143, 390956, 92492, 157298, 434758, 112242, 332873, 286932, 120909, 278875, 383883, 312697, 447547, 33238, 119969, 348385, 460226, 43474, 254928, 434189, 285813, 131642, 200922, 413717, 433229, 48199, 384865, 242658, 120123, 251457, 355112, 270125, 319231, 296434, 150677, 168714, 331059, 59471, 229700, 414312, 473708, 311915, 327769, 423644, 365136, 20202, 286686, 297748, 387347, 488866, 120386, 246589, 369912, 358822, 310357, 271182, 118232, 277822, 62392, 375625, 81050, 426408, 434474, 255191, 279962, 44592, 427161, 138136, 140740, 458645, 184167, 293672, 400679, 379358, 146187, 420384, 286803, 126942, 200413, 203007, 341229, 88319, 287421, 96416, 224559, 327990, 389662, 436479, 150915, 259077, 231177, 167967, 80161, 384767, 238180, 271975, 352604, 303935, 61494, 413451, 330787, 37582, 116734, 353216, 102698, 83368, 245928, 196436, 229870, 408536, 211022, 490161, 30279, 138911, 484844, 204651, 341265, 22201, 388938, 243172, 497172, 51136, 374291, 69994, 189315, 484551, 187169, 301204, 37474, 247483, 169325, 445258, 108755, 63515, 436638, 92732, 457230, 359496, 256789, 221962, 280198, 238505, 406233, 192137, 165509, 3579, 444835, 383401, 44964, 97073, 274913, 466099, 340269, 96429, 386845, 425877, 65524, 107596, 180836, 145189, 167477, 453454, 63426, 216580, 174745, 291214, 434208, 442690, 488114, 481943, 357375, 434309, 331822, 314507, 416542, 108356, 96248, 207507, 323491, 470503, 383203, 73688, 89266, 118496, 144780, 360679, 496541, 498550, 465568, 171519, 430167, 292926, 232009, 335034, 405724, 355150, 248729, 69854, 252155, 201130, 59212, 156510, 34545, 242693, 452581, 243499, 133205, 19159, 153440, 12368, 368886, 319789, 410996, 235014, 346188, 312367, 329439, 344452, 32481, 414527, 125886, 59237, 312161, 453359, 498794, 446190, 75301, 397904, 324877, 204939, 445633, 257927, 248241, 446473, 273525, 206158, 488377, 189853, 450725, 337169, 121764, 337040, 47228, 494609, 402181, 173556, 249696, 47058, 301275, 354193, 193666, 261406, 205349, 422865, 478434, 210785, 233164, 54647, 357993, 331411, 423572, 169408, 100946, 318092, 186692, 64938, 134045, 342928, 188981, 185196, 149044, 153186, 453693, 348847, 286595, 167992, 105355, 372856, 401324, 324070, 419381, 456233, 308813, 488346, 391923, 401545, 282809, 478011, 211811, 380396, 229574, 21354, 348304, 61955, 404897, 423550, 463895, 419382, 475066, 269853, 209893, 354267, 251750, 21464, 323228, 133752, 197156, 357323, 368545, 60345, 97079, 95198, 29714, 125155, 40625, 292285, 32161, 491978, 45986, 271459, 366948, 140486, 153580, 211325, 206270, 313935, 320250, 121480, 248916, 52714, 408602, 36595, 109698, 190701, 328757, 208631, 124800, 245770, 163913, 486952, 405566, 264668, 345877, 485873, 38166, 164955, 288969, 243571, 456341, 16869, 103751, 468242, 41629, 316091, 393128, 496315, 279458, 228743, 479783, 138912, 7536, 443777, 142033, 42769, 111761, 254060, 310278, 418133, 170939, 416664, 73746, 276912, 213344, 176273, 222059, 157138, 311324, 67138, 193546, 443142, 434056, 310700, 211705, 480574, 99058, 391424, 268974, 343892, 284071, 140180, 438389, 377186, 335606, 186834, 38193, 488341, 498896, 340430, 394026, 220068, 245653, 337562, 103535, 431301, 380835, 129937, 407631, 31526, 4695, 24564, 341436, 180452, 18802, 228669, 119834, 75291, 293302, 430086, 405068, 126317, 43690, 202936, 209003, 23929, 338970, 291669, 157429, 127268, 184704, 102085, 211463, 483086, 232861, 391761, 329693, 472466, 67891, 158561, 308845, 301713, 237703, 209566, 466361, 258375, 368809, 343353, 453800, 86132, 237457, 133339, 69667, 375069, 20221, 389028, 66799, 19550, 79763, 456514, 433415, 394742, 196169, 173564, 321771, 178352, 210164, 201716, 403823, 154646, 163486, 289386, 165593, 354519, 75915, 28034, 64239, 236787, 394715, 225466, 123028, 104160, 350026, 454517, 54854, 302898, 5023, 479322, 311888, 274242, 172811, 11033, 401767, 238756, 290961, 320517, 157676, 323840, 54268, 350857, 338267, 110170, 312498, 374797, 279162, 434256, 433256, 286264, 38448, 80347, 26321, 125744, 28099, 78079, 273801, 220887, 433557, 404159, 272275, 479470, 152972, 365946, 280187, 449708, 392141, 193197, 371052, 452918, 372779, 112467, 385688, 159859, 161228, 454002, 134686, 477416, 286662, 327000, 132475, 93829, 156115, 52227, 98781, 136306, 48009, 198146, 334407, 147039, 409915, 424777, 260024, 187304, 284564, 460389, 412887, 498243, 18953, 108788, 261427, 103675, 54842, 449462, 454396, 402502, 111544, 53319, 44556, 336645, 427301, 472679, 458642, 117590, 365784, 49240, 334240, 198881, 462107, 242990, 162849, 86793, 292557, 32978, 160640, 310665, 404174, 318360, 80925, 206872, 461719, 440084, 472834, 419848, 324071, 277790, 69273, 63525, 3290, 205627, 427511, 35290, 373633, 230965, 247683, 163305, 470306, 498182, 65246, 180379, 314513, 122832, 300118, 33618, 82811, 262044, 255326, 410081, 222365, 221041, 336958, 152742, 90585, 58558, 272925, 449354, 398012, 166017, 469517, 480858, 88722, 108131, 417022, 330384, 233505, 184180, 302297, 176706, 197356, 230272, 316908, 88409, 422704, 264199, 227916, 161901, 150355, 491297, 72506, 256494, 406873, 202516, 353819, 252251, 235654, 474382, 428300, 62771, 117178, 468343, 179697, 327094, 20118, 5559, 250711, 466580, 232167, 97772, 440123, 169178, 328501, 301096, 185679, 99156, 31973, 281254, 53983, 385720, 441839, 230585, 181304, 21274, 100536, 476243, 59475, 347360, 300484, 338184, 359370, 179022, 77107, 408178, 485664, 313060, 336656, 112231, 32553, 23092, 411227, 126630, 427639, 453499, 433048, 411531, 3933, 139854, 30038, 278545, 486346, 306337, 346226, 339949, 143419, 205158, 123212, 107611, 397290, 189277, 354365, 147641, 128895, 458833, 165057, 89959, 6508, 414986, 253698, 321842, 67878, 103205, 149913, 53250, 247847, 299023, 181966, 230289, 295516, 446146, 286227, 160357, 93324, 238278, 34715, 66718, 221211, 411700, 99109, 41406, 260060, 444234, 14878, 190382, 186514, 181820, 120086, 178761, 212321, 340170, 159561, 150010, 254111, 141011, 405311, 390349, 404571, 459805, 263860, 435235, 250437, 473485, 333623, 280353, 202182, 200211, 336186, 408003, 492318, 74632, 430064, 35903, 50450, 321362, 77827, 363409, 374053, 239702, 311223, 24638, 12254, 37467, 331552, 74330, 213348, 7775, 258039, 137856, 374228, 166518, 187454, 424078, 352677, 218202, 352677, 492327, 33561, 42229, 492484, 254579, 262706, 310068, 322517, 156659, 367573, 415580, 218348, 27904, 256995, 203242, 465580, 332016, 145144, 298141, 473477, 138536, 401675, 417482, 320872, 29602, 299905, 120618, 258686, 205639, 416661, 223115, 189826, 367504, 63451, 3493, 86857, 480340, 365695, 6142, 33390, 469335, 433900, 127150, 338725, 138741, 407310, 121073, 437841, 440393, 447127, 90563, 435770, 492823, 222924, 390691, 240238, 476893, 432430, 251569, 85663, 167655, 433101, 295381, 91043, 70916, 234831, 84355, 389027, 426783, 141481, 341379, 446758, 108371, 372517, 302936, 234494, 197618, 257230, 288289, 495651, 425666, 263969, 78972, 318620, 84983, 494731, 468929, 350031, 271813, 387960, 8023, 368636, 459987, 497105, 164777, 171687, 182042, 77532, 250353, 262757, 452055, 11657, 32583, 394746, 6342, 410589, 85150, 187398, 255630, 79840, 55705, 489924, 273536, 207495, 185578, 193506, 232974, 391419, 318783, 383535, 345454, 294590, 22441, 80597, 343086, 294693, 155285, 15069, 113098, 237743, 299739, 164980, 382577, 302903, 32823, 400459, 345673, 40650, 450486, 122836, 52564, 368670, 266459, 363291, 407572, 479627, 70787, 462719, 497240, 63969, 417119, 64832, 280731, 117397, 291887, 154833, 276464, 330670, 450605, 14442, 397036, 33942, 135259, 404888, 157231, 386831, 247887, 201365, 357863, 406170, 80621, 58276, 132354, 88241, 175365, 454008, 11572, 424066, 182913, 1745, 367373, 93440, 374008, 59554, 40962, 390005, 276446, 367732, 176276, 93249, 229706, 180947, 248677, 104971, 261821, 363765, 403039, 6404, 475263, 172816, 34371, 254948, 391108, 191372, 162166, 469502, 187514, 437271, 358169, 310546, 292261, 100042, 332681, 386912, 190771, 196250, 161784, 114146, 105579, 470854, 471360, 466177, 3467, 88159, 50040, 482599, 318760, 271654, 432482, 180872, 95956, 59749, 76115, 443511, 178266, 226005, 26918, 348158, 361622, 305118, 436119, 150552, 103294, 267276, 289497, 68234, 494729, 415542, 102694, 478420, 349076, 24708, 412289, 423114, 6213, 289141, 492279, 259535, 392740, 321213, 84832, 5680, 211802, 168369, 110246, 128632, 374995, 107607, 488860, 129352, 422153, 350363, 102652, 228739, 162598, 130899, 201390, 488246, 363969, 342464, 309625, 28686, 406024, 403159, 107486, 454504, 64814, 280189, 386101, 235165, 249089, 159264, 32584, 264177, 369707, 294763, 401502, 368164, 459486, 473346, 56508, 121387, 95630, 97749, 205777, 448280, 165861, 309366, 334370, 225649, 88447, 82824, 440158, 425496, 407507, 41189, 269690, 10982, 484820, 67651, 262141, 485262, 56830, 168559, 139276, 3824, 179412, 136366, 361233, 211492, 296845, 15044, 85263, 225162, 441387, 220528, 70486, 118248, 281944, 308716, 437907, 301866, 182448, 224715, 271512, 33188, 268688, 290283, 43563, 212434, 113497, 118596, 115043, 453720, 279926, 3908, 61664, 117259, 410589, 206805, 355643, 73888, 332555, 146687, 52354, 430161, 167827, 361564, 486487, 111860, 357200, 216390, 41684, 359536, 437867, 151306, 375933, 267148, 186206, 260682, 353799, 191531, 48353, 340468, 433281, 47612, 427128, 256513, 482334, 452104, 83751, 71184, 431599, 101671, 394704, 231313, 137304, 195571, 115159, 81343, 176565, 440699, 277782, 293878, 45835, 395859, 416318, 107640, 246382, 98153, 325910, 288076, 85059, 332239, 154844, 25655, 411345, 262590, 93447, 331070, 226684, 370689, 421166, 237520, 152693, 452927, 94619, 275428, 153045, 443058, 362609, 160462, 93637, 402934, 78, 96574, 445947, 390849, 243140, 131799, 344209, 8765, 377647, 137614, 255814, 75643, 51791, 434378, 353047, 382575, 315669, 263168, 18665, 408166, 29420, 423985, 471965, 307864, 118549, 308418, 362670, 259727, 455544, 495572, 259524, 253143, 159530, 220342, 12956, 260190, 33313, 59308, 368116, 26897, 355479, 209389, 238296, 85213, 225653, 404762, 219724, 320683, 223486, 331016, 240600, 326093, 389613, 400572, 188251, 24171, 197512, 152884, 400105, 455132, 162315, 231554, 416793, 356291, 10971, 459134, 69852, 363583, 20751, 350508, 308726, 423874, 483648, 363381, 465083, 50849, 384337, 426437, 226529, 48401, 295822, 257108, 129275, 39677, 176091, 458714, 49020, 62582, 210823, 385414, 124996, 24989, 72064, 132476, 404786, 241374, 353327, 447293, 46049, 396958, 22063, 248911, 132487, 101347, 164415, 68881, 497830, 461879, 10594, 461035, 276683, 345525, 223843, 200021, 498753, 304073, 34786, 53036, 350517, 328887, 389127, 34811, 322108, 186211, 402738, 433754, 479236, 42705, 5210, 136536, 197995, 276746, 24634, 400876, 134886, 150151, 439376, 490007, 484705, 32044, 4241, 43313, 378519, 207174, 368630, 475261, 297565, 211730, 148507, 406092, 115143, 465316, 176648, 417390, 294343, 376028, 393121, 143419, 73573, 217090, 128633, 399822, 116414, 216606, 440891, 456309, 316536, 401885, 252116, 286451, 472546, 296579, 303003, 141407, 448503, 429972, 315124, 149662, 489442, 172185, 248931, 49429, 423225, 249717, 266881, 293532, 353868, 345776, 458153, 223038, 309953, 59922, 481092, 448784, 276798, 96202, 424420, 147898, 431465, 397191, 274235, 203124, 2670, 180262, 22960, 333297, 422535, 449376, 283979, 216434, 8597, 451527, 432014, 32316, 283530, 90500, 247664, 207953, 6318, 175906, 353641, 49655, 134380, 445223, 145453, 42311, 330752, 442384, 20251, 148557, 134678, 281255, 8654, 325871, 449547, 381499, 349744, 256080, 392040, 318941, 105747, 401405, 413712, 425303, 207604, 32280, 91967, 497869, 243996, 405687, 109717, 124678, 202224, 448010, 193576, 496603, 222373, 425291, 190079, 358253, 103878, 197598, 254959, 37714, 171696, 128688, 180409, 42371, 170218, 277520, 13209, 296610, 481683, 106664, 470522, 294496, 413873, 2035, 477668, 229603, 301869, 497138, 406764, 230093, 4587, 219373, 464079, 396448, 83808, 66905, 221653, 283956, 125229, 316002, 299367, 53798, 396895, 8321, 163809, 174038, 196027, 247396, 73816, 315437, 403333, 357582, 430132, 246188, 497698, 182457, 179607, 75261, 449765, 454026, 100854, 324477, 167264, 351935, 447607, 324656, 364026, 37890, 439508, 332252, 313774, 309881, 41813, 420167, 179657, 172381, 102160, 141615, 237364, 165200, 269038, 494437, 231503, 399835, 81955, 49521, 391116, 84439, 336377, 119236, 397612, 479743, 438258, 349613, 141391, 61909, 23827, 138408, 385486, 371782, 331874, 259942, 82580, 404284, 267478, 198123, 276490, 498019, 122313, 319712, 40171, 319525, 226002, 489451, 133667, 137272, 176770, 488849, 59920, 21864, 325525, 483341, 341808, 3752, 361259, 196396, 95733, 357869, 1381, 323691, 471803, 230375, 314782, 50056, 336663, 179486, 442258, 387856, 317256, 328860, 53672, 91643, 191099, 260394, 7115, 165232, 411636, 388573, 431788, 321631, 102597, 301901, 102264, 25645, 238843, 268613, 470219, 222530, 437238, 122480, 248026, 65705, 39757, 148915, 323463, 114344, 213414, 285975, 142159, 330838, 67816, 93305, 50954, 25077, 161198, 325700, 339282, 278949, 301669, 345343, 134078, 54587, 249847, 70542, 158326, 407086, 260139, 34211, 262847, 394114, 201903, 256498, 62610, 41641, 18937, 178058, 380655, 33032, 298903, 118645, 341060, 406658, 403718, 61631, 495185, 179905, 388477, 252659, 87080, 7608, 483010, 323246, 135641, 353, 498231, 482682, 293927, 296647, 409914, 229570, 488339, 444101, 401127, 186301, 412975, 167404, 79015, 242077, 141587, 20748, 432287, 213003, 306893, 107564, 411914, 165233, 444683, 357387, 17842, 149880, 268575, 145898, 308400, 487462, 477304, 446147, 487198, 403437, 17667, 191398, 301371, 474464, 351993, 328523, 183088, 17246, 491787, 48181, 318128, 139521, 298954, 394241, 90915, 117219, 66926, 184363, 420202, 149690, 141760, 226333, 324189, 173107, 253684, 212926, 289128, 321222, 72870, 42347, 25968, 269812, 56690, 24156, 253970, 447009, 363582, 44406, 110778, 134992, 91861, 92695, 46220, 25971, 188551, 282741, 120467, 392560, 349831, 98349, 248929, 205354, 395959, 293240, 179223, 61914, 360912, 120443, 458685, 434386, 176794, 368, 377565, 247641, 273099, 279853, 149610, 303531, 293070, 83487, 302200, 39116, 384202, 406096, 96967, 248482, 253732, 381472, 72776, 26005, 159148, 363314, 255696, 133442, 313824, 168330, 291791, 114230, 269654, 126865, 441568, 157969, 207724, 245555, 314298, 154608, 386272, 103302, 307401, 488198, 167830, 165158, 144941, 115829, 322219, 391189, 477785, 408935, 402248, 167333, 498182, 480755, 372953, 271295, 286162, 436686, 495264, 232957, 41505, 249723, 216364, 77129, 408867, 400961, 84814, 157621, 20722, 53291, 98814, 26275, 320304, 196901, 244269, 413491, 173580, 197839, 292735, 186794, 363368, 58943, 433700, 61058, 482467, 463965, 132580, 25448, 107319, 413029, 209549, 479182, 352623, 208150, 122086, 313029, 1931, 284407, 331283, 399682, 186478, 357534, 229506, 126158, 344416, 197811, 90505, 497672, 268497, 136661, 22228, 61287, 228559, 280358, 385573, 271486, 281035, 302217, 17095, 280290, 498644, 170497, 368507, 429117, 17482, 200634, 437162, 203670, 328642, 321057, 445073, 296039, 81058, 70457, 124755, 109669, 244013, 244726, 235036, 32498, 60704, 247419, 298980, 202606, 197627, 76057, 229118, 386387, 15877, 4063, 423093, 69759, 448208, 143769, 273034, 31076, 479348, 39329, 483989, 109688, 423499, 482956, 221447, 244060, 295778, 472862, 365491, 233708, 436176, 291614, 54835, 381216, 89852, 314226, 191045, 266221, 50068, 34809, 472660, 290611, 6476, 448601, 388818, 197739, 429703, 445909, 330633, 180843, 70313, 349844, 72415, 438782, 474790, 167932, 162992, 463640, 74982, 417683, 28401, 417747, 113744, 190241, 320975, 386668, 102178, 295, 368781, 313052, 159251, 176989, 437339, 181972, 78862, 193882, 323952, 360829, 3181, 227382, 478571, 163238, 287983, 188115, 371989, 448501, 114109, 435191, 81722, 404326, 443746, 262319, 429190, 309692, 140984, 320449, 64281, 319515, 198831, 240162, 421608, 355856, 141280, 408634, 379102, 37372, 360171, 357533, 427405, 293941, 25713, 80311, 41103, 242235, 211983, 180476, 91106, 255387, 392023, 422299, 215782, 139894, 180322, 451577, 422280, 299181, 40963, 144134, 272192, 349508, 238137, 141790, 117223, 439394, 110743, 453004, 142410, 164524, 316530, 203792, 107517, 108728, 191643, 155073, 89167, 485523, 138594, 384499, 269580, 154988, 400758, 285990, 61764, 194952, 499316, 224033, 188892, 238643, 37130, 267186, 3381, 269806, 140122, 26348, 117963, 435834, 445963, 35167, 16989, 440883, 20660, 68529, 293043, 22139, 249825, 228570, 295332, 66740, 344184, 182585, 244898, 88661, 29079, 67330, 290419, 423526, 245356, 254101, 180776, 172135, 41321, 335032, 455652, 491056, 58443, 272238, 399783, 36215, 93613, 172357, 381706, 196279, 264125, 191344, 163564, 341257, 415024, 38377, 195971, 259294, 123193, 40571, 32428, 164821, 326706, 372322, 423619, 473268, 373386, 754, 294838, 334725, 95054, 299286, 278288, 41736, 261926, 156441, 211896, 112278, 226627, 58109, 283620, 476379, 275669, 220694, 486869, 65254, 337584, 298975, 453668, 440385, 222378, 459643, 236970, 159168, 184777, 363892, 211267, 412755, 256649, 323872, 51591, 206960, 344169, 459106, 48304, 40887, 56817, 221662, 368230, 327767, 406811, 393861, 443629, 485672, 200281, 209725, 233697, 227352, 70086, 192385, 476177, 245400, 168915, 380070, 214289, 122873, 70984, 28563, 489144, 100585, 407747, 64749, 24960, 86393, 309416, 459319, 271219, 389025, 33687, 410655, 423505, 378057, 192300, 76002, 199978, 479746, 266365, 65640, 430638, 470878, 21370, 2661, 479185, 375284, 195545, 159888, 162185, 237105, 412794, 353777, 68195, 32799, 8154, 41554, 331297, 15057, 216884, 127325, 124582, 137303, 205204, 88971, 67601, 88449, 248267, 99765, 367128, 200069, 311074, 440242, 305849, 449826, 227119, 243433, 318149, 470178, 152279, 200999, 171827, 305171, 39552, 139820, 197103, 79006, 415940, 130418, 68250, 146885, 89788, 422153, 132120, 455279, 232757, 188767, 178391, 227087, 79562, 239979, 181070, 289372, 110322, 272519, 495116, 436315, 197320, 77029, 244685, 164309, 407379, 9819, 307600, 393952, 465745, 373088, 468163, 362196, 152716, 377270, 27547, 330624, 47291, 291594, 183057, 175795, 454936, 185398, 249470, 99994, 439470, 218011, 264635, 274668, 246619, 472213, 220389, 140646, 351302, 217972, 124710, 94552, 216486, 113088, 95974, 149371, 236332, 74873, 26904, 273145, 183147, 358395, 74811, 296706, 57857, 279444, 262314, 162261, 65094, 26494, 254899, 450735, 86797, 420874, 338986, 66732, 208897, 200869, 80552, 100718, 183434, 473783, 408405, 425784, 87892, 490153, 189767, 329180, 47299, 487082, 465531, 246063, 279237, 67244, 57826, 95615, 299714, 230530, 390412, 249820, 364015, 217862, 162698, 284096, 276276, 273265, 39404, 267720, 173404, 257365, 323073, 280849, 498414, 24312, 364155, 187756, 98700, 117363, 485297, 75596, 102143, 415015, 416270, 283525, 188896, 147060, 384974, 352315, 470721, 272656, 69069, 395693, 83622, 60654, 174663, 288091, 417586, 325035, 323788, 461417, 383622, 48447, 8640, 331461, 205214, 137455, 38753, 426869, 326730, 404701, 386275, 328032, 494914, 54826, 57704, 396048, 390196, 335858, 207456, 330050, 20417, 212912, 71518, 211668, 242386, 331629, 306842, 316301, 40727, 15793, 273073, 357167, 348556, 299722, 187251, 124411, 409060, 217037, 272489, 494761, 387986, 140031, 90547, 235278, 196681, 277266, 448915, 206153, 309001, 438905, 72148, 358321, 447749, 197095, 327905, 167441, 374591, 217515, 154224, 310546, 395251, 343502, 317010, 26841, 213761, 434622, 148329, 90919, 282876, 227289, 104943, 118441, 455031, 483657, 296469, 299544, 464041, 138534, 422618, 50126, 404844, 109979, 458663, 335348, 380846, 127677, 374154, 225156, 447600, 275641, 60786, 223728, 316096, 84368, 197521, 467258, 305323, 250989, 42610, 467529, 397930, 182731, 392474, 89910, 198308, 426113, 242425, 80549, 193381, 239285, 265184, 454719, 301209, 158487, 436143, 175719, 61478, 488748, 39574, 374143, 227631, 359563, 366599, 439174, 85556, 200046, 189243, 453983, 179183, 415330, 196280, 149086, 147094, 88283, 146692, 118850, 258900, 383582, 215380, 309414, 39155, 417540, 271755, 215689, 386319, 379653, 186242, 233017, 237153, 228477, 362338, 289918, 420269, 95608, 470669, 175768, 310213, 331998, 6116, 49264, 286184, 246102, 392515, 206073, 392030, 64776, 236756, 172104, 384970, 498093, 102025, 494622, 191980, 192029, 458476, 197567, 96523, 174732, 4934, 395936, 150668, 317915, 147262, 105541, 517, 442366, 145813, 441228, 28886, 147492, 30766, 148462, 423624, 154338, 456630, 137670, 481599, 427749, 223886, 138497, 332901, 293859, 109754, 213742, 82000, 314555, 202068, 230409, 49345, 375310, 269051, 35454, 226259, 304457, 316635, 14742, 222771, 227880, 448625, 107322, 189312, 234646, 470138, 200827, 254533, 308073, 102681, 148156, 373392, 287036, 5313, 197536, 182994, 47975, 197846, 40388, 152862, 413591, 412692, 406505, 172640, 45928, 333866, 310898, 190654, 239513, 38483, 289904, 253403, 133114, 317878, 495835, 497659, 491714, 371420, 94155, 347204, 328141, 423955, 183652, 61038, 241997, 59731, 335741, 490914, 430431, 252076, 389254, 255970, 282308, 387058, 345596, 222153, 250925, 326040, 211285, 100761, 413592, 272243, 99059, 170957, 85775, 388802, 499795, 111065, 352330, 277415, 494115, 242493, 290858, 300615, 258341, 309854, 9863, 482717, 368737, 181559, 256493, 276176, 396070, 265346, 217210, 21960, 202986, 485203, 347673, 385910, 326318, 360081, 357430, 21424, 493494, 499623, 257530, 244527, 148947, 107526, 314943, 16134, 142498, 260637, 266128, 219656, 286892, 259238, 461421, 295417, 431022, 494305, 278477, 462152, 216918, 474913, 208014, 316241, 44474, 153218, 480754, 196748, 324063, 371163, 412170, 169525, 63191, 458433, 20579, 180833, 171741, 284812, 199030, 171414, 414699, 39359, 199314, 189906, 71031, 57612, 86930, 306844, 2928, 376931, 121095, 405464, 480945, 220936, 187075, 293714, 128907, 95824, 49286, 214857, 408222, 465369, 89762, 315963, 329625, 295503, 243076, 275574, 48056, 16987, 7711, 498931, 128886, 28429, 353121, 294999, 329315, 484208, 405649, 304118, 317314, 472767, 177752, 190362, 23596, 274144, 225265, 395242, 424725, 281445, 379334, 483947, 310252, 372125, 284274, 325289, 364354, 352182, 453111, 308818, 374097, 106537, 473489, 460753, 44224, 109514, 414583, 188311, 30011, 31114, 122342, 248472, 239531, 88939, 363151, 328424, 299349, 295842, 200242, 343805, 134603, 26088, 384137, 305411, 116081, 477687, 307884, 377459, 425755, 139967, 333352, 219457, 11376, 382181, 170872, 96256, 12060, 21553, 128654, 45460, 233549, 203224, 32480, 28131, 468139, 273752, 467492, 67039, 167568, 345406, 301011, 488520, 131066, 160409, 384765, 32488, 256872, 187787, 407292, 284423, 170976, 476942, 104680, 87547, 213212, 298675, 123445, 412346, 197652, 333615, 44420, 146180, 475719, 349510, 343999, 259349, 371039, 494317, 323266, 100834, 225012, 16501, 271947, 253935, 469853, 190344, 2183, 418144, 362652, 248365, 266502, 445430, 423074, 359981, 481714, 192940, 409799, 187518, 396776, 387787, 174618, 195115, 299695, 483857, 456130, 280419, 199405, 73342, 39885, 71932, 424409, 206303, 405356, 357905, 10772, 379755, 236223, 178391, 264650, 275113, 397143, 440771, 3257, 283200, 339780, 203355, 53008, 333169, 182324, 402896, 416698, 321874, 213517, 412727, 180507, 431837, 242460, 118701, 387600, 498190, 144142, 199482, 170393, 149865, 22591, 15419, 226731, 33848, 323952, 132444, 77094, 322694, 340319, 113899, 323401, 378112, 467381, 102893, 189310, 292378, 93568, 381728, 125356, 357082, 184, 390033, 441507, 97523, 459031, 109118, 370084, 17096, 118195, 206666, 396560, 440095, 123333, 54500, 24533, 33189, 316228, 36861, 416709, 463841, 482360, 354368, 52051, 257699, 214659, 383258, 477733, 43183, 376563, 498071, 72947, 28615, 330770, 348325, 198634, 190497, 308213, 299344, 431376, 232683, 9785, 39906, 200225, 146244, 456047, 380215, 62990, 123719, 242415, 240357, 344627, 146178, 373923, 84033, 109888, 96737, 443443, 85887, 204040, 261028, 410695, 129343, 433008, 88827, 497252, 321780, 81265, 2744, 349454, 102576, 253682, 132439, 111383, 219188, 120390, 261358, 191963, 308848, 407207, 247069, 323899, 157274, 482199, 418510, 353493, 265813, 343587, 72203, 267742, 251336, 290661, 146573, 492353, 257270, 497123, 469542, 361195, 18432, 324406, 218239, 72341, 387367, 296608, 314430, 483751, 256588, 246408, 331860, 328219, 456136, 407559, 222527, 131526, 220173, 475203, 291034, 453555, 174740, 474375, 287826, 187198, 55375, 234469, 228961, 289521, 82824, 397841, 296397, 308962, 273094, 304299, 62042, 40808, 273075, 330330, 32339, 88053, 187882, 215029, 389297, 410004, 274847, 57126, 28718, 314997, 233361, 88847, 60919, 15307, 58373, 444298, 427269, 89997, 45888, 9470, 171274, 442571, 56066, 125832, 80763, 181899, 377220, 481591, 105508, 399216, 378109, 118837, 55569, 169955, 438942, 245149, 256201, 157294, 92872, 306099, 35945, 50355, 379695, 147474, 297759, 232876, 475043, 358532, 394653, 31781, 113481, 78568, 117197, 362628, 219061, 108592, 350371, 184306, 475727, 75970, 207384, 233866, 86937, 302761, 490115, 149169, 435405, 344572, 142438, 357819, 474877, 380359, 266238, 360566, 33279, 222033, 112087, 131161, 380796, 105581, 323062, 185735, 341880, 309327, 360752, 447375, 28859, 225110, 456953, 174904, 137701, 221918, 258323, 333729, 338299, 293829, 1637, 246850, 182608, 393415, 405159, 186167, 265930, 194883, 153289, 454951, 300097, 278171, 423088, 495235, 446115, 470216, 8825, 326874, 152460, 214742, 8051, 239691, 20421, 476125, 319265, 262808, 219114, 63087, 203937, 411461, 390429, 70946, 159119, 344398, 48710, 457103, 192348, 369253, 158446, 163572, 293007, 211185, 5201, 459366, 451433, 425257, 399347, 32823, 43193, 338846, 201212, 411520, 122821, 216440, 330495, 81911, 389228, 495858, 5951, 403066, 287377, 206977, 8994, 323502, 478368, 103877, 90039, 177102, 330383, 169798, 181096, 202843, 162342, 348947, 406045, 309563, 200534, 198908, 272277, 183224, 91133, 20247, 283646, 29023, 56162, 333889, 71638, 107048, 442265, 169964, 71352, 433964, 130739, 397814, 238126, 314094, 230275, 342801, 28090, 415048, 63150, 250944, 189819, 14943, 205115, 143950, 406406, 117147, 30712, 171997, 495391, 354334, 34238, 458351, 433258, 490389, 297215, 467325, 405846, 9115, 242839, 417931, 373628, 128899, 341795, 382550, 449574, 24531, 475307, 368910, 358298, 305411, 155955, 231585, 376281, 224157, 367543, 98421, 417555, 199564, 190858, 404115, 217517, 39764, 306149, 366930, 130985, 345550, 343679, 485602, 91730, 45333, 26819, 132325, 14398, 297041, 155183, 364462, 213918, 425959, 127897, 224720, 75775, 62830, 187583, 112637, 309423, 304139, 249880, 149651, 229231, 341638, 361254, 221155, 301360, 147665, 55300, 131547, 112379, 392311, 162168, 22054, 146563, 277559, 32037, 438592, 193471, 119177, 494235, 59839, 61306, 181330, 235615, 332393, 249627, 62783, 225294, 167685, 268899, 107460, 41754, 450889, 294066, 400102, 176911, 361486, 158989, 239475, 381005, 460329, 399711, 44037, 469939, 363695, 286278, 92945, 35134, 147125, 341283, 92758, 59507, 222502, 455906, 475033, 208903, 161507, 124341, 76160, 316666, 90759, 447909, 476678, 348142, 228769, 364522, 302870, 365162, 121187, 42032, 84840, 361111, 116843, 332367, 327475, 182897, 165090, 178818, 185714, 320106, 183278, 499741, 81907, 336555, 373421, 422424, 439919, 91440, 28182, 343658, 457311, 345289, 442029, 217549, 1385, 424067, 417502, 495020, 306675, 382590, 78455, 395407, 461398, 51339, 77405, 142835, 17386, 431700, 78595, 449905, 133909, 96420, 208316, 238160, 137327, 83871, 178064, 434403, 83851, 6518, 347520, 209724, 232239, 283110, 359539, 252455, 210860, 335120, 361058, 140649, 4434, 96543, 294419, 25487, 302064, 282600, 349709, 102478, 45947, 398244, 484453, 22603, 122001, 262801, 7090, 294649, 218332, 127625, 436643, 392673, 89033, 186987, 175610, 470801, 100106, 400039, 207626, 198710, 137732, 399366, 11134, 320852, 335758, 420026, 278049, 228599, 123293, 492193, 355451, 207800, 24984, 18020, 357977, 141692, 263658, 14885, 153416, 10746, 120565, 321750, 223598, 399602, 126464, 12079, 8956, 177565, 436833, 191581, 185769, 305195, 266514, 235032, 219458, 303562, 112007, 467948, 427720, 433821, 179511, 408896, 394013, 105593, 309486, 290911, 336167, 186813, 346068, 97173, 281286, 185862, 260387, 228629, 346817, 79671, 452157, 454965, 63629, 317, 269648, 129409, 131037, 190416, 74518, 376753, 202792, 442348, 147630, 410383, 443461, 166272, 319271, 387233, 298550, 496092, 235318, 435953, 386690, 397808, 256423, 15538, 199066, 137145, 27504, 154771, 168654, 59478, 86363, 287498, 248052, 17496, 333526, 435074, 161712, 104616, 4368, 341431, 253914, 97978, 156473, 47782, 377354, 236920, 435818, 35083, 101810, 181797, 144792, 373535, 425360, 286415, 33266, 266558, 373074, 220765, 309344, 49084, 268448, 371611, 135228, 352974, 309017, 279502, 407983, 271850, 63885, 154203, 482413, 464558, 250091, 315882, 5755, 182489, 30295, 163507, 24159, 339847, 81354, 418491, 80866, 87854, 409194, 266994, 64628, 12187, 383324, 277106, 159877, 376324, 491881, 67978, 486172, 155335, 476394, 418555, 456114, 34524, 452675, 455665, 380464, 59249, 14141, 493291, 306595, 131194, 307972, 153141, 277367, 99024, 55343, 433516, 179903, 233417, 318408, 473066, 105628, 290140, 472172, 319766, 492489, 4032, 379574, 405714, 290291, 173957, 237663, 382491, 464735, 21335, 12747, 257689, 496695, 46135, 9802, 480692, 495140, 449811, 20212, 421956, 402012, 75813, 264554, 90167, 408242, 379182, 449655, 303735, 348663, 16319, 33890, 322502, 421828, 489027, 103438, 411457, 258171, 160923, 394996, 81562, 389786, 393438, 240872, 385166, 32846, 340723, 498728, 225303, 182551, 142040, 417486, 406003, 120834, 65374, 267905, 358875, 446407, 13636, 447497, 206555, 200349, 353067, 337167, 338910, 354877, 45715, 47677, 404988, 466279, 168470, 445717, 295039, 273729, 36570, 86007, 49706, 143782, 176100, 224661, 43023, 252013, 93016, 256337, 164978, 301295, 287885, 67984, 170185, 6043, 113803, 172187, 302782, 69812, 276080, 156848, 483362, 173753, 160405, 325504, 440113, 351266, 319078, 97330, 52062, 202063, 461767, 317389, 279308, 20534, 363530, 469529, 312693, 356923, 5932, 21684, 491122, 201784, 233092, 194752, 333118, 88524, 316836, 429730, 451588, 200954, 276363, 254142, 370959, 371026, 382763, 272013, 335590, 370944, 284974, 322483, 78000, 9348, 184727, 251904, 153380, 478042, 154493, 226688, 93820, 454806, 397275, 60414, 113494, 316994, 218684, 499515, 307955, 109653, 177149, 124131, 127433, 80495, 133155, 266930, 397929, 428883, 483645, 257532, 496987, 128201, 389098, 151530, 445079, 64845, 353263, 381988, 185575, 465119, 260845, 420476, 123353, 265410, 40715, 65983, 94463, 427507, 380053, 227765, 339563, 441817, 288302, 364699, 168301, 137453, 177190, 320809, 391359, 28538, 166970, 275627, 352178, 364269, 347307, 28752, 79622, 86836, 489940, 36069, 420397, 436438, 132514, 12319, 368584, 224450, 108876, 336218, 293175, 349991, 207049, 105857, 315564, 495063, 445942, 81263, 112736, 444676, 275210, 312087, 422251, 306470, 443758, 177178, 5073, 475478, 6220, 101775, 442268, 391648, 30915, 92883, 67733, 274135, 75319, 156312, 169354, 443665, 173288, 292209, 205996, 230683, 17936, 490389, 292219, 240986, 145427, 300431, 135741, 246397, 16930, 81961, 296822, 27653, 137540, 185801, 60522, 247550, 491779, 285158, 118415, 47239, 418935, 196441, 353146, 171866, 384287, 106285, 88489, 204621, 297029, 143530, 387320, 117556, 245624, 238551, 298849, 439011, 341139, 422455, 68694, 331562, 186706, 44395, 141050, 489248, 38221, 17871, 402995, 104665, 18537, 166446, 460506, 109956, 9161, 187072, 337055, 43943, 124949, 240764, 466551, 421584, 432652, 175372, 385170, 366122, 331789, 398994, 139353, 40657, 99260, 420540, 102130, 15748, 289831, 227692, 314455, 144508, 34024, 110103, 358517, 270167, 433006, 156040, 217541, 314018, 262846, 258211, 232563, 14524, 174640, 21811, 5653, 23910, 157790, 449178, 107707, 59811, 317235, 249138, 17100, 473146, 22261, 78686, 469684, 391898, 383244, 42795, 188506, 190294, 446897, 5346, 420797, 424929, 245654, 193910, 432283, 99665, 370072, 390203, 56913, 398140, 403945, 459192, 350809, 242926, 178827, 127589, 200773, 438003, 352949, 490637, 26044, 240114, 74785, 164471, 340763, 821, 52009, 279655, 171739, 150188, 326101, 99580, 183753, 67199, 197528, 20647, 141670, 146356, 401008, 146122, 291819, 416619, 466810, 225809, 22196, 498469, 359236, 3844, 407457, 234535, 105676, 108049, 9575, 132695, 377342, 454259, 440004, 495924, 309956, 17781, 114588, 492919, 349172, 495879, 57303, 482573, 415769, 432572, 300457, 404484, 21122, 479631, 151171, 331487, 34627, 290796, 328971, 446040, 202180, 87165, 133966, 192035, 154292, 79421, 386274, 56867, 240426, 76667, 150661, 371101, 198828, 299468, 209445, 107348, 322235, 131799, 105307, 380484, 338060, 251265, 299790, 429279, 28251, 392742, 493292, 254969, 380964, 272366, 454490, 121116, 120022, 161906, 458280, 407133, 310612, 327945, 167373, 266783, 154016, 318904, 263660, 266079, 65398, 413915, 137134, 429683, 359034, 6468, 455416, 141214, 392884, 384589, 336038, 34407, 242612, 248681, 402159, 221984, 369108, 262227, 67084, 480995, 326103, 488091, 377143, 361051, 473030, 424379, 200210, 302561, 143778, 139001, 359563, 38071, 291223, 23760, 437541, 232679, 271870, 89035, 3513, 25270, 68187, 277566, 15839, 463318, 324083, 180965, 233269, 80217, 406597, 387902, 8624, 207205, 429472, 100031, 134551, 138948, 117496, 22537, 98219, 29922, 344590, 474734, 437143, 285431, 204504, 191935, 55082, 158671, 181145, 366271, 224726, 158958, 24400, 338826, 174393, 480004, 322121, 11198, 317353, 81536, 150020, 64038, 423259, 378206, 407314, 309967, 165082, 109624, 266596, 33018, 303850, 244694, 354179, 98748, 403145, 293704, 371611, 106773, 133686, 479559, 60720, 260852, 178384, 174119, 258737, 8563, 290908, 310763, 199999, 41476, 456531, 305428, 488798, 348322, 189341, 287846, 294404, 186755, 142055, 40209, 173281, 169802, 135275, 356226, 454153, 30091, 319560, 422578, 226719, 8085, 79070, 284720, 111748, 350254, 433553, 31096, 363559, 189952, 101177, 121614, 481660, 204838, 54949, 363089, 62220, 77238, 67925, 428225, 48083, 74946, 148141, 404320, 264956, 96952, 174432, 160581, 105746, 144367, 32500, 312134, 192553, 134365, 250838, 369835, 276085, 255739, 376938, 158289, 378111, 49873, 385554, 426164, 13029, 410783, 262827, 47805, 18612, 20826, 103186, 65623, 212744, 243434, 238520, 264459, 278892, 350209, 207256, 426985, 30894, 51622, 183115, 102574, 8051, 482661, 225654, 145272, 155121, 127004, 442566, 432085, 133331, 369116, 77858, 335398, 309473, 386835, 1024, 261029, 445550, 27644, 253869, 7555, 349145, 327387, 194553, 246817, 238148, 309262, 348935, 482094, 25360, 259367, 161906, 252544, 176352, 236406, 109018, 82525, 362456, 90418, 361403, 466642, 259002, 329638, 485800, 195733, 129444, 253736, 315772, 192808, 293033, 455802, 137830, 438067, 34475, 306289, 160845, 263112, 83833, 92965, 6390, 218652, 172904, 44555, 257841, 86331, 31241, 437857, 356558, 57387, 459279, 49722, 199377, 254698, 31121, 176802, 97051, 396884, 109209, 484179, 141640, 350168, 415397, 215038, 455271, 70805, 240274, 448251, 351489, 134181, 354171, 341223, 83626, 128772, 475712, 466297, 250047, 260954, 281293, 260200, 455607, 497760, 179234, 51444, 361926, 244149, 160674, 125299, 121712, 395138, 396310, 106738, 397462, 208124, 3041, 55298, 33927, 394147, 111850, 388394, 366706, 5641, 212428, 412473, 329394, 41929, 317051, 305892, 23247, 399329, 232138, 20721, 347966, 289531, 467612, 113778, 385880, 465942, 109882, 313531, 428177, 180545, 59114, 12976, 176359, 103207, 160255, 249814, 326418, 332861, 139626, 212430, 24221, 68306, 381894, 400166, 119198, 231879, 370446, 415770, 6144, 176627, 111052, 371809, 286354, 1618, 299968, 367039, 467234, 159692, 254825, 24898, 434416, 310631, 355731, 22133, 319162, 280610, 326628, 327280, 190994, 309939, 374974, 386923, 179346, 268177, 149816, 71877, 146401, 337685, 223362, 488257, 110380, 122030, 66974, 148674, 495124, 405076, 414673, 30297, 480310, 140517, 457788, 428261, 315180, 333331, 213895, 377018, 215808, 192275, 346571, 487419, 131035, 362088, 366680, 315598, 114750, 354730, 434667, 132958, 215382, 143274, 187419, 229953, 322173, 372888, 418008, 399285, 210817, 7248, 194349, 330327, 265972, 467945, 175636, 299153, 340310, 239271, 134130, 62067, 463544, 193271, 307048, 458187, 464599, 482641, 337069, 154010, 316979, 129348, 165256, 97090, 495930, 177542, 343546, 214683, 167138, 124436, 65907, 10310, 216265, 53107, 416711, 156575, 396650, 107152, 79240, 279438, 408843, 87999, 226794, 376089, 48190, 437634, 105335, 198365, 152599, 171108, 438382, 369881, 153211, 22799, 491849, 280558, 430976, 405604, 233655, 47509, 27491, 120304, 157703, 42652, 250870, 132512, 367998, 42254, 354746, 453700, 125765, 285353, 242770, 301283, 458733, 150051, 472389, 65701, 314233, 475924, 73325, 480492, 263269, 84501, 479394, 47320, 266185, 100344, 252234, 58515, 336572, 380902, 272216, 330490, 146314, 59053, 282997, 418462, 241684, 251694, 440413, 269350, 142355, 332027, 144384, 432777, 112724, 143192, 58866, 398954, 295828, 375054, 450120, 482690, 34967, 195162, 177816, 210159, 210210, 388778, 18692, 34634, 478850, 86718, 70277, 64038, 144501, 235059, 416510, 331771, 109067, 482539, 431015, 462657, 271282, 413808, 401764, 57528, 115546, 139528, 14063, 434694, 338956, 355270, 206245, 250849, 189409, 390835, 466409, 268723, 172205, 217909, 60543, 237618, 236563, 97319, 351767, 435394, 254402, 350222, 230456, 211295, 286935, 129203, 166099, 266185, 235149, 349181, 247658, 212222, 324493, 267143, 33850, 135642, 244881, 411022, 118340, 403843, 59258, 128405, 147338, 480972, 417314, 470398, 40140, 497, 124450, 122643, 410756, 154999, 387851, 377520, 19436, 161286, 61826, 249998, 315318, 166836, 321330, 148269, 56243, 250305, 164204, 430839, 483919, 234006, 117240, 16620, 37083, 281983, 423020, 246020, 407186, 338395, 479994, 294629, 378379, 242355, 477962, 325838, 407030, 91464, 402246, 141185, 180444, 313628, 331622, 481877, 354497, 482921, 57131, 435927, 356148, 332110, 140437, 492749, 132490, 96344, 413283, 372741, 384532, 246514, 199234, 95098, 464516, 300429, 319351, 156491, 266039, 187984, 120401, 71569, 77520, 234421, 457520, 138367, 455214, 248379, 227268, 116442, 397149, 181145, 441381, 17408, 428370, 170304, 192348, 463214, 227366, 126552, 117121, 459592, 112605, 232461, 212708, 229760, 7616, 358859, 376180, 421455, 97681, 419098, 431140, 201261, 478074, 394962, 274927, 381464, 83727, 98416, 51243, 3934, 173357, 77652, 102093, 425214, 423871, 57456, 374791, 379324, 32484, 455492, 249281, 259600, 26252, 306864, 176165, 155031, 285778, 479849, 187286, 464166, 118630, 444795, 387076, 28675, 448460, 424234, 209042, 74211, 26230, 109067, 326667, 248894, 336003, 299135, 433977, 333930, 352534, 435352, 391818, 416010, 489447, 468808, 318051, 272449, 228798, 463375, 183024, 71775, 14767, 235076, 347040, 403, 420820, 96817, 472770, 373806, 476097, 370441, 416051, 431894, 480345, 24580, 293492, 313394, 403334, 277421, 118240, 382588, 434577, 252401, 177450, 423584, 376864, 244093, 396659, 401537, 102335, 12675, 380365, 284156, 163144, 375560, 64814, 378089, 96647, 467238, 431774, 150130, 11581, 372616, 382180, 438966, 385832, 229075, 362018, 278040, 444705, 257880, 410667, 57059, 119301, 484227, 318280, 74581, 137566, 365743, 403274, 401534, 132946, 84808, 138579, 45718, 233153, 214507, 243863, 112047, 129569, 455992, 382141, 389357, 151420, 320121, 220176, 367049, 32581, 381162, 100211, 51910, 255610, 23598, 416463, 217096, 337024, 206882, 495263, 265858, 83446, 136791, 149765, 108397, 359656, 423117, 342875, 14818, 1964, 155860, 326609, 288730, 171749, 305188, 440167, 326775, 231839, 320399, 131683, 227570, 345202, 435226, 353728, 253668, 494858, 410040, 346607, 161036, 424618, 41987, 13276, 338955, 367995, 367785, 400372, 243794, 377320, 394283, 160146, 89591, 182749, 80496, 271775, 77935, 52233, 332432, 264377, 18569, 41697, 404541, 2025, 180457, 295051, 406120, 335279, 444379, 485226, 123350, 401737, 397098, 257794, 186357, 497425, 178658, 270190, 74588, 143810, 97000, 19920, 451899, 156466, 52185, 14073, 437966, 457245, 430941, 22608, 197336, 201232, 446101, 365948, 195686, 290943, 321360, 423462, 59664, 154431, 206097, 211177, 316242, 114346, 485805, 417961, 184838, 368955, 487453, 104799, 102885, 278483, 14796, 262485, 354508, 456004, 280259, 159033, 371931, 134836, 418038, 186800, 210912, 397845, 95782, 301540, 418099, 250149, 31302, 67304, 134466, 143697, 24194, 115688, 59813, 34346, 191673, 453950, 458014, 345223, 232844, 187840, 247241, 171214, 113095, 113590, 304020, 248297, 301764, 283628, 157540, 281357, 44853, 418016, 180759, 151439, 487801, 241594, 62951, 232032, 147435, 205544, 95168, 220783, 435712, 481470, 492611, 79475, 369616, 226949, 304770, 143014, 151610, 209542, 432020, 429489, 354238, 311628, 368571, 26383, 40440, 23677, 279246, 104592, 366781, 317218, 132953, 425533, 457170, 90406, 252322, 133010, 67569, 437334, 449525, 283734, 379638, 124211, 362782, 356074, 175000, 212654, 162930, 161397, 309928, 238081, 372648, 464475, 76899, 164933, 356656, 194513, 90816, 351256, 279694, 140659, 403798, 391795, 254488, 277668, 18683, 52990, 34797, 297228, 262268, 21195, 75176, 268990, 10828, 287137, 437143, 167364, 126825, 134119, 296390, 316346, 460911, 273087, 180526, 325108, 237967, 235981, 475908, 371548, 7740, 202738, 8255, 46798, 238496, 325992, 236557, 346740, 424602, 293065, 113488, 198459, 211000, 215099, 336247, 302459, 450752, 380236, 191739, 270661, 410716, 220730, 181709, 481027, 288401, 314171, 72831, 344131, 488497, 336126, 404954, 63299, 84703, 94073, 90853, 482857, 465930, 177385, 219708, 338222, 384361, 339371, 488238, 486101, 291483, 353538, 142351, 303853, 405592, 71934, 254762, 196337, 329194, 298732, 355428, 455013, 443310, 193300, 371607, 148901, 148606, 239349, 230583, 495090, 82638, 302169, 273691, 86752, 496103, 114351, 433157, 372023, 94320, 372871, 11179, 79442, 481517, 196757, 484266, 300132, 428037, 497311, 142568, 107404, 268797, 50515, 313251, 51199, 55063, 342669, 409269, 378190, 81441, 412617, 104904, 37145, 251384, 196816, 181015, 369178, 44561, 75348, 317124, 224512, 499396, 193512, 404622, 284109, 58424, 494506, 355275, 203848, 225627, 378693, 15367, 3453, 314360, 377215, 429176, 156306, 434386, 413085, 303768, 20656, 133730, 7461, 112455, 154932, 487376, 29274, 72343, 66070, 283534, 398940, 310030, 36730, 450167, 193605, 495714, 218607, 289321, 458164, 397764, 437763, 481604, 302584, 10066, 430395, 1781, 396442, 443099, 142281, 370628, 410589, 333267, 133963, 273071, 462081, 8983, 305453, 292776, 108034, 481539, 127367, 6346, 373284, 248074, 21313, 286124, 71520, 98652, 105016, 290985, 177721, 415754, 26461, 48980, 107165, 33132, 459075, 461884, 78901, 419305, 335995, 231822, 192725, 164094, 393664, 1399, 426297, 228327, 124429, 485241, 12105, 97479, 135222, 327870, 490347, 310769, 482886, 424769, 343925, 291486, 233345, 284050, 171359, 181489, 466037, 406870, 129684, 115239, 69121, 205620, 466076, 415727, 175421, 495482, 417129, 310858, 412150, 132343, 170717, 292830, 274508, 148221, 153735, 22730, 327653, 209596, 351623, 19132, 233651, 323331, 174563, 73209, 372612, 411832, 495352, 116295, 65511, 18107, 218498, 57558, 435718, 144083, 201272, 431797, 353734, 59707, 426581, 485690, 451867, 248594, 361791, 219118, 124475, 74958, 15800, 74489, 93181, 296358, 332415, 476785, 382603, 145505, 416619, 122246, 384549, 162643, 451252, 279883, 116987, 37764, 334011, 158051, 55910, 22945, 78548, 139329, 465561, 450876, 226123, 318037, 1072, 374395, 92614, 430830, 353931, 46574, 251619, 125914, 19270, 23160, 297431, 342050, 181719, 452881, 33264, 236825, 439141, 21119, 476374, 215052, 352882, 455173, 308902, 231288, 221672, 397491, 328576, 155880, 268108, 391794, 175002, 179149, 193727, 90911, 46036, 128732, 85317, 34953, 243570, 125478, 266897, 438260, 163909, 434336, 28118, 320853, 207312, 205556, 439157, 498463, 277873, 400423, 73817, 201592, 432598, 297317, 261904, 318328, 498677, 52445, 482267, 245980, 83673, 114996, 279754, 8692, 324553, 240172, 231059, 177618, 105765, 19930, 99002, 26477, 324214, 318397, 291872, 301871, 449519, 402968, 199365, 213113, 35335, 387654, 18208, 375536, 366743, 112943, 80229, 231480, 92902, 347473, 235961, 369733, 270108, 56370, 80598, 163605, 419411, 276677, 324459, 189954, 273679, 138671, 193641, 450474, 186371, 423490, 360810, 372547, 466605, 333956, 150151, 88218, 38355, 190447, 152044, 12095, 448300, 419702, 286158, 474288, 186213, 420062, 229674, 450626, 200776, 194284, 223046, 162396, 307927, 271028, 148777, 189025, 307894, 493130, 442668, 1401, 64905, 228615, 210586, 16970, 141704, 435480, 420138, 34303, 424305, 108806, 371635, 247638, 438800, 260925, 214303, 195322, 172516, 280361, 341266, 385846, 108210, 84643, 354654, 245200, 443364, 179506, 42223, 257180, 125622, 86200, 119272, 67078, 195355, 404620, 48761, 39783, 257695, 382460, 64196, 295371, 433420, 42741, 405779, 473609, 221168, 91579, 223869, 170589, 451288, 179623, 443842, 41255, 206298, 229011, 1327, 124585, 239294, 245599, 74293, 40529, 417520, 65941, 135974, 207781, 279665, 290845, 60127, 7632, 284800, 177948, 453584, 477515, 225303, 487129, 91217, 431281, 135387, 116393, 191922, 167125, 387501, 283052, 281886, 233762, 159047, 404713, 450287, 128656, 345476, 50630, 17287, 264529, 227226, 453180, 173498, 237813, 277298, 426547, 367717, 227440, 466163, 183926, 20332, 493065, 365776, 496571, 338096, 32605, 219798, 469133, 96981, 432014, 326140, 221316, 300181, 136659, 375346, 5423, 79674, 77078, 271684, 430672, 176445, 64266, 482818, 113605, 20715, 104968, 1118, 44738, 393759, 70993, 405039, 295076, 361992, 136617, 432479, 17872, 321245, 164401, 211760, 139698, 73981, 386265, 113798, 359473, 445485, 300371, 488084, 226248, 327478, 295345, 254440, 104790, 66895, 183830, 387578, 377160, 1148, 286264, 466939, 408051, 427886, 403029, 28893, 259109, 94728, 101236, 244916, 50359, 232115, 142537, 18543, 19173, 408087, 360487, 278156, 228486, 386730, 259165, 353278, 363729, 210951, 10185, 163235, 320240, 225325, 260583, 446028, 199331, 100559, 231543, 301489, 404918, 212215, 167333, 137136, 26568, 339204, 80582, 355422, 79207, 357579, 49632, 47350, 154513, 201552, 2170, 117004, 283174, 211121, 205586, 79631, 191691, 299293, 161893, 260119, 370034, 116445, 463234, 30081, 204146, 121919, 150962, 194827, 18443, 16048, 425639, 348320, 399099, 428533, 199839, 99393, 228100, 385460, 441020, 413261, 90658, 446122, 321774, 281481, 142661, 399355, 41485, 467759, 48338, 95439, 470010, 65429, 410999, 157041, 365280, 57741, 388780, 225019, 468931, 430083, 191563, 290988, 21023, 245411, 27081, 440953, 429322, 225621, 131275, 480434, 148911, 179486, 231685, 298561, 303882, 342034, 73445, 481844, 189883, 15719, 119611, 390487, 396943, 285971, 397427, 186824, 16918, 87073, 209373, 335498, 332769, 470776, 72325, 237154, 263702, 25950, 251271, 257132, 405414, 242782, 129037, 175340, 106594, 378309, 274822, 184671, 168480, 441355, 422436, 487863, 52541, 85572, 143498, 252921, 479726, 316413, 319313, 184636, 37270, 480918, 39743, 251345, 26067, 453821, 393627, 127039, 365701, 214034, 105658, 232494, 393535, 283171, 354573, 2577, 42476, 30316, 67612, 30086, 402901, 305021, 277366, 60097, 7572, 180179, 347996, 320013, 72902, 146783, 280928, 110422, 152733, 67879, 102291, 429405, 179973, 95359, 381042, 312350, 379581, 237975, 333902, 428040, 84559, 249099, 335164, 51424, 367416, 101480, 213714, 455257, 45335, 96368, 328595, 183473, 259122, 170013, 8874, 331479, 193055, 355091, 149696, 260422, 54559, 471175, 268919, 180977, 281126, 154394, 119789, 413075, 114905, 104511, 101515, 381373, 445453, 343538, 419166, 51079, 400790, 216950, 391964, 440731, 105827, 291352, 390305, 489062, 407712, 326835, 172676, 242709, 107184, 446346, 184369, 324627, 182368, 187490, 243572, 386158, 119898, 154899, 9832, 55287, 62616, 349011, 22119, 86145, 358318, 187993, 249828, 389632, 356941, 425392, 306186, 337356, 363389, 206401, 368873, 490230, 124914, 83588, 495320, 121285, 51109, 380831, 181458, 329867, 300963, 293720, 87661, 188747, 135879, 112012, 183932, 150938, 365204, 354097, 431628, 354419, 141900, 322020, 255487, 44484, 194857, 301146, 384363, 35302, 159147, 373004, 428814, 203114, 381898, 447409, 337421, 454938, 123511, 330403, 465908, 242331, 356849, 391233, 172707, 161548, 418876, 316862, 271315, 80887, 489897, 2424, 28553, 386453, 1894, 331514, 49112, 170777, 203892, 12559, 231428, 485996, 354041, 437550, 473319, 99845, 2196, 43394, 376906, 401283, 165195, 67301, 244695, 224296, 341311, 70679, 288483, 307880, 251425, 292913, 17829, 435030, 384662, 364616, 53504, 10714, 387515, 480386, 87680, 240152, 53207, 36355, 39798, 476260, 434413, 123304, 155930, 235686, 258596, 121516, 151610, 321023, 475991, 28936, 481461, 128578, 308516, 209765, 215880, 483008, 98867, 408043, 64572, 68296, 227548, 440769, 319628, 84952, 162577, 16026, 44964, 389785, 214122, 28113, 415455, 214557, 354686, 97153, 116660, 416479, 194209, 384740, 34949, 199255, 248694, 286191, 392883, 198346, 225679, 50977, 85560, 106406, 467395, 233254, 431644, 156243, 195095, 69735, 468840, 31707, 421175, 66602, 314091, 51824, 83842, 231490, 124474, 23511, 118929, 170210, 204329, 20460, 241184, 129727, 69141, 235470, 445432, 435061, 329492, 36032, 27069, 415634, 44647, 100149, 22285, 95295, 414593, 395531, 348983, 318932, 280275, 42475, 304818, 430619, 126880, 341869, 103778, 265281, 154002, 418853, 448640, 458590, 254240, 41755, 27868, 167325, 77237, 312841, 49901, 174822, 473602, 118422, 188863, 117177, 194495, 174170, 470387, 492083, 486751, 247124, 433745, 118907, 314237, 258059, 312835, 287445, 371018, 65265, 304755, 255523, 407743, 106642, 157627, 118646, 149390, 225334, 57409, 40105, 246196, 483145, 144008, 464378, 34448, 228049, 243001, 63112, 460790, 268346, 252220, 343468, 390087, 290710, 158049, 234347, 206740, 428385, 123815, 39586, 352328, 182205, 227163, 258779, 171220, 79481, 298669, 268988, 298781, 470432, 432555, 62262, 232496, 61729, 363839, 420748, 476026, 342053, 363291, 368295, 241500, 486056, 290845, 441628, 201766, 308309, 117929, 423005, 195968, 107165, 45898, 393262, 407924, 334218, 466788, 47105, 322159, 454463, 379959, 412800, 368518, 272288, 499483, 30991, 238575, 288276, 366530, 433977, 82278, 275938, 109589, 483464, 328431, 454400, 31256, 349640, 256339, 38598, 362527, 73697, 377865, 85773, 293905, 317770, 112450, 244774, 313552, 306871, 462208, 300243, 497659, 257815, 246579, 477961, 296776, 216183, 330379, 30266, 488802, 403436, 471136, 376822, 392080, 312100, 295559, 106680, 26647, 319886, 57090, 449055, 399160, 201862, 369772, 460677, 455088, 86567, 187988, 129891, 357646, 122605, 247201, 387279, 274822, 387514, 240286, 191255, 398649, 432594, 260955, 299946, 385603, 49608, 308111, 483607, 223714, 132710, 84649, 478586, 463724, 288401, 143017, 161860, 477703, 312816, 64686, 25323, 71523, 21819, 161118, 352204, 141751, 145447, 34617, 99688, 163902, 27343, 363733, 288234, 448763, 169904, 459447, 161151, 426391, 479136, 295472, 45885, 373320, 243671, 296235, 106788, 385202, 43279, 184895, 357838, 304946, 154785, 254435, 190871, 405761, 375104, 201140, 196233, 314422, 467860, 210946, 263221, 67646, 437942, 200948, 472711, 440181, 181890, 482133, 128329, 152566, 142639, 458068, 200019, 350910, 75973, 35214, 109270, 394541, 120779, 14638, 396354, 17916, 405335, 158156, 90519, 373602, 327153, 53302, 478353, 65502, 313531, 350995, 228809, 77220, 410560, 276838, 202980, 207911, 419680, 318298, 211288, 148910, 231990, 112536, 115048, 319075, 86760, 26531, 403511, 437559, 125829, 494325, 259253, 470356, 264128, 40088, 128665, 102044, 421849, 296125, 101565, 434716, 352624, 233441, 51938, 420345, 282645, 235891, 27958, 282230, 22091, 101035, 322534, 362982, 264718, 481106, 192280, 29787, 273228, 83177, 224022, 360813, 379157, 360935, 88296, 390190, 486531, 386298, 46816, 175692, 344296, 366090, 243896, 436351, 399084, 45773, 422743, 55672, 89481, 404759, 211545, 482694, 453009, 488585, 228545, 231293, 57704, 61467, 167186, 221426, 460909, 320248, 490411, 379672, 274110, 212860, 287676, 278565, 290394, 70682, 76848, 338758, 246668, 465599, 358427, 430949, 420322, 236825, 143872, 11983, 157839, 181644, 47641, 176499, 29750, 296667, 448212, 477016, 227548, 426286, 47356, 247386, 477947, 429577, 360106, 409933, 309217, 244354, 227611, 143790, 463965, 240016, 270118, 219015, 496156, 83927, 1409, 123168, 462823, 293297, 67242, 261415, 16689, 155360, 265207, 230612, 350114, 493999, 184116, 228357, 441011, 120727, 254738, 148776, 370421, 362901, 269228, 278008, 126123, 29486, 428194, 177518, 21335, 138488, 152544, 297728, 244846, 211225, 366839, 153257, 437074, 130763, 466243, 11385, 411977, 116878, 313554, 262635, 58700, 408904, 474211, 436897, 8701, 409087, 245478, 219184, 36174, 453430, 261488, 325669, 303739, 289041, 59436, 334231, 112575, 69017, 179256, 64548, 443557, 170254, 118594, 117874, 391119, 212682, 328853, 96855, 418889, 489596, 298500, 278151, 151467, 100044, 457154, 237971, 461692, 51039, 425016, 229163, 42451, 240549, 54985, 387922, 90013, 261768, 348807, 481579, 39649, 275963, 34981, 211049, 121523, 334816, 261774, 287722, 330754, 190089, 235853, 191590, 436181, 257902, 407402, 435075, 398049, 19599, 33104, 28274, 90582, 163145, 2810, 484446, 121905, 470460, 91896, 45481, 388622, 212803, 331314, 383850, 381612, 229274, 267321, 70988, 353092, 333875, 65389, 288114, 194226, 432862, 9113, 28652, 408521, 52163, 493446, 158836, 43767, 98624, 218228, 213292, 64203, 164183, 27730, 285873, 425592, 244970, 38101, 246116, 485852, 176941, 91055, 198809, 124154, 319277, 49891, 177847, 28621, 402662, 18604, 308437, 287469, 302309, 73407, 438894, 334042, 497409, 96437, 221980, 316505, 417555, 227763, 186920, 334278, 455483, 161702, 268331, 87287, 200693, 495578, 112118, 92061, 37741, 436392, 493981, 423604, 222793, 244619, 60776, 292841, 296524, 397559, 157751, 461766, 122366, 389050, 252248, 401248, 344195, 185744, 397053, 491754, 125335, 473244, 445169, 279631, 427809, 226794, 14992, 157513, 331589, 160738, 282225, 366122, 358975, 241230, 262466, 486196, 88097, 156913, 308011, 481487, 475181, 413711, 231725, 330176, 20808, 43228, 411933, 284016, 253366, 120560, 51436, 351115, 495804, 347507, 393097, 24940, 261485, 259518, 112197, 496930, 63058, 370775, 203875, 57729, 284500, 353810, 5406, 446856, 218116, 112534, 351882, 289838, 95246, 272362, 114437, 129856, 53520, 413484, 308652, 203670, 482686, 392018, 74631, 381301, 275345, 318347, 440357, 84862, 388373, 221480, 481277, 137149, 350607, 366198, 325592, 77761, 278738, 160142, 490007, 392710, 91656, 113769, 147058, 423861, 428175, 72064, 225093, 144372, 175672, 270525, 428294, 384870, 349634, 177577, 229245, 141992, 192229, 237663, 107436, 197257, 201529, 264877, 483836, 60105, 324109, 72277, 431594, 454521, 414388, 244222, 480291, 78958, 122128, 272594, 421241, 76509, 493004, 257445, 407115, 214660, 363391, 103098, 61631, 407097, 190205, 469291, 171405, 246396, 466695, 415971, 431237, 36754, 478056, 355666, 66795, 162691, 46576, 31131, 454176, 285612, 423357, 206541, 106095, 302307, 254069, 452344, 442987, 384909, 314909, 171420, 266797, 377440, 40132, 345035, 457408, 483199, 496749, 285362, 166366, 58660, 162296, 226268, 114835, 470278, 131371, 366619, 334004, 70006, 206266, 429277, 49688, 270461, 241783, 25120, 181697, 280298, 376636, 189408, 400928, 421995, 281741, 178641, 494207, 169009, 54782, 437130, 210142, 361111, 14615, 263463, 51004, 348867, 388494, 416813, 64011, 68880, 93353, 402337, 130835, 341296, 88675, 136457, 494682, 225880, 104886, 276308, 402473, 207714, 6031, 263317, 166768, 61461, 52687, 250774, 456591, 232583, 26678, 346672, 141510, 198251, 295884, 200134, 255323, 415840, 250720, 488361, 453371, 327219, 22809, 149550, 45040, 50427, 140142, 223183, 83771, 27082, 310081, 280966, 202287, 425506, 109583, 10664, 247216, 172719, 163665, 34663, 104627, 7272, 60539, 150568, 482362, 129767, 13889, 54768, 271100, 471168, 382882, 369880, 470720, 365566, 80429, 187852, 299351, 313869, 339997, 369814, 62309, 277598, 66337, 78050, 183973, 436363, 270703, 241610, 214897, 9460, 444721, 241218, 34657, 469320, 213192, 492537, 294974, 159189, 22682, 201633, 285931, 272922, 29869, 407674, 458054, 155170, 117978, 320312, 89807, 236270, 339264, 408036, 178807, 407188, 439257, 44474, 284755, 160223, 107477, 21581, 234066, 335919, 315184, 321125, 105556, 484048, 138079, 159567, 285062, 99398, 148758, 83538, 445992, 335455, 79282, 220654, 482349, 274833, 384303, 340837, 389103, 29014, 116633, 123799, 313722, 460893, 91497, 60558, 22289, 144299, 92572, 489816, 346025, 29815, 397932, 17370, 27124, 439298, 448257, 338423, 25698, 487250, 345074, 66677, 399042, 111621, 446063, 357770, 382470, 78862, 299154, 355838, 276042, 376477, 489115, 395023, 309452, 213616, 203946, 205503, 58496, 279200, 174362, 292967, 325283, 406514, 385672, 175419, 421402, 383948, 203339, 190003, 499763, 93137, 47738, 345898, 321314, 71025, 181536, 11327, 37463, 188433, 33808, 110887, 483132, 294259, 176982, 103583, 211924, 188105, 47171, 364700, 364039, 307693, 360731, 373029, 418816, 350266, 203266, 39736, 88783, 290929, 361847, 352499, 246946, 86754, 443997, 48293, 263323, 473281, 210419, 455498, 19168, 334614, 151645, 262314, 447469, 388033, 475413, 121251, 291573, 260691, 16357, 480224, 355392, 12007, 45481, 480186, 359992, 30794, 441396, 499809, 236101, 238139, 490469, 28893, 270376, 97295, 113653, 145336, 390542, 42142, 157104, 120960, 406033, 438679, 479516, 335487, 184209, 192641, 79117, 334326, 226017, 110150, 17567, 496157, 431185, 355331, 315469, 305930, 45391, 84216, 207861, 344238, 263049, 17820, 142693, 119124, 89414, 337480, 372566, 436784, 271976, 286515, 330733, 215461, 135422, 442016, 132604, 47636, 436096, 166963, 190173, 476677, 118087, 240620, 324046, 450017, 387999, 294995, 84316, 447802, 116143, 283512, 428790, 455, 470227, 119128, 43904, 248770, 9785, 297367, 75572, 585, 273095, 46280, 300878, 50604, 39381, 430628, 320053, 267246, 401894, 407886, 87629, 145509, 494516, 286085, 353709, 64164, 300014, 28309, 229719, 230080, 76888, 83545, 130539, 456058, 441709, 156855, 189329, 306332, 470827, 389212, 478498, 419666, 284179, 64411, 159364, 85361, 113903, 464332, 295696, 150906, 471563, 428683, 3383, 73130, 371925, 460374, 276760, 65368, 487181, 360319, 369677, 277466, 284832, 140385, 83390, 13281, 405671, 137995, 442196, 310515, 429510, 247623, 20681, 81464, 444684, 430845, 213719, 35936, 333943, 197357, 110673, 205125, 88318, 343409, 345638, 496310, 195523, 3243, 413141, 486900, 337361, 348270, 498234, 384267, 319949, 125351, 387847, 405867, 192627, 497175, 368833, 398343, 194263, 7674, 292344, 413362, 245770, 93844, 468081, 381827, 389519, 95172, 241558, 391670, 302053, 357779, 1010, 88375, 88766, 46320, 74675, 487174, 126514, 96723, 165112, 417803, 25319, 137949, 200157, 497892, 312213, 143208, 460231, 54410, 455431, 369479, 108521, 364855, 231429, 158157, 11581, 441760, 248037, 96726, 131472, 497340, 199975, 1771, 291874, 128912, 472972, 249558, 383143, 199631, 406001, 389767, 230741, 415216, 209016, 246218, 262860, 566, 112537, 165714, 328173, 197465, 470116, 68130, 122048, 85566, 11690, 144431, 413155, 451623, 330120, 298625, 48212, 179352, 269549, 466680, 37123, 175329, 247610, 318096, 203676, 194237, 316367, 136542, 318774, 412902, 235563, 146963, 407770, 455705, 127223, 190178, 189143, 61589, 186591, 425530, 318402, 254850, 467559, 319034, 372872, 169365, 180295, 278001, 362753, 379439, 192658, 264275, 392157, 203762, 143953, 423370, 171600, 251448, 364172, 159455, 243302, 133418, 224375, 181317, 150676, 431824, 272573, 153950, 50644, 364054, 2810, 109827, 153254, 263132, 22934, 17184, 363843, 282291, 328130, 412991, 410790, 29572, 215487, 178202, 155649, 144836, 55327, 230142, 15187, 189874, 263398, 308770, 262404, 92809, 337694, 482415, 379553, 398628, 323563, 367254, 226198, 286439, 199248, 162362, 489579, 171325, 284347, 146154, 73803, 310482, 232593, 433922, 145649, 65958, 436876, 179940, 463601, 255199, 357604, 348216, 150759, 209614, 363185, 229020, 104300, 352728, 391253, 115666, 295704, 93071, 492006, 243159, 188600, 268239, 186690, 311749, 176529, 469786, 41442, 201595, 258565, 221568, 432241, 231976, 149702, 438538, 212966, 285530, 34304, 84306, 306262, 331357, 377615, 274365, 26765, 484876, 227991, 360219, 126804, 352093, 420852, 5514, 428559, 229622, 251000, 306426, 223070, 240227, 140781, 427209, 401382, 8734, 28185, 451112, 24686, 343480, 57888, 132132, 15201, 296720, 338108, 380776, 492068, 8128, 408889, 98055, 65136, 115016, 126016, 360965, 177356, 1204, 423249, 251385, 156900, 149042, 325389, 316549, 232711, 68078, 130492, 110945, 183243, 308403, 116654, 8769, 125707, 319803, 285991, 285062, 394655, 95658, 348844, 358269, 130306, 121041, 159245, 484661, 196548, 436102, 196110, 27885, 225938, 101152, 241450, 390176, 68588, 80815, 215812, 376919, 88949, 376733, 373936, 87918, 371001, 282163, 483016, 273198, 274103, 214751, 385114, 145195, 164291, 54468, 329377, 215079, 29364, 494972, 302569, 400843, 4202, 114099, 32708, 148570, 377215, 88006, 213652, 18820, 20311, 81416, 185063, 128020, 264565, 377834, 26268, 344119, 348965, 428763, 42721, 100390, 140981, 152304, 216909, 292205, 74395, 108060, 202745, 215711, 160082, 317235, 482370, 446822, 287604, 474000, 147048, 55116, 446800, 295791, 220340, 448829, 378362, 497496, 397713, 260937, 295834, 25530, 210873, 107312, 23854, 316214, 144252, 103630, 106793, 433173, 120011, 351939, 29513, 185079, 451029, 9660, 19279, 268254, 432045, 107589, 20226, 401664, 427091, 493795, 246557, 237300, 10864, 209587, 396537, 210836, 227299, 94056, 423288, 491012, 448873, 476485, 347880, 286401, 281463, 123357, 295934, 296881, 185427, 167976, 418806, 98570, 330436, 177448, 40062, 466972, 130712, 53454, 148524, 306825, 267352, 6764, 154316, 147531, 160960, 244112, 280130, 385362, 422206, 173091, 235352, 96653, 289883, 350303, 154219, 492449, 102964, 53333, 495056, 232284, 7603, 115682, 126751, 266351, 27088, 188, 406863, 352936, 48389, 418663, 297748, 165148, 418067, 211554, 9993, 16055, 147315, 366716, 374791, 393289, 257028, 177263, 350046, 292286, 56018, 148884, 45790, 374324, 464883, 19698, 219078, 449289, 305845, 146980, 195845, 169936, 318495, 284610, 292502, 381258, 486779, 259747, 213278, 491636, 232767, 388121, 170184, 178689, 227293, 135035, 265198, 295405, 165578, 487870, 399814, 152183, 93602, 40257, 330199, 87571, 379587, 418995, 421204, 287647, 480884, 95690, 237750, 481427, 409527, 194864, 423402, 84198, 273616, 370479, 395264, 400096, 160470, 411830, 496478, 147906, 125702, 128941, 78936, 108901, 226809, 266519, 37417, 415284, 436104, 171819, 278375, 65473, 390426, 34866, 369456, 383162, 72723, 484858, 329844, 434626, 165356, 186488, 149267, 110700, 402549, 213690, 191037, 134423, 236342, 428417, 38231, 221045, 238215, 163190, 307387, 257323, 222103, 415483, 101391, 391274, 301521, 283843, 496642, 358846, 460547, 215396, 51557, 233096, 424435, 170031, 272091, 252573, 484643, 391564, 285406, 361494, 82630, 359629, 277307, 171745, 65420, 246025, 462788, 63958, 490108, 289674, 59584, 287894, 18689, 439199, 481874, 301277, 413285, 69881, 90774, 198317, 67960, 418360, 208029, 493406, 146919, 28532, 112207, 305660, 474842, 479617, 253068, 402998, 370967, 7690, 485235, 456072, 445976, 466381, 230245, 454560, 233120, 29811, 52677, 381872, 167586, 174060, 58436, 362899, 73196, 384709, 221780, 319476, 44913, 114935, 345800, 107248, 18116, 468704, 306555, 109464, 18223, 446378, 95321, 200506, 377109, 103816, 256685, 351469, 480465, 478005, 441698, 472863, 403883, 401264, 407404, 26863, 58337, 102421, 283002, 253348, 416121, 306503, 329457, 308909, 35193, 66068, 167751, 120832, 251392, 58441, 474170, 300547, 43134, 423783, 76960, 355290, 372603, 97162, 495408, 453900, 272871, 317624, 413675, 339813, 395159, 178765, 224138, 199134, 280054, 100858, 478260, 40216, 79449, 344941, 246987, 373871, 396503, 198731, 177502, 273796, 400972, 307236, 69003, 335605, 227141, 242197, 28681, 113363, 347315, 261527, 106349, 356761, 293354, 250128, 358563, 477024, 74511, 101089, 358372, 400873, 129064, 316006, 243440, 2005, 461536, 69298, 90843, 102139, 165607, 153302, 221554, 268407, 440169, 446747, 73972, 22781, 12760, 364238, 485711, 36035, 366221, 421590, 466507, 331659, 326714, 141945, 128894, 498314, 271223, 418335, 125333, 23884, 89875, 468382, 46237, 234829, 124, 116186, 449580, 311665, 387872, 359840, 393074, 31608, 483323, 282376, 316430, 3226, 264941, 496755, 358039, 136543, 453105, 362288, 108640, 262137, 315409, 331169, 120069, 355560, 481808, 110235, 171665, 370590, 12539, 378916, 435811, 16542, 382016, 227329, 266018, 366649, 35170, 387861, 301381, 299045, 469798, 423653, 56350, 130018, 81985, 415980, 385935, 201827, 74766, 163941, 154965, 70386, 304636, 219429, 388592, 58647, 145918, 127729, 303271, 244045, 78443, 452095, 450264, 108289, 104965, 348764, 182448, 178555, 214521, 443677, 28663, 435282, 245794, 364998, 323840, 405866, 207326, 318331, 212564, 293328, 186828, 147936, 197249, 170574, 174807, 428342, 336914, 469057, 250601, 98473, 113630, 73229, 433569, 141790, 19182, 28175, 193177, 465395, 499652, 64126, 90732, 465996, 15905, 379059, 285914, 497691, 56673, 116195, 244991, 489928, 331626, 211590, 228607, 348954, 388046, 275825, 92722, 174508, 374197, 129448, 62078, 332824, 366845, 328905, 348516, 198950, 429043, 7880, 366699, 108878, 385412, 28543, 244077, 372973, 224518, 115020, 439574, 133154, 48154, 477115, 400375, 361014, 341677, 339149, 91097, 12186, 44859, 396603, 115622, 423136, 189276, 186099, 423228, 383250, 30333, 311357, 436263, 270571, 100764, 53357, 217532, 101191, 96673, 322996, 450350, 236734, 351226, 282246, 219618, 230799, 71890, 276186, 363356, 104058, 423105, 378236, 341188, 32309, 278077, 455304, 459374, 235637, 52295, 456582, 314348, 86948, 363167, 413296, 62558, 240644, 105383, 401396, 242030, 77068, 484949, 389683, 443995, 216408, 81820, 33312, 308584, 497066, 474798, 59370, 496710, 260021, 78674, 389300, 20408, 101501, 415247, 10264, 35343, 248667, 17085, 478902, 103303, 142785, 267424, 291461, 50102, 388916, 410369, 174178, 57470, 32935, 418719, 105755, 390209, 64749, 443099, 270169, 424970, 174966, 369400, 110432, 10886, 172912, 302682, 148640, 239929, 352690, 223525, 310148, 235755, 374737, 179283, 83596, 354991, 120702, 348423, 26678, 412381, 384846, 424857, 96953, 147894, 240542, 320231, 417654, 287641, 354226, 100851, 487089, 422685, 354347, 253065, 222825, 129511, 123677, 235804, 261044, 200686, 327481, 82430, 360534, 39505, 149830, 352435, 422745, 53973, 261546, 162203, 232212, 281215, 91963, 288165, 89347, 162804, 306632, 150013, 214167, 365088, 38966, 142959, 474722, 30897, 33613, 184244, 450205, 91065, 204288, 452742, 302348, 458210, 437154, 157356, 213671, 290577, 4638, 311656, 200005, 465622, 79010, 425595, 360183, 108972, 134772, 146104, 458271, 106697, 92257, 314742, 425620, 385234, 77819, 322280, 22663, 108646, 344385, 104464, 486126, 43506, 108001, 453743, 429118, 389486, 481472, 264868, 377328, 289048, 387521, 87872, 294360, 194590, 358357, 148057, 36460, 233504, 306560, 497826, 351151, 89775, 336716, 296856, 414457, 165344, 66747, 383389, 5925, 491371, 115305, 493866, 291010, 251973, 221814, 36576, 121277, 409530, 208301, 254047, 8129, 306267, 440417, 489284, 202980, 67520, 243168, 187688, 348558, 390373, 72007, 360008, 3826, 479737, 273879, 12867, 201367, 232630, 255823, 287458, 294348, 448465, 44725, 442111, 350798, 198836, 406539, 177311, 399520, 264695, 282575, 300010, 191818, 315222, 22979, 158801, 248931, 497122, 218467, 291799, 167562, 335328, 121811, 355345, 349565, 138245, 169761, 24179, 41505, 148261, 313010, 55284, 486214, 296045, 496258, 299411, 370374, 20665, 58422, 7302, 178468, 335986, 14960, 100055, 149944, 283343, 150619, 387318, 375051, 443308, 193629, 8201, 29460, 216904, 102, 262064, 214216, 493769, 481217, 58826, 321375, 26591, 274886, 329077, 155257, 341045, 142087, 262255, 117515, 16097, 147508, 128145, 221262, 144244, 226691, 78927, 255411, 236408, 109494, 471888, 148221, 337288, 496468, 34006, 394044, 344743, 215760, 378505, 362199, 261720, 117600, 22991, 140581, 77792, 489526, 345456, 385236, 331474, 72172, 87996, 462038, 265609, 76000, 277709, 292713, 35250, 21741, 429132, 362673, 188820, 398179, 372735, 355352, 57899, 289046, 493307, 283140, 230277, 479211, 202343, 465010, 236425, 337630, 402888, 113565, 445329, 166912, 419684, 256309, 161854, 105286, 494288, 263084, 2636, 225254, 244379, 383721, 194619, 335231, 446319, 476216, 56738, 420737, 288340, 160205, 462086, 86407, 16008, 394019, 158920, 215629, 226125, 476258, 119376, 467004, 170353, 216070, 335130, 455576, 65636, 156202, 63818, 225808, 68061, 83596, 400671, 190153, 146027, 17441, 250248, 58395, 478178, 70973, 179227, 375719, 494852, 382960, 290217, 87732, 256206, 238311, 51132, 134188, 252226, 140071, 240644, 13374, 440265, 218512, 433119, 246709, 183174, 111508, 193573, 287017, 207037, 190355, 189903, 31458, 328900, 356116, 249189, 328891, 192617, 22441, 111795, 95871, 29226, 62797, 349858, 189077, 105949, 491884, 483391, 179456, 83147, 295596, 379122, 153819, 488956, 80245, 308422, 348462, 255022, 366207, 486686, 155356, 380854, 124633, 407184, 240228, 324008, 7981, 32490, 322530, 496591, 55779, 340477, 462877, 211752, 64760, 390537, 421416, 218868, 63214, 447594, 113490, 113115, 241967, 149562, 142741, 428942, 343232, 385271, 439214, 310303, 9177, 349845, 349277, 106166, 206693, 430216, 313398, 62074, 487760, 40396, 430621, 356615, 337316, 57047, 121941, 256657, 453349, 127268, 474019, 248121, 433902, 334080, 342317, 238990, 55369, 202853, 37338, 361763, 109736, 412925, 342426, 469391, 344625, 278266, 257959, 453585, 79624, 343468, 69932, 313230, 290212, 435881, 282779, 470445, 432321, 380505, 106601, 127278, 424601, 180428, 397500, 307059, 612, 307036, 413542, 151967, 451838, 194608, 451548, 253319, 410135, 323003, 365653, 82838, 197265, 439123, 381895, 67591, 15833, 218861, 326241, 60509, 133889, 377621, 124210, 368963, 47224, 471412, 246014, 54059, 210849, 456262, 142510, 272574, 260352, 256855, 231652, 357181, 308531, 443663, 293637, 144503, 259844, 54872, 324463, 265503, 489181, 293837, 283375, 123988, 212162, 47972, 281712, 38448, 398249, 93290, 188342, 212355, 253671, 8049, 100883, 394363, 450824, 427822, 216315, 90355, 361285, 172158, 47421, 95176, 103659, 444483, 243408, 70057, 109001, 72527, 392733, 376943, 260778, 148673, 448919, 66306, 210831, 330246, 232530, 426648, 465192, 412128, 44892, 457820, 350316, 362098, 372953, 349019, 156451, 416193, 161720, 106319, 285022, 407347, 465000, 82050, 257045, 423791, 331419, 56434, 496973, 492904, 498706, 240022, 137771, 345423, 102179, 208015, 221501, 277375, 269922, 208640, 147332, 472913, 101283, 158030, 177563, 146979, 62429, 432476, 319465, 419556, 99525, 170254, 382377, 3412, 410272, 149227, 477411, 68888, 140235, 195013, 129312, 245153, 216323, 250100, 265497, 122413, 282168, 154399, 202710, 153658, 198153, 413794, 271423, 390623, 322383, 374664, 366096, 106841, 267473, 119626, 196356, 137035, 190424, 200733, 56697, 428031, 354679, 135114, 165870, 418725, 278708, 447265, 121348, 453689, 284096, 327632, 217179, 277883, 43581, 60026, 430211, 373275, 15531, 372093, 173197, 318159, 436066, 313758, 115041, 356999, 15006, 330429, 344451, 402328, 242409, 433717, 66084, 274887, 446184, 248548, 186652, 447773, 435769, 457264, 1260, 260383, 269330, 72150, 415393, 460740, 237630, 444915, 429968, 343829, 151586, 413877, 23389, 372711, 315435, 63775, 213227, 403806, 230780, 450802, 290234, 320758, 65037, 126582, 393855, 33275, 302664, 35371, 506, 314345, 430073, 254193, 382363, 243992, 189770, 178516, 239466, 496978, 258360, 480634, 275745, 171944, 383306, 425306, 136461, 369206, 496157, 392062, 2140, 181168, 151726, 207962, 338582, 1088, 449268, 52087, 244894, 214336, 443226, 270836, 22522, 280382, 159840, 188126, 374193, 78601, 280270, 254326, 410332, 361407, 92914, 261094, 280041, 238963, 79523, 50083, 124426, 355215, 155882, 376178, 233251, 153236, 8429, 276869, 146009, 447079, 256111, 355728, 230069, 410732, 468651, 96225, 248812, 274138, 364319, 449575, 418639, 290862, 378525, 488672, 385416, 45367, 197732, 118225, 245889, 68229, 270979, 204886, 41107, 328650, 445712, 63335, 80762, 152005, 493883, 300027, 304950, 363438, 445807, 180626, 181597, 360392, 371006, 133944, 151342, 81803, 416172, 106134, 440207, 250173, 155826, 482785, 77453, 722, 304563, 92746, 174351, 165500, 459053, 39236, 428543, 333772, 446780, 492427, 124308, 447791, 119706, 51097, 363751, 426578, 159778, 356084, 21520, 238314, 122976, 280412, 243614, 134260, 310752, 138810, 476846, 100569, 255763, 413083, 440377, 473163, 435713, 467628, 168136, 361554, 14987, 148746, 245672, 73826, 289094, 296984, 342425, 278678, 469254, 133144, 120935, 87829, 109529, 421569, 430547, 338290, 317453, 259015, 109331, 158356, 351092, 306834, 91887, 147759, 325021, 134185, 389643, 3713, 300248, 93598, 208656, 71822, 64584, 32952, 247821, 215371, 57708, 216194, 439162, 161206, 7903, 442151, 221532, 46993, 142054, 491098, 108052, 20420, 310115, 219448, 298170, 222033, 19004, 379433, 249857, 370272, 412068, 171842, 51487, 270796, 213238, 310454, 229592, 39419, 39256, 66727, 278383, 276990, 44301, 291351, 470705, 484230, 390508, 194519, 289943, 120096, 324723, 44007, 245981, 471168, 247199, 421514, 282059, 433244, 337382, 411796, 214125, 123552, 179260, 413158, 428134, 69087, 138009, 31321, 79813, 413089, 452682, 225077, 64961, 483497, 464133, 95006, 488120, 240445, 195492, 348062, 474199, 147414, 493874, 108726, 386036, 137123, 428938, 16542, 134585, 305121, 362150, 5533, 374321, 413713, 489343, 209309, 247097, 246342, 126405, 400730, 362874, 319687, 33913, 456070, 62808, 281260, 387013, 125616, 152485, 306533, 305755, 375236, 46897, 29732, 298355, 403773, 141738, 478142, 60479, 157160, 77352, 203321, 47232, 234704, 313772, 54163, 442398, 201310, 284159, 181024, 333153, 304384, 233925, 295931, 310719, 142532, 104210, 47785, 276606, 166331, 316357, 461337, 398269, 219952, 320163, 318115, 115595, 167774, 193145, 304375, 478399, 266577, 470114, 257829, 23928, 335059, 379202, 37816, 66868, 307750, 271522, 101538, 447692, 132563, 361113, 331464, 112121, 100833, 410521, 47591, 467259, 274463, 149556, 413757, 128404, 55581, 317092, 418036, 414053, 170106, 84718, 205253, 403178, 72893, 405507, 173763, 376549, 388662, 36251, 408953, 360489, 87821, 263409, 261854, 34974, 359761, 215566, 332868, 450215, 158127, 493356, 234478, 279169, 237543, 36173, 315192, 42319, 44541, 199395, 418907, 372467, 453899, 357371, 487838, 494806, 300934, 376645, 23039, 15791, 85588, 446633, 287017, 293347, 195381, 295945, 186021, 365854, 381956, 350068, 340911, 162672, 39101, 335017, 36005, 496194, 294889, 212312, 87091, 228136, 263182, 71347, 391359, 341675, 187899, 416182, 305192, 315568, 210268, 397378, 56263, 298593, 91279, 384423, 323377, 252560, 303857, 448791, 116982, 167563, 124282, 67145, 296857, 435186, 270160, 112788, 393540, 211805, 36981, 399721, 412401, 422764, 435048, 451550, 150005, 410349, 318882, 356537, 309515, 426182, 301061, 461157, 346807, 257542, 230817, 75374, 356735, 305507, 418851, 166049, 182585, 231125, 37550, 444990, 265807, 108744, 118725, 495182, 315131, 251148, 402031, 290853, 115485, 221937, 202542, 20384, 384755, 431394, 60285, 146948, 456391, 187344, 175830, 111252, 89282, 99073, 323991, 330837, 457491, 199229, 221311, 435314, 133588, 484455, 201466, 344626, 412330, 210330, 441593, 431144, 189584, 217517, 224626, 292286, 282966, 17486, 151019, 443771, 456737, 418128, 58890, 428877, 494340, 345882, 432124, 381944, 420637, 299121, 271501, 286127, 119731, 86818, 378476, 244757, 384391, 301934, 314772, 341442, 365742, 39553, 41536, 243454, 228849, 50804, 255633, 352403, 123604, 290089, 177734, 392531, 334034, 32987, 226520, 285288, 166267, 178206, 416025, 360709, 201811, 276627, 470500, 14160, 457345, 245909, 176223, 60126, 494276, 451620, 281865, 368820, 282368, 488423, 468992, 248724, 461428, 406917, 193462, 45373, 251450, 129694, 251418, 95674, 238909, 187806, 427391, 338294, 465622, 477520, 280564, 32791, 156711, 261516, 492830, 479762, 380246, 454104, 462819, 183807, 20659, 113416, 181585, 341465, 213960, 396758, 382796, 318988, 466994, 289791, 175568, 50453, 53830, 98678, 495408, 39756, 43778, 174800, 466027, 454849, 193514, 11256, 467651, 451285, 144534, 404992, 399050, 477569, 100423, 344152, 27303, 144128, 339167, 265958, 165140, 448063, 394978, 332960, 217317, 334370, 319631, 89330, 487338, 256054, 184837, 113287, 438399, 398713, 38450, 268894, 75657, 105766, 357986, 291892, 235130, 90427, 347109, 495827, 334015, 302199, 174742, 30818, 223064, 382965, 157300, 74626, 101107, 212536, 283501, 257582, 78110, 453577, 144795, 40194, 56076, 66815, 85775, 6526, 300651, 74767, 280435, 371039, 74635, 441778, 454130, 191605, 463020, 183914, 340879, 342758, 61887, 66455, 383551, 276902, 223744, 84766, 477426, 443877, 122742, 265786, 179207, 41422, 257109, 294064, 227304, 226279, 401073, 242969, 381581, 257989, 249344, 63609, 97594, 285709, 278870, 112607, 166663, 250492, 37894, 479929, 346248, 488924, 186739, 269366, 275232, 318414, 363060, 223064, 300985, 318459, 380215, 335663, 16326, 165965, 171751, 161255, 282288, 468319, 339596, 349804, 320156, 458047, 427870, 39979, 125987, 23035, 249314, 128650, 40937, 159453, 374563, 55705, 259935, 426000, 286996, 369934, 283666, 451856, 389659, 1226, 494884, 119332, 46725, 215570, 295060, 252969, 363343, 68628, 56015, 197987, 17298, 44175, 142381, 461288, 37725, 86609, 62325, 1224, 181525, 61045, 409058, 200057, 423416, 430960, 13190, 363569, 47531, 553, 484437, 495604, 316919, 156319, 170496, 354336, 153832, 70385, 444960, 236565, 224097, 361302, 341286, 106583, 29898, 157382, 308669, 388399, 446949, 294200, 310030, 234596, 273481, 188665, 73203, 38557, 203389, 114238, 103022, 9142, 478108, 175893, 454580, 179930, 455304, 216650, 284820, 233760, 271602, 85156, 5297, 302601, 434734, 292490, 397469, 465231, 15027, 148488, 77407, 476754, 474995, 266718, 213745, 160171, 20687, 476083, 385026, 146622, 288586, 91156, 470222, 237495, 241064, 263120, 367052, 499984, 187463, 79884, 274131, 485406, 496120, 93616, 203111, 138633, 277528, 237889, 59440, 462326, 230259, 364590, 465651, 256001, 241090, 326950, 96939, 372956, 94600, 495342, 393085, 255608, 48108, 40538, 200126, 137670, 462492, 64713, 61192, 121859, 152115, 485466, 146466, 483136, 377064, 44681, 267049, 462474, 455768, 196354, 310528, 493775, 247641, 334859, 471000, 489202, 19584, 312597, 314947, 100843, 120223, 414738, 377896, 275793, 459023, 6271, 3628, 26529, 403542, 327604, 338387, 145826, 311589, 136453, 403817, 150077, 229095, 71025, 482708, 164476, 346309, 197152, 74208, 231786, 450795, 457295, 41919, 390608, 343305, 38810, 365499, 345731, 320925, 468079, 176578, 39347, 292328, 25402, 157191, 158052, 463351, 271268, 132426, 11489, 391930, 352660, 274385, 26194, 156466, 35725, 169525, 221956, 80159, 362870, 375244, 184464, 477648, 157057, 448540, 237281, 39356, 279913, 190415, 205270, 218400, 228215, 4442, 13671, 365564, 234800, 113861, 170297, 107603, 499032, 458216, 202890, 264636, 264728, 135247, 481300, 180183, 371719, 350962, 62839, 446344, 52388, 225744, 365249, 331809, 106983, 135130, 331992, 350448, 148537, 19108, 227445, 411877, 466383, 154388, 438034, 424972, 344654, 159238, 284100, 85565, 353988, 166071, 438806, 34735, 133837, 178761, 56553, 85427, 294261, 368315, 128262, 29219, 56518, 41883, 117708, 34613, 431462, 322309, 484608, 487046, 167025, 33477, 12842, 115637, 64868, 143651, 41049, 465956, 13094, 311229, 155946, 134517, 44550, 41503, 491925, 212936, 210681, 172004, 13011, 61969, 467441, 32426, 169681, 178804, 105651, 440648, 322387, 243795, 220320, 149349, 104859, 226544, 374602, 101937, 117461, 338661, 184004, 386122, 164257, 92579, 382033, 28258, 287468, 114260, 358412, 269129, 18885, 52202, 114269, 373501, 76080, 13196, 254189, 125956, 104812, 249167, 224621, 102779, 118397, 388782, 441238, 82174, 236398, 96077, 204034, 151050, 35241, 19528, 106977, 262089, 220673, 493005, 436530, 94319, 143796, 24366, 141531, 479322, 450816, 259846, 236220, 151431, 228663, 472823, 242541, 275046, 380541, 293972, 202360, 123755, 159903, 285556, 125757, 39393, 42157, 1330, 100243, 146220, 279385, 151816, 480689, 4635, 64579, 270740, 14721, 231977, 239849, 171541, 271580, 313875, 427867, 214872, 474848, 84754, 376940, 397817, 118928, 26113, 221901, 136598, 74932, 282283, 29096, 225495, 182023, 319832, 3129, 364447, 196676, 335506, 270417, 300186, 483005, 346294, 47793, 459440, 484821, 430914, 498490, 302145, 312097, 319589, 257998, 37994, 451113, 381671, 52836, 25035, 256192, 44147, 423729, 49609, 364708, 100656, 117988, 382997, 454793, 443596, 226476, 52953, 168338, 468547, 131848, 212611, 372807, 90673, 410419, 194591, 21849, 101370, 480387, 386234, 254192, 84097, 94411, 185796, 74385, 214015, 233925, 156935, 471509, 490451, 150773, 498005, 317364, 300274, 1821, 49729, 127715, 436968, 177559, 72292, 320195, 283111, 164270, 381229, 334551, 186382, 41478, 227537, 35841, 314419, 213896, 442364, 112424, 320263, 359087, 270961, 443873, 146214, 180826, 108295, 264270, 14237, 135105, 435560, 89923, 415636, 198370, 368953, 122991, 257934, 217393, 317954, 267937, 306524, 271449, 388596, 59664, 44953, 356939, 378081, 217726, 143429, 165191, 331789, 64974, 469947, 82338, 11437, 443290, 362071, 155306, 404866, 276399, 300696, 154033, 111567, 29238, 355984, 298420, 368590, 405025, 6879, 99756, 454099, 452451, 429924, 440965, 231558, 303209, 200228, 192781, 495736, 300111, 50846, 477030, 151511, 337043, 332535, 386340, 472240, 434959, 450972, 462262, 251889, 58969, 12752, 312792, 430377, 213540, 76213, 404661, 470862, 382816, 259770, 247575, 188713, 124693, 348957, 163727, 186175, 149218, 263191, 331238, 69556, 196911, 249622, 15247, 345893, 279138, 266745, 478065, 458625, 116565, 447254, 176681, 342979, 14201, 468282, 100295, 2123, 489325, 80235, 442142, 96000, 165934, 123742, 128415, 488660, 132467, 243204, 397828, 57732, 265254, 476375, 387617, 81583, 203817, 35650, 432640, 487689, 379328, 62420, 413381, 221217, 465403, 432159, 401246, 192640, 290362, 364363, 337993, 454392, 44907, 281987, 59816, 338384, 1479, 136669, 76450, 308720, 48569, 137326, 480304, 257665, 20069, 136350, 251849, 195517, 2094, 162006, 423266, 185819, 387383, 71206, 65525, 385831, 131524, 332828, 481380, 123755, 385375, 320785, 250504, 172847, 161432, 57908, 242441, 307052, 18798, 229780, 398609, 43314, 220144, 473010, 190950, 480615, 262984, 99417, 73711, 489182, 71585, 326584, 198419, 374364, 22613, 169706, 229690, 86690, 487161, 380008, 199319, 496575, 68274, 183677, 498694, 218357, 155990, 491717, 152511, 185812, 330521, 388287, 99666, 428266, 407983, 338037, 217335, 286051, 497385, 150062, 413423, 194323, 123255, 132690, 124687, 168702, 296029, 303787, 213528, 147917, 86909, 375525, 441341, 82503, 137008, 251029, 456144, 339075, 23627, 60986, 450639, 242528, 192351, 476215, 62144, 29518, 458035, 339048, 266911, 274863, 170695, 12782, 24772, 286610, 111497, 267491, 82517, 205937, 256377, 42742, 471520, 229948, 277322, 109011, 359001, 412520, 29311, 362487, 93900, 112946, 257816, 145786, 334391, 338629, 60000, 296257, 79846, 402026, 34429, 425613, 80756, 283895, 89832, 88216, 481051, 367201, 109347, 346026, 151846, 367834, 162326, 177070, 351082, 300766, 388722, 97537, 283047, 387784, 241155, 148716, 368062, 53193, 85638, 114086, 183967, 87245, 420698, 396676, 284067, 147864, 484612, 497675, 300623, 457574, 151956, 391119, 293311, 25069, 245518, 274054, 400264, 409815, 213057, 340636, 235272, 419808, 450152, 381678, 386507, 491749, 195482, 475182, 17388, 226846, 215394, 427680, 34575, 250917, 226737, 150802, 143472, 139778, 301537, 5196, 437055, 326941, 342409, 466187, 497402, 60610, 293865, 423043, 230703, 277614, 166296, 69107, 56951, 228821, 409137, 403297, 241303, 166800, 5251, 117836, 11516, 61311, 357127, 331252, 401803, 303388, 42044, 297035, 327575, 367048, 447607, 278355, 122314, 403919, 337520, 33352, 233029, 127644, 131284, 192869, 151435, 291610, 428371, 449832, 391423, 295620, 469948, 341726, 337274, 367546, 105235, 360501, 223736, 329560, 310071, 328658, 224881, 440649, 492950, 293139, 281108, 261071, 357229, 263566, 161821, 384958, 381583, 163280, 471758, 105967, 463163, 303593, 15768, 499577, 109404, 36486, 158829, 339690, 476217, 2196, 104864, 445029, 408976, 315351, 487061, 158547, 31294, 161980, 142297, 250718, 495050, 423040, 319481, 210943, 214857, 435065, 124526, 35599, 42759, 9554, 170956, 481475, 350005, 30279, 257317, 417465, 300419, 69417, 484611, 468284, 29921, 27874, 488714, 418874, 251890, 71034, 197100, 304826, 154027, 460835, 273340, 283785, 397382, 9120, 193175, 395075, 219513, 392990, 78707, 386615, 108875, 251212, 354488, 133506, 39924, 98734, 194396, 40225, 69813, 465642, 409387, 489194, 407738, 170999, 327001, 105764, 148845, 162307, 11700, 3407, 24288, 151364, 388072, 414735, 114997, 77344, 327094, 326769, 386245, 127593, 322795, 329745, 333742, 231808, 474044, 188891, 281763, 290359, 441040, 346507, 284093, 163876, 262529, 368620, 355230, 55853, 211831, 57527, 480928, 230758, 190672, 324802, 164344, 419410, 200635, 47532, 484719, 357165, 312966, 245349, 71022, 226537, 82010, 183061, 88248, 421533, 172697, 2416, 103154, 275040, 165518, 380564, 333096, 330791, 123776, 13257, 45390, 412478, 42222, 428978, 44366, 210928, 319525, 406937, 36608, 341997, 271889, 329542, 430478, 304500, 256589, 190104, 85127, 282157, 280344, 499983, 378025, 286909, 69675, 430171, 36023, 186621, 306001, 36708, 190276, 133325, 64377, 149884, 258512, 248682, 204980, 228909, 495555, 460533, 272472, 424340, 383054, 335651, 208553, 191970, 62647, 94017, 194695, 191761, 403857, 143684, 307322, 131054, 79866, 85690, 303801, 194367, 230463, 147427, 361032, 177470, 405921, 237851, 470643, 263612, 338310, 344853, 324945, 395081, 493829, 144657, 254092, 32643, 390661, 196854, 122912, 136075, 242508, 184671, 135505, 3989, 347709, 382992, 339812, 220614, 247251, 186480, 300378, 499817, 246447, 89098, 468774, 120098, 374470, 430837, 479047, 2417, 447669, 477875, 83789, 113783, 441749, 428831, 417846, 144786, 211498, 82637, 84052, 171218, 12562, 140662, 441815, 380128, 275330, 108298, 297740, 325700, 241131, 216031, 9207, 452185, 132659, 311047, 5984, 316101, 303405, 327451, 236651, 141854, 461163, 454780, 218097, 337765, 40906, 101858, 276051, 321287, 129938, 319444, 125496, 321420, 153594, 389926, 175974, 327644, 98499, 196606, 67268, 459571, 356638, 455519, 493077, 448254, 54392, 36659, 183945, 111115, 103628, 125818, 139316, 184169, 36813, 235471, 434523, 186167, 184457, 200804, 324392, 170095, 216743, 162661, 244726, 489307, 277435, 416804, 160529, 245576, 420805, 39082, 182358, 778, 108611, 4375, 427185, 486054, 332780, 63370, 216381, 44233, 151097, 97116, 215733, 495415, 422411, 21680, 281642, 399119, 229086, 335728, 399857, 42582, 14964, 486932, 458042, 451113, 157793, 346785, 386714, 213431, 193727, 220217, 48545, 29307, 496250, 34651, 404460, 381632, 156637, 108076, 465970, 29499, 486750, 54653, 232371, 56801, 41633, 412967, 496897, 487310, 315072, 28772, 79924, 89462, 89505, 454155, 325499, 93713, 133904, 7609, 496747, 376192, 163031, 461176, 478363, 384054, 142133, 318301, 196100, 440381, 244659, 97935, 276513, 332261, 440439, 18309, 248907, 351259, 261960, 242200, 185011, 1640, 157363, 135703, 365232, 427803, 265735, 384594, 455209, 143007, 49873, 412826, 277077, 446044, 428606, 159335, 2593, 201366, 198058, 186142, 277301, 236110, 177569, 188625, 409668, 433837, 461036, 418029, 438234, 433482, 125198, 498314, 130995, 297297, 117484, 203128, 400645, 143734, 434789, 450088, 233467, 32342, 367706, 151252, 3674, 210241, 443159, 261336, 385805, 306939, 487987, 388261, 77000, 68105, 261625, 135589, 485205, 367289, 108098, 399014, 165442, 413008, 74983, 358358, 58703, 241758, 346696, 306023, 21143, 241029, 481360, 300535, 297049, 402616, 104152, 17952, 289844, 339303, 336771, 175240, 41384, 76500, 810, 465454, 263495, 131351, 353953, 30061, 297817, 282522, 219475, 132575, 176808, 122873, 86541, 453981, 413066, 423801, 219148, 72487, 421497, 337415, 158277, 268112, 122085, 130715, 323929, 206823, 403542, 75636, 55804, 256675, 239766, 248138, 308994, 289162, 397324, 476409, 397547, 279899, 235504, 474632, 303128, 196688, 454548, 481495, 262338, 374944, 250044, 201956, 432622, 228995, 146986, 43046, 117292, 197967, 378060, 201288, 429658, 376707, 62069, 306398, 160103, 466087, 115224, 473253, 63074, 205994, 288569, 371483, 487362, 173827, 119397, 25312, 292720, 2850, 479385, 3267, 89185, 70101, 283377, 430199, 14929, 474553, 454953, 314182, 149157, 318314, 321209, 67252, 339721, 237690, 69799, 477401, 488226, 382687, 25034, 65451, 356132, 245803, 419851, 266451, 240111, 152837, 144309, 421203, 398694, 27247, 344260, 50470, 461390, 417882, 20324, 182996, 59936, 289829, 94607, 64750, 380413, 190282, 296125, 89065, 406085, 167209, 53611, 335906, 374523, 300611, 465264, 448696, 43829, 87629, 38111, 114480, 147329, 35946, 89742, 313594, 42242, 324303, 200163, 385644, 328708, 145167, 326061, 216126, 132373, 56577, 498330, 481307, 213475, 439244, 246685, 426213, 440124, 71748, 59098, 70416, 92192, 329426, 330335, 216280, 106513, 92040, 160167, 140619, 312752, 454343, 25183, 304079, 3592, 422097, 8167, 324385, 452856, 433430, 85374, 290134, 156304, 140978, 441845, 454398, 22824, 124741, 437163, 358522, 23857, 15948, 197795, 253383, 257137, 160683, 449185, 282159, 217682, 445041, 401096, 224504, 243582, 307885, 449764, 102930, 320953, 362274, 123904, 85292, 364615, 359544, 307829, 406827, 359494, 397095, 64948, 330344, 157372, 431624, 422733, 330212, 386572, 73448, 250222, 101805, 105354, 39314, 179345, 215056, 228004, 200037, 157927, 75922, 162112, 290503, 372516, 69608, 461031, 86900, 430090, 174111, 416143, 204915, 440086, 487877, 423841, 280770, 56514, 299022, 499954, 230793, 444655, 281698, 165922, 19500, 137081, 370409, 152924, 126621, 364776, 375650, 410680, 426527, 288156, 354355, 459056, 67288, 20258, 484393, 42811, 89655, 258142, 432956, 295920, 326998, 355121, 149731, 333067, 325030, 382985, 30548, 292507, 367561, 312452, 295504, 326522, 487511, 39438, 114826, 387467, 238480, 233532, 343314, 472095, 396376, 461903, 268811, 276354, 150056, 332802, 149007, 444244, 206835, 93650, 121421, 415304, 25941, 331736, 98186, 93092, 126639, 15753, 234521, 187694, 339695, 281358, 125933, 115264, 134292, 98325, 247651, 128076, 207701, 297390, 264941, 451708, 230282, 287041, 410142, 264111, 93021, 281596, 401450, 114758, 158525, 93312, 382168, 276286, 4337, 103571, 388700, 283279, 259070, 53249, 339093, 81389, 291029, 260737, 401241, 117695, 231437, 1907, 463623, 103473, 470501, 420150, 487092, 198352, 16529, 198975, 443004, 454816, 19854, 275893, 133356, 479754, 59454, 232804, 383708, 370176, 340855, 275541, 35229, 210949, 358364, 446818, 128209, 269215, 342120, 429576, 385428, 199897, 204906, 198291, 400990, 373837, 226668, 182217, 458028, 482759, 436823, 262568, 202146, 278595, 400315, 147395, 75703, 200135, 322355, 211207, 463066, 7837, 274364, 376137, 197581, 426470, 231760, 195660, 356184, 419650, 268719, 61586, 266493, 88096, 358562, 101975, 10918, 302620, 425280, 98912, 162253, 270425, 312622, 113432, 443946, 59750, 127582, 73763, 390159, 228373, 376264, 458227, 473680, 132624, 493403, 389218, 205648, 462445, 293485, 26317, 110660, 269875, 44277, 66991, 136990, 204557, 13304, 411422, 36694, 373406, 481259, 174951, 482440, 294449, 361972, 308160, 153647, 272885, 299121, 472169, 131070, 294369, 494016, 10948, 436663, 325511, 83856, 207625, 451409, 84686, 293671, 380626, 245877, 149970, 172923, 498990, 479868, 87281, 212414, 433554, 411931, 316940, 487621, 278391, 86107, 170101, 218360, 380554, 476148, 86701, 206435, 362672, 91465, 169349, 339930, 166222, 485759, 139826, 86591, 487075, 372267, 147470, 238507, 301357, 100104, 57806, 330255, 54405, 425602, 110752, 356697, 360151, 394759, 297696, 225632, 480841, 395980, 10416, 223056, 140067, 100049, 456711, 21483, 57671, 433739, 236919, 315592, 231685, 191863, 481963, 87626, 39038, 132976, 399156, 107172, 99378, 465027, 445865, 268927, 467815, 77535, 141151, 320000, 401957, 132571, 135949, 194860, 43363, 241640, 320540, 464376, 74464, 141959, 170369, 153328, 473365, 113837, 440893, 36113, 67657, 389434, 355181, 162565, 207692, 453999, 280264, 100833, 431544, 459515, 32580, 381840, 215363, 342900, 406990, 335454, 55450, 249197, 170172, 321124, 209152, 84861, 121044, 176557, 297760, 304377, 425447, 388190, 404547, 365401, 150100, 68706, 410464, 181491, 64125, 213668, 478008, 366656, 372971, 419040, 258329, 398704, 240858, 168173, 452060, 198583, 378392, 323411, 212278, 371404, 313176, 425622, 438948, 496588, 301551, 367402, 271166, 95406, 124744, 424574, 186177, 68134, 365538, 151454, 181011, 95374, 394884, 266617, 488311, 402397, 491586, 324403, 29239, 297970, 213646, 443849, 345705, 495080, 125509, 343773, 120779, 311946, 30541, 447734, 268185, 100672, 30114, 219046, 130344, 321380, 67464, 157699, 464713, 526, 373760, 314324, 167744, 420424, 20449, 451264, 129216, 50010, 123137, 229618, 296974, 281715, 274943, 187416, 143735, 223012, 372040, 425489, 228171, 375469, 109910, 209142, 239829, 33007, 232707, 43262, 372494, 106873, 183776, 432414, 77782, 156560, 304163, 171919, 440971, 65523, 292767, 361315, 445769, 336164, 63249, 451169, 115601, 28269, 261851, 370749, 84455, 402417, 98839, 54174, 284996, 421005, 193750, 27105, 233677, 243011, 357190, 50735, 220561, 106429, 407892, 168483, 179291, 230, 251957, 137711, 9382, 57561, 475601, 53150, 26965, 65211, 330972, 58061, 73649, 15228, 203957, 372300, 421534, 484001, 446141, 326568, 399992, 299624, 203061, 17509, 190521, 265186, 122506, 35291, 415947, 43873, 4964, 52104, 26246, 332550, 395160, 312547, 218555, 120055, 118023, 442078, 273775, 325375, 100375, 37104, 224078, 214646, 189696, 479711, 55623, 268861, 485737, 52661, 433452, 263765, 97581, 449017, 419519, 238972, 2406, 252431, 292290, 308472, 13652, 137668, 222102, 476413, 178619, 448338, 214642, 23839, 167877, 446771, 49149, 446650, 499488, 49461, 391520, 428067, 481703, 314467, 122100, 150952, 456305, 139374, 7915, 488510, 335283, 195464, 149749, 391901, 36053, 45143, 59504, 478816, 46927, 214105, 431667, 51596, 118303, 64435, 150853, 196267, 458477, 445168, 149240, 446788, 185692, 83043, 202148, 431592, 386283, 396919, 372892, 441199, 414419, 108918, 206158, 31951, 96055, 47691, 167555, 299034, 244051, 252285, 187906, 372020, 273978, 491924, 64043, 136635, 37876, 321365, 44346, 135307, 264664, 147846, 171864, 70783, 30318, 299265, 409310, 11245, 304657, 268539, 38255, 419486, 151458, 51136, 218695, 450024, 20584, 207428, 458161, 76242, 332815, 421678, 452457, 5539, 234673, 454612, 339727, 108985, 265132, 348597, 125093, 381395, 56259, 424964, 149315, 332839, 120821, 119537, 40755, 332526, 88162, 250118, 134767, 459289, 186705, 426982, 317449, 250694, 292122, 335463, 132431, 184354, 1946, 266855, 436320, 380061, 410214, 191134, 250012, 450220, 120954, 328983, 333600, 181572, 427153, 94874, 64793, 92985, 216731, 130467, 249050, 386509, 115929, 15448, 188089, 172433, 170941, 217157, 249779, 123113, 74890, 374922, 133821, 453139, 345829, 495633, 132315, 112914, 416736, 75038, 65614, 303995, 295775, 151847, 197715, 294624, 419835, 423992, 229643, 60140, 237386, 379201, 171814, 253087, 334808, 415515, 7853, 127804, 155554, 450505, 433756, 487700, 253438, 472988, 139498, 126073, 439373, 237026, 155174, 183586, 53327, 282673, 94927, 18455, 264479, 402367, 458935, 162747, 450771, 125012, 292350, 354470, 240124, 308098, 312895, 228517, 324578, 208272, 382088, 249586, 162070, 318786, 397821, 83060, 394887, 56354, 135004, 247326, 238951, 422310, 290070, 62100, 91123, 196805, 496807, 5578, 444055, 130031, 161052, 361549, 221007, 285378, 103942, 426573, 42494, 162665, 412630, 187620, 273753, 205600, 462878, 440383, 410630, 59045, 492163, 459725, 446961, 316963, 124455, 79336, 219178, 51917, 190172, 115728, 347284, 50155, 30623, 101044, 482367, 363105, 182263, 341000, 82817, 61308, 209093, 279737, 213455, 166533, 387291, 195638, 377355, 482822, 493847, 334143, 72487, 461054, 441168, 118827, 318853, 12078, 442016, 141031, 55692, 214023, 276212, 254172, 372143, 238064, 364624, 448554, 161322, 352317, 311401, 440454, 165702, 436609, 287770, 498042, 461681, 306927, 163718, 83143, 188097, 471549, 423677, 221679, 287983, 201180, 241745, 24001, 20424, 8073, 316139, 162143, 275767, 211905, 443377, 80517, 422754, 91654, 313115, 180977, 2720, 17662, 94294, 386645, 432770, 244898, 250293, 454901, 329824, 64105, 475411, 251040, 157960, 150762, 97553, 67598, 116267, 247545, 173210, 346460, 279772, 397223, 223140, 67825, 489497, 22042, 187825, 397681, 138676, 470581, 121043, 416865, 372543, 295263, 359721, 312032, 43418, 252561, 370724, 343163, 170915, 217468, 327919, 49980, 124161, 416177, 18000, 176361, 271641, 918, 405995, 428898, 4039, 34901, 305324, 405958, 325455, 124667, 88035, 288105, 36967, 218652, 370986, 75231, 471527, 484346, 383441, 40031, 419577, 260941, 147460, 320193, 180832, 356978, 349445, 217031, 209645, 276546, 162807, 96181, 392904, 66060, 109360, 104033, 241619, 483406, 11247, 358002, 130287, 493149, 244859, 405736, 101730, 479683, 260599, 338185, 16391, 312208, 442535, 474425, 97603, 471083, 206960, 86724, 366771, 379719, 421126, 473677, 493691, 292814, 294233, 203196, 116371, 266067, 175851, 121093, 372869, 120180, 292291, 80149, 176212, 291288, 486987, 171540, 417508, 216783, 446629, 72162, 47212, 321912, 406428, 139380, 22581, 193692, 458681, 481882, 130668, 73383, 117538, 27198, 455186, 427668, 74444, 282953, 372896, 22085, 84706, 132915, 4496, 357461, 406442, 419588, 412081, 482601, 211518, 437907, 279746, 330777, 395721, 23376, 44115, 193334, 474944, 176711, 68206, 227794, 271358, 244231, 119924, 147117, 470946, 189531, 327065, 464603, 485133, 205922, 269718, 360388, 174092, 344884, 405447, 159379, 85254, 62511, 192482, 197455, 235651, 448831, 68330, 22823, 253181, 425332, 54949, 129236, 386233, 117471, 427963, 197253, 53092, 286605, 393231, 148145, 112478, 393593, 325457, 274876, 298025, 177623, 422441, 207080, 324595, 331793, 147988, 52112, 104382, 80603, 15775, 340305, 128760, 31972, 156493, 463964, 313039, 271751, 74841, 227716, 55534, 274670, 44480, 330058, 123550, 5670, 357365, 311801, 116608, 336651, 160895, 450425, 290618, 137467, 185645, 450686, 87757, 362224, 90689, 72511, 412004, 213198, 198717, 119596, 231553, 499532, 375972, 101542, 133133, 2171, 204951, 341617, 119074, 179779, 97682, 361488, 390039, 406320, 370368, 117231, 389561, 426664, 335251, 23235, 66886, 498456, 451080, 315385, 105150, 382770, 240656, 427404, 134323, 273033, 159587, 206750, 162463, 143817, 444640, 259366, 229787, 45304, 428560, 477290, 264588, 273456, 34778, 446000, 308268, 375986, 392850, 460831, 365573, 396109, 71237, 460337, 133232, 70966, 41126, 366030, 321660, 422989, 21872, 415071, 290092, 10764, 483604, 397979, 429359, 165911, 240931, 311422, 103571, 202155, 397250, 160091, 75089, 90112, 255759, 483583, 236563, 303819, 207681, 206668, 31204, 499814, 434231, 131411, 204126, 350715, 28969, 446698, 159015, 480408, 270681, 463951, 218088, 350931, 289148, 218220, 327001, 451561, 85402, 461809, 53543, 271704, 429667, 314261, 488686, 446729, 26380, 141540, 396261, 385411, 476421, 320038, 304769, 226737, 252947, 428399, 212771, 81515, 353914, 181754, 380919, 217904, 159750, 361291, 460745, 448747, 396363, 265135, 153956, 464888, 324344, 198788, 438660, 370189, 160663, 286004, 404372, 388499, 353473, 22876, 368769, 460236, 347505, 195349, 95904, 342117, 328514, 471994, 445823, 405641, 390250, 306419, 33603, 176309, 97927, 424254, 297358, 306250, 226181, 250464, 349478, 175527, 82958, 32126, 471409, 300004, 2020, 468226, 480601, 3774, 427958, 460785, 76705, 214519, 382141, 68062, 169119, 395648, 468827, 353212, 173769, 225473, 490803, 110726, 352511, 52767, 180833, 297791, 63663, 301026, 308641, 394409, 102099, 439415, 136612, 210928, 221390, 324030, 24943, 320490, 48320, 402808, 54901, 391674, 341858, 147549, 85129, 42473, 426172, 420343, 37807, 284723, 448690, 175658, 335363, 55029, 377332, 126239, 311132, 170573, 9944, 231169, 368489, 189351, 105149, 481510, 168813, 209998, 491443, 344112, 120817, 98234, 90154, 34371, 417754, 65783, 65041, 457352, 445275, 414900, 275498, 459525, 42977, 213716, 453, 61749, 243862, 441809, 158595, 432982, 480086, 394712, 423767, 434297, 380643, 400604, 479667, 22891, 154575, 149976, 302644, 242998, 450356, 92564, 384232, 371427, 150489, 49854, 42854, 23427, 61891, 370667, 262236, 410854, 115726, 122918, 194380, 92103, 409287, 259408, 17832, 350852, 155370, 212073, 172015, 445841, 488248, 350006, 255458, 313905, 444288, 422942, 281917, 424908, 482764, 331336, 154188, 247825, 424536, 417224, 254512, 430894, 303704, 256687, 163375, 464967, 424873, 447831, 41992, 36292, 130803, 364907, 220189, 234282, 135391, 48978, 482333, 439734, 266172, 272815, 45476, 289230, 439996, 229415, 340992, 190297, 464503, 449849, 355067, 423377, 396, 154805, 197073, 82844, 354663, 492415, 231077, 322573, 35977, 330849, 479838, 331794, 102208, 35467, 334276, 371392, 280655, 214484, 27100, 326767, 168541, 8918, 275386, 449028, 78165, 466446, 39503, 186546, 416997, 294942, 446417, 367367, 111768, 12926, 172903, 97495, 62749, 315438, 213709, 177702, 225793, 308146, 368679, 170967, 263355, 477391, 73008, 56761, 274285, 74373, 446935, 345086, 438066, 212769, 122964, 371763, 184368, 55054, 129687, 194720, 399097, 88647, 114099, 258113, 39212, 57034, 421270, 135770, 34345, 439188, 262662, 54535, 450152, 54182, 184830, 481017, 187904, 74644, 92962, 243874, 71447, 271994, 162681, 36731, 241957, 482939, 195191, 171739, 348171, 73892, 276724, 121894, 107350, 195261, 178266, 376424, 330692, 79947, 335353, 265928, 150853, 28590, 49543, 446864, 413250, 426900, 436263, 168892, 60124, 10594, 274147, 145802, 118914, 461733, 432199, 399157, 485080, 163079, 58808, 163571, 409413, 314162, 108819, 18813, 419554, 219927, 254072, 494691, 62923, 474587, 74580, 230434, 320414, 89127, 227975, 128566, 319284, 354863, 434194, 168756, 76365, 84399, 101066, 268657, 125213, 123469, 77269, 397712, 375529, 209916, 216825, 284939, 31913, 162938, 432406, 16376, 142563, 151323, 295568, 248408, 207046, 362481, 308189, 7987, 72380, 49988, 202236, 44105, 276538, 37688, 474439, 103267, 15013, 154333, 320131, 30978, 281242, 387789, 247767, 243109, 206061, 108420, 276983, 391421, 368027, 59924, 479375, 374089, 51460, 4725, 306426, 380193, 229104, 319826, 6799, 30743, 195890, 326027, 284854, 301533, 280910, 70671, 272304, 122440, 398215, 264510, 264470, 430191, 350977, 207918, 499048, 308258, 394547, 75058, 289342, 434006, 104893, 213155, 251688, 475839, 419859, 422593, 455171, 451588, 386566, 478175, 95205, 120831, 301051, 51543, 66111, 264705, 188366, 356777, 244970, 420803, 343950, 65695, 321586, 420640, 360334, 83788, 269283, 317384, 296663, 230023, 248036, 116365, 429386, 472737, 290720, 360230, 396037, 291139, 358575, 442863, 217378, 200856, 3510, 300158, 397864, 341870, 328592, 112406, 487016, 440560, 284207, 228572, 458750, 413809, 400377, 340296, 192366, 140532, 123026, 162854, 187478, 151334, 409590, 258412, 286026, 74263, 29418, 204199, 168519, 303792, 236930, 466295, 79567, 169326, 195972, 368322, 82443, 402359, 11645, 334633, 465340, 448757, 194500, 85434, 36489, 481597, 232304, 469767, 413571, 462711, 198855, 337892, 149594, 29571, 95696, 298703, 2571, 386012, 6999, 450975, 332315, 391507, 343892, 166368, 74064, 447614, 463730, 308792, 301445, 63452, 154076, 496737, 272306, 317186, 93744, 335267, 125156, 458047, 91295, 271782, 400683, 251383, 90331, 146987, 499413, 4665, 487934, 50932, 437721, 330240, 274318, 169935, 420921, 421904, 80229, 240536, 436387, 222227, 143267, 259533, 346301, 10167, 303212, 286215, 168991, 64370, 131164, 360914, 39015, 174688, 187156, 177779, 66392, 355026, 340595, 120776, 185922, 287967, 2963, 384740, 433609, 324317, 206582, 207993, 153281, 388686, 89160, 14869, 85486, 172364, 314827, 168382, 241997, 460631, 68641, 243334, 478657, 250335, 304855, 27656, 286187, 235146, 109125, 479533, 228818, 362426, 83148, 27696, 428748, 285938, 190404, 307358, 332295, 190186, 225238, 482740, 155506, 295066, 149310, 259764, 302894, 106013, 337666, 216472, 313746, 248631, 486134, 494345, 176412, 339083, 86972, 390747, 270805, 141565, 247009, 442865, 158415, 19844, 384755, 3142, 253864, 5057, 369682, 402378, 147874, 417024, 100505, 416412, 483186, 336001, 462285, 362434, 204262, 361811, 308175, 127750, 50235, 306716, 128112, 197453, 388912, 486745, 109801, 175958, 39226, 47605, 212006, 189997, 477731, 38492, 142308, 368716, 367803, 495273, 70825, 354713, 101059, 236363, 460386, 159751, 26490, 82453, 34037, 399974, 490353, 61589, 201383, 224845, 190358, 455118, 307097, 467596, 312403, 226557, 285037, 57407, 157162, 364137, 355365, 203643, 119951, 54053, 207267, 424255, 216748, 403280, 135382, 205346, 149985, 64363, 157977, 128556, 143923, 271604, 476266, 160447, 359297, 189465, 323002, 318025, 111416, 276972, 416824, 441722, 167499, 430167, 246605, 458118, 40397, 62231, 270630, 191045, 389695, 434434, 66743, 249555, 14180, 320393, 355715, 40396, 434668, 102596, 343215, 249997, 283640, 88410, 184321, 412992, 464297, 311532, 271094, 291737, 287756, 378159, 345753, 146693, 93648, 448103, 430560, 196789, 479045, 321578, 353560, 416798, 18963, 118935, 265284, 253952, 175501, 119085, 324916, 125672, 109637, 420382, 205152, 471601, 367241, 96577, 281698, 247205, 257988, 425567, 174869, 413968, 499635, 411363, 193457, 412953, 375062, 337387, 187136, 173444, 127473, 53764, 71801, 86108, 264458, 22993, 234888, 265403, 213283, 385895, 173432, 254258, 382721, 233618, 234393, 183694, 164154, 414526, 240358, 2669, 470754, 45645, 181447, 443791, 17206, 382507, 272553, 323564, 82347, 336426, 194506, 420667, 448766, 256329, 269883, 368725, 433084, 39887, 489525, 272474, 482169, 192501, 352201, 457983, 365067, 225155, 432631, 324332, 415509, 119106, 185239, 37833, 271679, 382529, 462313, 35935, 270013, 65, 493658, 449374, 81001, 92798, 430964, 238772, 200208, 14397, 121170, 219426, 201821, 116930, 133120, 386262, 358263, 75617, 296646, 184796, 256035, 160916, 271430, 134151, 372820, 322041, 47633, 161478, 423951, 154122, 460223, 420377, 104244, 387073, 218472, 98104, 25723, 395103, 62743, 60418, 312297, 282095, 2613, 184292, 295624, 382723, 411585, 10688, 367060, 237873, 464209, 169297, 419484, 79227, 438082, 287250, 146246, 166335, 113948, 458387, 130399, 156920, 236837, 140427, 406909, 84406, 461959, 324052, 429298, 221847, 26755, 265904, 460634, 233644, 369699, 204951, 381437, 49608, 7788, 482061, 275441, 246635, 477316, 330403, 408316, 8779, 62734, 83828, 133076, 93667, 164209, 464500, 126161, 247875, 45841, 239367, 222552, 119660, 399330, 121489, 359407, 202886, 276089, 463298, 390319, 342117, 469253, 40845, 133799, 266360, 273291, 344889, 317146, 138030, 251460, 378407, 253999, 216597, 259834, 186674, 292517, 7166, 79642, 335412, 276151, 320018, 244080, 69381, 231146, 114290, 194056, 21317, 316769, 23075, 143472, 389096, 75775, 407839, 208490, 360330, 20341, 205263, 487897, 209944, 95154, 371739, 435380, 203001, 493470, 81707, 36465, 301916, 169706, 347277, 205471, 312594, 456491, 55298, 383942, 462855, 196863, 80827, 192582, 222344, 140082, 316559, 222982, 149189, 441419, 430638, 402100, 277654, 37240, 158848, 60342, 440288, 225646, 497148, 203497, 185692, 455758, 350302, 237570, 65709, 185074, 477986, 314474, 278270, 159874, 95249, 356011, 49661, 326836, 177091, 268262, 295885, 61288, 153048, 284325, 301689, 183492, 371825, 145610, 24987, 43434, 198607, 267139, 382161, 247051, 201366, 494669, 475734, 363476, 125311, 248183, 93571, 73395, 159003, 307949, 291183, 174231, 499920, 354273, 18220, 243198, 184114, 445095, 228559, 293033, 489943, 116752, 187487, 33581, 181181, 275025, 93898, 287851, 256517, 386498, 159832, 117219, 492270, 33174, 78285, 362752, 312022, 34854, 425480, 464945, 396938, 78832, 407572, 258121, 359993, 167328, 348477, 203264, 4516, 442501, 460077, 261024, 185734, 7647, 85048, 491745, 331954, 144021, 411616, 289627, 488663, 171050, 416866, 245293, 304148, 460165, 95464, 448996, 298658, 9915, 488445, 194252, 468951, 240014, 359225, 77292, 226285, 190231, 193465, 56730, 232229, 151626, 470354, 346019, 361146, 160944, 449419, 475145, 372873, 105890, 51401, 67717, 440886, 386966, 430887, 141571, 53644, 35519, 309074, 167214, 72669, 117601, 288190, 317697, 59825, 109416, 387192, 82410, 343086, 119932, 139578, 286521, 75314, 260708, 455421, 91188, 176629, 145183, 116536, 46363, 81262, 189049, 24359, 25869, 322009, 176595, 51184, 473683, 52378, 93377, 225586, 109761, 318289, 162148, 21699, 159527, 294552, 2267, 442924, 114886, 124506, 344705, 323198, 38701, 348818, 363747, 450266, 166310, 192275, 397700, 353954, 71198, 459324, 483199, 371482, 316320, 206707, 45618, 101972, 394636, 499031, 182846, 410299, 242720, 111479, 201622, 360384, 365412, 414080, 147580, 437736, 375028, 308618, 413274, 80111, 463606, 462349, 395051, 231423, 117306, 205159, 382656, 197852, 347659, 86444, 380686, 462737, 216964, 152230, 378817, 397810, 122271, 261421, 454264, 78662, 64791, 393242, 94341, 161914, 140675, 411756, 332341, 249620, 458313, 125632, 193637, 449386, 117477, 42701, 242044, 166209, 19125, 181939, 212877, 366220, 318529, 380905, 55737, 446424, 69732, 205057, 143250, 307655, 99452, 290696, 191917, 442071, 316691, 470072, 117592, 389559, 442990, 391442, 338385, 384893, 108440, 489309, 467763, 482396, 375615, 490059, 155998, 193122, 7616, 300325, 94704, 202030, 140380, 33863, 37690, 168588, 494844, 388214, 235064, 104229, 426249, 216078, 26081, 435795, 97837, 182606, 236146, 388682, 135121, 222692, 162333, 339023, 82826, 232693, 83026, 376200, 45624, 365322, 317825, 493419, 68554, 109100, 89260, 308580, 468620, 359685, 256259, 142244, 135602, 378154, 497441, 84064, 298021, 170649, 126553, 468958, 54820, 495158, 493796, 199140, 124762, 109571, 311105, 276061, 7407, 455125, 232916, 258684, 240577, 13046, 210607, 119584, 295745, 180699, 53406, 319096, 240189, 441580, 94446, 59293, 49505, 293692, 384185, 64134, 160974, 126575, 1132, 16563, 486657, 250922, 429693, 417467, 55863, 187461, 152086, 362215, 243366, 226932, 403882, 437888, 34236, 453581, 243799, 177818, 103191, 446811, 237437, 354141, 47019, 9921, 342731, 405294, 245548, 213806, 400669, 243310, 314072, 180546, 155640, 128314, 282198, 68854, 314580, 262763, 487253, 350194, 276234, 388499, 101047, 383163, 251584, 303459, 388733, 121282, 111765, 414024, 327007, 158782, 230061, 142457, 238885, 157545, 50826, 302521, 391338, 454132, 411475, 237015, 303877, 154550, 124327, 314479, 444440, 344371, 474230, 360419, 240881, 105103, 247522, 120589, 369891, 398353, 438674, 191000, 257224, 34825, 203901, 83846, 410903, 307195, 395114, 263810, 452662, 315174, 441500, 196109, 177483, 293701, 281436, 306450, 303055, 241090, 341444, 135744, 465980, 136743, 300790, 77475, 154879, 231626, 262418, 239806, 469203, 204842, 495040, 240411, 315148, 120105, 75220, 300984, 44141, 221342, 133412, 33720, 131235, 399342, 324482, 161838, 475010, 179877, 150400, 331407, 469367, 52392, 246816, 258076, 24583, 130509, 280360, 99265, 437480, 470529, 112491, 326110, 342349, 47409, 133296, 356016, 248282, 494674, 120691, 271217, 161445, 131195, 215294, 82978, 433846, 182776, 332211, 215626, 15811, 193814, 65711, 390918, 84600, 359326, 67711, 438542, 285686, 326673, 128119, 127935, 161357, 49610, 21354, 91405, 244809, 57424, 357411, 235977, 452921, 196581, 72896, 228234, 249023, 146938, 249373, 483386, 201051, 247561, 464671, 379557, 40857, 332379, 304649, 450972, 129972, 379766, 74611, 305060, 345048, 322158, 98154, 29109, 437185, 11965, 129822, 353333, 237253, 252340, 320636, 231003, 49741, 419885, 89232, 62613, 132246, 434632, 466331, 299764, 324494, 440415, 173568, 104129, 81284, 78904, 29205, 320111, 97774, 50101, 96207, 174922, 418126, 148865, 467987, 244625, 204579, 450921, 300693, 225575, 476262, 427174, 131692, 18555, 222655, 244799, 199756, 294993, 470436, 398083, 121823, 357228, 443259, 364346, 408145, 220966, 489282, 265955, 65989, 170830, 126701, 181125, 112934, 443386, 100531, 210635, 96641, 139938, 32735, 29863, 443501, 23574, 24292, 495533, 365462, 216517, 255130, 431642, 170703, 373211, 69193, 21390, 226470, 100403, 493073, 20798, 100155, 33918, 28954, 173716, 131831, 3286, 433211, 321794, 269285, 120805, 53909, 391959, 267710, 177920, 303597, 12984, 364510, 409324, 51704, 436128, 279830, 493417, 149370, 468620, 302129, 379666, 406405, 477096, 485562, 2128, 267906, 204994, 184680, 169322, 4885, 230896, 256663, 112976, 409106, 141321, 341221, 340770, 351219, 293735, 312343, 54699, 113892, 453353, 483779, 336015, 346343, 468428, 478163, 376701, 63240, 491738, 30315, 316459, 71155, 313425, 341411, 41538, 116908, 117238, 318435, 433883, 478723, 407770, 125864, 38779, 153408, 187806, 430616, 382789, 1553, 430275, 171041, 351602, 469943, 246559, 134784, 172648, 211081, 137305, 157969, 24437, 13180, 26631, 473249, 96400, 53179, 320017, 267626, 37825, 331810, 366477, 96288, 463431, 34463, 230358, 282264, 204567, 109956, 141639, 244447, 128651, 465322, 473589, 347935, 197407, 330073, 452444, 144151, 144464, 242226, 30149, 80598, 9629, 155697, 196821, 429733, 273462, 38002, 87431, 257059, 180432, 445353, 44916, 487506, 174296, 26594, 379906, 368066, 393808, 154891, 278923, 12553, 114946, 22142, 13009, 499634, 21300, 170179, 404632, 104285, 492027, 94493, 197163, 367251, 432785, 192625, 245606, 403394, 148064, 393344, 450759, 453590, 242823, 442444, 180306, 185315, 18541, 147695, 53989, 181434, 456024, 138341, 220640, 250070, 193167, 164702, 1590, 12083, 451108, 254251, 369134, 464764, 182769, 304639, 121657, 67760, 294001, 46372, 68122, 253559, 276896, 135134, 380137, 457965, 49784, 131591, 211010, 215108, 346025, 299235, 132296, 257637, 127778, 66078, 425807, 134294, 407472, 289162, 40855, 89812, 262501, 446552, 243906, 412560, 477944, 382846, 113295, 159212, 247170, 30683, 73430, 172744, 434099, 131842, 447270, 42602, 257556, 213548, 388997, 40347, 65734, 211961, 135490, 73554, 195908, 368296, 224222, 299559, 309599, 428102, 361674, 82832, 370319, 346070, 178080, 338791, 70207, 12961, 165233, 216309, 271307, 349477, 61312, 433429, 264533, 267930, 482861, 190413, 479325, 308374, 386157, 271420, 235398, 312229, 391082, 743, 473372, 326150, 228870, 195505, 92738, 175428, 310904, 18341, 325164, 65773, 240724, 484412, 205770, 84922, 77216, 273144, 267937, 406482, 171851, 294146, 214519, 74057, 165306, 4155, 488340, 88885, 46207, 215582, 393798, 376378, 151538, 41721, 108225, 382681, 115718, 40989, 470526, 419941, 70061, 356398, 77567, 218666, 272225, 338275, 27443, 110823, 402906, 45174, 299395, 279694, 448329, 160650, 422186, 174287, 405902, 27007, 479635, 41147, 405969, 373101, 124411, 9107, 65321, 441482, 143342, 454177, 368114, 84665, 146419, 115814, 393564, 69604, 497257, 325273, 198466, 173215, 476338, 409200, 439077, 72483, 486404, 268845, 57201, 399501, 52139, 257969, 354005, 343254, 483291, 356995, 112269, 66447, 363192, 260182, 11773, 142213, 396570, 104540, 133886, 63827, 407566, 202896, 382871, 237916, 78596, 67203, 318928, 2454, 294283, 413790, 185281, 181851, 336789, 478837, 114036, 35810, 234766, 6837, 18089, 63034, 232395, 108119, 214287, 201584, 206688, 212058, 326157, 67805, 191250, 400559, 237265, 350009, 24287, 266884, 166241, 184203, 218137, 63963, 297776, 308893, 335795, 415710, 69201, 47992, 287393, 494851, 259430, 248800, 268177, 73724, 404443, 196824, 38355, 188885, 240555, 277470, 334731, 321496, 372974, 480024, 141675, 168756, 363640, 394262, 178187, 417488, 13346, 163341, 212544, 217769, 254486, 145442, 287310, 246118, 253453, 303208, 240410, 131455, 284891, 488394, 12766, 453402, 171813, 165771, 103763, 237828, 394877, 453059, 444706, 430556, 126455, 239590, 449779, 34516, 355272, 467846, 332470, 178999, 392860, 26362, 463738, 178370, 58374, 45521, 291100, 113393, 55436, 217930, 145412, 193570, 228023, 365621, 52334, 203986, 200272, 359245, 67664, 48393, 445277, 376159, 350169, 369041, 319406, 152282, 26165, 238172, 201754, 469560, 167765, 266034, 77681, 377755, 203368, 164744, 257646, 455538, 268513, 422370, 234901, 272592, 367549, 13570, 437700, 129289, 355241, 282272, 301497, 260468, 393617, 12826, 425244, 393132, 334044, 488064, 411172, 370379, 479737, 262392, 331580, 101236, 232961, 52313, 62491, 70677, 379022, 165792, 241159, 203054, 15095, 95743, 387598, 236832, 176605, 68473, 135852, 444471, 75029, 152232, 143730, 321911, 247115, 13953, 87835, 418746, 238833, 317553, 336722, 169582, 135012, 101482, 320813, 291316, 103962, 17815, 39047, 437348, 195637, 61423, 334739, 231655, 150834, 38397, 459714, 380602, 95078, 105745, 367083, 116485, 216413, 452184, 38405, 212383, 411930, 483151, 227024, 279604, 111506, 67179, 279390, 487692, 157337, 250292, 408327, 200965, 199014, 298724, 95120, 334032, 230206, 263813, 346409, 318550, 62914, 277236, 59241, 208842, 349812, 46602, 237941, 257410, 362923, 272605, 194719, 147728, 383497, 380566, 39819, 153832, 288837, 109143, 294207, 416436, 293703, 473847, 245236, 377959, 411571, 217453, 300877, 251728, 144359, 253787, 228629, 82886, 431534, 308427, 99744, 145842, 333453, 484060, 217539, 335487, 392364, 83300, 330287, 335409, 204626, 406045, 62960, 439572, 46393, 478440, 133539, 474127, 135752, 422902, 291927, 292265, 112220, 70942, 493793, 248223, 405598, 327387, 279965, 89771, 300300, 283055, 72596, 149906, 292584, 365240, 432334, 91686, 435631, 227979, 210086, 171821, 331125, 203175, 393192, 464112, 336948, 434517, 28758, 358463, 60594, 348682, 317225, 126287, 299482, 196000, 243750, 326853, 335209, 178730, 52783, 120420, 344673, 408938, 255224, 30056, 393910, 249182, 437887, 375684, 416404, 261807, 171543, 29073, 447339, 199423, 176161, 55437, 296011, 1557, 497927, 134083, 424404, 302930, 423290, 30318, 218743, 363710, 210862, 21563, 109052, 214980, 387888, 242225, 388962, 267670, 422843, 154367, 321244, 431356, 11819, 41970, 35484, 491720, 331439, 172781, 232249, 172882, 267747, 213443, 294191, 22840, 324959, 118707, 106677, 272899, 362995, 319504, 361423, 159014, 181790, 442745, 371517, 468076, 371243, 344065, 491906, 71677, 383009, 93215, 265687, 443768, 413160, 118561, 173033, 451031, 159136, 66461, 132068, 49722, 46611, 385636, 29604, 294832, 29325, 194452, 337848, 166004, 42842, 56947, 76058, 202518, 182070, 340982, 20397, 182137, 252773, 85668, 275122, 325512, 35817, 251679, 457232, 344549, 395432, 114923, 153566, 427096, 455030, 220618, 231778, 31819, 456100, 81515, 457269, 331451, 315006, 376669, 295009, 416355, 71890, 29708, 320247, 432808, 344423, 346691, 229831, 37539, 13328, 230669, 113438, 312743, 316113, 395439, 470845, 402936, 103583, 32865, 236381, 382804, 80226, 472872, 249730, 87988, 151034, 44797, 74951, 174507, 104298, 143497, 307947, 425170, 38336, 110332, 404567, 485541, 82583, 437504, 483398, 485358, 364100, 483909, 359814, 431207, 377465, 153839, 38797, 218083, 35509, 124488, 431165, 54585, 418281, 428648, 7893, 185762, 153492, 471773, 150925, 307429, 137911, 141978, 352253, 115986, 205157, 474011, 84624, 323033, 45840, 314120, 493808, 333477, 289482, 399829, 129410, 259077, 91157, 63845, 76292, 75308, 1404, 237931, 17285, 207651, 413530, 84937, 207679, 40737, 15237, 43030, 427257, 112605, 224465, 77616, 364816, 450164, 25431, 33415, 165867, 496567, 447793, 381825, 53441, 61141, 158557, 280762, 297832, 265564, 16098, 351290, 1457, 309105, 382438, 480653, 270255, 18867, 261200, 161988, 10421, 213611, 288510, 303069, 133073, 192178, 334127, 7726, 89838, 177589, 50261, 270560, 22581, 218342, 340962, 354106, 251357, 199577, 454113, 158430, 471972, 58691, 234699, 101998, 431673, 312645, 455506, 468921, 85314, 412686, 406261, 85654, 242892, 264651, 491689, 68610, 208327, 473312, 314995, 364822, 380671, 71456, 328590, 213485, 293329, 461067, 390737, 184495, 394776, 253109, 130762, 51353, 129380, 409100, 438427, 22991, 307767, 378885, 115432, 173661, 78127, 24290, 263706, 494038, 21158, 297901, 110972, 266436, 204281, 31291, 486683, 350826, 228038, 420069, 58490, 53584, 443637, 26440, 118382, 184377, 373047, 281179, 470119, 245559, 51045, 12369, 207168, 165175, 383245, 441360, 113900, 473679, 241693, 256524, 481407, 76528, 185768, 295862, 220593, 492003, 187289, 82069, 276916, 243532, 485786, 378750, 406461, 156255, 43197, 10727, 204041, 480721, 81792, 251501, 482788, 331828, 36871, 463146, 341731, 449346, 141346, 282075, 101716, 121988, 396891, 240784, 355201, 435058, 43115, 469562, 196858, 325476, 169394, 402530, 259902, 422750, 404086, 255885, 496522, 5082, 93789, 327430, 247463, 286961, 498130, 273294, 382150, 429633, 241921, 393983, 81991, 457738, 320035, 303059, 339270, 167561, 335033, 106741, 281353, 370226, 97173, 149520, 200842, 186434, 301758, 218696, 93777, 403639, 346903, 231715, 124226, 252376, 342101, 327545, 370759, 156390, 81428, 71301, 487352, 33727, 344537, 67408, 333793, 62669, 141523, 284633, 55271, 292482, 104467, 326732, 464565, 72411, 227991, 397148, 244095, 64907, 231540, 338351, 238704, 4692, 373722, 463141, 147445, 288092, 497733, 305593, 302386, 319348, 31010, 393430, 229553, 103035, 219874, 135480, 12904, 289461, 203522, 358147, 357236, 329567, 422786, 171172, 266704, 187630, 396546, 181441, 184936, 287167, 346571, 323733, 186598, 104286, 241510, 7380, 146357, 444098, 45511, 419128, 27438, 439982, 444959, 398334, 443223, 92400, 263896, 280730, 405393, 256440, 136094, 392002, 339296, 373302, 309058, 230977, 75598, 265706, 187282, 445236, 328015, 262669, 176721, 370848, 313178, 275116, 165373, 40772, 213881, 298008, 457039, 225321, 288896, 271171, 397921, 401794, 387145, 258219, 143242, 176768, 180725, 266330, 274855, 48486, 308594, 68191, 440973, 116459, 355457, 46686, 458248, 66155, 201194, 243136, 270405, 460682, 339162, 274156, 422879, 67503, 214685, 180271, 14377, 353203, 476948, 260871, 244230, 99123, 465591, 141978, 97265, 63424, 495915, 327861, 498163, 60720, 452493, 150832, 61272, 3113, 478666, 143245, 149609, 335918, 46213, 61336, 121326, 222939, 333805, 202733, 365240, 15561, 341757, 403664, 473773, 349137, 134712, 88229, 208070, 88040, 325791, 98786, 13784, 201394, 450355, 389292, 41182, 310348, 390203, 422163, 442485, 160307, 142753, 260121, 139622, 485017, 47780, 361195, 142280, 291926, 124468, 81439, 57161, 232501, 171252, 252605, 184563, 392018, 234871, 436588, 282603, 38613, 375711, 77069, 253679, 186008, 179410, 254598, 393692, 314342, 245712, 224066, 85480, 64494, 261772, 430222, 262831, 237351, 334743, 364600, 189258, 307723, 18940, 222225, 128291, 55583, 412693, 414412, 323783, 45469, 48771, 417165, 20267, 343360, 208636, 63253, 319899, 473788, 459293, 221101, 432962, 9062, 438741, 219397, 113397, 381306, 89262, 270542, 167821, 438258, 490957, 484346, 332672, 62120, 344207, 274195, 213026, 267396, 313445, 50970, 229208, 101965, 461546, 122084, 464779, 58347, 379334, 490692, 329911, 173381, 444474, 197183, 245856, 336835, 255158, 187807, 303645, 90957, 135785, 323456, 224705, 454529, 311828, 143336, 31683, 32641, 253882, 186555, 317571, 487833, 275738, 414414, 197649, 477018, 105459, 483112, 106112, 125679, 184457, 152171, 14842, 22066, 64390, 410348, 334952, 475327, 384007, 17896, 102027, 430788, 414161, 261850, 125731, 41575, 278439, 23140, 440778, 336994, 64643, 203907, 267699, 34795, 494194, 55988, 452970, 194766, 498168, 406197, 285944, 172941, 373768, 447240, 98201, 125922, 212556, 22698, 353388, 206016, 242558, 234526, 44797, 285311, 194621, 432994, 361133, 302166, 345899, 432520, 240365, 457512, 20904, 351697, 65220, 356111, 348621, 451823, 410928, 480267, 265349, 260128, 153580, 238758, 316492, 198607, 203425, 14440, 51282, 393778, 227931, 337746, 133575, 230148, 32177, 273642, 427562, 499818, 43997, 35303, 73634, 30752, 411012, 111949, 126254, 301304, 147885, 147761, 125176, 472605, 73005, 67771, 143879, 240603, 5817, 88221, 280274, 274624, 199613, 378863, 304007, 74714, 262502, 385889, 307858, 395082, 366260, 473073, 107068, 110830, 433284, 172197, 195088, 476715, 266102, 275943, 70613, 83514, 71834, 162966, 481558, 295142, 317098, 301283, 463686, 37605, 165245, 207380, 255583, 132960, 346628, 7105, 146448, 261350, 148921, 170836, 499691, 192747, 142430, 375458, 367636, 255867, 129908, 485503, 303185, 325123, 39973, 116081, 471814, 319768, 259789, 177528, 498327, 369271, 180072, 409664, 366493, 387725, 482020, 393094, 72757, 184748, 261783, 462629, 269969, 112018, 383403, 348786, 23504, 197095, 245399, 154566, 300634, 51472, 169839, 59613, 360451, 103963, 219165, 436979, 375995, 498954, 112355, 453097, 314046, 309573, 177479, 162445, 131004, 248376, 369842, 441777, 438624, 56659, 202294, 113929, 78574, 31983, 167182, 134823, 28112, 202606, 343657, 486658, 196165, 72700, 235685, 279693, 484166, 261191, 44151, 106803, 192389, 247747, 452455, 273631, 78503, 497781, 317792, 120634, 93763, 466203, 374128, 303998, 252626, 467371, 123956, 118749, 97663, 167698, 470279, 381377, 21881, 495884, 364904, 255519, 100999, 477523, 164183, 471521, 220284, 451471, 147739, 192687, 202380, 463929, 36478, 63854, 54411, 262657, 301017, 459627, 247202, 399353, 241954, 188921, 413530, 379443, 57393, 51076, 25880, 483746, 114788, 358471, 200360, 141123, 413171, 240062, 268344, 81005, 160933, 87421, 468959, 114057, 345197, 111274, 91724, 312532, 322129, 31243, 195717, 81010, 270550, 182819, 17731, 346810, 279343, 427255, 443700, 325009, 312965, 239612, 298681, 38968, 198073, 245208, 200046, 171289, 109962, 412099, 301464, 99437, 289625, 433414, 372634, 177255, 98596, 391546, 183758, 49178, 367269, 105049, 485079, 94734, 73895, 142974, 209704, 300595, 495564, 497920, 207169, 395436, 114914, 275526, 194428, 106583, 46100, 173898, 141170, 109600, 197921, 170797, 30131, 142927, 386153, 418940, 109600, 13104, 270339, 55433, 441357, 123513, 164976, 495936, 84979, 99071, 328722, 264370, 207424, 195917, 59604, 91949, 265879, 180119, 169383, 129340, 265744, 385735, 424989, 495243, 269850, 306019, 349018, 420414, 312033, 239399, 356934, 435624, 18651, 112280, 292039, 33523, 154181, 31148, 171726, 250052, 410748, 169407, 283603, 251576, 222183, 161367, 217237, 315968, 330832, 216174, 34291, 295636, 80605, 256886, 70974, 450365, 317028, 347504, 223654, 368032, 292995, 457453, 450649, 280862, 387833, 344998, 430991, 64859, 415764, 101761, 229012, 296556, 1892, 292721, 225044, 440390, 316796, 259134, 226508, 62616, 258859, 10997, 68830, 133033, 274262, 334948, 413016, 477086, 211974, 421291, 77115, 236093, 175082, 59424, 25235, 117963, 141220, 315525, 85958, 375405, 205610, 327949, 366919, 378043, 240893, 403179, 358894, 130238, 186602, 336805, 34929, 28720, 332348, 53208, 330550, 25612, 151484, 18301, 158062, 401855, 185535, 458489, 48646, 377904, 419742, 422188, 381306, 94937, 169056, 72147, 318009, 461209, 458314, 147032, 428610, 284141, 336356, 417825, 222156, 195772, 172795, 258284, 202683, 397896, 256962, 298367, 89584, 6744, 97072, 168192, 60358, 420638, 211268, 402663, 474947, 79598, 315730, 358264, 446975, 477764, 215505, 283573, 337767, 428567, 320036, 108604, 135932, 188161, 62072, 12234, 143681, 148439, 456327, 22965, 482435, 416214, 408161, 260961, 156004, 348024, 257880, 170776, 341972, 64669, 170731, 407725, 269119, 310756, 499588, 219990, 259922, 438144, 323624, 264110, 165502, 89360, 251760, 379425, 253676, 73862, 456722, 326015, 142218, 56829, 389340, 33620, 173338, 399488, 275526, 358135, 10038, 354135, 293800, 100357, 120737, 216061, 490578, 21105, 5321, 136820, 144968, 154986, 71906, 89038, 247965, 159641, 290545, 389900, 253274, 357615, 236941, 477308, 491671, 47100, 131369, 459591, 376819, 356591, 494227, 445881, 45515, 229293, 37180, 49159, 240950, 318598, 202785, 466576, 424243, 184614, 227933, 349033, 345465, 345101, 71288, 203816, 430866, 402722, 225341, 82410, 219038, 135220, 339077, 310786, 347828, 141212, 432418, 346784, 233413, 424735, 405870, 138607, 394825, 152895, 179178, 57062, 422858, 309092, 283315, 435632, 380990, 3672, 178909, 212749, 75310, 433295, 374454, 339061, 457331, 283158, 93703, 409291, 401390, 251503, 261416, 424297, 153567, 494545, 229614, 202311, 128215, 46850, 204569, 117408, 163018, 19810, 48463, 495885, 477189, 411698, 133322, 290032, 16103, 10091, 418691, 495168, 499384, 94044, 77328, 52628, 144487, 278754, 450489, 39071, 20500, 444181, 88196, 484365, 363961, 30020, 71997, 189362, 274143, 417384, 58239, 339106, 45471, 357200, 390324, 153651, 376202, 341597, 92745, 247502, 448033, 162354, 54965, 377933, 465541, 165398, 55754, 292551, 104488, 146443, 361912, 428620, 447087, 407140, 335974, 92029, 440714, 399545, 468211, 449833, 67719, 25069, 262421, 389480, 412842, 68135, 394430, 294467, 45477, 299098, 433539, 200266, 363904, 395982, 368380, 393948, 168236, 126755, 297380, 216709, 25231, 377665, 368793, 58503, 156202, 330799, 318795, 185068, 176273, 84250, 193008, 364325, 292556, 28198, 243258, 145448, 182024, 390927, 403498, 108007, 468449, 488752, 365531, 383048, 169983, 334628, 140212, 323890, 132166, 338581, 200749, 352228, 459971, 367529, 253189, 150647, 158813, 367955, 296180, 354346, 445613, 14955, 394760, 122303, 416300, 128053, 476920, 18660, 308566, 486879, 11204, 181694, 374504, 31730, 140867, 290048, 164513, 394997, 405010, 260848, 304866, 22463, 11673, 237138, 247053, 353356, 218187, 147330, 281020, 87733, 40661, 496941, 480767, 162924, 123983, 109852, 244612, 377092, 72044, 39007, 4520, 43819, 19846, 17386, 253630, 350374, 449636, 82447, 199679, 405752, 148732, 140913, 169409, 166755, 410908, 456863, 389671, 266582, 301187, 389848, 262839, 62552, 105077, 123498, 161151, 77226, 98280, 453368, 496522, 10446, 498752, 478279, 258301, 116199, 1308, 478914, 94862, 438370, 259829, 208211, 116424, 201536, 472119, 80485, 224297, 214129, 257981, 252968, 288361, 292607, 199375, 227410, 57791, 50270, 93111, 462564, 78806, 2115, 491383, 104387, 247653, 444549, 119154, 488104, 63789, 101190, 455325, 4515, 52911, 400240, 361721, 451102, 65100, 44730, 17205, 352647, 276091, 210015, 307467, 362118, 178483, 199034, 252602, 32628, 433308, 205130, 5742, 116927, 267901, 128630, 68671, 291635, 492212, 194126, 16513, 459242, 272611, 209669, 13628, 197384, 495653, 383446, 427448, 289076, 365005, 319401, 201477, 9221, 1749, 447792, 403926, 278078, 30008, 303876, 365382, 329312, 59862, 185050, 39840, 63219, 24892, 181298, 115085, 356840, 272067, 147204, 235104, 101897, 99891, 249884, 91521, 305781, 89608, 417900, 265014, 497487, 310303, 287344, 79936, 314429, 259802, 33956, 212110, 188219, 303163, 409245, 239213, 159352, 448841, 2117, 349320, 205103, 127294, 72851, 482911, 273603, 220404, 433079, 74400, 174239, 345004, 100282, 140754, 249927, 322363, 199257, 471239, 212796, 222503, 314929, 294418, 401290, 74853, 362795, 44289, 232326, 290723, 341977, 382853, 238857, 466371, 419419, 127521, 15974, 123513, 499140, 302495, 75625, 7360, 128289, 416776, 201906, 241503, 266857, 326056, 291682, 16318, 66330, 96104, 334120, 472209, 181840, 157605, 46036, 253120, 119443, 177986, 273635, 232670, 263371, 83306, 118309, 493549, 401009, 102887, 192782, 301603, 301068, 231952, 225880, 132150, 23074, 11366, 275931, 475178, 297128, 382204, 37840, 14670, 228506, 269199, 284273, 123497, 302643, 484119, 277208, 447253, 330901, 482407, 435599, 346456, 411222, 83102, 383717, 213396, 242316, 189885, 350590, 311042, 228951, 129047, 425355, 42373, 282818, 310079, 282694, 267907, 38618, 332573, 229230, 239015, 491810, 373386, 84495, 336, 417863, 362200, 445968, 37404, 230946, 164851, 397661, 272389, 373392, 132600, 440561, 31333, 285559, 176429, 147891, 192994, 361116, 254392, 379674, 239744, 421769, 263887, 3414, 356442, 86838, 20103, 480882, 470942, 227086, 265679, 203647, 190509, 369496, 196134, 236601, 167436, 376503, 141911, 358066, 101938, 333890, 388161, 246534, 197340, 223094, 37756, 184091, 181118, 407601, 258205, 93529, 309988, 254296, 416769, 47961, 156560, 330854, 46397, 198577, 367255, 246691, 267256, 474209, 231203, 385165, 64947, 267389, 319025, 424660, 327006, 466342, 273522, 300957, 359166, 130825, 407565, 21676, 494919, 490550, 74196, 59729, 490731, 408347, 272797, 160563, 205035, 220897, 250942, 7093, 283996, 289348, 264355, 148000, 459857, 406557, 6260, 447249, 356397, 294985, 93644, 490868, 341465, 224930, 361981, 215157, 229147, 50681, 266867, 28569, 234622, 420591, 464894, 134222, 495450, 457503, 97596, 172391, 303664, 324906, 52000, 417166, 170190, 258487, 479726, 100544, 103458, 300156, 206097, 295730, 156570, 371736, 270678, 134817, 160891, 361803, 303625, 47871, 411590, 372195, 267810, 302882, 333946, 63733, 220432, 251863, 200664, 246097, 488007, 147210, 337460, 181954, 446999, 201542, 465679, 351233, 461772, 302605, 424070, 65426, 188805, 116538, 217380, 131044, 259264, 287039, 453262, 282810, 376205, 237679, 499593, 82101, 142674, 34878, 218152, 396557, 455920, 155808, 85945, 264983, 356744, 388558, 92240, 459754, 196096, 129874, 124813, 32014, 330347, 228498, 310664, 126345, 4580, 135431, 218378, 50352, 482861, 421319, 195573, 90597, 16651, 32261, 375777, 351577, 212524, 282738, 33875, 394141, 33662, 13312, 178854, 141700, 416902, 426002, 357977, 129833, 119246, 476380, 143879, 125772, 297084, 1283, 179115, 45661, 448960, 44206, 447062, 203928, 252465, 284433, 328072, 130210, 191630, 185464, 323113, 390237, 113886, 326475, 444792, 228815, 342736, 337856, 207405, 248060, 136544, 445270, 42573, 25598, 280785, 154491, 459581, 276613, 278131, 454172, 230973, 249923, 492937, 262381, 370570, 165284, 166177, 222043, 205125, 376692, 143393, 154020, 93310, 116859, 398971, 435485, 464313, 348863, 318177, 293312, 107556, 212151, 465875, 218979, 178437, 9831, 245761, 73140, 159344, 430727, 112178, 143192, 174088, 466485, 426767, 344016, 200270, 339946, 381682, 12635, 497519, 60190, 473569, 310588, 62346, 489316, 281263, 253877, 60607, 300392, 316182, 326621, 243538, 231581, 193365, 356829, 339166, 45761, 73855, 223518, 166979, 104854, 206758, 494133, 482691, 195260, 467867, 208848, 151927, 252788, 493736, 29926, 116989, 318659, 26995, 373171, 333267, 227009, 271569, 404508, 28330, 90457, 74604, 249341, 276026, 491169, 266877, 496755, 141978, 128934, 4346, 52900, 450875, 115201, 178327, 141871, 412352, 40545, 100599, 137473, 308786, 447411, 461296, 244331, 485462, 28042, 391039, 28966, 328344, 446956, 93410, 188603, 312720, 155072, 343053, 17284, 39873, 297806, 363113, 162465, 336884, 420005, 100198, 10004, 269063, 354029, 401440, 361236, 434797, 294664, 363195, 105615, 109451, 401702, 429862, 427722, 177333, 488957, 378476, 470311, 424546, 147415, 350919, 341047, 328935, 270030, 23837, 360923, 343516, 382537, 248198, 480829, 31101, 70103, 479560, 322045, 6551, 339733, 9116, 181604, 429940, 244243, 452024, 277858, 421140, 439049, 48160, 301567, 71389, 360510, 63644, 146804, 238331, 47791, 459733, 329831, 412450, 428845, 256650, 491724, 168149, 157419, 162375, 166849, 279421, 294864, 231681, 65028, 75162, 95568, 196337, 205523, 118650, 177134, 59195, 45969, 432454, 145581, 479104, 258469, 81121, 162137, 398697, 231946, 179167, 274055, 472178, 117738, 324579, 127840, 296466, 385746, 247718, 76592, 177507, 74035, 462661, 197656, 468548, 217910, 278009, 491498, 442258, 314301, 440129, 79523, 122598, 391062, 192445, 464149, 316315, 300481, 115492, 24345, 16584, 163464, 108032, 194778, 467421, 395792, 112085, 497268, 98364, 333444, 334986, 148110, 279110, 103404, 253055, 79640, 432530, 145270, 137473, 427659, 171530, 419232, 361780, 403155, 370499, 417620, 21991, 489865, 359426, 147967, 261018, 382417, 438086, 214337, 440664, 233578, 108199, 168904, 203401, 225935, 294534, 116467, 33567, 143212, 399821, 116832, 476848, 429597, 318494, 344822, 250209, 272967, 88604, 213984, 179701, 476696, 160474, 77537, 405771, 226139, 330861, 104133, 453521, 328631, 105410, 241275, 286730, 210116, 128564, 150359, 138934, 372314, 336081, 162422, 321159, 53171, 117110, 455740, 342867, 185662, 58984, 498681, 493597, 135155, 360513, 216268, 211208, 22202, 340650, 213175, 19821, 318858, 207576, 427423, 48846, 179570, 42246, 37595, 450491, 25085, 218033, 412953, 99022, 409402, 249535, 50330, 209921, 389916, 382932, 208736, 172376, 208455, 31583, 255528, 147749, 370266, 168709, 417994, 31223, 314164, 125537, 399436, 323099, 234110, 359457, 145196, 300235, 490224, 175220, 147071, 441904, 172904, 419928, 416640, 442027, 481163, 45711, 300410, 48230, 365250, 367417, 467290, 442784, 226979, 439841, 120595, 177531, 374696, 70052, 413834, 305715, 29263, 242601, 344265, 35000, 165979, 236563, 439710, 208173, 90175, 148086, 296603, 387861, 222777, 495614, 129504, 188032, 365392, 343190, 66493, 239607, 241765, 432044, 425272, 8630, 200168, 177565, 488816, 338884, 226004, 292844, 126094, 258259, 60686, 222746, 359049, 148966, 292226, 461342, 314470, 483410, 352747, 291523, 238315, 136716, 132633, 127803, 409132, 213904, 172334, 402558, 18214, 200236, 271411, 316044, 469439, 27770, 318670, 147876, 45884, 215094, 39691, 440640, 429180, 229202, 360241, 298671, 367982, 377607, 5326, 365261, 399458, 344317, 181497, 239636, 458263, 93316, 441921, 270210, 434617, 464763, 222387, 118504, 206967, 106738, 161957, 432625, 404827, 18744, 179721, 78534, 9335, 260547, 10838, 479226, 121456, 200746, 78127, 475198, 314190, 36777, 268995, 355443, 132707, 124080, 391830, 182003, 191720, 74279, 474758, 173310, 371981, 440273, 335676, 32945, 183021, 169685, 441232, 140322, 384966, 384637, 480290, 36682, 421508, 196974, 452871, 240029, 466863, 263941, 443123, 431141, 288830, 60636, 376525, 422185, 45068, 267632, 262456, 102856, 396469, 416890, 427861, 320854, 370944, 18361, 158892, 414938, 333883, 356145, 390089, 18966, 74079, 390662, 464673, 301929, 427889, 292650, 466004, 280647, 445722, 334560, 60221, 134399, 366280, 447927, 79222, 86494, 287420, 92951, 329414, 255942, 405354, 107643, 345294, 48342, 465446, 426467, 309631, 58536, 169086, 364454, 20116, 96651, 495377, 230520, 335001, 424563, 127653, 90498, 184363, 407258, 21803, 16510, 343452, 450525, 344381, 7595, 242694, 359441, 417142, 267610, 253925, 430975, 301680, 325787, 52448, 450747, 317350, 253208, 336966, 51152, 374453, 30764, 465245, 190336, 379346, 284249, 149287, 160577, 316390, 56, 482267, 176272, 4310, 246677, 289710, 487415, 362852, 257464, 227943, 149465, 282255, 172587, 56797, 261833, 200119, 276816, 76289, 4894, 312936, 78699, 419085, 286546, 67691, 301570, 155330, 343749, 286506, 119572, 133886, 411531, 13345, 351059, 417135, 6153, 169692, 400633, 223661, 411634, 51662, 160181, 206961, 478500, 148120, 236137, 11547, 188920, 294348, 162170, 191959, 10084, 145229, 472921, 474450, 336349, 102068, 427542, 470992, 317926, 35669, 108846, 462014, 229891, 441711, 168129, 170388, 10496, 127172, 388581, 493519, 266074, 85420, 195252, 40856, 31308, 305382, 301887, 499417, 194179, 375529, 414826, 477911, 297432, 483753, 13968, 162125, 198072, 166384, 294180, 82814, 64059, 145137, 471398, 119368, 231124, 150738, 427705, 31219, 461435, 283799, 37070, 462952, 41436, 265368, 483142, 180217, 448860, 364601, 295206, 210329, 352077, 100154, 268930, 161649, 167687, 151699, 106726, 210070, 380725, 216181, 470141, 427174, 260941, 325020, 308430, 53059, 77792, 197290, 133807, 444443, 12268, 395413, 389420, 429776, 326895, 206080, 421110, 352198, 497210, 13617, 244353, 261342, 238642, 426772, 376233, 365673, 455442, 468971, 157524, 345752, 396905, 35470, 317206, 448971, 165164, 198976, 228396, 454740, 235559, 136913, 195092, 440217, 257246, 473383, 90845, 198853, 224844, 96991, 4042, 304441, 357483, 19588, 387469, 189620, 35865, 291461, 182752, 68754, 346957, 328435, 141155, 341210, 197494, 285618, 295742, 250965, 489765, 120281, 469324, 72113, 415479, 228050, 119571, 177293, 109681, 58962, 48890, 45729, 164929, 227289, 219576, 169459, 410698, 45810, 433260, 248656, 286275, 52282, 169034, 278257, 147744, 296312, 138009, 8448, 196925, 42629, 250469, 102859, 94560, 373166, 483462, 478176, 103371, 310741, 53266, 456359, 278849, 126975, 105624, 469564, 320111, 339322, 375605, 264322, 241371, 492954, 15813, 167764, 494314, 315992, 366609, 29498, 474695, 481789, 112423, 404292, 288217, 474542, 15169, 319863, 489877, 451327, 64807, 285678, 254123, 21195, 360967, 276365, 113216, 86426, 160761, 152891, 421101, 442979, 435611, 393010, 462907, 94632, 310096, 242595, 247294, 460438, 339811, 311808, 9209, 470959, 365303, 204444, 416766, 210425, 436238, 69029, 140348, 214264, 242230, 198918, 446411, 346601, 360715, 469095, 422464, 474528, 378392, 410943, 386433, 100908, 208297, 320821, 489475, 428165, 136233, 197697, 232438, 251981, 45289, 128254, 86143, 443157, 142877, 350214, 379589, 312259, 382272, 138608, 406345, 182098, 415818, 35379, 305412, 385233, 331064, 282515, 384341, 231938, 392866, 131125, 316027, 345062, 489100, 356933, 454954, 457558, 397295, 458281, 339034, 115563, 291705, 273881, 66546, 18420, 216954, 247457, 132835, 90917, 286592, 335647, 341859, 399477, 459705, 105278, 154358, 336673, 208152, 127224, 25832, 184366, 358489, 261852, 227140, 257270, 306052, 75568, 170956, 80607, 383509, 275706, 488911, 369715, 322980, 328117, 497841, 401029, 3938, 29794, 221315, 276115, 89461, 249944, 226391, 419567, 130350, 485832, 472061, 321730, 440693, 177305, 389591, 32094, 332553, 416878, 266792, 233089, 449502, 138068, 330991, 276697, 361682, 87059, 205397, 49841, 306990, 250513, 54497, 9668, 82942, 147719, 326348, 344175, 322230, 185235, 146996, 241482, 117430, 171477, 262700, 59958, 135783, 381283, 155665, 170183, 62940, 287412, 466944, 60864, 309294, 182516, 395583, 396980, 274953, 163023, 289319, 351522, 333782, 495562, 356329, 138242, 367875, 81042, 272319, 61084, 475921, 335083, 49750, 334381, 412272, 23156, 234986, 40868, 433190, 369694, 12837, 407042, 419695, 201730, 30524, 161123, 485304, 427440, 369586, 221395, 414527, 81191, 117619, 369040, 383269, 343365, 392387, 44592, 88135, 211554, 194447, 138628, 179056, 340095, 314234, 437492, 439216, 475690, 301569, 69476, 236974, 429572, 249245, 306411, 233845, 68331, 394958, 166152, 57325, 360386, 339356, 213976, 366041, 217334, 352274, 40758, 289694, 185893, 416533, 184149, 305524, 199728, 184678, 249359, 37252, 68528, 284361, 466685, 352138, 461087, 466071, 149478, 50554, 278885, 261831, 238979, 437107, 133255, 154482, 451049, 199801, 279473, 156315, 472221, 95158, 341161, 29531, 84143, 130843, 37576, 74681, 422212, 111730, 342967, 153614, 71509, 327712, 143344, 356013, 381053, 283693, 334568, 399934, 337999, 262363, 270591, 315221, 30691, 377339, 93216, 53696, 289174, 7149, 166846, 57889, 353224, 317958, 243342, 452165, 49225, 45883, 429520, 326095, 42626, 413209, 222296, 464744, 218316, 19363, 124146, 73504, 213790, 454514, 82745, 106914, 95698, 201328, 246001, 70756, 107655, 317121, 100261, 245594, 433052, 289379, 209016, 27163, 198756, 265474, 126107, 183554, 311724, 243654, 123087, 242134, 248014, 405747, 457082, 497550, 171437, 282182, 96345, 28261, 69091, 122805, 63672, 140206, 91189, 335106, 169105, 234634, 21269, 430140, 51603, 493153, 135039, 374563, 14087, 90052, 403050, 295103, 198254, 277687, 275174, 486542, 344705, 75653, 129076, 107851, 40200, 117536, 131381, 178092, 172276, 397139, 324771, 6138, 249182, 244972, 229467, 210215, 151008, 335456, 318678, 24463, 377129, 179173, 478553, 41063, 120886, 4447, 105530, 163168, 182399, 299473, 28309, 305432, 238124, 348384, 260462, 171780, 218383, 153168, 246950, 337133, 463806, 252447, 60828, 57915, 192513, 91498, 246719, 82598, 265033, 463240, 276010, 459973, 454147, 219162, 91294, 36464, 55919, 419669, 333224, 435791, 322422, 454440, 392551, 85094, 397672, 452559, 162973, 284427, 77901, 99971, 181466, 488160, 387700, 106969, 489051, 464500, 422123, 50486, 144603, 340985, 167235, 214462, 49769, 61831, 6352, 80344, 223440, 341010, 414792, 427205, 389301, 394214, 388804, 115205, 220223, 391002, 411361, 406846, 305322, 154466, 255406, 182170, 146266, 187491, 468812, 489555, 272229, 36184, 283876, 319160, 179594, 381312, 138420, 138599, 306463, 223567, 283099, 357689, 221204, 260996, 121205, 254867, 181964, 195862, 225884, 356223, 52816, 283286, 377809, 210632, 171167, 142571, 343193, 296818, 343432, 490028, 74154, 418162, 211709, 263881, 107704, 240633, 480482, 157905, 110239, 469587, 3702, 340559, 454549, 356098, 424115, 85530, 316076, 30172, 290270, 429066, 496449, 394678, 74722, 429569, 47928, 143334, 122085, 272941, 156081, 76400, 222815, 69214, 454595, 324026, 453029, 118158, 48240, 291761, 411694, 60714, 102627, 18283, 411854, 207365, 207496, 131528, 77698, 472169, 68526, 362032, 180427, 130712, 6193, 134249, 337272, 161856, 165686, 483684, 360397, 441615, 484321, 74822, 333662, 434210, 427917, 296116, 409350, 457212, 64209, 411515, 479123, 207248, 496071, 230333, 413888, 245711, 138290, 38135, 418002, 252984, 83077, 220109, 4825, 244104, 382612, 263456, 233041, 129333, 472016, 389922, 112914, 159600, 260561, 218102, 7565, 259909, 485564, 72588, 355074, 347471, 65720, 142418, 226837, 228204, 462946, 25069, 390890, 161977, 184683, 341263, 297622, 470309, 273612, 15172, 322709, 245059, 43330, 473167, 341512, 358532, 163909, 63574, 149845, 36811, 319635, 312441, 282397, 249486, 184882, 44416, 126037, 380393, 291082, 478917, 329921, 335695, 63538, 350207, 369216, 6414, 289643, 139062, 94652, 446432, 20560, 167834, 192051, 487316, 399188, 393309, 283352, 292752, 37531, 200294, 485972, 345762, 71098, 99767, 190408, 6, 131531, 396282, 451356, 454949, 123513, 186977, 499415, 347501, 178192, 313269, 162641, 275693, 496900, 270955, 341499, 368999, 21212, 488136, 31850, 295793, 151193, 40270, 307079, 139897, 336856, 484465, 260254, 106811, 235847, 120961, 201810, 280993, 38953, 131990, 308769, 90222, 341546, 215012, 278504, 245845, 127617, 149907, 159399, 185460, 389122, 110712, 222546, 479612, 285094, 3886, 392806, 375263, 227294, 5799, 306195, 93274, 11068, 121708, 90656, 211925, 225497, 187817, 482687, 340699, 142270, 81320, 11114, 153693, 257430, 285435, 8598, 499810, 343559, 220169, 331256, 72861, 424001, 143793, 458414, 204939, 389492, 122883, 52767, 33604, 194439, 47287, 331669, 320895, 194210, 119528, 463189, 457982, 258193, 668, 185135, 391129, 423136, 75253, 32086, 91784, 318274, 309154, 352413, 128111, 226356, 434603, 201009, 3697, 80257, 471755, 497919, 362322, 335027, 281581, 441230, 392072, 110183, 177484, 197499, 20914, 377217, 211239, 266017, 84528, 262425, 435595, 113334, 167641, 149426, 121927, 386200, 298461, 124974, 86116, 122309, 466891, 209318, 497645, 48598, 293830, 226278, 140506, 254742, 183105, 414909, 355472, 317009, 285427, 196724, 410438, 378586, 334761, 461404, 77956, 98306, 317470, 325844, 168925, 109637, 460244, 264859, 125440, 342888, 144190, 233415, 299318, 42709, 57, 453108, 367025, 303671, 447444, 321020, 339858, 292556, 480117, 142095, 270382, 231096, 226004, 338176, 266387, 114754, 410049, 272456, 362244, 160502, 383184, 431812, 80606, 493289, 445973, 429568, 80984, 372465, 306406, 305979, 320804, 406794, 227913, 403682, 326377, 483231, 313296, 54602, 9631, 118839, 130400, 285836, 27445, 352622, 190688, 209561, 356750, 206660, 16997, 282924, 438894, 236333, 81694, 147497, 49716, 418904, 375413, 199687, 35878, 345534, 65457, 81142, 156937, 273842, 366909, 268603, 471786, 30780, 179378, 31225, 315784, 346931, 263878, 441, 484546, 344325, 296057, 392133, 269446, 470587, 456866, 101579, 19695, 76514, 35071, 457453, 449922, 182765, 288490, 20684, 430633, 184167, 233318, 157710, 238077, 73870, 472643, 246278, 131761, 368932, 102826, 35211, 472633, 205037, 190847, 274359, 462239, 481906, 402341, 44099, 160000, 74572, 294552, 307545, 288221, 116903, 190192, 231167, 430600, 422211, 292404, 218546, 209949, 361566, 299665, 314492, 339260, 373140, 115782, 217715, 120696, 1011, 195828, 117959, 375901, 205152, 186879, 490037, 48058, 373035, 497224, 104705, 86021, 434785, 7699, 394512, 134523, 53979, 324116, 297042, 253119, 447766, 194908, 259587, 255191, 231095, 266894, 222721, 108513, 305441, 355608, 202189, 121953, 76618, 360015, 496198, 445675, 285580, 131057, 452423, 168813, 363308, 157306, 321108, 457955, 334808, 343744, 236532, 80043, 103357, 228942, 319604, 480625, 35020, 175277, 89503, 309471, 84378, 361240, 193756, 293483, 161135, 186927, 318459, 397191, 21997, 362358, 318294, 212597, 233866, 133472, 309821, 268235, 210368, 75525, 85902, 315505, 49574, 310393, 137857, 364517, 475164, 286830, 3436, 277240, 426432, 57778, 401910, 280424, 449551, 356970, 191709, 197800, 151700, 169292, 360267, 373574, 417188, 252682, 45721, 235805, 388744, 85266, 413724, 204033, 173181, 491451, 44950, 108946, 411489, 444898, 433823, 393793, 343953, 48466, 434347, 101170, 268316, 273981, 235818, 284249, 96360, 398395, 298250, 104763, 251171, 12894, 290207, 118292, 471116, 216725, 468527, 277444, 248321, 173152, 339831, 150093, 10688, 480162, 67226, 391581, 198471, 9527, 364657, 107704, 93222, 405676, 124279, 374845, 44896, 29490, 464357, 356439, 215205, 288317, 104425, 87057, 432908, 337070, 397203, 72262, 283001, 253152, 158847, 364305, 423363, 290490, 310311, 386335, 16956, 163479, 206648, 256538, 195503, 288952, 268122, 58359, 179708, 320616, 186872, 428689, 88627, 368523, 170001, 64402, 464177, 179168, 408427, 246541, 154088, 433797, 116601, 85830, 251478, 233137, 86040, 350845, 48187, 294119, 468772, 366184, 423572, 43951, 323989, 152286, 356691, 111372, 366642, 222764, 149681, 17469, 411533, 4325, 353995, 315439, 199188, 303320, 72458, 148684, 165460, 326621, 183111, 358586, 452202, 183818, 413558, 34401, 139291, 420115, 445209, 382066, 101797, 338939, 39713, 305144, 383764, 273339, 391412, 429933, 287821, 98124, 285464, 36930, 364594, 236316, 476320, 457251, 346466, 397694, 408213, 6631, 59739, 179278, 403415, 428060, 399329, 272716, 480451, 297702, 159459, 300495, 152813, 68498, 427303, 433948, 454843, 34590, 21881, 176856, 248698, 307811, 386326, 17146, 321592, 163901, 65068, 411364, 70999, 219713, 316796, 289585, 9897, 37399, 133615, 428859, 366890, 356593, 372752, 431549, 101968, 382006, 21907, 43442, 133875, 254266, 364922, 266490, 177286, 469719, 44301, 481485, 331487, 121902, 314691, 470086, 270616, 223703, 334464, 82155, 473428, 77262, 168355, 410045, 288199, 123164, 352528, 423963, 325497, 490124, 375997, 19628, 186433, 183627, 344767, 43793, 274749, 130490, 432107, 204935, 300302, 118728, 316067, 145877, 384721, 184824, 91361, 337751, 112426, 199407, 220342, 466401, 169234, 108484, 425195, 58524, 48406, 20249, 408570, 61516, 173753, 372139, 286043, 489971, 28928, 331918, 142587, 3205, 105431, 406010, 80081, 237174, 77634, 88737, 2314, 372181, 435453, 97343, 4734, 308520, 270953, 338182, 382654, 239470, 435025, 150859, 461443, 145628, 142269, 220313, 288372, 417169, 120227, 469376, 86431, 273253, 406197, 359632, 333179, 21861, 115383, 302640, 372830, 415855, 496893, 227090, 194065, 213675, 195893, 64766, 104200, 397489, 242621, 469590, 227241, 26368, 161297, 196007, 335683, 103419, 302465, 294556, 304717, 451797, 456618, 378275, 1478, 109433, 259142, 130812, 199231, 253880, 396313, 94474, 167558, 365945, 271456, 453033, 119093, 424570, 181779, 461691, 35313, 498295, 268545, 386970, 251708, 244904, 255327, 286630, 446914, 314289, 15459, 493380, 450697, 380069, 230972, 281248, 333954, 25773, 296813, 338669, 130020, 116280, 150857, 144695, 141949, 140156, 287346, 195612, 40723, 200544, 374311, 419911, 318395, 72983, 70356, 18698, 372500, 254763, 276523, 211987, 198623, 177942, 187315, 112724, 277201, 133155, 342784, 180036, 216109, 34542, 368588, 294682, 154330, 147049, 91448, 69304, 445211, 108980, 336748, 403568, 272327, 80839, 446723, 499925, 151656, 387795, 338188, 455857, 91556, 492464, 116908, 400574, 447372, 126744, 353128, 273284, 390497, 220026, 180689, 154648, 33657, 301139, 381068, 369540, 85013, 261933, 298955, 428976, 404155, 34374, 408522, 471773, 301658, 184128, 178817, 248820, 177834, 297919, 70881, 293251, 2940, 442353, 145790, 343520, 156061, 442009, 289714, 45771, 341757, 113580, 13115, 394150, 72908, 77428, 354557, 306755, 341460, 291781, 221495, 171541, 206158, 471160, 205780, 121512, 185796, 234890, 319315, 312538, 378642, 361734, 460457, 267645, 51581, 394378, 491954, 383543, 245355, 89154, 204579, 130900, 299088, 116131, 244988, 275457, 62802, 381355, 464752, 158530, 203647, 425284, 140085, 281196, 139496, 184487, 100998, 490272, 13450, 342150, 354976, 48784, 156866, 495183, 13588, 77908, 357823, 72034, 183925, 372109, 437712, 387450, 471322, 245555, 327109, 30406, 232104, 341427, 374249, 264406, 419728, 153181, 311884, 349311, 462204, 316921, 70866, 273490, 497709, 155682, 436672, 448132, 171354, 246726, 6048, 72726, 215871, 303674, 103882, 168969, 391370, 165633, 205559, 28420, 377787, 366023, 491349, 457609, 209421, 478965, 85822, 176558, 142588, 390398, 254343, 191415, 53222, 216770, 381171, 52118, 23647, 359461, 362282, 79667, 498658, 174093, 420447, 343445, 47530, 337762, 183278, 308094, 292859, 219732, 127463, 272538, 77733, 183813, 276339, 478870, 446650, 432757, 433675, 159093, 402653, 205093, 203452, 144514, 32140, 43703, 52102, 389463, 224786, 374403, 410308, 330029, 173691, 99435, 189106, 107235, 277445, 400856, 444879, 46010, 403108, 267025, 454260, 193838, 187362, 197344, 462633, 289023, 63222, 425582, 48731, 134148, 149421, 330460, 377006, 77721, 356421, 416559, 36295, 358256, 29006, 487691, 156886, 104287, 267050, 393056, 129642, 488818, 122629, 270662, 120042, 216444, 238492, 166054, 317724, 473377, 178609, 127190, 387075, 147461, 433356, 475637, 200126, 134981, 427002, 73693, 229911, 495128, 255558, 220104, 122166, 319596, 425605, 40371, 309601, 427756, 308315, 260917, 158678, 202325, 243842, 49960, 285932, 352245, 391830, 233801, 84582, 459872, 144604, 276460, 148934, 286679, 79968, 337221, 190565, 367883, 327810, 433452, 5014, 282141, 434825, 346506, 74969, 3320, 319824, 273172, 134224, 471913, 202460, 30258, 301513, 272553, 440128, 85187, 20297, 202470, 63924, 425349, 335230, 98596, 255093, 436633, 370255, 65755, 311402, 337143, 410332, 130745, 221650, 484674, 463516, 82703, 380170, 305303, 77278, 192921, 459582, 13973, 368033, 73521, 284373, 197468, 403988, 337381, 179473, 473254, 212102, 444088, 162239, 389902, 167322, 408334, 41345, 496404, 313026, 286205, 89387, 96662, 350045, 253598, 168707, 389783, 384316, 270957, 42530, 112883, 164609, 283162, 323487, 403410, 63820, 88575, 186799, 326081, 106678, 268717, 249114, 439811, 2209, 61414, 430882, 13405, 87106, 346701, 277491, 240195, 153600, 40716, 260415, 139133, 196694, 242892, 361402, 106985, 357427, 203206, 238750, 71731, 408586, 249129, 397144, 380115, 471772, 14182, 338762, 165230, 176283, 479113, 329975, 49287, 305287, 184390, 301183, 222691, 243546, 230649, 498120, 398786, 485216, 224353, 412568, 21728, 374552, 166083, 275603, 215211, 355838, 199993, 207173, 440777, 324313, 246452, 131334, 5515, 277232, 127809, 158729, 335392, 110156, 493625, 352083, 423825, 83786, 306360, 259662, 457636, 7707, 396159, 344344, 30155, 383581, 187914, 257092, 376674, 236348, 478800, 488126, 270221, 215839, 223667, 253748, 399322, 17336, 380082, 289991, 258633, 354606, 182804, 357816, 185853, 436550, 292284, 30054, 313059, 211480, 327679, 377015, 72018, 129728, 220646, 484545, 447619, 62053, 221107, 488747, 339941, 232878, 284000, 485796, 208026, 413251, 222498, 15413, 451814, 127325, 256964, 290659, 351000, 33341, 281298, 408468, 223612, 43348, 370044, 289659, 491530, 204935, 112099, 318086, 193812, 332003, 391110, 368153, 40626, 351352, 27375, 183990, 460778, 349662, 277654, 78434, 294497, 485839, 198879, 75030, 393722, 252835, 10503, 387442, 106910, 321662, 172081, 10382, 234223, 423889, 344996, 325205, 229384, 487769, 68343, 422407, 222418, 163295, 436666, 447800, 225747, 142837, 61968, 269788, 156360, 14958, 156197, 249838, 160639, 368825, 122351, 262099, 413461, 425529, 497395, 312048, 69292, 373984, 409382, 273192, 39105, 386436, 74209, 421625, 353026, 236907, 224252, 197118, 65829, 43584, 444178, 476084, 199837, 307231, 314987, 89195, 172075, 216762, 354543, 356814, 191079, 224103, 3223, 385656, 295521, 318330, 57186, 430227, 296739, 204718, 79137, 242072, 419493, 30371, 196175, 272097, 324111, 98449, 340664, 225896, 474190, 121719, 32904, 462953, 84516, 459631, 443044, 126293, 454737, 103880, 328733, 44829, 371040, 297000, 487193, 165913, 367313, 171407, 472169, 354515, 5553, 82887, 421140, 441044, 160921, 440104, 287402, 336731, 60767, 261367, 407219, 454099, 217621, 82427, 232389, 234408, 71353, 177129, 368439, 41139, 261000, 422836, 337099, 38836, 368440, 485773, 188681, 217368, 138379, 428264, 254568, 229621, 330879, 341914, 81977, 470724, 135392, 218946, 268522, 75125, 423739, 4172, 424433, 131889, 360148, 175982, 307133, 495951, 26071, 176442, 261394, 239921, 168389, 451996, 6110, 279666, 151718, 453086, 197820, 39116, 420094, 481320, 104108, 35504, 13651, 69497, 350439, 431021, 322119, 393712, 90939, 410577, 341571, 363478, 241772, 342200, 57448, 462091, 273927, 219305, 240397, 425763, 5760, 389517, 277015, 174685, 331976, 424297, 434929, 371711, 94995, 497072, 174432, 359446, 315338, 379513, 399506, 181278, 492856, 55571, 415799, 187983, 285218, 215861, 403716, 388339, 398917, 309261, 354634, 415092, 410519, 151028, 453893, 201119, 159772, 495205, 41950, 92293, 341665, 250525, 127697, 134565, 139301, 398086, 41609, 425392, 137757, 417183, 454820, 50694, 351706, 41371, 164535, 471357, 136624, 105773, 142854, 98506, 56678, 234106, 39064, 203062, 293989, 201420, 244486, 280213, 150248, 207673, 87282, 284413, 14517, 355294, 268330, 9901, 241370, 322242, 371922, 296802, 496978, 265382, 288767, 184113, 409345, 227626, 294657, 218211, 168354, 429114, 214936, 22006, 427478, 245956, 241149, 409933, 214804, 92643, 48639, 64574, 53059, 344507, 111957, 139105, 323341, 333400, 38570, 301198, 135961, 283193, 430105, 246022, 287867, 76322, 92883, 430690, 279800, 26812, 266752, 320319, 229723, 247583, 485519, 344095, 16399, 177776, 112916, 219200, 31942, 389585, 298248, 481449, 330436, 261286, 98934, 303199, 26678, 6939, 251275, 307668, 271181, 403848, 48692, 168369, 151884, 176950, 323731, 417801, 189015, 156611, 271560, 205938, 485430, 198611, 8720, 471001, 177651, 414888, 468555, 241810, 12271, 133712, 221214, 357251, 11361, 75056, 313209, 129935, 377514, 457283, 453710, 385186, 262173, 81721, 203357, 122983, 115512, 412939, 470369, 495496, 402862, 231973, 496851, 240237, 441588, 434373, 99273, 186418, 395864, 135912, 156831, 82799, 140990, 19491, 192031, 179926, 321301, 365528, 219894, 496984, 429808, 349600, 453335, 484589, 445502, 451656, 20398, 282555, 211905, 304984, 391622, 253221, 156769, 422329, 244099, 463549, 177555, 393994, 230175, 52375, 247176, 374589, 94684, 42978, 332117, 70290, 249331, 389679, 80252, 285752, 199355, 398118, 389963, 450459, 364225, 198372, 268537, 9935, 235998, 238179, 365073, 438304, 387959, 247826, 6810, 166621, 478823, 360556, 88628, 367236, 57710, 486459, 409218, 84130, 92859, 56894, 208807, 217666, 80803, 395715, 367831, 307701, 7204, 141544, 146111, 369412, 118077, 458860, 33287, 39864, 441200, 470052, 367513, 20690, 45352, 420843, 222764, 300294, 153172, 482992, 280848, 59788, 126016, 103674, 396220, 297475, 383823, 108359, 75252, 286675, 28559, 303595, 66729, 341337, 440808, 257537, 184884, 13594, 364078, 184506, 258454, 289542, 134477, 409034, 441737, 104310, 29703, 173468, 171003, 209460, 405511, 376746, 198368, 29057, 305947, 4400, 225822, 39396, 442074, 407898, 174154, 180292, 264539, 15213, 485288, 96528, 327953, 308721, 33309, 161860, 208245, 296115, 324483, 271650, 253022, 22576, 392692, 24354, 195886, 93908, 205578, 449770, 300554, 219380, 27858, 328233, 253579, 324873, 141654, 233656, 291006, 218554, 357374, 294678, 483090, 434085, 133113, 270015, 33458, 137686, 39921, 74486, 4601, 122235, 344136, 288041, 394205, 386581, 294417, 443488, 394357, 8383, 349335, 32768, 90772, 363950, 422809, 204490, 221706, 118892, 278729, 417579, 112686, 234514, 379111, 66359, 69762, 383130, 126139, 26391, 497504, 319090, 97692, 184018, 297246, 498635, 360689, 438614, 206577, 470534, 446626, 20214, 59526, 16918, 68801, 80952, 213971, 284768, 124354, 365885, 133753, 402253, 188344, 478802, 429336, 489321, 470893, 322503, 7293, 408678, 481718, 244640, 402092, 212782, 419979, 438428, 94351, 115675, 253386, 466469, 338292, 111813, 343845, 148447, 422191, 58375, 368983, 38607, 437757, 148898, 112729, 333232, 107109, 230731, 45963, 123742, 1599, 119991, 138685, 457355, 312182, 164045, 330480, 68021, 490152, 475320, 114317, 484454, 353087, 107730, 416122, 125994, 132815, 418132, 119389, 113952, 202637, 278085, 316410, 129257, 24900, 460459, 90247, 398966, 474172, 435204, 333398, 323528, 34573, 174808, 12034, 477329, 41404, 304243, 217537, 124940, 226359, 54279, 34017, 382106, 443034, 482714, 78649, 245452, 178111, 130616, 108004, 302894, 3800, 13563, 458895, 435432, 343419, 455888, 255746, 282802, 203520, 297604, 41001, 454403, 396412, 185621, 199995, 292139, 405765, 366844, 328241, 417753, 268671, 174778, 153607, 484152, 77139, 200241, 345557, 132194, 431389, 273959, 256036, 474447, 181324, 86426, 42177, 192851, 234396, 313731, 338212, 394840, 492346, 46302, 141682, 254319, 59584, 60468, 89489, 318330, 43192, 408688, 129669, 490073, 250056, 262315, 396519, 85124, 66930, 7709, 321219, 313605, 97219, 62536, 190245, 114255, 377746, 221854, 473989, 369639, 46214, 173907, 402196, 46225, 104192, 28654, 200947, 442253, 167531, 159229, 7743, 19853, 213621, 436880, 45074, 340245, 155698, 160823, 466735, 416625, 339191, 216665, 33724, 126109, 423416, 139503, 267843, 458728, 166217, 30424, 219028, 283486, 333230, 405168, 423963, 164059, 378139, 24367, 255230, 488498, 457598, 234794, 192785, 292898, 263434, 98156, 442459, 4667, 149814, 307411, 260714, 24108, 403951, 29004, 352755, 403093, 302604, 479278, 360547, 266487, 301379, 40791, 145595, 91344, 200864, 266731, 285165, 403509, 185961, 143461, 385887, 203732, 99228, 276151, 211368, 415045, 194535, 166631, 124776, 24868, 489822, 274610, 496329, 340228, 120279, 288980, 201490, 233300, 314347, 28163, 127374, 85944, 305961, 343678, 286180, 447732, 87437, 405916, 331754, 148681, 36405, 431617, 182459, 278360, 433401, 289893, 445450, 192972, 30611, 272962, 387815, 313132, 179306, 434553, 290560, 421913, 258719, 296636, 308978, 428518, 398481, 302482, 396831, 385034, 154108, 344588, 263348, 20535, 388833, 18450, 301314, 324845, 430054, 400334, 95243, 233600, 250059, 111940, 47241, 99241, 453997, 444499, 375555, 216889, 283055, 67638, 457859, 450898, 77365, 418262, 364218, 61916, 61332, 3868, 271300, 15300, 206708, 274169, 173403, 384013, 97634, 18635, 334386, 269653, 35036, 110887, 62001, 173646, 469805, 260289, 421570, 41975, 292161, 125830, 378128, 254243, 39435, 211796, 442251, 445248, 161829, 22076, 317102, 407818, 333231, 334704, 163760, 284844, 265136, 302687, 2530, 121560, 362619, 178125, 91837, 312453, 29583, 186354, 22412, 383967, 165231, 73233, 494449, 34143, 151648, 341693, 135034, 284080, 160513, 334707, 180664, 299696, 186741, 384050, 28679, 161842, 270055, 333616, 194101, 376925, 379284, 378547, 347405, 418836, 429364, 155027, 247870, 221637, 17925, 229030, 22467, 130616, 473699, 491732, 295914, 346204, 430769, 334297, 189529, 5540, 348346, 287044, 87108, 78716, 179755, 412676, 445350, 128312, 288833, 454973, 373488, 59106, 480737, 269881, 234011, 365918, 5157, 65762, 21190, 107535, 195602, 369051, 103254, 97259, 489163, 348064, 123343, 436000, 354715, 305167, 186018, 483733, 123885, 89524, 291565, 170402, 413448, 325798, 348880, 458432, 230543, 247841, 448190, 357167, 260842, 67611, 14331, 334083, 87453, 20824, 310723, 29469, 167380, 445347, 424650, 378719, 253950, 319936, 108676, 250103, 195309, 482268, 325664, 129202, 26026, 212848, 39065, 401410, 416474, 75229, 292762, 427803, 262557, 109457, 444347, 141840, 72295, 244541, 98573, 417189, 237500, 272942, 247788, 112110, 47873, 427476, 400774, 214136, 170810, 15096, 377641, 90319, 400190, 240554, 273113, 273947, 463882, 400132, 380468, 12855, 432264, 491608, 32308, 141234, 351873, 281575, 220048, 51458, 13157, 134398, 24433, 81949, 39628, 385098, 165167, 452401, 267614, 126095, 227829, 360070, 5732, 436327, 32980, 54919, 274964, 285526, 465996, 141266, 92467, 175907, 461134, 124949, 138157, 200488, 173580, 53255, 91379, 214824, 132706, 121670, 70979, 227483, 127623, 24827, 494579, 432876, 210468, 132407, 382485, 205520, 276345, 449838, 405090, 81196, 365157, 458790, 470559, 496115, 55362, 274447, 249350, 430106, 409129, 111677, 246130, 161383, 106987, 6797, 126315, 59398, 485827, 2855, 303687, 413064, 205356, 320754, 49693, 48085, 248780, 139011, 125316, 441023, 313900, 121197, 96136, 112321, 433664, 126531, 153979, 71862, 39076, 30812, 61888, 302401, 443141, 157115, 227843, 491732, 94689, 299796, 344779, 137068, 437192, 139775, 182432, 52661, 414510, 63311, 304199, 351495, 50176, 330340, 87487, 52207, 178755, 252830, 451886, 481750, 125935, 388591, 151619, 81593, 175968, 38823, 405432, 98681, 327823, 471043, 140838, 486144, 335887, 358480, 482947, 239446, 186342, 202585, 471791, 251645, 104408, 32072, 490946, 13061, 262586, 293301, 228288, 404026, 288656, 213063, 272923, 455214, 305665, 338737, 361004, 47312, 262034, 363837, 356416, 444454, 130261, 218621, 276483, 354963, 250479, 103970, 48874, 483831, 103923, 48157, 450584, 312508, 98601, 417461, 92454, 80014, 289510, 255034, 97315, 448007, 184945, 350693, 476514, 80053, 5356, 214778, 4513, 286837, 245843, 471734, 467488, 480177, 424490, 439538, 427690, 213421, 362516, 352540, 39062, 284659, 251440, 439674, 269849, 415166, 297570, 222835, 118025, 97832, 399091, 398928, 94692, 217803, 399145, 433042, 396420, 445503, 314625, 482194, 31420, 305508, 250935, 320080, 268409, 498444, 162174, 150555, 67367, 38664, 293840, 21783, 95070, 169298, 365488, 451801, 38528, 245761, 235872, 125832, 481004, 202020, 468956, 127540, 123493, 309639, 8545, 87593, 499538, 224109, 252662, 260784, 252137, 217879, 121056, 413047, 259677, 213430, 376193, 343013, 156061, 400733, 190758, 29964, 242985, 369522, 269588, 3881, 465915, 154747, 98477, 8318, 380847, 391280, 80183, 438123, 337771, 11404, 60796, 159077, 258794, 442616, 77665, 183541, 124821, 41265, 351955, 65773, 199921, 139502, 421509, 62761, 29609, 248145, 86410, 30070, 28239, 60330, 162550, 187584, 34240, 435015, 256815, 316941, 492646, 341547, 420953, 66837, 440409, 8220, 332684, 391047, 485129, 82829, 170522, 387074, 477280, 78378, 5018, 55161, 30907, 181803, 180168, 465692, 453073, 398261, 359479, 239056, 170942, 178887, 163246, 388962, 45003, 455945, 124025, 386188, 242297, 296324, 84856, 363212, 352365, 408672, 158323, 214009, 369457, 152295, 148388, 70558, 210381, 387741, 9001, 204036, 333101, 411537, 23578, 112215, 41236, 452690, 462184, 98882, 412298, 181331, 369523, 62054, 167384, 162773, 270383, 474044, 119158, 2496, 13428, 351981, 253226, 156391, 494479, 269339, 105245, 23950, 383238, 199230, 336679, 235538, 84438, 45231, 169973, 156378, 283628, 362891, 40577, 423628, 30434, 247893, 140817, 349836, 63008, 102682, 379399, 6406, 447497, 222476, 200598, 457458, 195605, 392683, 335793, 407487, 174297, 182302, 483075, 493468, 485984, 87778, 437417, 463593, 324954, 85480, 131469, 356363, 468913, 187039, 371308, 205023, 50669, 16817, 408240, 176804, 248010, 280392, 429795, 312566, 183225, 417454, 332598, 279377, 414091, 428995, 58587, 215500, 173077, 88137, 323885, 198224, 138781, 34000, 308821, 255827, 313211, 281303, 413712, 149196, 12239, 10411, 308824, 140196, 121604, 452103, 10641, 11113, 203566, 207478, 327645, 287260, 497570, 333999, 72999, 176418, 82584, 300536, 84434, 83663, 316654, 271847, 388525, 199464, 420495, 262794, 440930, 109105, 426585, 401124, 292916, 31897, 415188, 392472, 211270, 324559, 9654, 320924, 360588, 310798, 479589, 243560, 162382, 12083, 245323, 332135, 334465, 81637, 322210, 262419, 457381, 426746, 320708, 5546, 446064, 168149, 256769, 28099, 333467, 358027, 455014, 412694, 186277, 343710, 460802, 350390, 183781, 259985, 37385, 430699, 255448, 152075, 496826, 61218, 340444, 146517, 440872, 187355, 122654, 138194, 230727, 28736, 468945, 459169, 277888, 119938, 299456, 117874, 214024, 200705, 340102, 280749, 447205, 341361, 489568, 96105, 318471, 213862, 269526, 376741, 144969, 432190, 126893, 72393, 451664, 269529, 51922, 445042, 451259, 425137, 173915, 491414, 375880, 101047, 219336, 191570, 42622, 445198, 62140, 277997, 280721, 249551, 121932, 425143, 209604, 384751, 285543, 235726, 77339, 126584, 389722, 444421, 372621, 34329, 409099, 26087, 179942, 280643, 234599, 348274, 387880, 309844, 459452, 203152, 421963, 164680, 60904, 240514, 451546, 55960, 67415, 202165, 25749, 256926, 197006, 443338, 59051, 450835, 377835, 335067, 393313, 247386, 418939, 427919, 15750, 145778, 479034, 150041, 486347, 333957, 126467, 375972, 168275, 411075, 149201, 35072, 428954, 273077, 247637, 418798, 462868, 437787, 218918, 306332, 13902, 441740, 253271, 339801, 85589, 63731, 15787, 2341, 486976, 110195, 289493, 173650, 46014, 439329, 399260, 196697, 264477, 2248, 122954, 92404, 279911, 456941, 11164, 499152, 177783, 276000, 264530, 280092, 283026, 318085, 470416, 42437, 250940, 186101, 239374, 439743, 444931, 351263, 354901, 238638, 165232, 58561, 380262, 464791, 214096, 39754, 104738, 493753, 73726, 390119, 208461, 137724, 115970, 330266, 255633, 303318, 150802, 129328, 89792, 346809, 405229, 45785, 252461, 236473, 191281, 456719, 70070, 418868, 279231, 465379, 415472, 46831, 261337, 389125, 205311, 497283, 326994, 490091, 243906, 326785, 12661, 312842, 135389, 221715, 450830, 328181, 208118, 132495, 375638, 179634, 392186, 311517, 409481, 239395, 253190, 446244, 89058, 388377, 59630, 76851, 393350, 269494, 253751, 125579, 90728, 392452, 423267, 5588, 439942, 243079, 245704, 181134, 413106, 214334, 61033, 479878, 201073, 403563, 393282, 432496, 498911, 51550, 393704, 431598, 155301, 456203, 27984, 344169, 276422, 215400, 73532, 412157, 182303, 154335, 372373, 331203, 111903, 473948, 493814, 199725, 107799, 477303, 413085, 207836, 93996, 77875, 289201, 339901, 104706, 445325, 22845, 48576, 214154, 396674, 119037, 299269, 36172, 255339, 417713, 120352, 279820, 393497, 318842, 75499, 192547, 13381, 401797, 312318, 55546, 81093, 124024, 362606, 361346, 218463, 292176, 32071, 431784, 402592, 129375, 217894, 235024, 360675, 169169, 3509, 389533, 142746, 422110, 300653, 298184, 301926, 90459, 199050, 181353, 297500, 480256, 47911, 88411, 243513, 249279, 484304, 9418, 156318, 301120, 133794, 306928, 466541, 406640, 379183, 116252, 227741, 350229, 352133, 54239, 349874, 380611, 197286, 401941, 280190, 435373, 313588, 229253, 90839, 497840, 406743, 241359, 263453, 465547, 114, 377347, 441822, 253956, 398548, 113039, 280398, 430591, 161719, 442287, 367294, 88421, 218627, 64594, 297153, 51399, 140991, 124035, 138366, 232001, 470122, 137549, 429935, 338357, 295993, 95277, 92510, 78568, 206928, 189985, 430593, 222511, 165502, 374010, 85391, 186528, 58445, 19323, 214343, 210806, 227099, 229585, 458486, 204998, 119939, 202946, 119195, 348746, 237086, 311296, 436352, 473813, 425998, 195337, 40274, 416430, 383033, 220835, 288092, 495445, 233008, 457922, 498533, 224961, 387891, 126112, 149478, 38270, 157361, 117563, 238170, 414580, 279940, 361262, 481340, 435148, 167373, 329897, 136633, 324298, 39325, 85821, 476155, 413544, 453403, 23587, 11904, 325659, 319323, 442530, 400067, 212540, 423444, 440654, 334857, 274815, 47128, 83031, 125231, 10461, 464880, 230752, 467312, 224445, 438465, 443722, 390735, 214641, 161709, 69556, 441118, 475206, 108675, 181727, 240027, 200152, 61017, 3005, 377933, 204263, 116671, 113338, 57384, 60129, 318160, 197016, 19315, 286748, 192732, 402293, 277992, 186055, 161965, 356768, 217812, 155803, 82571, 187342, 164281, 359768, 136522, 411537, 306209, 155980, 462792, 460203, 473548, 105569, 348901, 239505, 2521, 188199, 497056, 126480, 162664, 496535, 127384, 376724, 175097, 397395, 219407, 239855, 444564, 252541, 189697, 445295, 304934, 307719, 272641, 498489, 94880, 166313, 10256, 415519, 114440, 372821, 324804, 365340, 53226, 23081, 52356, 269210, 499294, 16996, 118276, 291563, 36691, 220611, 135214, 294222, 439478, 40710, 457811, 438295, 8223, 295975, 35921, 482573, 212587, 10725, 486398, 116356, 7811, 113674, 381746, 451480, 392937, 317740, 89086, 52328, 70214, 143910, 448291, 410637, 213036, 87308, 417723, 133343, 497535, 244549, 419807, 432726, 340376, 256814, 99534, 149684, 300349, 343855, 194385, 484649, 116057, 264947, 40259, 348874, 154340, 158285, 439763, 219984, 224245, 204320, 264697, 296395, 435269, 335652, 462824, 182351, 434211, 123984, 220088, 164216, 144352, 283177, 370173, 220104, 397750, 215065, 226794, 190652, 338614, 330012, 123684, 54865, 66314, 349606, 20163, 495510, 95300, 241080, 84939, 437166, 40079, 107509, 125803, 12744, 240404, 480267, 200486, 149110, 217443, 351347, 246415, 1184, 294038, 206886, 197910, 185425, 286715, 328448, 90814, 424863, 4815, 66644, 477930, 417141, 384486, 126465, 262576, 392005, 301046, 445853, 112608, 453717, 348239, 314491, 491904, 226191, 124806, 22722, 237317, 138534, 411799, 449279, 440065, 269618, 471251, 107799, 67185, 382268, 425956, 18546, 284367, 18868, 330818, 218040, 371999, 140306, 496816, 484229, 10785, 185909, 185675, 193183, 286071, 65129, 103859, 450840, 374945, 465931, 479557, 321217, 15370, 300066, 223292, 99701, 467, 35833, 470889, 471220, 235126, 53556, 330332, 351800, 445752, 270446, 8240, 149233, 179663, 38749, 412329, 276959, 74136, 396002, 492187, 257346, 165031, 134108, 130104, 167589, 81856, 467008, 58219, 39218, 258383, 67608, 136374, 338290, 210165, 462547, 163120, 142422, 451268, 449884, 132346, 213777, 281021, 492852, 56921, 30931, 280808, 247649, 266473, 469896, 243013, 93109, 143648, 73677, 490404, 242950, 156379, 420734, 460414, 301683, 65809, 151188, 102193, 263537, 2821, 372923, 154750, 441296, 22662, 202195, 33032, 358315, 287541, 415588, 384044, 100851, 122360, 259550, 231371, 26083, 166384, 228345, 352640, 164534, 313203, 134767, 289453, 57083, 104229, 294950, 141649, 219480, 358960, 469139, 208825, 227147, 432604, 357696, 1422, 233193, 431215, 45789, 31468, 301161, 403205, 430124, 415095, 182448, 75425, 433384, 9415, 154256, 357917, 51566, 236431, 116890, 338303, 213401, 231562, 278900, 271127, 26111, 339682, 278772, 278386, 143187, 170948, 404131, 412300, 184982, 373463, 324431, 330569, 367145, 357928, 451187, 418080, 201087, 216936, 160546, 445250, 338338, 376658, 484592, 238258, 49010, 317266, 485814, 38394, 464066, 397025, 115993, 267144, 58765, 34694, 239518, 125712, 167809, 487181, 205587, 171010, 373941, 224878, 353982, 442113, 294334, 17750, 267333, 395043, 139149, 360544, 483654, 171801, 75720, 439589, 100102, 173408, 466999, 430840, 452563, 57866, 20210, 486583, 365766, 450228, 478990, 249850, 468803, 34668, 389585, 41532, 451985, 310945, 64684, 283128, 179906, 51538, 469927, 498958, 407936, 433931, 482452, 175341, 252380, 50215, 51481, 257072, 302801, 390780, 282206, 196141, 90229, 119139, 189744, 118771, 169980, 142418, 441593, 134772, 283972, 56331, 316868, 152712, 469989, 407333, 117111, 473208, 116668, 399634, 222895, 400837, 406484, 185685, 140847, 57234, 159393, 207571, 362180, 80295, 189698, 90574, 293535, 474132, 212745, 340474, 339120, 251782, 106698, 453077, 68887, 489483, 131360, 247558, 237972, 431148, 122317, 218090, 473419, 394807, 463763, 237584, 494584, 226066, 15275, 57290, 199355, 21019, 26495, 307703, 392703, 2567, 269886, 129036, 245058, 478587, 230634, 68362, 129489, 17176, 464954, 248410, 197480, 274952, 301898, 374254, 50358, 136735, 321621, 165821, 408302, 348841, 126281, 223716, 332327, 98703, 10057, 433971, 435457, 123453, 411644, 223390, 364116, 173846, 26095, 366436, 180915, 221916, 184479, 82094, 317896, 273123, 181522, 7707, 180612, 10805, 307422, 389143, 82401, 396593, 79485, 52058, 460831, 6620, 154231, 60600, 74437, 477373, 17743, 318661, 425372, 58449, 472186, 289179, 465004, 314714, 330246, 352776, 295004, 426459, 119093, 236355, 229885, 202615, 297497, 185791, 388547, 244000, 420487, 328999, 147622, 143708, 31872, 416111, 327072, 495611, 190949, 57323, 225953, 399022, 295999, 345010, 138368, 215644, 347380, 436491, 269083, 53266, 337728, 421984, 359809, 121521, 87509, 138219, 491496, 175922, 199953, 86394, 283760, 295225, 5438, 216652, 182814, 261050, 407841, 85002, 450997, 451599, 185990, 6140, 103860, 225888, 451110, 214435, 94168, 180006, 1387, 97624, 84099, 222919, 311931, 32984, 403422, 407539, 74615, 279042, 345994, 219202, 280106, 331238, 442197, 454737, 12677, 425954, 371782, 283095, 482269, 49942, 323040, 228166, 388102, 298784, 263021, 127297, 410330, 150021, 87657, 209821, 23542, 16444, 402187, 324987, 152654, 9401, 195485, 300450, 426370, 218639, 1558, 140203, 115974, 22376, 466330, 491778, 359779, 368577, 238575, 205411, 121751, 492209, 169378, 94675, 374380, 8121, 191895, 36801, 43392, 186309, 217016, 183288, 23697, 63246, 66609, 199658, 122820, 54050, 68028, 56463, 441417, 135336, 16471, 361809, 307048, 873, 25694, 113303, 174641, 414537, 16842, 413839, 300670, 460859, 169358, 210850, 177748, 204802, 273535, 7674, 440682, 236939, 151411, 29669, 187512, 97410, 223881, 307705, 465510, 287186, 5475, 442851, 383875, 202118, 99875, 286385, 225960, 194132, 289694, 409703, 427950, 311255, 309812, 480319, 262178, 334724, 69549, 70396, 181486, 179517, 221855, 212251, 130490, 68959, 213070, 57295, 414315, 259034, 72335, 479331, 334094, 391950, 179976, 76725, 190420, 149601, 213475, 294128, 30714, 212915, 377371, 430495, 318904, 76224, 167102, 434400, 299520, 83500, 364001, 17813, 394497, 473660, 59451, 11602, 414219, 463059, 448586, 252106, 438017, 247736, 152778, 469915, 136320, 394591, 489345, 242696, 355705, 126861, 104678, 264774, 187129, 63363, 28603, 140975, 8763, 88036, 118977, 435693, 297687, 200352, 73876, 130380, 209691, 332287, 91014, 330703, 349513, 306247, 198123, 18907, 390504, 479296, 112443, 58632, 395423, 220561, 103170, 65689, 209600, 334776, 998, 263047, 120775, 291353, 249688, 305605, 273157, 147384, 403263, 72345, 457732, 481917, 60724, 112633, 234660, 7887, 427756, 222848, 202984, 67438, 43966, 228098, 236852, 76213, 349394, 291562, 232737, 355843, 164918, 383976, 466157, 208662, 43947, 289891, 57336, 478121, 383540, 42531, 219579, 24372, 412726, 146449, 168850, 262801, 294407, 261513, 475905, 346885, 423874, 217215, 402295, 331826, 46861, 231382, 37588, 478678, 78619, 424444, 296190, 472767, 16073, 126554, 461388, 441993, 364819, 86990, 34483, 268039, 198865, 92373, 378818, 216758, 338232, 149593, 304510, 56855, 223567, 161587, 337936, 11915, 299602, 331461, 479113, 90783, 294112, 413815, 276422, 493631, 99641, 485155, 492625, 328124, 163152, 482724, 326334, 248316, 354897, 117555, 304734, 241685, 406407, 228815, 234531, 483251, 432743, 55439, 293080, 397667, 344420, 61382, 274206, 354537, 321006, 475280, 316211, 64917, 59193, 210526, 487893, 306732, 427427, 5886, 173540, 114861, 456776, 379822, 88085, 260953, 58147, 357117, 329768, 330394, 421650, 27965, 89538, 338766, 141289, 8783, 22327, 85523, 447821, 471245, 142413, 315871, 389662, 377402, 341527, 459577, 274762, 481501, 3945, 297365, 134231, 415799, 93173, 129918, 310666, 75397, 202726, 237074, 158840, 398564, 206986, 194086, 210326, 190331, 349513, 210762, 378132, 14812, 16590, 288957, 8595, 420166, 80507, 221171, 206416, 470267, 76723, 53227, 179940, 170229, 280522, 185010, 297193, 221077, 282324, 436018, 140850, 53084, 392821, 472248, 249130, 310103, 49536, 379227, 139252, 154765, 195923, 62900, 307346, 328150, 467819, 376457, 372008, 69840, 431358, 121626, 292548, 22314, 72312, 177164, 166099, 253246, 441852, 237130, 479733, 82318, 65971, 156074, 323762, 406348, 347189, 186775, 499909, 470231, 297232, 468327, 45867, 14220, 237852, 353334, 440903, 59320, 132187, 299101, 361056, 83565, 338899, 419999, 103162, 37547, 58636, 8069, 338829, 205795, 476580, 365753, 368019, 330463, 233696, 159178, 173329, 433076, 193897, 175303, 134914, 364043, 377647, 192221, 264465, 164314, 382666, 388401, 295071, 196915, 288612, 292128, 315537, 109077, 233301, 43701, 43012, 384490, 102245, 79375, 388538, 453990, 153973, 435643, 364432, 321223, 98977, 214937, 368561, 441791, 310605, 139537, 432064, 47162, 2808, 235036, 68691, 133905, 271709, 219903, 61208, 411867, 251625, 88800, 490151, 326602, 281341, 314181, 205084, 361315, 329672, 2775, 108747, 329485, 1864, 239449, 84989, 186014, 74868, 53861, 30496, 200840, 221052, 205393, 10930, 24994, 200673, 395518, 423370, 463454, 481954, 449660, 203878, 59557, 181688, 308285, 437749, 494166, 460957, 63281, 44532, 355665, 464788, 440927, 113251, 43192, 148554, 278218, 255612, 389573, 210897, 332283, 371118, 436852, 27589, 65326, 284984, 76309, 152189, 201132, 64884, 218951, 181417, 356814, 375376, 231399, 463724, 418, 91413, 69462, 478700, 251308, 398340, 120130, 200622, 149139, 470652, 317810, 350802, 265287, 40706, 52912, 50744, 450387, 450234, 473160, 408098, 84708, 168250, 281799, 238114, 498141, 164912, 20410, 145136, 74385, 399036, 79398, 496259, 93160, 398670, 312997, 71891, 124729, 242141, 399855, 465645, 163620, 36121, 30578, 56467, 288255, 247717, 430671, 879, 481191, 91515, 155653, 253779, 238890, 49881, 278618, 436680, 20749, 322683, 322154, 238963, 367614, 6142, 261100, 486488, 205777, 247857, 203042, 356807, 337484, 25399, 94476, 211728, 309880, 94549, 397632, 97650, 427908, 129371, 407970, 350835, 248432, 317665, 80647, 494598, 207727, 475948, 409181, 279481, 9738, 304555, 493664, 91781, 338533, 342582, 228676, 374885, 77371, 249389, 35541, 227868, 163184, 436647, 350502, 147684, 364554, 169989, 152275, 291351, 42654, 90903, 247613, 333111, 253945, 329805, 413909, 277705, 119475, 395367, 3207, 400687, 107179, 33194, 447235, 415073, 358238, 431253, 98131, 214400, 158968, 176685, 239322, 321464, 40846, 133539, 18768, 6588, 491824, 439123, 12760, 221559, 471972, 314976, 131904, 249725, 424375, 351085, 168567, 41439, 443246, 434722, 254237, 264671, 342014, 172500, 389307, 222632, 227240, 214621, 280807, 176142, 309179, 370241, 440765, 281273, 185694, 319044, 131313, 31814, 182142, 457536, 348003, 460046, 384760, 199676, 154959, 188365, 13332, 151556, 499040, 239488, 48169, 102148, 273082, 488264, 184346, 484388, 295668, 442723, 163072, 448400, 172981, 371413, 250819, 32615, 255925, 312463, 28648, 41198, 274377, 156286, 429722, 181590, 179793, 173215, 338206, 33190, 327150, 163561, 190850, 276916, 114235, 44262, 462503, 483779, 189955, 221556, 255508, 226158, 479198, 240566, 60458, 455048, 339772, 82075, 435118, 317313, 410750, 487054, 486711, 209971, 451267, 478241, 457146, 10447, 35792, 51441, 237988, 226488, 299571, 280822, 353702, 141854, 30103, 49409, 26264, 166573, 341121, 400780, 161417, 101869, 455059, 132261, 397326, 374486, 328529, 107348, 100280, 234663, 124421, 155346, 127056, 676, 317018, 225153, 479082, 127048, 198045, 278100, 190945, 99713, 494711, 63895, 291378, 202112, 264560, 355359, 48108, 376141, 64747, 61552, 157050, 248265, 276934, 47241, 125852, 11702, 99174, 105815, 431440, 45093, 225667, 495175, 249282, 199247, 203542, 359936, 233488, 53775, 75440, 290985, 81890, 240902, 63812, 389339, 325054, 381299, 64117, 404879, 187654, 204865, 211123, 30551, 18305, 254498, 166896, 445344, 135927, 206166, 142158, 392010, 295784, 413953, 310014, 80005, 52738, 127536, 73464, 74455, 219876, 370974, 252277, 49794, 445385, 489929, 355204, 237487, 140996, 420667, 489589, 247712, 85264, 126070, 75177, 127945, 228485, 435469, 402459, 391966, 450755, 426926, 245677, 373452, 46919, 344135, 286803, 199849, 31382, 276301, 356981, 24461, 82547, 291183, 385680, 424557, 257447, 384988, 319293, 324692, 9332, 93720, 373550, 37716, 282422, 357816, 168870, 97818, 371375, 99360, 479299, 264206, 313445, 495584, 306645, 471058, 200412, 191232, 428837, 367410, 108371, 365805, 286419, 383014, 38417, 454960, 448867, 496558, 147786, 297506, 81177, 35859, 2244, 202578, 151653, 497579, 299538, 472215, 9463, 296968, 235555, 45526, 384604, 417332, 295735, 347884, 208305, 301085, 282494, 117097, 456634, 276226, 120023, 350233, 43324, 30778, 130160, 174010, 233680, 386253, 390606, 8981, 63046, 266693, 150674, 314052, 345519, 404668, 56855, 366515, 209510, 307293, 20691, 41683, 151058, 486358, 384501, 362048, 421731, 82615, 54782, 223883, 426884, 65704, 422853, 204773, 400432, 38255, 449634, 138795, 439075, 482665, 25513, 274023, 465806, 476215, 350496, 81686, 39839, 73824, 497448, 460896, 73018, 72026, 189663, 238275, 275166, 111179, 399864, 379593, 286501, 46303, 202991, 33615, 231459, 16034, 227698, 400100, 312286, 364642, 434416, 206538, 456598, 327499, 85353, 179961, 44672, 293973, 48190, 127867, 389735, 411716, 276792, 230836, 73638, 344058, 302930, 386992, 125806, 260536, 223324, 123150, 229779, 176341, 474120, 273344, 401599, 255458, 418580, 177448, 366631, 468385, 303607, 231514, 365294, 224846, 398470, 374407, 137971, 91312, 163645, 94957, 410643, 106187, 64409, 330873, 349847, 350643, 488082, 82646, 390450, 96716, 430969, 105873, 497814, 436602, 313202, 132135, 380950, 459017, 138111, 93004, 46997, 314381, 247511, 367970, 236589, 117571, 455566, 455382, 395538, 489572, 316784, 77741, 61629, 354615, 454247, 175774, 84212, 184996, 148079, 339329, 331606, 3731, 424730, 94491, 228703, 209669, 182667, 383852, 304299, 234235, 282313, 350794, 155980, 360729, 167892, 267226, 325671, 411185, 108822, 241046, 359656, 118363, 411341, 275247, 486593, 316921, 18964, 381025, 240410, 286101, 136398, 79624, 375030, 200258, 79807, 431711, 35086, 214672, 58473, 211844, 309503, 426495, 21071, 333026, 360371, 456321, 188664, 50883, 50057, 81469, 13773, 40064, 45708, 389225, 58583, 399618, 143879, 130584, 133194, 287467, 167038, 222188, 386186, 232576, 344740, 387080, 440905, 439692, 237391, 173584, 152150, 246136, 219427, 287430, 359950, 72326, 487099, 226487, 75724, 177366, 31509, 155227, 246221, 98987, 278481, 456591, 151842, 104382, 359685, 51696, 209509, 321505, 66370, 474934, 132227, 452499, 25406, 6806, 232477, 209607, 345577, 98408, 76893, 416921, 121209, 386243, 365393, 207895, 124360, 305417, 101219, 246748, 398220, 389890, 127690, 351163, 274283, 12058, 60888, 421616, 320243, 409018, 256797, 325614, 160907, 24760, 264636, 459848, 278452, 290890, 132534, 289175, 195731, 236405, 356406, 263647, 290030, 334105, 154476, 176213, 195271, 91820, 15998, 226473, 50826, 374676, 451231, 432175, 492780, 9957, 95131, 157293, 112700, 474232, 286934, 231266, 257279, 122454, 150555, 445216, 212727, 216705, 332638, 404726, 403676, 409892, 101650, 333061, 150207, 33981, 78439, 5741, 442082, 44081, 404258, 464450, 113262, 10638, 288739, 130576, 485726, 74411, 188141, 400272, 473127, 129848, 267573, 324816, 195540, 385303, 462856, 216874, 485210, 450365, 249926, 449501, 420785, 39208, 330399, 452247, 318000, 447432, 258662, 280147, 109247, 92037, 266244, 447148, 449758, 376111, 86048, 401394, 111254, 244435, 171610, 291324, 22092, 96560, 353702, 403918, 195064, 423911, 335852, 428483, 292224, 371262, 285538, 298657, 107728, 180864, 386465, 361255, 385915, 67669, 408993, 439583, 311390, 318303, 191180, 383574, 403211, 120824, 80294, 426319, 489825, 153366, 328912, 9029, 120768, 153662, 470271, 403957, 476121, 15350, 13128, 68960, 325944, 338419, 403676, 456387, 303143, 165313, 267455, 7491, 293338, 116241, 363547, 372734, 67239, 371399, 341772, 153037, 81480, 116297, 357495, 28596, 204785, 38360, 455462, 145344, 490606, 282832, 377609, 244386, 444365, 64571, 44675, 417463, 458694, 323016, 327164, 367932, 450469, 253495, 202294, 34627, 381184, 356966, 205449, 16608, 168295, 153185, 13885, 158444, 184264, 477967, 26926, 58268, 20219, 478474, 175888, 79421, 70147, 362011, 208096, 467337, 148944, 129198, 225361, 34119, 253197, 118691, 312082, 20648, 62832, 496392, 215209, 77050, 490330, 477711, 436212, 267755, 334264, 266049, 386162, 223041, 322689, 439228, 437129, 222972, 473097, 55426, 240633, 343041, 85211, 487745, 28086, 59026, 250564, 415920, 303007, 58958, 88138, 83384, 131080, 458274, 436762, 54951, 194530, 166317, 280425, 116733, 228630, 239147, 226000, 369071, 313294, 43950, 22056, 246266, 229912, 460426, 123152, 392387, 8146, 367538, 226281, 227248, 306426, 161964, 8234, 129980, 431709, 487499, 454613, 137284, 470149, 391780, 462728, 209001, 211365, 372978, 302978, 167255, 294641, 222801, 127849, 493745, 349569, 432637, 333175, 475815, 410683, 380594, 315589, 302127, 39762, 219721, 36032, 233684, 433293, 325034, 17869, 465420, 407627, 142658, 451074, 60995, 387907, 42183, 431998, 223477, 192440, 46797, 242447, 315782, 127227, 202233, 207480, 130778, 354160, 142530, 7671, 405150, 419209, 217373, 20842, 444116, 212341, 355018, 21154, 189553, 406659, 7820, 339180, 64326, 362774, 13314, 338034, 89246, 486822, 394091, 229580, 214334, 1626, 382346, 25033, 327058, 486514, 159558, 268092, 477437, 169262, 464614, 229406, 205417, 37676, 418478, 490989, 246192, 277510, 443177, 37134, 470757, 25566, 186716, 102705, 350079, 158676, 351249, 144534, 9865, 235274, 306946, 49899, 140978, 160809, 56589, 464628, 322402, 211639, 295982, 374753, 330403, 126534, 286714, 200549, 33800, 178703, 397743, 135279, 305103, 259938, 152776, 366201, 391967, 216067, 135303, 49598, 271560, 251187, 278385, 134830, 490453, 373069, 265080, 90883, 194243, 128666, 4371, 199424, 437728, 307356, 416852, 429629, 331662, 232606, 220868, 337006, 381458, 127754, 398136, 296090, 376835, 395448, 319302, 225471, 121870, 150899, 77435, 114397, 70248, 40165, 421163, 227580, 488527, 23071, 207363, 314510, 114303, 183640, 167983, 332074, 471265, 328341, 478396, 112787, 307762, 295840, 301074, 159811, 57572, 34255, 277340, 461907, 46936, 324587, 352019, 137967, 213426, 111372, 68063, 85689, 20017, 256329, 327299, 211999, 365629, 356651, 275558, 315205, 137910, 363633, 25242, 435287, 489955, 146916, 296868, 376034, 312528, 152795, 197906, 304950, 278551, 389238, 8534, 114688, 121056, 416138, 311584, 482839, 372151, 84904, 4748, 201222, 152215, 300771, 444066, 342025, 391874, 466333, 246564, 141846, 349506, 413745, 248233, 190198, 463325, 100468, 81240, 473173, 150462, 485681, 86085, 468183, 49436, 387112, 147490, 437627, 345518, 160196, 478049, 117317, 367436, 415072, 131851, 269230, 249996, 173052, 53624, 317401, 172740, 371092, 301866, 462747, 246860, 306922, 497182, 33868, 342494, 21926, 344699, 233375, 167315, 348027, 170084, 439453, 411259, 258278, 411410, 178828, 43686, 40514, 13748, 254867, 7049, 271189, 268246, 267835, 403798, 126405, 30092, 179418, 65864, 242154, 482939, 17823, 194205, 411711, 183058, 156942, 487793, 270648, 24646, 324314, 301583, 494349, 223820, 494622, 378489, 311051, 459331, 486144, 188265, 46036, 292150, 435764, 71061, 294885, 197805, 199544, 160209, 367028, 489567, 458810, 164664, 98544, 23031, 251570, 451684, 162717, 262596, 302172, 423924, 142245, 23883, 453496, 419535, 397925, 207716, 180169, 462135, 450780, 77297, 415671, 324577, 139877, 325562, 493881, 414416, 336164, 236381, 203909, 122741, 76392, 387972, 214859, 137705, 97764, 494508, 437561, 137066, 480457, 212931, 55466, 273306, 369053, 408449, 450573, 52517, 183592, 361221, 239012, 195068, 342641, 114222, 308060, 171625, 493018, 211037, 491703, 37343, 313503, 441462, 113260, 316656, 360954, 166578, 435631, 274043, 172441, 125446, 102705, 391618, 358208, 255174, 422277, 18308, 432604, 383137, 41132, 75205, 453912, 209001, 163689, 377248, 43071, 281846, 455956, 268340, 446762, 59503, 140666, 384418, 193469, 480121, 493614, 203728, 415674, 388735, 115523, 305062, 33511, 141494, 83012, 287976, 76657, 307933, 145640, 363856, 451202, 435642, 427124, 177528, 21639, 99769, 396432, 10886, 372272, 29192, 174974, 311155, 59192, 5779, 269797, 266864, 203370, 271612, 162176, 92410, 23180, 31139, 59949, 322466, 70618, 101712, 102897, 277065, 431191, 304499, 285588, 183372, 295296, 33639, 70608, 358097, 145570, 421619, 444290, 10523, 294206, 370383, 357934, 295361, 308256, 380163, 52914, 91885, 359633, 382847, 331460, 451779, 28400, 483783, 133247, 398747, 393840, 87461, 327625, 121412, 454369, 296258, 364146, 223763, 165900, 231961, 371515, 288661, 174106, 407980, 295764, 950, 55844, 174947, 485260, 390721, 212930, 424870, 57894, 54755, 190713, 139469, 160240, 457375, 399951, 91462, 340411, 182816, 371398, 101893, 429684, 86398, 344945, 6492, 470476, 281068, 347145, 64192, 178180, 490225, 398455, 235786, 197272, 248858, 407809, 46779, 247585, 224890, 167271, 158967, 356977, 435784, 62960, 493797, 243414, 75386, 327197, 183925, 478159, 360569, 229731, 242064, 356890, 410892, 7784, 132128, 44821, 234012, 468702, 27314, 275684, 338640, 494451, 477693, 231891, 445270, 226194, 131535, 162822, 414021, 26629, 453996, 455638, 4627, 247036, 294271, 497241, 360121, 36308, 134935, 51500, 115633, 470286, 359065, 54658, 304771, 74105, 59246, 181998, 82319, 216428, 173045, 378227, 262831, 39552, 37725, 132541, 45977, 74946, 181468, 363753, 331207, 119460, 433372, 377154, 178962, 234562, 189415, 166891, 94003, 90418, 4452, 157925, 110450, 27101, 435644, 305821, 221881, 47506, 311179, 155543, 113387, 485861, 20773, 200763, 378509, 388696, 429325, 39153, 10516, 80597, 399508, 19323, 375484, 228976, 234339, 382870, 109848, 491947, 84645, 235903, 345877, 7584, 179163, 469925, 748, 265481, 416209, 490282, 13838, 378040, 75926, 342101, 131555, 400424, 231532, 162646, 164502, 180192, 477447, 151711, 394533, 122317, 50548, 210807, 29287, 378354, 481692, 295905, 465785, 134288, 294906, 320061, 282019, 143360, 45789, 376462, 449163, 466174, 112739, 356378, 87791, 223075, 412491, 55450, 290396, 135084, 107978, 436484, 95850, 314382, 257915, 98135, 161003, 397598, 80449, 408259, 15197, 31580, 408274, 182224, 473960, 486006, 253837, 143909, 100985, 100928, 192855, 317324, 118795, 430112, 47133, 125587, 451792, 256733, 441585, 418455, 282260, 303274, 128123, 14473, 483125, 223432, 303168, 371504, 69345, 188568, 357489, 310410, 42835, 213956, 430432, 215834, 490167, 432359, 350104, 159619, 144650, 153335, 105270, 274284, 436404, 384320, 39871, 134412, 312029, 258970, 103129, 260480, 374967, 220637, 389174, 428397, 235931, 315991, 350551, 119698, 435146, 49843, 354371, 41886, 135405, 153231, 441120, 19214, 307054, 438636, 181489, 281915, 258359, 421328, 18854, 359814, 129887, 428981, 384213, 380107, 278026, 142472, 152443, 179646, 389181, 349902, 167724, 138410, 90163, 392141, 110459, 194772, 388868, 60924, 442879, 156816, 260335, 372910, 289278, 125208, 168109, 407674, 420285, 416194, 226402, 174487, 288675, 119555, 169702, 71378, 378700, 112968, 370343, 295790, 119351, 391622, 176498, 482271, 420153, 273409, 104110, 166697, 7317, 221502, 404598, 362321, 427754, 401692, 227031, 328159, 416116, 276676, 80351, 233936, 247781, 430777, 36073, 202567, 476696, 389437, 484490, 293794, 449975, 163442, 373083, 330091, 142997, 54167, 52925, 109257, 301028, 189882, 132756, 93118, 427709, 129696, 433481, 341625, 359999, 198272, 450464, 450092, 290980, 297413, 366341, 219702, 371259, 34118, 18958, 257357, 338632, 220292, 166195, 21514, 249835, 455349, 67725, 331494, 104427, 141295, 148895, 87457, 288160, 386119, 455566, 249174, 327991, 269962, 183562, 411560, 375031, 342882, 448132, 440710, 355680, 163236, 432271, 69604, 287493, 451406, 379843, 155443, 95297, 201829, 413039, 465314, 70398, 215867, 57320, 268046, 491201, 16982, 44120, 25040, 244431, 335034, 2545, 449442, 455533, 469490, 288813, 131568, 285950, 220010, 179701, 66935, 421357, 354841, 91284, 268203, 96394, 473226, 359145, 330616, 181623, 148129, 239112, 495448, 485868, 28392, 108506, 168569, 252512, 480838, 451846, 279098, 377237, 202673, 477371, 324401, 136646, 159304, 188340, 118035, 485445, 162965, 310088, 189002, 465890, 19450, 292860, 218350, 249305, 201827, 141956, 128697, 406605, 400711, 134323, 442370, 250198, 347921, 103633, 158559, 428408, 199467, 90794, 299680, 328916, 406961, 369725, 343863, 164729, 315815, 169108, 403783, 317268, 215863, 405965, 297368, 241071, 474947, 440207, 446970, 493683, 314661, 181582, 5360, 373213, 234624, 31182, 89972, 499895, 79425, 460836, 159389, 82368, 160811, 330981, 107691, 117498, 69730, 241933, 450033, 441698, 345591, 402308, 36689, 113748, 115005, 365695, 469169, 324213, 237422, 436742, 30555, 452901, 352178, 177510, 311535, 367695, 75477, 306663, 304328, 459991, 392560, 272632, 100383, 404307, 318639, 456769, 153376, 415264, 58513, 100761, 40374, 139912, 328410, 292955, 270814, 411495, 257206, 166511, 46078, 133437, 307276, 424989, 392980, 314271, 156066, 95911, 159532, 259900, 94516, 312359, 55533, 461079, 456269, 361145, 323985, 366170, 339590, 134987, 109512, 482003, 131395, 55792, 468769, 245837, 447610, 10591, 106724, 153314, 136561, 45659, 100471, 147184, 90467, 461626, 440344, 29538, 46036, 187225, 477457, 378916, 210552, 262991, 113100, 63404, 298505, 150524, 51686, 223125, 72760, 167786, 269933, 342580, 144821, 184339, 453464, 452423, 346594, 329049, 420187, 154788, 221951, 461413, 413749, 492396, 93744, 426503, 400892, 227319, 448938, 118318, 31612, 4882, 92087, 420838, 170283, 199273, 14371, 114665, 197891, 5578, 402495, 88560, 355747, 54694, 62740, 216313, 102973, 147225, 293232, 442040, 242872, 320214, 119912, 121900, 438028, 68605, 198937, 342006, 405315, 102061, 381863, 112441, 462781, 8402, 343718, 187, 53189, 484050, 367843, 405587, 306750, 33033, 454081, 124350, 421633, 45444, 397904, 47713, 152573, 171105, 166755, 91881, 52612, 381679, 233745, 215308, 400382, 177009, 399511, 208178, 461081, 79769, 463640, 213640, 260739, 28498, 396545, 358267, 315114, 386738, 401132, 103174, 211313, 226630, 12977, 128152, 53397, 110806, 107258, 60507, 132210, 302101, 101845, 106846, 161258, 475458, 420937, 358039, 363651, 57924, 96056, 114715, 79714, 206177, 470837, 149144, 297325, 105785, 97675, 202883, 354107, 280972, 72586, 207147, 45953, 429856, 170199, 460917, 133397, 432266, 84221, 108898, 430561, 174204, 227983, 481945, 68174, 364914, 162074, 378213, 268664, 244548, 43601, 109162, 58957, 409811, 339166, 427665, 23974, 439354, 345558, 476221, 265185, 346586, 251501, 40677, 415319, 47379, 175950, 105473, 262814, 42281, 405059, 232587, 277343, 422784, 418178, 467027, 476264, 58753, 431476, 169160, 373394, 394463, 94598, 249441, 282002, 45716, 214265, 239088, 166588, 1425, 290581, 165605, 174605, 113757, 291712, 153363, 75670, 7883, 258017, 263011, 129915, 105999, 371718, 274224, 376829, 357551, 203148, 261119, 92179, 195588, 439329, 330165, 178344, 348548, 372201, 461807, 214760, 319577, 207504, 212220, 213834, 123669, 178291, 149023, 136451, 181261, 128859, 140145, 496276, 85442, 80563, 429745, 345757, 372179, 41774, 317520, 290482, 292505, 200196, 457037, 318556, 266818, 40374, 382893, 368990, 154018, 7271, 319159, 435889, 15035, 183292, 196412, 341685, 422555, 184168, 429327, 393195, 411286, 46140, 427097, 330347, 330152, 275758, 89821, 25322, 20888, 291451, 7549, 53437, 107067, 467489, 312383, 314229, 82868, 441597, 210855, 114863, 410519, 168430, 243247, 20095, 307165, 228462, 356084, 3481, 351951, 29917, 197651, 244854, 63387, 473710, 359993, 283972, 479739, 282084, 393603, 260760, 245319, 38502, 324052, 487172, 91136, 275557, 73454, 355318, 447585, 452738, 457243, 331245, 289720, 84961, 301907, 119222, 422164, 92280, 40755, 401467, 129222, 380323, 294163, 177551, 454109, 204593, 178416, 257625, 401795, 357528, 228565, 345463, 495106, 365743, 478192, 84716, 329613, 492899, 345130, 174465, 323740, 220740, 269652, 28019, 20335, 165782, 457501, 394294, 190385, 329115, 413696, 157743, 357316, 96575, 306840, 96310, 329367, 326428, 384176, 297756, 144966, 482434, 291107, 172680, 92657, 340122, 248014, 138942, 61628, 153351, 455362, 272167, 233643, 481456, 190901, 108473, 126935, 56766, 124909, 91864, 346768, 105172, 220960, 373071, 235197, 209353, 110608, 154713, 451442, 299437, 215791, 86894, 462504, 459347, 27093, 284498, 140042, 111691, 483554, 431880, 427079, 418644, 233800, 161588, 425433, 428422, 305285, 110011, 61447, 244964, 83541, 4574, 100794, 245673, 212532, 161159, 496248, 270981, 8012, 183263, 262111, 264625, 107973, 40677, 157698, 167742, 167388, 235652, 293117, 74490, 221336, 464795, 306494, 456090, 148212, 180839, 3141, 346105, 421525, 440642, 143110, 174799, 412115, 362396, 240467, 114757, 185904, 362980, 442995, 132344, 83045, 131370, 289216, 308100, 307605, 43179, 361831, 14744, 493603, 389857, 87474, 307965, 248904, 395115, 77982, 388074, 425773, 264754, 480343, 323320, 292977, 307045, 97910, 229229, 64868, 18647, 18862, 290056, 10618, 52673, 319844, 280221, 333897, 467426, 478902, 215119, 478509, 371890, 431568, 311262, 36766, 147380, 370326, 348759, 137566, 130330, 389442, 444869, 32739, 46814, 77462, 31456, 186407, 402388, 407368, 69776, 85650, 72913, 245074, 379367, 174394, 107865, 163500, 77577, 235692, 414122, 268192, 100667, 29113, 431920, 452270, 463789, 285668, 442985, 224988, 396278, 50806, 63505, 58689, 187272, 351981, 139795, 341824, 417375, 248544, 191224, 222652, 220747, 282760, 149330, 290776, 490062, 376499, 478064, 178248, 72483, 386164, 132211, 354882, 139874, 36276, 221999, 27908, 401293, 52485, 256420, 295489, 469265, 355618, 406714, 159775, 380879, 292022, 245773, 191645, 428188, 112929, 167830, 363286, 80156, 235576, 244052, 184878, 377449, 378926, 383345, 44478, 453774, 187879, 279142, 173669, 288486, 473695, 238172, 232828, 489373, 307093, 24006, 492690, 371330, 58072, 141303, 319780, 334942, 7092, 380965, 255634, 40507, 321205, 490888, 364792, 370240, 279409, 43257, 450951, 390546, 303346, 410578, 309007, 250890, 249666, 4503, 16306, 499723, 338904, 50196, 422917, 84665, 458131, 69690, 40944, 41270, 306600, 494464, 176291, 176131, 139848, 151614, 308600, 146345, 228989, 455346, 109308, 383813, 162214, 59172, 359215, 138909, 230350, 420189, 73428, 438469, 260275, 10796, 479450, 365673, 372303, 185548, 48451, 76154, 404456, 27055, 343793, 100924, 150046, 161355, 120509, 430664, 121340, 173463, 271205, 22171, 491449, 368696, 197123, 8847, 372298, 252458, 424140, 162483, 151728, 255070, 77519, 79891, 77394, 118427, 142946, 412315, 347001, 285003, 431301, 283735, 273906, 207541, 35726, 368470, 297407, 207479, 237297, 456689, 426623, 408879, 490525, 67769, 67310, 177846, 62349, 459551, 163676, 283068, 168965, 395507, 89477, 406274, 414605, 339712, 348089, 37456, 79629, 117107, 380494, 71831, 476397, 15738, 242141, 428473, 443727, 154306, 351147, 73258, 356155, 248556, 258536, 471290, 368874, 253096, 381285, 434108, 105725, 243950, 149906, 286653, 289363, 392537, 371794, 437020, 268797, 79193, 411549, 217162, 92826, 479449, 422416, 63829, 244929, 252338, 298991, 60032, 238185, 495923, 495159, 99137, 203450, 329513, 57759, 119536, 17842, 182140, 343615, 213952, 69732, 457986, 448769, 17877, 200330, 489707, 288724, 482289, 381014, 374719, 185528, 91657, 443190, 355001, 64058, 377980, 70430, 437929, 302782, 354611, 424339, 191668, 30966, 349273, 118672, 304272, 300998, 430901, 53756, 154746, 357319, 268747, 106819, 99667, 190301, 345117, 50287, 114258, 142944, 168446, 370012, 294578, 404625, 412138, 96818, 420970, 467845, 325658, 421093, 331345, 468363, 339188, 415169, 196421, 440717, 242753, 195139, 436160, 122837, 49677, 57620, 284590, 208948, 430562, 439141, 171941, 270795, 480886, 466458, 53590, 17169, 134675, 413380, 162016, 291767, 361390, 76456, 299684, 197, 60232, 241160, 394193, 24536, 368608, 55879, 330541, 21362, 213543, 417281, 208123, 453061, 430207, 439104, 224857, 338021, 153303, 110660, 8973, 446396, 477276, 102136, 387383, 428251, 156593, 85719, 457230, 87886, 103898, 409772, 478202, 333661, 305494, 298082, 24563, 220657, 343596, 233671, 473816, 356882, 436286, 381614, 38040, 353083, 161471, 280058, 376181, 144508, 340205, 55345, 310048, 439059, 345014, 426657, 170269, 215641, 496408, 381999, 2192, 237102, 176707, 375719, 294801, 346692, 194353, 73528, 303557, 370662, 96283, 378825, 284195, 454274, 496051, 58211, 481527, 492578, 64727, 122983, 80946, 153162, 401099, 300691, 467949, 15847, 480219, 164657, 32854, 166573, 283436, 41871, 358, 262756, 327756, 179813, 422270, 42361, 381630, 186745, 499417, 418839, 191535, 83629, 383004, 340889, 374281, 123837, 380728, 287660, 412453, 250793, 101484, 35665, 485036, 310908, 280930, 17325, 403385, 364567, 241980, 135512, 39227, 46758, 443594, 29785, 324931, 265939, 258535, 356995, 183877, 179848, 99652, 112682, 366104, 82690, 84702, 126666, 51170, 293137, 176514, 435283, 633, 372764, 302727, 180869, 462828, 443243, 427717, 417879, 199603, 385179, 27693, 304075, 73249, 181779, 420746, 90608, 344203, 206667, 143104, 247635, 387331, 74477, 485502, 6166, 110787, 858, 166557, 270932, 457811, 223385, 53744, 463724, 431902, 342183, 419570, 410715, 365064, 494129, 491175, 416820, 461392, 427143, 485213, 493242, 61830, 326273, 15298, 168979, 148815, 68851, 428568, 457634, 494356, 397219, 28455, 138535, 113445, 145006, 6808, 202176, 216159, 126509, 338300, 27449, 111216, 255160, 224463, 116687, 173550, 334481, 447452, 273665, 293558, 446312, 123277, 235986, 426618, 172118, 383965, 211056, 217265, 264361, 473645, 215455, 272003, 382296, 157491, 176992, 481805, 282473, 480131, 305231, 435148, 406723, 195724, 411875, 485310, 12546, 253049, 131444, 73493, 264049, 251667, 379899, 28701, 89778, 394729, 195366, 379289, 498085, 146795, 371901, 283866, 69791, 131950, 74692, 198959, 377995, 30717, 319757, 466744, 9135, 150385, 472063, 199671, 426790, 228643, 300981, 203934, 436394, 193606, 498608, 5042, 56035, 93568, 451606, 394684, 263927, 423319, 327058, 335248, 10898, 18286, 232874, 1845, 65426, 201262, 241718, 345778, 318849, 388017, 173371, 331973, 462630, 18637, 272938, 126718, 326465, 360841, 189086, 351882, 92646, 87746, 358176, 31641, 230329, 280796, 5169, 126367, 221718, 61811, 236639, 55085, 466919, 397080, 73551, 12540, 498787, 422695, 102453, 55287, 167153, 58970, 487076, 200950, 455374, 453448, 494275, 484943, 153932, 210781, 368852, 217678, 246325, 158355, 186069, 282195, 245671, 31893, 122617, 165249, 419165, 477658, 343969, 262900, 458789, 281514, 58305, 287130, 459543, 51092, 166080, 208686, 199579, 392505, 247019, 354666, 285143, 132984, 376938, 196579, 269966, 203073, 130528, 207505, 370586, 225819, 22403, 197750, 249331, 20550, 101903, 413817, 467651, 211668, 147932, 108515, 457071, 230963, 440745, 359868, 482846, 227282, 499366, 112554, 329590, 185565, 227771, 471841, 489713, 387302, 249873, 37462, 176031, 70344, 256643, 254324, 400537, 42280, 384414, 273460, 225960, 286110, 215613, 453040, 192897, 315885, 109355, 206212, 442086, 479460, 377957, 65594, 381625, 218697, 142605, 408296, 452448, 151302, 418637, 44860, 336721, 407635, 23039, 164111, 99308, 19814, 414620, 295507, 209781, 359159, 233820, 343645, 24640, 200377, 184513, 129207, 483810, 105817, 248563, 45235, 270263, 138209, 63700, 42852, 58182, 115435, 442579, 298042, 129108, 162304, 186459, 325555, 261178, 174911, 181647, 444143, 381702, 115695, 498953, 186602, 327891, 115943, 96671, 152105, 349488, 220503, 12695, 414691, 105837, 280312, 81839, 300656, 265237, 227305, 275178, 419004, 470487, 334781, 382933, 250993, 166960, 102937, 281403, 165096, 235797, 293314, 77084, 185140, 169780, 295184, 24193, 150459, 435739, 37645, 78335, 91094, 154739, 349251, 408433, 259257, 231559, 192919, 275662, 406072, 13887, 273706, 287634, 98685, 296282, 152908, 238340, 261544, 156277, 415950, 202482, 493251, 207466, 369016, 27284, 432614, 246565, 13501, 219870, 370534, 361205, 462883, 372237, 403531, 137702, 8138, 494431, 300906, 1795, 52552, 289131, 364499, 67888, 246499, 45897, 298473, 444518, 242860, 193129, 337459, 67224, 361045, 277814, 344318, 350319, 424752, 494277, 233706, 172837, 462183, 422919, 56977, 322960, 217624, 84954, 416991, 128542, 294067, 444613, 415038, 34229, 218294, 364276, 472545, 482948, 144584, 203656, 489885, 326209, 237030, 496584, 236525, 349832, 18738, 292838, 340036, 415382, 104361, 25815, 83764, 283473, 452484, 99752, 140120, 378728, 222704, 408134, 120457, 22927, 381284, 284179, 75917, 241578, 2827, 281830, 100946, 315560, 486408, 200273, 272284, 390081, 258338, 96021, 110966, 319786, 8648, 324790, 94444, 397030, 467362, 268355, 4239, 169047, 491610, 445810, 21747, 418808, 273973, 115492, 58637, 73646, 386692, 481962, 21449, 445115, 498900, 262185, 155981, 54036, 198728, 176222, 453339, 335123, 484479, 257318, 389944, 234123, 121786, 395334, 419514, 438142, 488626, 372819, 123035, 455297, 180991, 212623, 454862, 38654, 394758, 381271, 49767, 494760, 477255, 486521, 367505, 475237, 275473, 197162, 160984, 350475, 79200, 38173, 263073, 151153, 136323, 284766, 486135, 131776, 318476, 27288, 33224, 79799, 359449, 259976, 333562, 253705, 288660, 267766, 383474, 154093, 340673, 135309, 162269, 448148, 438661, 10155, 436112, 385397, 265092, 16537, 137380, 258925, 85287, 332090, 411343, 124125, 238582, 357438, 395429, 159254, 319359, 323524, 405709, 262874, 112950, 222460, 318633, 77834, 422536, 327226, 80277, 362465, 117869, 162024, 10607, 135517, 97245, 290395, 184155, 474600, 289744, 480577, 361947, 91450, 381046, 222112, 209247, 349415, 410829, 474668, 396143, 172623, 345489, 89006, 276297, 270049, 419453, 388074, 140159, 193966, 17009, 266295, 266458, 247677, 410139, 413018, 62014, 70102, 109968, 343021, 300783, 10447, 110831, 90720, 427269, 222831, 148435, 495786, 289788, 467060, 190615, 60479, 477273, 352437, 479508, 289657, 79044, 385993, 211953, 442936, 223871, 338852, 153146, 259547, 110057, 252622, 355661, 312420, 357206, 458521, 316053, 85350, 49747, 35525, 207577, 176187, 96331, 454066, 385166, 70667, 390500, 362401, 223298, 243014, 7602, 476237, 485451, 365184, 108275, 97035, 312376, 257331, 260288, 322122, 260514, 317296, 258331, 79198, 363708, 161627, 121619, 2017, 354840, 103872, 327990, 341013, 40358, 338306, 102456, 12913, 336194, 105585, 360832, 73361, 291101, 356763, 249308, 282599, 47481, 265809, 380684, 388305, 461293, 286449, 192267, 226054, 409102, 253794, 312179, 175222, 269332, 373052, 280587, 194666, 174145, 233372, 348049, 38842, 51930, 375360, 481515, 316054, 251681, 82655, 499896, 333695, 192399, 174096, 33090, 356657, 36153, 276970, 418174, 294987, 217085, 127532, 18105, 434687, 286040, 154760, 28670, 244359, 347027, 44737, 386556, 116623, 143569, 114600, 120154, 331953, 332317, 54885, 108448, 414068, 344542, 439394, 474010, 305684, 315018, 138505, 292308, 469492, 241515, 493459, 184248, 231006, 327557, 70447, 308121, 28541, 497716, 266324, 223036, 149688, 246401, 205983, 401174, 406313, 315791, 215016, 110174, 18667, 164603, 233121, 252197, 85836, 215124, 130918, 441892, 330027, 325034, 143278, 401316, 39609, 452440, 352197, 52386, 207805, 367770, 202530, 296413, 412012, 278824, 359276, 278851, 391986, 309679, 263507, 267494, 211818, 246329, 390113, 216065, 273003, 255259, 20836, 137956, 255262, 230517, 151185, 11562, 29296, 410293, 347062, 462527, 151470, 200194, 119507, 197933, 158847, 462991, 270071, 61993, 481942, 450563, 300102, 373635, 296682, 474437, 478192, 61111, 376696, 37260, 143140, 401987, 426635, 194969, 455105, 274663, 333033, 192705, 447475, 418278, 488373, 408349, 474926, 379849, 364500, 85151, 311278, 261528, 454649, 284422, 410751, 213515, 106095, 65823, 435025, 33170, 396329, 166587, 212757, 468340, 126150, 183162, 12903, 412281, 347495, 108871, 80809, 97948, 313359, 4115, 196480, 382433, 215932, 362572, 150685, 170894, 135824, 38046, 414684, 38622, 124131, 363732, 354492, 263446, 343351, 170378, 274222, 434126, 352634, 236430, 336781, 282980, 137300, 362515, 122296, 429266, 204101, 58236, 199725, 328018, 42784, 384063, 279776, 137386, 282686, 460883, 303071, 124396, 294368, 126515, 475057, 97171, 186119, 394246, 375361, 113550, 374490, 434738, 368700, 220815, 169145, 287053, 372317, 206561, 156275, 417614, 51885, 93686, 216680, 144914, 4066, 229623, 451312, 314370, 200628, 94398, 171869, 58085, 136313, 333532, 413273, 397365, 450463, 37505, 376335, 442960, 85858, 413931, 147364, 100640, 314605, 50487, 153442, 63882, 175774, 307812, 251941, 250612, 86811, 348120, 114432, 92173, 260812, 325733, 152953, 376603, 335088, 30541, 497460, 303894, 349297, 352255, 252857, 353842, 32934, 229890, 444242, 369171, 438730, 461114, 234329, 411524, 170757, 92888, 447096, 20751, 67177, 403601, 409899, 634, 387811, 473857, 123241, 62766, 26908, 254708, 174919, 96339, 339262, 287744, 126053, 139799, 393725, 434465, 371799, 332917, 252751, 161424, 19548, 307699, 167592, 29245, 450605, 460745, 427802, 408057, 181143, 246248, 338676, 79188, 469063, 97479, 190840, 140628, 399272, 246570, 155159, 496293, 469256, 340091, 243206, 438967, 44163, 82094, 403248, 283979, 32461, 457057, 311962, 283981, 284453, 236034, 16921, 188585, 285274, 476881, 337319, 26740, 185434, 205682, 323864, 18990, 421601, 257220, 342098, 231257, 370633, 47661, 138524, 343766, 24379, 358097, 127755, 17846, 421732, 384285, 200513, 273412, 80700, 21058, 100532, 215488, 145486, 475012, 393475, 184743, 426550, 443547, 344795, 248061, 207781, 2608, 6309, 63655, 45699, 52533, 471581, 224630, 368823, 309451, 392171, 284538, 82363, 132957, 54204, 479449, 242758, 30388, 12366, 221106, 270, 189638, 266926, 200211, 167598, 324337, 107082, 191059, 492927, 123164, 38265, 280777, 285501, 35775, 39792, 355969, 40249, 238514, 49398, 47994, 71359, 244484, 94474, 182355, 277106, 410424, 320152, 486167, 210637, 150045, 244459, 499526, 375981, 346105, 134986, 243958, 92057, 339058, 471093, 4609, 354940, 248585, 9666, 30255, 470379, 316710, 466079, 164387, 381504, 478754, 257016, 223671, 68136, 12377, 479066, 327148, 360952, 261938, 392336, 354084, 392039, 326780, 276088, 419184, 45354, 99825, 458217, 358143, 44527, 469291, 492498, 159711, 397841, 114916, 207806, 124849, 154007, 81251, 489454, 345784, 329238, 338822, 443778, 167404, 32214, 401151, 207770, 414727, 174191, 88328, 122185, 444929, 212700, 494202, 177687, 226705, 3614, 257862, 491012, 106449, 327898, 407267, 5015, 356958, 451568, 449348, 428720, 167711, 239910, 136131, 440728, 31358, 304449, 360213, 267002, 437835, 67948, 90101, 109976, 322686, 319291, 271212, 338956, 379362, 334714, 286803, 37341, 430354, 431011, 187432, 273483, 471677, 352054, 194561, 267262, 217851, 22380, 369569, 326825, 162831, 61562, 281427, 280310, 114330, 398429, 286691, 377679, 322853, 326360, 98913, 499107, 420503, 320140, 233460, 172416, 254619, 342592, 87889, 218726, 89068, 447436, 247986, 273545, 16502, 5451, 249592, 125690, 287212, 117610, 356553, 2820, 204451, 140338, 341861, 153256, 269413, 218975, 319662, 394929, 421485, 43990, 353912, 311171, 245376, 472557, 28596, 459412, 194246, 160045, 384572, 214528, 427416, 315210, 363697, 12064, 55121, 485554, 69267, 371886, 483966, 389182, 213316, 363404, 328159, 168103, 272138, 228494, 20406, 269713, 439999, 201113, 226266, 455828, 258348, 246611, 177332, 138106, 110134, 493688, 374041, 217343, 277830, 424774, 491654, 285060, 117756, 446077, 350681, 331724, 363122, 316328, 157871, 185684, 345253, 20732, 378284, 243727, 210998, 39051, 189437, 408307, 357355, 276503, 370090, 381279, 365709, 488061, 104034, 248920, 437277, 217841, 311184, 264797, 185765, 83822, 336224, 147459, 74695, 456551, 98783, 7881, 229580, 183401, 365706, 34104, 456421, 277543, 163002, 463997, 429688, 239537, 419115, 54433, 408530, 459617, 377950, 186048, 373968, 409887, 197778, 259445, 400572, 115238, 251854, 167223, 438728, 102893, 416531, 482301, 11601, 270623, 27961, 326748, 380556, 442668, 237768, 367462, 75375, 382553, 15719, 362287, 180163, 378127, 276226, 267272, 175537, 342480, 173018, 341178, 439988, 428957, 245897, 59276, 435306, 305388, 256116, 230565, 151550, 249629, 110201, 282990, 54518, 322508, 280491, 231965, 191129, 396197, 454752, 62669, 335169, 336686, 187400, 219010, 226634, 449638, 390902, 32832, 430962, 299451, 262800, 111989, 175276, 240997, 450694, 17188, 277897, 447610, 369712, 337678, 51971, 207776, 492654, 455445, 283443, 135461, 286009, 470392, 78207, 439451, 342450, 150600, 228613, 347209, 259208, 371756, 48199, 39429, 71703, 151755, 100613, 405322, 255790, 332332, 7404, 48854, 347802, 476775, 21333, 200132, 71797, 23106, 207922, 28740, 228371, 344819, 101366, 17172, 402564, 319869, 398643, 32705, 184130, 490333, 123301, 88238, 237109, 290659, 344250, 24840, 349873, 200290, 358072, 114111, 159359, 469199, 426083, 89705, 258025, 255505, 62023, 419306, 71838, 436053, 238641, 332984, 6537, 298094, 443603, 426631, 222190, 414346, 343109, 488851, 128590, 300197, 170416, 271891, 352230, 269221, 405057, 139240, 218879, 130706, 152240, 106270, 66310, 153501, 459968, 105286, 240741, 347613, 153466, 323815, 105069, 443154, 61467, 486389, 256373, 57167, 438295, 146609, 97951, 79441, 380392, 194171, 236559, 322284, 402755, 225114, 389660, 321778, 89601, 238150, 353085, 147370, 455623, 207724, 60131, 129057, 17231, 343889, 250704, 74593, 429112, 436506, 222700, 51269, 208120, 338049, 133557, 206224, 15673, 226288, 478170, 340452, 306607, 197527, 237659, 135408, 395698, 224210, 212606, 211768, 348154, 81736, 458729, 223830, 127010, 110512, 232972, 225853, 228414, 233116, 23085, 152869, 117482, 187865, 203267, 462678, 316465, 325155, 120619, 313861, 2671, 143789, 129170, 375092, 388810, 456689, 109199, 140064, 267419, 141475, 353813, 13130, 113136, 17563, 180320, 452853, 421982, 283784, 134324, 337945, 292207, 162489, 95086, 434714, 475442, 295293, 499082, 311224, 144846, 41619, 100657, 471108, 37587, 428630, 375533, 445930, 360121, 285675, 299256, 355000, 432627, 358510, 185265, 473941, 7775, 175130, 246774, 453158, 299883, 272842, 243761, 433311, 133117, 286010, 120489, 114494, 230505, 126419, 84580, 329496, 131092, 322839, 251753, 459229, 424992, 161725, 79992, 170121, 67327, 276827, 160640, 342774, 430149, 189655, 376916, 229248, 219348, 341224, 422792, 232274, 445835, 171725, 11863, 334391, 490858, 141289, 104116, 193070, 315393, 59149, 76903, 238441, 477311, 152060, 55225, 90732, 128655, 101478, 494351, 358412, 458487, 232705, 439239, 399548, 47608, 148419, 13622, 15862, 352708, 344439, 190062, 269551, 141094, 163845, 251196, 463655, 462894, 423479, 229996, 34887, 167860, 482108, 223089, 207227, 372949, 398801, 185423, 172842, 186182, 103360, 385010, 329846, 2385, 139282, 132895, 256654, 156836, 446225, 220457, 417438, 422114, 202665, 162327, 125375, 253922, 363816, 208327, 87996, 268226, 157012, 152029, 449021, 178892, 100694, 334297, 198652, 174234, 221936, 476789, 172261, 137352, 298074, 210388, 15573, 174345, 344432, 291212, 147884, 139907, 204987, 105052, 344158, 331669, 57566, 7450, 70455, 415410, 277115, 42914, 475798, 360593, 211329, 67892, 366171, 34235, 14791, 331242, 459853, 3341, 168167, 285078, 109907, 27149, 458341, 88484, 444523, 481856, 121628, 164239, 388353, 53907, 48647, 480482, 482228, 310492, 220618, 295217, 41616, 253359, 64484, 68012, 141478, 293642, 384848, 481169, 185456, 222, 497794, 463036, 139206, 143032, 35840, 316993, 400564, 67902, 60815, 326509, 492808, 265799, 320423, 14197, 259480, 118574, 166118, 198808, 35049, 451252, 386733, 341349, 44014, 228425, 369124, 466718, 453549, 146843, 405943, 78990, 286013, 485743, 446467, 470834, 396034, 171980, 216343, 256445, 263674, 182019, 24233, 272588, 261816, 238589, 201853, 100079, 351244, 68069, 305609, 15390, 398215, 197254, 490931, 57437, 362437, 450626, 67542, 379756, 64439, 32281, 110096, 175814, 461311, 336334, 260416, 379337, 63642, 130510, 24785, 361932, 145732, 271931, 240788, 415264, 108964, 340270, 13750, 227574, 423142, 312627, 448275, 19502, 243624, 150679, 466088, 190842, 161346, 99112, 439499, 305941, 209792, 329028, 482137, 187613, 483060, 411628, 80293, 83408, 20844, 314920, 476620, 95151, 486186, 446578, 196747, 173575, 283213, 332779, 279281, 186218, 413021, 141643, 477320, 311428, 198913, 272454, 251150, 247997, 240597, 113460, 470150, 281156, 390168, 488404, 43184, 212199, 324147, 265460, 18742, 57112, 349025, 270627, 64710, 212996, 27985, 390190, 241619, 6243, 415070, 137709, 450772, 103440, 218360, 374621, 245614, 109230, 70837, 208426, 445279, 405173, 205456, 43012, 433973, 104432, 315810, 113887, 316235, 350944, 458655, 14716, 487112, 217469, 118125, 134582, 4267, 273036, 138979, 254789, 296116, 215123, 498668, 429585, 224595, 462477, 41638, 28140, 41170, 403500, 157429, 263126, 389575, 50983, 53215, 106447, 224183, 112852, 325537, 300160, 196188, 319945, 327869, 108444, 211239, 244851, 157067, 337, 171344, 473423, 1737, 224180, 353513, 21850, 206099, 446996, 94161, 206391, 379131, 410896, 346525, 469430, 336384, 230835, 282650, 49007, 104769, 57910, 197009, 426879, 256207, 359930, 498090, 144250, 287066, 234964, 361093, 450054, 353396, 109934, 87676, 121659, 487057, 427720, 452402, 16535, 451646, 216343, 854, 400097, 101738, 433873, 52189, 97515, 470839, 366920, 104372, 490111, 362473, 300148, 422463, 361317, 400759, 394675, 3977, 464063, 375919, 176986, 386236, 207471, 439034, 139530, 256375, 272531, 293738, 36541, 480800, 189313, 165465, 22038, 282284, 212443, 27635, 392472, 350086, 350254, 218040, 240631, 439090, 341654, 333096, 316815, 420269, 20055, 307297, 301581, 168000, 394257, 280480, 430659, 265631, 62516, 279781, 402343, 379988, 114802, 221993, 133941, 142571, 416999, 376264, 375999, 380498, 196096, 163350, 135032, 489710, 125720, 198643, 481815, 356580, 1988, 198066, 321359, 310396, 136445, 432874, 122317, 70723, 83483, 18132, 142972, 116339, 388847, 431913, 15154, 113611, 324667, 118751, 221990, 56609, 220694, 217262, 10442, 253293, 102995, 313871, 458348, 58192, 422705, 119436, 286872, 412207, 10393, 496043, 270865, 95267, 308711, 281079, 412478, 140941, 31679, 87577, 339575, 337471, 401871, 196641, 403404, 39452, 499071, 255750, 456185, 353247, 227348, 134066, 244627, 124491, 157706, 244927, 237649, 441076, 325074, 399802, 87410, 449947, 149505, 108348, 289565, 397683, 476417, 312005, 190937, 211650, 120579, 185242, 389239, 219755, 129436, 251737, 484010, 423458, 64236, 58855, 120595, 492770, 444260, 481348, 23297, 74623, 498906, 324265, 22431, 14329, 199155, 288571, 230729, 381214, 363958, 155801, 306280, 258277, 396402, 343588, 497723, 240454, 261379, 331277, 166872, 376927, 277921, 252705, 167125, 337146, 132080, 438636, 406686, 199610, 404388, 202666, 330026, 368024, 397066, 237917, 368807, 388400, 404929, 481443, 397096, 494776, 431231, 62520, 219043, 247859, 104919, 98700, 270981, 351440, 367960, 155037, 42247, 213653, 439814, 420604, 446432, 455858, 245221, 374258, 359833, 106384, 73298, 110012, 98716, 386560, 364758, 143546, 212119, 255158, 29227, 217401, 260221, 190071, 172390, 385031, 157061, 288252, 150008, 370699, 305272, 117795, 257523, 38142, 423631, 468470, 39757, 418651, 454489, 428884, 5218, 442877, 357452, 460673, 9205, 73253, 235277, 245474, 425335, 147192, 444311, 203470, 211392, 59575, 352992, 365645, 86335, 452015, 427506, 457774, 159399, 432774, 178781, 225818, 221195, 430175, 492999, 100451, 142333, 13576, 93729, 386052, 356719, 375561, 421692, 61584, 219171, 245061, 201995, 423552, 253861, 398785, 262691, 339653, 3305, 151082, 403437, 417265, 370580, 178681, 238831, 425784, 80021, 484324, 124351, 197960, 139241, 308829, 62165, 165726, 20262, 433323, 93107, 88813, 181613, 208127, 433388, 106542, 62831, 29628, 150299, 142344, 283638, 122294, 108018, 478833, 191641, 246574, 331697, 174623, 137811, 224937, 407769, 384577, 112679, 42472, 112442, 36157, 46399, 279678, 215591, 170662, 70612, 301302, 97936, 428056, 408637, 74384, 214315, 185407, 92894, 158532, 394271, 254733, 99115, 485869, 342343, 402015, 343890, 224062, 144171, 221719, 378927, 310677, 6823, 45758, 348610, 137151, 29968, 126179, 159548, 379983, 176051, 143961, 386932, 193140, 113757, 365787, 127188, 19194, 309962, 70318, 69554, 141084, 91538, 196618, 63654, 494355, 240229, 396478, 402736, 401382, 155097, 447490, 324101, 221354, 220689, 285225, 499636, 151327, 265433, 220768, 387121, 298223, 230298, 151730, 313023, 200456, 392328, 318146, 367515, 392479, 449358, 167899, 255944, 205798, 397485, 416955, 235755, 228828, 207342, 244857, 126111, 142716, 484218, 478925, 253404, 275288, 238092, 371995, 482422, 325558, 398609, 401538, 386903, 247361, 440979, 297607, 164537, 137741, 384661, 246582, 387660, 335321, 454428, 215011, 111741, 170095, 495181, 266585, 105427, 315536, 178370, 346760, 257813, 170578, 349009, 116425, 163833, 233146, 455215, 370624, 489216, 316906, 198898, 193243, 384029, 209746, 248022, 408055, 306516, 230924, 102928, 276904, 120835, 83248, 453404, 158656, 132605, 488405, 168873, 30615, 131636, 185462, 493901, 36062, 206417, 117349, 294500, 135922, 41815, 294010, 126011, 62601, 430885, 359126, 268030, 111110, 110259, 443873, 253684, 136200, 305097, 480668, 79034, 268611, 188745, 179493, 60789, 394015, 330361, 440093, 109693, 32521, 2244, 199446, 494061, 163203, 412223, 9937, 292662, 289023, 491957, 286920, 231823, 498357, 109422, 235254, 125677, 141063, 181103, 377922, 474293, 14950, 487895, 145749, 279563, 168307, 135582, 108370, 292252, 110628, 68610, 472535, 105398, 183463, 418792, 74867, 141918, 276709, 71106, 390593, 152224, 323496, 39196, 122901, 449621, 361761, 5815, 338182, 83318, 313834, 279759, 467371, 392109, 113899, 19084, 134365, 422173, 56125, 429078, 351943, 412919, 100394, 364334, 60567, 371167, 101964, 417383, 315193, 339804, 168754, 302072, 306442, 79589, 95571, 455648, 122140, 303978, 156243, 421746, 303766, 217981, 385592, 72047, 191900, 220168, 434399, 350157, 58466, 270618, 190592, 498525, 148278, 196634, 498625, 35311, 345618, 239686, 351745, 304513, 92198, 207727, 112349, 410359, 132566, 118310, 158116, 316364, 355698, 468649, 437676, 402168, 430681, 81719, 115522, 23532, 260644, 52659, 364013, 286291, 369448, 91475, 454176, 358358, 71328, 347908, 350096, 339803, 435684, 110385, 369855, 94541, 232316, 177808, 70746, 384941, 360148, 355537, 86485, 275299, 90638, 408936, 125530, 471715, 410981, 17923, 432235, 63681, 281728, 461783, 26972, 245524, 118963, 32310, 83364, 109563, 419687, 347368, 136972, 460571, 77195, 405183, 47160, 356199, 185488, 58580, 467550, 319321, 312068, 212249, 33159, 428911, 249457, 155298, 37506, 97436, 244580, 428897, 125736, 101906, 219123, 476729, 203650, 483643, 90379, 137845, 319709, 317317, 106179, 3251, 293980, 104130, 321854, 462957, 349947, 368307, 424966, 308498, 298499, 225240, 36045, 219166, 250268, 168178, 128356, 171905, 74537, 403444, 341175, 241336, 342869, 242892, 433240, 350256, 346424, 300910, 210606, 213678, 22332, 467214, 379891, 151937, 381400, 52777, 214900, 193072, 389864, 461544, 222875, 85530, 82427, 476875, 128941, 447166, 351447, 353532, 156562, 158915, 128103, 343822, 110432, 144577, 345954, 427375, 375865, 97339, 158997, 151318, 446442, 314202, 147553, 197937, 165115, 343843, 475375, 341860, 448805, 413521, 108050, 293771, 279705, 62775, 365664, 473430, 478052, 251333, 229698, 345123, 210063, 456839, 472194, 140058, 467441, 264810, 451196, 362898, 213112, 490566, 384853, 227017, 336356, 369228, 327731, 470096, 206404, 109514, 311629, 285419, 271976, 268638, 168901, 411024, 307828, 179613, 493810, 487426, 132473, 158817, 433046, 380028, 124721, 464739, 383060, 425958, 35061, 251415, 14439, 121655, 484381, 184663, 230315, 262308, 68039, 417608, 330877, 126982, 38465, 305569, 492559, 333840, 463245, 384598, 341154, 18304, 257773, 150127, 322889, 41589, 88976, 122269, 196209, 329374, 482202, 208011, 394081, 74163, 496440, 335010, 43181, 124039, 264600, 214751, 147577, 231356, 304472, 79823, 311705, 105210, 463345, 318254, 123152, 186471, 159899, 385767, 317280, 451919, 193213, 137700, 433413, 266143, 497093, 190902, 252836, 157842, 471142, 139800, 231595, 410609, 3213, 404694, 321743, 22080, 489091, 153718, 248872, 127738, 223523, 272481, 199653, 195944, 175622, 164702, 325122, 147351, 65544, 460316, 33176, 451373, 369848, 394800, 188676, 277772, 91474, 331844, 371408, 65753, 467686, 245402, 32696, 190649, 67261, 135474, 11470, 285610, 155684, 297454, 242308, 432730, 87163, 68408, 472548, 193934, 486618, 172909, 436582, 173277, 58612, 454846, 48010, 179029, 405581, 484572, 261869, 377761, 178602, 411965, 417219, 204429, 2468, 155443, 354670, 335700, 175572, 147499, 105506, 309584, 408279, 107598, 401754, 156906, 341781, 366205, 473079, 262731, 420301, 178342, 3341, 64604, 271695, 6111, 480605, 325536, 357134, 197103, 102909, 77009, 305500, 277011, 297027, 344467, 334214, 168283, 447096, 462050, 482034, 126168, 494257, 324019, 364728, 430521, 180448, 454269, 281994, 159399, 120030, 41691, 156692, 477086, 38724, 256663, 109827, 84023, 401395, 370168, 444447, 155376, 55899, 268146, 195507, 182945, 139623, 142756, 7825, 234921, 261477, 274532, 94930, 325646, 118291, 229072, 212707, 74132, 117908, 122026, 375283, 60666, 244752, 404923, 461814, 60030, 334931, 441717, 79361, 227461, 244909, 29222, 336989, 390358, 29120, 40215, 308631, 99070, 443879, 145641, 469629, 490780, 115735, 245344, 484375, 207396, 141790, 363960, 373259, 287901, 104451, 137826, 321867, 246716, 207372, 150696, 245973, 388045, 260288, 470549, 93660, 52675, 266900, 386469, 283891, 405227, 295994, 286231, 82919, 453446, 420412, 134369, 47608, 190209, 59370, 248163, 433451, 447525, 395292, 33364, 134128, 125197, 426466, 444254, 355357, 396438, 298153, 330096, 366713, 270503, 43736, 282611, 427322, 246396, 367343, 296220, 438830, 369658, 318799, 298692, 1741, 450260, 309090, 211596, 199383, 435340, 14082, 219023, 142002, 442842, 56461, 93307, 213917, 144623, 341934, 20886, 52655, 147661, 303647, 88430, 346929, 3477, 473738, 99750, 437937, 353682, 318995, 324876, 134354, 325628, 337406, 385295, 6293, 325990, 50482, 85997, 352285, 43644, 478818, 283626, 482970, 193908, 199275, 205513, 96604, 202296, 102617, 182441, 50750, 81737, 82515, 231709, 87310, 110547, 121000, 159065, 265058, 389760, 364710, 227020, 422040, 303014, 235501, 193644, 377905, 31099, 9222, 5291, 127470, 205205, 341825, 268114, 294046, 119684, 425916, 375815, 251208, 289721, 473282, 438851, 177770, 292918, 46107, 149119, 380126, 211876, 422894, 45219, 112238, 51865, 39143, 402632, 235172, 152756, 370496, 311203, 240699, 206785, 349132, 275363, 103691, 499144, 62084, 105716, 150214, 354947, 306446, 300459, 97006, 40857, 231558, 149928, 273290, 441952, 176617, 160650, 309576, 21408, 227749, 383701, 497164, 315191, 14001, 376987, 401894, 377673, 135108, 119841, 372286, 386466, 357418, 263471, 410027, 239779, 14241, 189956, 322518, 266140, 60876, 459939, 244875, 70226, 75203, 400453, 416272, 388626, 404123, 29516, 85505, 391182, 424710, 227510, 34727, 205151, 403129, 283425, 413129, 239268, 286662, 240149, 61260, 327548, 178060, 443751, 262075, 65353, 434877, 209243, 471915, 76098, 405886, 375812, 461659, 296708, 207859, 411909, 469212, 317399, 2354, 434921, 451048, 457866, 349621, 46320, 65970, 485097, 233519, 280324, 394088, 69655, 488439, 439505, 375800, 382866, 22106, 143321, 295820, 13384, 352765, 167110, 61295, 420902, 35857, 79053, 471518, 476518, 158403, 486573, 393587, 335467, 192835, 354850, 120259, 415816, 44053, 292605, 286591, 467054, 103794, 241352, 94403, 125863, 27957, 26735, 413354, 192556, 256959, 491040, 82815, 79496, 327310, 291075, 247591, 172440, 84596, 171171, 200284, 392740, 441297, 468235, 207738, 272107, 94249, 484362, 301596, 28063, 459658, 462400, 486592, 278311, 64684, 362900, 327924, 365868, 452102, 279221, 431921, 274044, 287048, 237306, 445306, 435396, 143199, 437823, 438117, 337458, 254999, 155979, 384559, 132778, 309310, 327694, 430387, 298381, 234821, 122907, 220850, 415950, 309917, 484367, 73476, 435420, 257389, 262013, 95165, 52442, 451291, 185865, 468223, 389023, 347415, 385607, 405899, 335497, 271612, 178849, 409385, 261220, 400081, 298630, 373032, 109927, 19847, 412825, 280815, 136492, 155964, 296601, 244779, 272095, 388883, 474287, 127002, 53233, 289275, 225951, 113036, 346764, 149352, 126379, 69884, 427000, 462007, 146546, 444996, 212830, 476531, 284436, 35013, 15632, 278721, 348077, 321648, 484457, 99544, 381288, 149087, 10929, 14340, 393232, 294290, 70094, 215641, 315012, 216105, 430059, 12681, 427606, 299313, 485255, 263020, 493502, 38493, 45514, 251851, 18368, 193371, 90328, 109674, 10617, 111750, 177914, 106652, 194614, 69651, 180374, 376350, 389329, 304397, 97006, 49335, 457345, 486781, 55604, 251445, 147402, 498288, 127321, 39342, 94702, 351789, 694, 469433, 231885, 131444, 106050, 75770, 290807, 379779, 97393, 358301, 109161, 367683, 39144, 176075, 241577, 329618, 121141, 368885, 199462, 299763, 191760, 292723, 198910, 260065, 27173, 238226, 229239, 201457, 291399, 216263, 454656, 148511, 338584, 418567, 380892, 333116, 263773, 102925, 297676, 204300, 484974, 333635, 192116, 443581, 259271, 441951, 386507, 1460, 394649, 127116, 496307, 50699, 495483, 342147, 34442, 25383, 10701, 70597, 299943, 435087, 127523, 18576, 223586, 12516, 405693, 317620, 342567, 47893, 109146, 39291, 109775, 367409, 364672, 65467, 294702, 55727, 168542, 133501, 445768, 143775, 377325, 224697, 896, 486377, 140391, 450510, 494830, 165481, 112745, 445635, 22747, 139371, 416599, 122715, 225167, 445461, 187623, 391711, 74202, 401659, 469888, 431110, 156627, 90257, 131337, 384601, 56226, 457702, 59567, 176461, 480855, 380228, 350938, 325460, 365776, 25484, 231909, 155725, 271405, 216165, 293248, 225299, 251695, 14386, 207768, 458823, 305068, 260508, 354808, 328828, 242108, 251902, 307240, 368775, 265357, 6279, 195898, 137481, 232028, 98072, 135694, 197843, 371462, 58257, 172763, 45473, 278628, 310472, 230892, 8232, 317796, 18275, 311300, 179671, 470639, 470764, 249421, 123833, 270017, 120091, 384839, 72781, 105077, 343444, 90547, 411679, 261810, 396272, 293457, 242595, 353459, 209447, 39969, 360965, 249297, 123994, 259961, 208715, 269402, 89890, 105139, 272612, 62337, 314699, 160330, 136213, 164809, 111229, 97010, 159562, 198258, 384787, 219847, 325295, 480269, 499474, 438820, 418275, 458981, 347194, 69302, 468799, 47437, 259956, 337682, 122776, 470883, 295855, 216720, 147986, 378078, 24480, 176132, 244020, 45272, 240562, 37021, 335246, 70144, 25833, 266026, 486448, 408428, 340406, 65417, 237906, 156958, 348185, 276176, 2671, 73650, 59838, 159658, 450479, 42984, 120445, 415182, 459486, 191768, 138703, 166628, 172926, 42559, 427193, 336632, 346590, 167367, 426460, 159699, 196904, 387843, 43147, 162396, 438217, 196593, 183372, 346176, 82689, 457072, 76054, 383619, 144162, 3685, 27495, 75165, 156648, 137795, 13737, 402805, 380694, 233974, 172697, 78544, 493225, 193504, 354376, 13237, 321170, 178368, 7778, 85831, 471416, 86213, 120778, 459144, 126869, 201399, 248312, 456943, 37507, 223689, 10090, 119350, 211169, 184234, 283038, 124999, 273251, 399523, 399578, 174891, 183381, 287988, 340950, 37209, 311837, 429927, 476140, 410494, 61693, 384120, 132342, 58648, 104729, 276621, 51823, 380604, 305940, 282369, 390880, 326697, 135143, 180445, 14069, 47866, 157264, 44865, 69176, 202900, 270891, 30622, 33247, 497483, 384821, 139125, 449711, 57774, 271829, 121411, 385181, 238770, 97792, 220926, 139454, 371084, 299, 69998, 247868, 92686, 330792, 389647, 184512, 11649, 433289, 279453, 256364, 56991, 460303, 304861, 82266, 197769, 498187, 231734, 301644, 288501, 218171, 349168, 479855, 57148, 170952, 374370, 485094, 214079, 440137, 295741, 310174, 95643, 347153, 99882, 406283, 335635, 293774, 19860, 296306, 169167, 9933, 386909, 315206, 155675, 285056, 252501, 430367, 148583, 134201, 227588, 10908, 89849, 303312, 113524, 116837, 499046, 35080, 373726, 24263, 432660, 175956, 206296, 56094, 223347, 230570, 203105, 43397, 240898, 230750, 473859, 240858, 427292, 195939, 424293, 269889, 2918, 292392, 121824, 203963, 299620, 400359, 115886, 374792, 305199, 282743, 394289, 393494, 310076, 164449, 197617, 198511, 240443, 55775, 277268, 290256, 368109, 202214, 248852, 148456, 306201, 462590, 469512, 26669, 26747, 317898, 399523, 478557, 174300, 186368, 129758, 194633, 148535, 480327, 40810, 297360, 17210, 130864, 405993, 84465, 383632, 334553, 380654, 8619, 272665, 156599, 365474, 99271, 413409, 308990, 381006, 283632, 171447, 395392, 60122, 332375, 230164, 484384, 82926, 344486, 116099, 427990, 27404, 490517, 123132, 192576, 228032, 438438, 15912, 469395, 330815, 138707, 378337, 477316, 12386, 237467, 105911, 26565, 141399, 122511, 11474, 441190, 82301, 426703, 438573, 253764, 93004, 180610, 129611, 467385, 230930, 313483, 299241, 35750, 333305, 45365, 441009, 362689, 367251, 103707, 363144, 443486, 465583, 338022, 142735, 326580, 73987, 379530, 284351, 43221, 44315, 295568, 3510, 345586, 315896, 320197, 302196, 266824, 181145, 303962, 52064, 208849, 209354, 147218, 306223, 159901, 405881, 244095, 395169, 145678, 264068, 41395, 493671, 491416, 65337, 329886, 421679, 198543, 225096, 193473, 470117, 458002, 253979, 249675, 184436, 107033, 432908, 201867, 55562, 240438, 377690, 335716, 160099, 83961, 349578, 431343, 117213, 91686, 477434, 101067, 304073, 325701, 48800, 394866, 141066, 226179, 173250, 104836, 140349, 290500, 375957, 297157, 108565, 244385, 362145, 483641, 154431, 461067, 459701, 312380, 458499, 355899, 89224, 221953, 369929, 75426, 94249, 482179, 228042, 274524, 137642, 494453, 105428, 99389, 254938, 70806, 232611, 275761, 52206, 132467, 5005, 499592, 119067, 163947, 149310, 381076, 19315, 207438, 428568, 393945, 315768, 373146, 316890, 381786, 103053, 297654, 365407, 317443, 414329, 466660, 62636, 342486, 217414, 281094, 129626, 40954, 494572, 189930, 240374, 364913, 72061, 29245, 210503, 268253, 273583, 431583, 340906, 78771, 71069, 499533, 350501, 188909, 154656, 219849, 261295, 38785, 360231, 385131, 285760, 362321, 483052, 34635, 393218, 128825, 396098, 201829, 304403, 271764, 439962, 481942, 15242, 8128, 461755, 496231, 300965, 97915, 272347, 349800, 362586, 154325, 25860, 271221, 54923, 101805, 22450, 183041, 136129, 175518, 109057, 348571, 71517, 109389, 452566, 240664, 320692, 400806, 437226, 12314, 145597, 110247, 436960, 419586, 315464, 141243, 305608, 152235, 301104, 232976, 112889, 283678, 444336, 188530, 395912, 5516, 133623, 467748, 294448, 189938, 127742, 198911, 207064, 479997, 40366, 103220, 361860, 5022, 488051, 404624, 178797, 469099, 270863, 371361, 61385, 14113, 32884, 123609, 288311, 192793, 459573, 151696, 176287, 94606, 204226, 4351, 159570, 429063, 131365, 492017, 226223, 235755, 182366, 105549, 247918, 27273, 475621, 420245, 64182, 92255, 499258, 135073, 347989, 98996, 30745, 86310, 324933, 1022, 215999, 203308, 277476, 216911, 372993, 425234, 166030, 300504, 448220, 99888, 470130, 412478, 230086, 326096, 245007, 62961, 370096, 403476, 26712, 263030, 452304, 121970, 52288, 229700, 487080, 318829, 77539, 398857, 498644, 172565, 476531, 141572, 436902, 454946, 406709, 335992, 147651, 347717, 274684, 80261, 257404, 398783, 228906, 181701, 36796, 130300, 12367, 173492, 340606, 5203, 466847, 269528, 373126, 135085, 246542, 322897, 163661, 150568, 486052, 458041, 472282, 304565, 468697, 207176, 455371, 157667, 170468, 66933, 258064, 41302, 193470, 456117, 349713, 397829, 137043, 197069, 392195, 493217, 51753, 416251, 395028, 112955, 27913, 24381, 81774, 235407, 283998, 142665, 106674, 219431, 48173, 197465, 498796, 360724, 154560, 89569, 131004, 72295, 30609, 478010, 298241, 3459, 353264, 432946, 460427, 465902, 113814, 136593, 6726, 316707, 264970, 243137, 354627, 194516, 460178, 351907, 288375, 5016, 272708, 410886, 402189, 82703, 420562, 406745, 300541, 29464, 326324, 301313, 26013, 391462, 135057, 377005, 150526, 302353, 333787, 129028, 447358, 441343, 85289, 277848, 145941, 244093, 412236, 20000, 128649, 286871, 120879, 396407, 359827, 357303, 476189, 402210, 495284, 128649, 363334, 497911, 157539, 71116, 301957, 155163, 231931, 282312, 300579, 281253, 494267, 36845, 341351, 216657, 237968, 15172, 69442, 244185, 7851, 426388, 292718, 307872, 490798, 205445, 399294, 200364, 298968, 223656, 211089, 116417, 190923, 173544, 110871, 13582, 480006, 323237, 207818, 325358, 221491, 432932, 178909, 383865, 167860, 125393, 230296, 447080, 175094, 263037, 370036, 7249, 188982, 404552, 305585, 426604, 258527, 342616, 323466, 7245, 70132, 86538, 294881, 472006, 85332, 402225, 327538, 77321, 412518, 488597, 165959, 234222, 53425, 405718, 25904, 222805, 51952, 238282, 173654, 110970, 369841, 189935, 37030, 109536, 378563, 337772, 454690, 52764, 452993, 478634, 485996, 233890, 41851, 314206, 308395, 231984, 438683, 407410, 354272, 427732, 89530, 27222, 457844, 255181, 246591, 104609, 60196, 317245, 321582, 112368, 296978, 269106, 240077, 186094, 369782, 192809, 384490, 287691, 214105, 462553, 4319, 387080, 87715, 454752, 478204, 143263, 374589, 171493, 255762, 334709, 84185, 344026, 152410, 290016, 17678, 437265, 86035, 31104, 345693, 323691, 191900, 481275, 237783, 475661, 470703, 172163, 395750, 163830, 264226, 164368, 394211, 476127, 47298, 55968, 204934, 31359, 177316, 177141, 28632, 480937, 377550, 137260, 385455, 298173, 446736, 442496, 253803, 476093, 460519, 459918, 50422, 498030, 491620, 390821, 68295, 236360, 180318, 480587, 478287, 172350, 86431, 398014, 205537, 418318, 382141, 457466, 157231, 307812, 314785, 294124, 240847, 214063, 94726, 153510, 489384, 412284, 37142, 159560, 435866, 5848, 53038, 251879, 373889, 174099, 162173, 36491, 287213, 288882, 276235, 56783, 383515, 415147, 359619, 127661, 394017, 120854, 117835, 485368, 355072, 171165, 384994, 64269, 142649, 130319, 310008, 274811, 265132, 248597, 142121, 431358, 279771, 168921, 433623, 234729, 396866, 345630, 463956, 226755, 21642, 318416, 49870, 181655, 171752, 169186, 195195, 122089, 143230, 375938, 16924, 48951, 199671, 362877, 448415, 156913, 207330, 118323, 455606, 26686, 119636, 399820, 265261, 473311, 415848, 86413, 131772, 252560, 326475, 376680, 62574, 144292, 308363, 355978, 339163, 76860, 274632, 356937, 464250, 345947, 95784, 109110, 342512, 45863, 496895, 386372, 188479, 419425, 37644, 288620, 99679, 192206, 481911, 257946, 496633, 484723, 207121, 130223, 269448, 24985, 291965, 479100, 357424, 142729, 383157, 88497, 134551, 171197, 243127, 365036, 477861, 385943, 442065, 412457, 209817, 401792, 371934, 116881, 332203, 343085, 269972, 389152, 42986, 326760, 261111, 119741, 222789, 252437, 376327, 319730, 232789, 149501, 187738, 248572, 480066, 81743, 429513, 253411, 158783, 79636, 362141, 396010, 472263, 329144, 109266, 251775, 280343, 464048, 225216, 41018, 55009, 4495, 49138, 388676, 8078, 139083, 316415, 92350, 53932, 249895, 44969, 91638, 454669, 58164, 36147, 2424, 79070, 414643, 384984, 237617, 216678, 79268, 488101, 483101, 456593, 413780, 15510, 366950, 2704, 165820, 227379, 153458, 417865, 188775, 150441, 305311, 40908, 350940, 12915, 177042, 470321, 284072, 236213, 217227, 144895, 105263, 114316, 29601, 241226, 311044, 253115, 274908, 347891, 51508, 86411, 79879, 5332, 361102, 497980, 37558, 464130, 491962, 453093, 379327, 380504, 167838, 295723, 245932, 187831, 185234, 492415, 439538, 11776, 461490, 216839, 114756, 125537, 79088, 235598, 376673, 308974, 435111, 119262, 7859, 347542, 252573, 354593, 110198, 444104, 80513, 494781, 42693, 204017, 320475, 309619, 472976, 166152, 279642, 122672, 244017, 175666, 149803, 12891, 404479, 209757, 75515, 489127, 220627, 354525, 379029, 164167, 257246, 361784, 131383, 8529, 293308, 428989, 105967, 351209, 105881, 361594, 381349, 291291, 363123, 252922, 239690, 296127, 349876, 8862, 416597, 445464, 114713, 73486, 205212, 155912, 353475, 84337, 223648, 164231, 339192, 353540, 6402, 165736, 225951, 273145, 312313, 309992, 87773, 161538, 495420, 396535, 475110, 38687, 97643, 223039, 66940, 105081, 399647, 137968, 498628, 479944, 398219, 329273, 305807, 193195, 123164, 388075, 488100, 374816, 499491, 290005, 214730, 493289, 38153, 132910, 116056, 353178, 43432, 85447, 348715, 352350, 42335, 194660, 280469, 327768, 468417, 34975, 180158, 88490, 155482, 196423, 1246, 475304, 101946, 25469, 127416, 402754, 393831, 467229, 197655, 348636, 304602, 155065, 368177, 131645, 157920, 276871, 194131, 375006, 213246, 21716, 490285, 441266, 431206, 451120, 45872, 19459, 140889, 397526, 87254, 247667, 3175, 52220, 460808, 341145, 370644, 182969, 434577, 72206, 66676, 240673, 432869, 309392, 40850, 217701, 345128, 436371, 30585, 447754, 59928, 185289, 58625, 289333, 156149, 162132, 473552, 227706, 419042, 91496, 30234, 220692, 390726, 74020, 357115, 490445, 418775, 213400, 315876, 81321, 374002, 391745, 387392, 263433, 449914, 306438, 214613, 88347, 179820, 203553, 341506, 228015, 418868, 198218, 75954, 157284, 133308, 246607, 366631, 418323, 354065, 361709, 151365, 323749, 372660, 406548, 44863, 469075, 418570, 351446, 330498, 427776, 60905, 35054, 396135, 466751, 331212, 90959, 88475, 75091, 89566, 122563, 198080, 132868, 370686, 382101, 341990, 474093, 36247, 169347, 309079, 238079, 307791, 64271, 94564, 95312, 243557, 188782, 352725, 295211, 494361, 447724, 335298, 60181, 453625, 61190, 264585, 287587, 58447, 323078, 49070, 428783, 9339, 72977, 97073, 354549, 85055, 30528, 261994, 498738, 166122, 374041, 68598, 39722, 158216, 170541, 105932, 467462, 15088, 445174, 294247, 57742, 59645, 15309, 252549, 184813, 433228, 108671, 41537, 41094, 464258, 351938, 82283, 130195, 357913, 193122, 179950, 295174, 407667, 227282, 260669, 223347, 152703, 25451, 296792, 157688, 348313, 276928, 238836, 75344, 344682, 197623, 247448, 473305, 345357, 197813, 339651, 384400, 38033, 119707, 5040, 329481, 195346, 403539, 423345, 207415, 99075, 54755, 294819, 370515, 181061, 11141, 415464, 290531, 242944, 130619, 191052, 313850, 100813, 457200, 241301, 152713, 489564, 473874, 471258, 253188, 254024, 464371, 371580, 356791, 55046, 208894, 411576, 322253, 445543, 52597, 46593, 288772, 97668, 229939, 189064, 222332, 429501, 491719, 55086, 93703, 131010, 227511, 442519, 364540, 406344, 385610, 273618, 314117, 44561, 253841, 445883, 120758, 160134, 448710, 387921, 175450, 382482, 193015, 230579, 276404, 230266, 430805, 183522, 64621, 182730, 401372, 252095, 235704, 244607, 206512, 266645, 192403, 364750, 133234, 73173, 403197, 45252, 359180, 6740, 160490, 452871, 103076, 137962, 438036, 249247, 199979, 225923, 162597, 255310, 413065, 281663, 188680, 237958, 101824, 73671, 138823, 470452, 49243, 206894, 29688, 281063, 37277, 423293, 191989, 366525, 54999, 195510, 109658, 401226, 109744, 145361, 222591, 29010, 249418, 124569, 437719, 142355, 161884, 91446, 488940, 455170, 62564, 260227, 13232, 84138, 160304, 45508, 165089, 256683, 173428, 178555, 375594, 184622, 127554, 380003, 79394, 122256, 117399, 14244, 237982, 86002, 93537, 283451, 379903, 396718, 182035, 123248, 411591, 234687, 289600, 72301, 335824, 166965, 274764, 145959, 498912, 98128, 366912, 341192, 96522, 472041, 130776, 400717, 352534, 372000, 17505, 200215, 205586, 337719, 132058, 389801, 33679, 242405, 257976, 54441, 212257, 472865, 188821, 235182, 182957, 372169, 448876, 220268, 417002, 158659, 208621, 182385, 328972, 287704, 486542, 14147, 335420, 377286, 148894, 486901, 403762, 81098, 333259, 213502, 342292, 32081, 146578, 354338, 164407, 407292, 40196, 378368, 86186, 388965, 481898, 94946, 479188, 387863, 434835, 18212, 364104, 318539, 429255, 233135, 43598, 388734, 178854, 402600, 275266, 366278, 219135, 40304, 428762, 468413, 442954, 362238, 62186, 69683, 478375, 349837, 381655, 49289, 483124, 188811, 332861, 57049, 239444, 172059, 252641, 293246, 459502, 327444, 183863, 40815, 197074, 332999, 112988, 252645, 59051, 83585, 404943, 110994, 101606, 299136, 317939, 301140, 371642, 449224, 129994, 72448, 215843, 80723, 307962, 12394, 119950, 227872, 35719, 438682, 353537, 278320, 157585, 497814, 169094, 125365, 142814, 451703, 373527, 159605, 203893, 206656, 76794, 453289, 292730, 110358, 133331, 135965, 298538, 350313, 17201, 35858, 275875, 394796, 412275, 176389, 356406, 381871, 318432, 169801, 139221, 171888, 398553, 254355, 216234, 415693, 395335, 223745, 174478, 464047, 268295, 317095, 210408, 404000, 31389, 315078, 447392, 428830, 1658, 493221, 313428, 51177, 1190, 190634, 310855, 401342, 206649, 460543, 417771, 309610, 148025, 401861, 443625, 367884, 20344, 454958, 228063, 143156, 272465, 93598, 153912, 351485, 340105, 406424, 421984, 12855, 359752, 354758, 370566, 125243, 442065, 457583, 267348, 185229, 109292, 412424, 367127, 125041, 368350, 80532, 16167, 431, 487677, 247439, 159324, 84137, 81824, 86829, 145316, 300206, 275128, 361399, 239361, 326548, 165341, 390920, 259559, 112774, 301702, 110829, 272928, 363392, 260341, 332830, 56374, 308419, 397068, 409572, 225719, 275883, 446162, 243017, 377417, 470106, 10976, 240782, 321381, 327688, 216646, 159828, 301563, 147925, 227686, 148713, 94623, 415990, 368877, 482452, 26550, 437212, 335855, 92148, 329444, 320479, 14527, 451136, 453379, 134043, 354941, 51463, 494889, 6013, 218357, 188829, 109913, 401411, 350998, 427528, 209843, 365903, 43165, 331566, 14683, 318000, 328280, 62917, 368223, 437388, 307733, 107908, 409508, 281091, 451957, 407529, 244482, 251908, 385410, 81727, 195534, 238787, 320033, 276131, 336939, 314022, 122197, 297139, 129908, 258565, 382885, 391005, 180171, 92450, 198717, 259549, 83367, 61598, 224908, 86815, 41188, 425666, 44617, 288492, 285954, 271376, 265247, 478495, 461148, 3302, 376338, 184837, 70275, 357584, 83322, 199818, 255825, 366766, 414686, 405736, 106465, 152696, 418383, 71263, 163998, 120075, 16977, 194735, 497140, 334484, 368718, 433757, 281337, 114964, 280309, 155511, 368489, 159280, 153852, 175521, 452159, 480961, 153174, 263700, 449107, 285029, 102875, 408482, 8562, 395402, 458725, 81266, 113912, 412073, 220887, 180011, 377458, 278959, 38963, 264388, 78872, 55661, 181757, 308194, 74913, 341559, 278852, 40162, 188443, 64480, 238884, 302334, 286562, 390208, 331575, 312792, 471656, 270306, 24777, 288840, 231528, 253213, 359681, 252742, 201130, 358387, 268361, 260403, 44198, 483037, 138226, 9246, 421413, 168999, 24559, 491791, 318169, 8534, 179867, 282654, 417192, 435757, 408418, 237591, 120128, 66111, 232381, 412114, 209844, 68197, 405994, 349358, 47469, 430710, 145155, 167152, 402203, 95387, 415308, 257027, 451430, 326805, 487243, 67701, 439595, 139548, 225667, 248758, 78297, 159436, 196319, 308303, 193702, 310214, 291526, 335746, 224071, 129049, 4028, 437734, 484875, 340297, 189574, 321717, 294223, 22536, 346671, 493773, 449306, 93949, 43764, 421759, 20787, 307210, 30443, 392740, 457823, 334398, 332170, 439538, 128944, 429695, 499141, 248123, 338757, 52283, 56335, 56452, 199332, 115695, 397622, 45756, 467935, 109950, 149934, 247803, 89975, 5133, 314206, 369068, 12207, 2337, 189458, 492202, 276055, 347108, 59041, 293327, 247786, 216749, 492995, 253765, 245091, 329881, 430942, 186101, 415145, 403030, 141690, 178785, 91750, 207997, 393580, 143411, 227874, 299104, 228709, 183430, 236019, 454698, 176225, 197516, 207188, 260812, 221436, 369764, 368849, 154428, 363087, 340157, 147158, 400959, 250188, 104854, 399236, 382457, 186362, 257779, 336106, 251736, 213939, 441996, 30789, 385423, 276677, 476195, 375063, 308520, 357154, 281102, 30217, 453599, 207401, 62512, 495489, 148156, 223642, 68094, 482974, 9938, 481763, 248617, 205626, 306547, 62437, 203156, 319195, 111773, 197680, 339489, 465715, 443457, 26425, 334330, 381158, 17939, 328337, 8505, 495666, 221242, 145293, 234307, 62704, 460294, 68869, 311784, 39826, 363183, 431779, 93117, 337234, 297097, 315201, 218681, 477839, 92197, 259854, 465797, 275884, 329617, 353465, 151100, 105514, 80263, 270176, 254086, 420728, 275322, 8831, 115518, 481038, 71900, 269304, 120054, 149049, 333709, 343644, 316715, 152448, 215189, 341332, 336220, 162545, 89789, 344692, 27148, 85835, 319470, 456315, 120572, 168746, 295343, 260110, 160430, 90328, 358542, 451887, 309163, 264082, 359961, 484403, 302046, 470055, 476515, 401906, 454968, 381596, 381627, 348209, 161311, 496482, 337576, 22810, 191224, 435489, 146219, 259974, 68460, 79178, 93177, 104512, 406443, 465495, 430079, 322387, 227271, 9522, 340459, 205703, 319822, 377490, 7537, 124545, 388033, 327741, 399356, 58248, 87246, 137332, 308677, 8204, 254469, 237981, 379013, 105087, 26589, 126201, 319288, 276235, 206356, 330213, 65536, 420927, 374381, 475526, 79494, 40014, 235777, 372857, 236825, 204452, 136014, 302826, 203694, 258954, 111801, 260736, 427915, 438779, 10275, 264862, 146016, 309387, 172879, 92501, 125428, 378044, 176821, 146354, 204698, 174595, 138423, 147280, 30753, 282819, 77078, 102988, 107537, 348946, 284226, 43061, 88533, 318246, 122028, 428659, 228087, 16904, 117030, 133962, 86837, 311853, 231106, 435437, 469803, 158884, 184644, 414932, 313434, 220020, 259459, 87781, 360379, 10953, 390786, 467367, 347421, 163075, 137155, 301440, 298170, 459039, 315727, 241895, 59843, 206361, 131024, 335558, 430600, 209539, 437654, 332723, 321068, 51269, 485516, 267964, 49910, 319402, 252881, 452757, 175677, 454361, 422232, 244750, 188292, 210501, 414737, 190816, 333347, 408839, 175297, 462924, 446916, 90435, 417896, 355625, 323546, 129572, 273134, 116102, 394340, 336504, 5616, 238746, 147217, 52113, 5386, 375989, 176498, 135019, 297197, 183115, 479702, 252724, 213413, 485419, 349616, 81613, 42871, 322281, 268518, 15435, 120202, 19617, 216006, 456547, 461916, 74012, 122313, 462306, 323551, 426662, 180016, 243691, 233531, 335885, 25246, 138163, 4674, 3968, 445886, 181291, 499662, 90717, 304791, 389518, 90758, 4915, 39805, 60777, 446352, 235624, 273856, 258863, 373256, 15300, 173093, 323000, 413441, 204085, 121860, 95656, 424548, 309912, 76370, 320107, 61496, 319218, 315895, 127966, 249801, 190660, 321131, 465730, 89234, 375999, 107720, 263715, 344296, 440341, 102965, 391389, 98841, 278094, 65780, 337253, 92661, 474101, 78264, 459047, 354187, 61938, 135002, 225301, 238149, 236731, 188103, 386786, 308990, 208691, 310844, 264257, 323474, 125407, 149187, 89851, 393222, 244580, 297087, 139127, 453555, 422022, 173989, 426751, 188402, 229390, 285164, 379370, 488741, 326030, 92184, 5936, 205191, 180499, 471174, 8836, 15706, 2579, 359125, 8129, 239265, 168329, 441730, 58384, 478976, 351816, 269655, 485195, 106503, 418425, 438131, 280311, 143636, 482924, 240754, 319818, 109308, 210577, 484689, 240190, 245331, 112699, 87, 492846, 435953, 13923, 350244, 242478, 109578, 195015, 210266, 458328, 240013, 121046, 433483, 246958, 193403, 444600, 364723, 339544, 115470, 118990, 92868, 144562, 180085, 414273, 491537, 48251, 111412, 361700, 367046, 131885, 199222, 194409, 320983, 341213, 442037, 224589, 96011, 127204, 483605, 112002, 423948, 75208, 40105, 84996, 465226, 359092, 375247, 173776, 126096, 19631, 133057, 386441, 320007, 212912, 27024, 345254, 223859, 280809, 426841, 33171, 477289, 386235, 266819, 13161, 373596, 59742, 429570, 47847, 57202, 268259, 272323, 340915, 39162, 167409, 469129, 468187, 318563, 484655, 496432, 465604, 222274, 191152, 369460, 23483, 217533, 347769, 272550, 301490, 472557, 436091, 94338, 451622, 226017, 175621, 160184, 205255, 259064, 272700, 228004, 333977, 330753, 168885, 200149, 337413, 32168, 231304, 116521, 483552, 485942, 107860, 27493, 284045, 452755, 232769, 228049, 431581, 356194, 254739, 402300, 91104, 3064, 383962, 243897, 128282, 430459, 67263, 326836, 339924, 2432, 382323, 205432, 74699, 121999, 299871, 339439, 282420, 124913, 427015, 124781, 38637, 388305, 103525, 258322, 79002, 37057, 37626, 342809, 63061, 84051, 41938, 169727, 107021, 181341, 82421, 84170, 441169, 82483, 470199, 372710, 171914, 267701, 149005, 490268, 325469, 404382, 213718, 352206, 82642, 204703, 417122, 264123, 191958, 261350, 248598, 118219, 349369, 88604, 144643, 205175, 56313, 109207, 191102, 10657, 358953, 450385, 76413, 171753, 35671, 123776, 300233, 464625, 188827, 389525, 440758, 320031, 352312, 493282, 7141, 399021, 111814, 42802, 101375, 179590, 230422, 148045, 79734, 12673, 104885, 117463, 151868, 80293, 473688, 74631, 47039, 305488, 351820, 295877, 285927, 122256, 484957, 148870, 107811, 412515, 287300, 376104, 148257, 498818, 465562, 342693, 455271, 295287, 276404, 455386, 421337, 155707, 337727, 236731, 305194, 417010, 160951, 263501, 70954, 435678, 368500, 429993, 185397, 34828, 162885, 193325, 5109, 240737, 239714, 270412, 64960, 196563, 461271, 120037, 390932, 224281, 350227, 350330, 453890, 322180, 465797, 261854, 191080, 370425, 180557, 258260, 355954, 254894, 149597, 127986, 100093, 484222, 493952, 178866, 25825, 73107, 60364, 145502, 221643, 479082, 157707, 499013, 74699, 465760, 418274, 145689, 122864, 61566, 73440, 94139, 487973, 273348, 404345, 432503, 172702, 244993, 308004, 481561, 52561, 317352, 49041, 13159, 385274, 354884, 88946, 172295, 87862, 248603, 353258, 203086, 20660, 87252, 219923, 450078, 218427, 496564, 324563, 455422, 87740, 295052, 218983, 279791, 200262, 47556, 231185, 251994, 66243, 358244, 155760, 15958, 309943, 29150, 59751, 350551, 306672, 274687, 75669, 178307, 302857, 191351, 437767, 419642, 207746, 39623, 209848, 206811, 343839, 457439, 468931, 332664, 103961, 457401, 56201, 471086, 103081, 223781, 374693, 202377, 179074, 92361, 17548, 451439, 144753, 248189, 231182, 361686, 308107, 484151, 252369, 292541, 59661, 468411, 124512, 161994, 340350, 400948, 230681, 116849, 428080, 300168, 74140, 151472, 234066, 444000, 400557, 104733, 274714, 1195, 54266, 175124, 222478, 298417, 318102, 146958, 181252, 415183, 265689, 432417, 262795, 410044, 467405, 75351, 288675, 436937, 318951, 479124, 221018, 493997, 290753, 39371, 18118, 370597, 78522, 212836, 256665, 359971, 44762, 102621, 256586, 239386, 458296, 173605, 167283, 134921, 25323, 93139, 261468, 230737, 244582, 461559, 111182, 477327, 180015, 365644, 150194, 20738, 98473, 15516, 141353, 385897, 67908, 122183, 200305, 249184, 11799, 182874, 480042, 431649, 305107, 109725, 481172, 174649, 364774, 331486, 471142, 396535, 24477, 373275, 487776, 209537, 11717, 98360, 8557, 273067, 42177, 331931, 161114, 123505, 370201, 282843, 439045, 417293, 142621, 231108, 246466, 337312, 55321, 66520, 245381, 136338, 66625, 381498, 276819, 342529, 102075, 336840, 456858, 72661, 320137, 378175, 333482, 181019, 322039, 218889, 5891, 14682, 4189, 238935, 455896, 179774, 294640, 399352, 139579, 215016, 304790, 425606, 258217, 211182, 184963, 54368, 421829, 271517, 173912, 58649, 103331, 346332, 217849, 99763, 302806, 24826, 323857, 287098, 4287, 335630, 228903, 471253, 394564, 300678, 454946, 417942, 29041, 39424, 175798, 22016, 181226, 295246, 356428, 188847, 7978, 332763, 16798, 359071, 457600, 21859, 162093, 170680, 422317, 227753, 74752, 420867, 261861, 352499, 368114, 156303, 169115, 373400, 404958, 334421, 154522, 420848, 136863, 19094, 114764, 481242, 73929, 121672, 238345, 42796, 475279, 38268, 37723, 264309, 259022, 186262, 472940, 415344, 211973, 275482, 498451, 159996, 298030, 450337, 253321, 126966, 452741, 418296, 137376, 46813, 498108, 61701, 426190, 108326, 233200, 419119, 311389, 129898, 31042, 232998, 163815, 324827, 253986, 31121, 129888, 310226, 124364, 263441, 460097, 470674, 337914, 459063, 396369, 230177, 125419, 248730, 140054, 318228, 4572, 66893, 362934, 190760, 383001, 150932, 321948, 256489, 183140, 221457, 304609, 436892, 51363, 95164, 490477, 116405, 130920, 128421, 270279, 417373, 295131, 56890, 468321, 165083, 491457, 124509, 466303, 89063, 494935, 239388, 284321, 35295, 111309, 359407, 47199, 98370, 196889, 400265, 81584, 445908, 173293, 272849, 199303, 336969, 400564, 183365, 63994, 374428, 298500, 370867, 389457, 171252, 348683, 264731, 227627, 337835, 164950, 452076, 184529, 225100, 264831, 481797, 15383, 342423, 216954, 261362, 317171, 207413, 71575, 175755, 304377, 474139, 307471, 141050, 46605, 133634, 176852, 5576, 398367, 405185, 370656, 199973, 295124, 237105, 496817, 139823, 76195, 232459, 277261, 488958, 230428, 203525, 488020, 462597, 44334, 426513, 96308, 407430, 226035, 187744, 37074, 483608, 391877, 353745, 326033, 281905, 381556, 75753, 383667, 152136, 476414, 402319, 356392, 1701, 55493, 135271, 395561, 474309, 393687, 317508, 152774, 158878, 419314, 269296, 399223, 232162, 416485, 157590, 201831, 322717, 217345, 350693, 177672, 415001, 329098, 295182, 482893, 16005, 121986, 344216, 353563, 356633, 151427, 111209, 479741, 489081, 416661, 389249, 314074, 20631, 115217, 48876, 427406, 441705, 105337, 251208, 413076, 131058, 21715, 117630, 353097, 274200, 324280, 229589, 28109, 113193, 111604, 93980, 294238, 265163, 478787, 395136, 255421, 178432, 184571, 285954, 21930, 441823, 252588, 434377, 399250, 56852, 176117, 63437, 442975, 353016, 107506, 232619, 307848, 325118, 412260, 137259, 470841, 449949, 107560, 374534, 94783, 245770, 33523, 442742, 84819, 308991, 218478, 135388, 204762, 316019, 410931, 462844, 468741, 376900, 442459, 60385, 292694, 275731, 303287, 202802, 298440, 66099, 406749, 17075, 28092, 32584, 285383, 22435, 363998, 454064, 43250, 71573, 80583, 233084, 410928, 420746, 464586, 238030, 91306, 234146, 315370, 8189, 383978, 174055, 363868, 253919, 133427, 415257, 3992, 266131, 38122, 423030, 192079, 17724, 86199, 188464, 282264, 232685, 236928, 40884, 367440, 398881, 417789, 32315, 122934, 423832, 357055, 118443, 287941, 436550, 182761, 395520, 168237, 469574, 215241, 437571, 388828, 157039, 439477, 74052, 124695, 23536, 142835, 49083, 432348, 191800, 1028, 335988, 41838, 67769, 396543, 90185, 431410, 434639, 313193, 118900, 18504, 327300, 359815, 195179, 340248, 111052, 193885, 271222, 235499, 478837, 469752, 424203, 299519, 50855, 413194, 209214, 455280, 393163, 109214, 133379, 250543, 470423, 493218, 434336, 291183, 341415, 127049, 221156, 377839, 421662, 469869, 116281, 6973, 490490, 344375, 449132, 281826, 20363, 12013, 343130, 175803, 162377, 212785, 450393, 310692, 331983, 309633, 69166, 229999, 27856, 180803, 441110, 476642, 357729, 80404, 368793, 475201, 287842, 373905, 183284, 441373, 379901, 465050, 263336, 316716, 171810, 393679, 34251, 331131, 245822, 56847, 180384, 401037, 160335, 222299, 385986, 170390, 315645, 390301, 215755, 373452, 59718, 78859, 430630, 61745, 319910, 450970, 352818, 114576, 90819, 93789, 91791, 372402, 16877, 302815, 448831, 185135, 338570, 216599, 239339, 354636, 148739, 306016, 333674, 327289, 438144, 360365, 384661, 134584, 21896, 176303, 271058, 141074, 440025, 319082, 236530, 452677, 116956, 18179, 103674, 108971, 280193, 178324, 396757, 105006, 87223, 478031, 53323, 156379, 386054, 295305, 195409, 168053, 222958, 176176, 51653, 281125, 271463, 273437, 30016, 323639, 83794, 495193, 263780, 300416, 9268, 441006, 438137, 272896, 237707, 299466, 26310, 107765, 176836, 319881, 466430, 338313, 178692, 363238, 63525, 145661, 226376, 223904, 362627, 147058, 187945, 247619, 220619, 152460, 311, 14247, 121151, 232536, 346983, 188031, 357621, 365491, 55460, 347576, 313562, 296166, 441646, 63147, 487199, 331138, 51414, 288463, 13460, 109904, 460998, 490, 327775, 288501, 396458, 382481, 131681, 61450, 453690, 153897, 187038, 461391, 36023, 243505, 200032, 148184, 295137, 151876, 34462, 312315, 408406, 450167, 399360, 110943, 289555, 71111, 471120, 340499, 227867, 169274, 324888, 240897, 202030, 173242, 156902, 489675, 264804, 353647, 367151, 86134, 426079, 188874, 310572, 337527, 110660, 406177, 192393, 59696, 167986, 203990, 337308, 12168, 353458, 493623, 165851, 191845, 446462, 468329, 49589, 363375, 71261, 411272, 336460, 286509, 74007, 421946, 126574, 162722, 207079, 302437, 397536, 204540, 10081, 425959, 440100, 496588, 485457, 29592, 448652, 6672, 59405, 130495, 131848, 186735, 350399, 68917, 380933, 265767, 344710, 409740, 221490, 57544, 134028, 363360, 225669, 320785, 125198, 223567, 304883, 494411, 297199, 33174, 269048, 93389, 84527, 158380, 132795, 324821, 458071, 375180, 346170, 68943, 69058, 400751, 50405, 494130, 15139, 172782, 207971, 482708, 457087, 98281, 127602, 373907, 75948, 285099, 483374, 280587, 140141, 87919, 427586, 444707, 476751, 100966, 484360, 240354, 72960, 185146, 322458, 204773, 291556, 165902, 164029, 289312, 62588, 294630, 160876, 324060, 382637, 392335, 334236, 250677, 83527, 282605, 205966, 161804, 151951, 494292, 20840, 133885, 371414, 39742, 343744, 80218, 402764, 345698, 207268, 134448, 457310, 433558, 82323, 396455, 280735, 445648, 59487, 209096, 167835, 35003, 398215, 113743, 454626, 125745, 438386, 46647, 485866, 12009, 170226, 444227, 119121, 409827, 230156, 46025, 90835, 414387, 426139, 357425, 89236, 475569, 412151, 106103, 274765, 448567, 306098, 483054, 393231, 22289, 153160, 171114, 131440, 476855, 316501, 269125, 411860, 210976, 169607, 402251, 455991, 456094, 304644, 150369, 296902, 128637, 116086, 195203, 426425, 388907, 432905, 369426, 320185, 380666, 171898, 143705, 192139, 225312, 165144, 190467, 203382, 346137, 250153, 235775, 91610, 319713, 356512, 276133, 133446, 189970, 25157, 279628, 152296, 171058, 417140, 7752, 12881, 333060, 63595, 422250, 305473, 117149, 86982, 259637, 204242, 73012, 189706, 279258, 234769, 114173, 246687, 131893, 321878, 464273, 85940, 496995, 198222, 400268, 52677, 80390, 79681, 178229, 315505, 277909, 191906, 141323, 167215, 70400, 413520, 462641, 166272, 243769, 129261, 149528, 473147, 141331, 205242, 81475, 371566, 494392, 37723, 154763, 186035, 87187, 462170, 462470, 138837, 90328, 249976, 104449, 465620, 163631, 381166, 103944, 39375, 251899, 129766, 243314, 106362, 151397, 329546, 252503, 381353, 452093, 146776, 336748, 333148, 63084, 63632, 365030, 31610, 281578, 407634, 347253, 91090, 233448, 287399, 248669, 416647, 96131, 174583, 250681, 159190, 251134, 347153, 205765, 436087, 277608, 460055, 181989, 173155, 86119, 112593, 412096, 231529, 425608, 297478, 63887, 123795, 230945, 230271, 209968, 328885, 182806, 210104, 234952, 422393, 455369, 361596, 434800, 62710, 405299, 292296, 30882, 346145, 127938, 247848, 12455, 461958, 478803, 451132, 214249, 174533, 166794, 210120, 420980, 214484, 226045, 458995, 288762, 161837, 359603, 284851, 200807, 417217, 389883, 126552, 275981, 481405, 428871, 167456, 383885, 380480, 115155, 267437, 98390, 300827, 142045, 287443, 258022, 373925, 489099, 34077, 322179, 179409, 167329, 97282, 44341, 337495, 168824, 412518, 317367, 499046, 79444, 257239, 334762, 471415, 113727, 239371, 176567, 467805, 451075, 125099, 326784, 423339, 486989, 286744, 37937, 371234, 44714, 75346, 442736, 452883, 90494, 495306, 328496, 372323, 374271, 365539, 343145, 194417, 267274, 167916, 141825, 111436, 92609, 156023, 312736, 17432, 490271, 75786, 283533, 187604, 154883, 94610, 187794, 313405, 306415, 96652, 23651, 216009, 106870, 303189, 277039, 266631, 77716, 480953, 349559, 261930, 357082, 430206, 87237, 415749, 218452, 486849, 181634, 232724, 146736, 7096, 251922, 369979, 316931, 248205, 207121, 490945, 230573, 326546, 12882, 445181, 348945, 251424, 86289, 108107, 171730, 191791, 343494, 171914, 343694, 415879, 253041, 283609, 4589, 112427, 386097, 283477, 217900, 169319, 25195, 358472, 121628, 453314, 62544, 120570, 147796, 110476, 22088, 163751, 461180, 47337, 141954, 444905, 75779, 231958, 12432, 114544, 94356, 220583, 210969, 22139, 452177, 205753, 282613, 391168, 284448, 209049, 421563, 365693, 381915, 11211, 388971, 98312, 114841, 377893, 426230, 289450, 384154, 93783, 456116, 372368, 494528, 441898, 473447, 79452, 48296, 9863, 23117, 11682, 326266, 115445, 457917, 491658, 79320, 470989, 440611, 281980, 124039, 87317, 137600, 433183, 55724, 241388, 283410, 475433, 22533, 49131, 353104, 48347, 116188, 202611, 408338, 326371, 383670, 183717, 141148, 56623, 31686, 415567, 323583, 300940, 300869, 105543, 477259, 262343, 72803, 186033, 238494, 344443, 403685, 496527, 495843, 282180, 120084, 486969, 372603, 240448, 306814, 381298, 202051, 480242, 281078, 243979, 491163, 295984, 382721, 289167, 237223, 366793, 227883, 61072, 490133, 438223, 337505, 165254, 367685, 369886, 130984, 239830, 76354, 392179, 87271, 164173, 171073, 232541, 488799, 394317, 449813, 36896, 281568, 92296, 248177, 491859, 441310, 135135, 467505, 223462, 99402, 309542, 302007, 370484, 208981, 374981, 163633, 263593, 126807, 293747, 101333, 483373, 107991, 348843, 367543, 59625, 498438, 347445, 231620, 373688, 392182, 318706, 456908, 13413, 402513, 72904, 459790, 453539, 281170, 312713, 340984, 370065, 78857, 391980, 178768, 463273, 136144, 443940, 374161, 312674, 304292, 44117, 200874, 305834, 46131, 228619, 102367, 443909, 340684, 192143, 410045, 387078, 347212, 91008, 478623, 558, 459564, 182563, 325815, 128533, 441169, 37280, 185234, 113355, 460818, 274997, 418906, 169926, 184411, 277221, 144330, 234954, 496783, 467887, 492718, 117719, 428419, 42654, 143817, 464834, 342202, 235883, 467140, 73377, 107113, 223548, 409346, 191769, 162335, 446770, 102245, 383398, 424272, 448887, 407425, 401868, 432758, 55607, 320159, 438352, 43950, 101600, 224278, 108808, 193213, 204811, 192395, 162416, 366714, 453331, 314479, 11029, 43149, 157497, 334809, 189947, 331945, 284265, 75362, 54694, 67372, 377083, 421812, 460306, 119978, 489095, 83223, 479090, 358903, 127069, 420107, 200617, 290291, 340369, 332497, 6381, 297524, 455660, 174291, 275397, 386150, 426780, 11220, 33823, 7511, 384634, 199837, 350424, 186084, 102667, 119874, 465893, 96344, 363633, 35476, 266331, 122017, 435517, 415839, 316964, 442267, 261852, 297590, 63374, 99295, 440734, 461229, 14278, 434977, 4889, 335372, 187936, 266960, 378332, 486832, 142701, 315905, 188990, 87520, 274910, 422406, 395198, 53831, 343116, 310650, 322581, 444735, 178482, 479355, 196160, 218981, 31237, 84387, 133066, 30436, 28597, 358900, 315699, 224274, 310358, 290268, 363445, 93201, 345979, 246618, 142035, 306586, 72169, 89032, 210699, 411871, 447330, 259649, 149778, 407134, 465346, 126988, 3820, 456321, 382225, 386141, 360870, 275792, 283034, 459788, 451703, 454097, 413749, 229358, 51491, 485769, 291113, 282602, 77, 228703, 443692, 56030, 414419, 213209, 287245, 212542, 378128, 413287, 72838, 383584, 309485, 250851, 484718, 203423, 141013, 307564, 435929, 227966, 95086, 462486, 471142, 375904, 479648, 126889, 109574, 202988, 87409, 181016, 320097, 156357, 142726, 445156, 272521, 228371, 141060, 409068, 315551, 18897, 361832, 328810, 472984, 499381, 226230, 445403, 404344, 79709, 222010, 53568, 132923, 63069, 455657, 202671, 435745, 217117, 18618, 423738, 304510, 412547, 420168, 53035, 2610, 488175, 81889, 301003, 105648, 108646, 115663, 428845, 297441, 211401, 217575, 138984, 362345, 450433, 114013, 431693, 178772, 78004, 353276, 274920, 22397, 256449, 38232, 436376, 174232, 155007, 173910, 351322, 285952, 304913, 379852, 211444, 284960, 158807, 111829, 312329, 338964, 386245, 488040, 330978, 368439, 285304, 230498, 361842, 423902, 484642, 290301, 17598, 13370, 111782, 290340, 453130, 456264, 235895, 422001, 55305, 395042, 56323, 72442, 318742, 208028, 187885, 219193, 232505, 183955, 132037, 289803, 312656, 275164, 152118, 226139, 283351, 5276, 374257, 412241, 499571, 325490, 170409, 437551, 49781, 100957, 467901, 368930, 75930, 358369, 330078, 402991, 116641, 269807, 463982, 396114, 98440, 345610, 273622, 115720, 366806, 229133, 331788, 270942, 374952, 149206, 469894, 166269, 447311, 236452, 205956, 272696, 273342, 314682, 91247, 99998, 201689, 351284, 198988, 496564, 244487, 327738, 309227, 352818, 395358, 120138, 123912, 87659, 234652, 235872, 355529, 124319, 183404, 477856, 153033, 51532, 175981, 413471, 255982, 354921, 11629, 121277, 254801, 165190, 406751, 315752, 125139, 478824, 460279, 375084, 474359, 176359, 89051, 312293, 334887, 228264, 319399, 91289, 160080, 166854, 190271, 126577, 388827, 268521, 138821, 462237, 135530, 452554, 55973, 81623, 241219, 470120, 193848, 435352, 316869, 6737, 280441, 458723, 41670, 372784, 238569, 483961, 297505, 264402, 273326, 72830, 360496, 38485, 232270, 182088, 342569, 306507, 382586, 462614, 199508, 67347, 165367, 232500, 98739, 270504, 268126, 338006, 286678, 151783, 296409, 365236, 4850, 132927, 190036, 474668, 115210, 3914, 235894, 71625, 430762, 325217, 197372, 488389, 474728, 271599, 126621, 297481, 237959, 213451, 472965, 161085, 483893, 424737, 447103, 423271, 479536, 336551, 305134, 250714, 303600, 424814, 27318, 107328, 343810, 410516, 110898, 401800, 64888, 67345, 241594, 498143, 96774, 326032, 438447, 452591, 351070, 420325, 390062, 99338, 64371, 80962, 238751, 280340, 115167, 393762, 334077, 78055, 417151, 258608, 364717, 65267, 13875, 231610, 13809, 412954, 139412, 366317, 75313, 56476, 75151, 451606, 308907, 329705, 324887, 98094, 85375, 80038, 63624, 151245, 70552, 87596, 149836, 10732, 126599, 471651, 302460, 175689, 454647, 486831, 379878, 325646, 411247, 368308, 463337, 280512, 160157, 205130, 220796, 70333, 456066, 268538, 212718, 194109, 97023, 189667, 193458, 464277, 414973, 176889, 461939, 13433, 429127, 259209, 480333, 456334, 425433, 5970, 265011, 41934, 95754, 397099, 371995, 228714, 461886, 45906, 156073, 166345, 252862, 480033, 333481, 427727, 188320, 250820, 344445, 16165, 66550, 398923, 222318, 119158, 67459, 291288, 39496, 18881, 420357, 3637, 415342, 436789, 275867, 294320, 48030, 303240, 368298, 93901, 44914, 213893, 14964, 416150, 307097, 478493, 128560, 490706, 262736, 12329, 86019, 345161, 317926, 461991, 70806, 305616, 300005, 100922, 44768, 398519, 324779, 350189, 109265, 23224, 51351, 492302, 440885, 122043, 206323, 336043, 434297, 146686, 165452, 105753, 274887, 27147, 273449, 139526, 363234, 268484, 81008, 450609, 269676, 103313, 317988, 336630, 491012, 60582, 75410, 357483, 142018, 173965, 207460, 107304, 409335, 354780, 300116, 434785, 36063, 144466, 337697, 6415, 228709, 60785, 15189, 475270, 283870, 42309, 28924, 410567, 420602, 52753, 426344, 279755, 494738, 176332, 365533, 354025, 274566, 138138, 97108, 133780, 108641, 80355, 361391, 205586, 274737, 412079, 99875, 25792, 73129, 369716, 100060, 360127, 316837, 358544, 355459, 498504, 198346, 97791, 83176, 12575, 43523, 120222, 129777, 324971, 356310, 470730, 141521, 15387, 145761, 478274, 110481, 365154, 143077, 439689, 393837, 179718, 248813, 299709, 108424, 473014, 109397, 112814, 494226, 178223, 387868, 388989, 243748, 73508, 12393, 480340, 58132, 129145, 301594, 228752, 114026, 83020, 213727, 436967, 131212, 200230, 413302, 273931, 174010, 235040, 483319, 21842, 201225, 284414, 301544, 45153, 216284, 64255, 112983, 397958, 160252, 75950, 378778, 386672, 425263, 199441, 239054, 405008, 106068, 186998, 307464, 206442, 379042, 143013, 171938, 327797, 307579, 384420, 231983, 140275, 453245, 448944, 275683, 84291, 208174, 343399, 16493, 374379, 128890, 472845, 421291, 60482, 337756, 306410, 436514, 321653, 324702, 62150, 388723, 5531, 468490, 410575, 30964, 194671, 49624, 119048, 191505, 198479, 158310, 349719, 269126, 15102, 170743, 173956, 288419, 33298, 400783, 116856, 358925, 119101, 87563, 331900, 380375, 84608, 259240, 393037, 492776, 141543, 344941, 268056, 187058, 429954, 122895, 281327, 169709, 37416, 184292, 326960, 64774, 422864, 243800, 439450, 118747, 224072, 298973, 415145, 12810, 298782, 174865, 236471, 249882, 340803, 213638, 478167, 27486, 64466, 458132, 240731, 273936, 419821, 259732, 294153, 210918, 70708, 315963, 395883, 386826, 19818, 206962, 460311, 107133, 243443, 394077, 123681, 445643, 272759, 50643, 440325, 195568, 378118, 188421, 106463, 45370, 403841, 72091, 165299, 461683, 486725, 474229, 322870, 210929, 23643, 120294, 390149, 498362, 401724, 256496, 211199, 452412, 258933, 469342, 288387, 480274, 197517, 336830, 488583, 376923, 305336, 325674, 435794, 110938, 387478, 125829, 303924, 145408, 301311, 116867, 390769, 401105, 458340, 423267, 308947, 152644, 341031, 161453, 117144, 84882, 390496, 271070, 253193, 131456, 70011, 188025, 91619, 357077, 415826, 419528, 138758, 102802, 362603, 379539, 401030, 12252, 495144, 194362, 329991, 403474, 202166, 497618, 494481, 57766, 165485, 204347, 498081, 96686, 306911, 255934, 415926, 246973, 187498, 494504, 52149, 485917, 174900, 331622, 478357, 343631, 443093, 64307, 316049, 181530, 56376, 481451, 448157, 113914, 14037, 215006, 216675, 408361, 475116, 274580, 225218, 275550, 266762, 465086, 284823, 344377, 197029, 262449, 7722, 88653, 82022, 138292, 335435, 70070, 179083, 203099, 83779, 413501, 333306, 264652, 272227, 483516, 383783, 194436, 155255, 234491, 302696, 245450, 249093, 13243, 38671, 305040, 438241, 131113, 172236, 201643, 155619, 439366, 155059, 238048, 188876, 99455, 240525, 8371, 281809, 480634, 450412, 238988, 149425, 315116, 329766, 449464, 325799, 9097, 248732, 99973, 287379, 494564, 126976, 156207, 228043, 455264, 282465, 484233, 438822, 341638, 402331, 195156, 323838, 241607, 347050, 10484, 79768, 367350, 146026, 426225, 249743, 266369, 96760, 265591, 174560, 254241, 33611, 311263, 152601, 78737, 430537, 391015, 298079, 481025, 334674, 367959, 348710, 77347, 80813, 119506, 444654, 324049, 356647, 293749, 239360, 455551, 159302, 86945, 202665, 111943, 424242, 325365, 382013, 316121, 379568, 79312, 392215, 462223, 133993, 416807, 222341, 167340, 168007, 415986, 203697, 464465, 333258, 298166, 11166, 256848, 376480, 101049, 257290, 93260, 223292, 113981, 316383, 322163, 252195, 90013, 230305, 393997, 492304, 224776, 317841, 72451, 154839, 333199, 147504, 711, 320652, 219113, 300482, 194806, 76068, 482374, 359931, 405369, 303495, 174581, 332183, 159452, 185215, 466102, 293962, 422244, 454777, 177719, 488853, 52867, 140182, 322007, 419858, 73337, 498049, 97097, 388245, 54070, 451265, 69994, 42625, 449587, 285175, 204250, 83439, 63431, 402020, 241314, 358935, 25714, 87944, 296440, 156549, 341118, 430941, 354469, 425178, 166755, 112640, 360732, 499851, 416419, 481597, 77758, 270347, 288467, 413691, 245600, 56816, 153198, 14709, 382665, 405085, 469079, 213066, 105542, 492606, 76686, 164471, 62398, 336887, 38162, 400115, 129969, 128392, 452323, 425507, 51450, 36877, 456640, 201512, 40668, 182905, 457283, 300125, 465798, 378650, 304751, 22753, 84477, 469946, 67276, 173902, 420752, 140752, 7148, 190992, 459777, 227370, 32034, 17099, 425517, 221184, 383184, 29489, 107302, 457243, 125890, 60539, 171966, 306929, 441928, 326731, 462352, 43156, 366836, 124150, 112073, 97540, 414338, 372950, 45178, 314569, 363919, 204610, 269139, 389009, 323121, 431851, 495632, 8356, 361339, 251664, 128536, 486292, 164998, 315070, 213533, 401468, 72215, 80429, 320530, 77900, 163592, 325904, 452277, 117050, 407424, 381897, 407860, 245779, 106695, 486692, 22239, 11530, 321775, 93282, 306883, 136071, 65267, 351472, 227614, 319913, 184849, 167657, 135460, 477722, 161802, 426896, 479219, 199952, 263496, 286771, 335779, 242406, 475018, 74513, 498465, 97092, 455011, 336160, 100416, 39975, 401364, 261370, 254702, 189882, 109316, 481068, 179607, 236979, 428657, 175498, 239861, 424650, 254102, 474942, 77700, 193584, 362979, 400044, 182888, 204714, 389107, 201310, 122355, 211929, 128698, 185284, 16098, 235959, 108286, 382217, 14997, 137712, 63363, 113702, 92511, 351788, 151377, 36499, 51222, 217518, 473003, 472534, 141896, 470268, 43245, 335395, 5121, 105370, 124453, 11442, 482923, 471912, 176194, 292746, 436091, 382627, 116768, 295688, 315859, 131958, 306337, 45818, 76046, 445883, 347341, 409002, 44733, 270224, 466583, 121439, 360554, 305934, 218874, 222476, 153847, 242376, 97668, 377367, 307717, 331564, 58028, 310206, 160368, 407599, 477556, 21321, 115818, 5895, 166347, 81568, 62264, 459981, 341409, 333825, 320380, 194000, 335827, 52466, 267400, 290895, 89792, 164459, 322978, 457231, 251402, 103000, 403190, 241829, 61129, 172749, 288470, 443621, 354249, 293697, 423712, 167255, 176566, 482625, 385397, 312344, 249040, 414268, 376184, 331722, 183520, 349897, 80149, 232847, 203520, 385792, 99205, 29581, 99159, 306478, 286220, 422492, 240746, 417168, 334269, 370976, 32766, 396641, 348840, 261471, 455024, 85308, 484102, 125393, 181182, 479425, 384175, 292267, 382255, 204055, 165086, 404016, 18173, 312823, 243311, 449336, 475337, 386340, 207801, 276283, 273017, 414259, 270624, 199403, 92255, 196276, 154865, 239621, 171397, 284366, 160469, 536, 456826, 333258, 292259, 244634, 375456, 143748, 225845, 65573, 145657, 38726, 153325, 107321, 373155, 388795, 75902, 354703, 51343, 358926, 475236, 26576, 52090, 329273, 95726, 101513, 154882, 346613, 115396, 408514, 254860, 440775, 349241, 34368, 313278, 179264, 150844, 55088, 126216, 429997, 86966, 104906, 446991, 493069, 421871, 390010, 89935, 454641, 339700, 456170, 488678, 281444, 205555, 308353, 3483, 101825, 235816, 14562, 294333, 108132, 135467, 221754, 235168, 50563, 207629, 144604, 67164, 316, 481516, 406887, 257353, 141420, 167413, 125542, 401274, 379705, 273274, 333256, 418221, 253863, 407012, 1714, 280147, 213280, 187508, 449263, 132247, 17244, 280422, 289407, 17336, 10853, 4092, 380569, 298107, 132554, 124155, 474689, 144084, 282711, 313840, 250976, 136009, 423819, 463222, 199802, 311486, 477466, 41051, 203056, 440344, 367617, 297336, 170868, 203880, 205132, 243822, 464, 417018, 460899, 184535, 9305, 294078, 442375, 486661, 51789, 418351, 245969, 182832, 317362, 152912, 327541, 407141, 4731, 450311, 284197, 385597, 307582, 155129, 465021, 219271, 398830, 102586, 207749, 264084, 301035, 67250, 478566, 231188, 405585, 307928, 100185, 133251, 265004, 8593, 404041, 243532, 3692, 412608, 389958, 337360, 255955, 98686, 124982, 50448, 121875, 7131, 368232, 340351, 318713, 15482, 356252, 8969, 468538, 413083, 402944, 121539, 56781, 158463, 193177, 93565, 198618, 178967, 257650, 372488, 122018, 62275, 191328, 299593, 30474, 49854, 350502, 459164, 203822, 102308, 101548, 378904, 106658, 153813, 200101, 53131, 489149, 83479, 265004, 387362, 345790, 341686, 309363, 102275, 108584, 77, 490782, 87648, 130551, 255030, 252765, 393527, 54923, 19861, 62981, 497406, 313253, 243793, 375023, 497596, 210520, 46562, 112639, 328791, 107233, 481357, 85260, 182547, 65759, 250930, 155139, 38967, 318803, 249230, 475026, 457064, 300052, 73920, 117228, 323453, 362356, 483474, 93267, 287374, 158956, 469328, 77076, 468407, 392723, 314380, 16935, 21409, 188534, 312022, 432596, 111166, 280825, 179874, 407331, 101879, 150378, 58171, 250785, 230438, 485476, 485622, 228150, 330834, 318559, 257828, 30009, 250956, 415631, 334573, 64369, 481770, 347226, 142916, 173537, 158860, 124159, 71669, 186938, 42100, 227217, 455865, 107363, 75896, 83924, 121044, 239199, 407994, 453603, 409901, 147514, 272857, 21261, 90006, 36102, 99240, 155095, 143185, 42944, 298459, 178779, 146482, 163548, 337550, 68378, 260961, 307745, 141090, 184576, 310, 144407, 462846, 464618, 343480, 67224, 271692, 397975, 223030, 107843, 337319, 104605, 186594, 254783, 473577, 237389, 347608, 370648, 469963, 4157, 437739, 127485, 336577, 109331, 225635, 380618, 237735, 474580, 458843, 1001, 189640, 293357, 316539, 431033, 70823, 96519, 455711, 238894, 60533, 156416, 48809, 369866, 489190, 28508, 278873, 204646, 250862, 205243, 135446, 6621, 161946, 434523, 289095, 208866, 256892, 147081, 298070, 363495, 109939, 217892, 343542, 148750, 87764, 327627, 189103, 270558, 77042, 404383, 322187, 326452, 311759, 131707, 342687, 414828, 152369, 97423, 52767, 14501, 61742, 356750, 281590, 388187, 256508, 274908, 330460, 324138, 150309, 477252, 383490, 343286, 449914, 107022, 320372, 103151, 18761, 446514, 453141, 411603, 21906, 372510, 447873, 218961, 441423, 370688, 338660, 221797, 383815, 103635, 205237, 310640, 260121, 369773, 255288, 7953, 275503, 348993, 109244, 239645, 385167, 2329, 439867, 342353, 245200, 496261, 260380, 333110, 82568, 306118, 378288, 66275, 122713, 175427, 142818, 328228, 245440, 398280, 69884, 434902, 108977, 21401, 258379, 257476, 68356, 314022, 381625, 430760, 192241, 459665, 453399, 405578, 275872, 206281, 299752, 316792, 44203, 262253, 413039, 414196, 71863, 259024, 35182, 110346, 128675, 248777, 212870, 283407, 492063, 50306, 322783, 257051, 282836, 31740, 186355, 175443, 417093, 426767, 266713, 277714, 347161, 345925, 484049, 383076, 8703, 30263, 458607, 426757, 121657, 475357, 325310, 415758, 186482, 227736, 161364, 44955, 86977, 134760, 484498, 447035, 37207, 165965, 485037, 382782, 363913, 94581, 42815, 301396, 52280, 39241, 213868, 175050, 247376, 366962, 183985, 176059, 79856, 81098, 402245, 469690, 161719, 76957, 79403, 313134, 352217, 95929, 359580, 357032, 160896, 129997, 221884, 358047, 258793, 490499, 100739, 13406, 326086, 477199, 224885, 155495, 281066, 410184, 97238, 265189, 240659, 51827, 111980, 4386, 298869, 464327, 131999, 246316, 328748, 440974, 121610, 214803, 312917, 273462, 396222, 124634, 420578, 359651, 274339, 250829, 345558, 104299, 75704, 314348, 432595, 196610, 425840, 99091, 174191, 250041, 437168, 275788, 173917, 17950, 186263, 351982, 257536, 62423, 396562, 397262, 23131, 231306, 229746, 150383, 68344, 432210, 483847, 382581, 294544, 102643, 342277, 43674, 267893, 312293, 478920, 400061, 158877, 190264, 351999, 148183, 363390, 333541, 207544, 182933, 351529, 376421, 468873, 189982, 439049, 387390, 384777, 200912, 381066, 268158, 447014, 256931, 89594, 298512, 111732, 283112, 222714, 247151, 204411, 32915, 143833, 33967, 225561, 461629, 154281, 215586, 454084, 337552, 304385, 400018, 467680, 340984, 307247, 127296, 342039, 146745, 438244, 437479, 260406, 43183, 393110, 138437, 137273, 483704, 20102, 207158, 257227, 234233, 133914, 112824, 228678, 17318, 409072, 266031, 301936, 14712, 59929, 90719, 61409, 435136, 276590, 96858, 387044, 489406, 121355, 300407, 431823, 284256, 436930, 112092, 352409, 459351, 163963, 209818, 476378, 400473, 155536, 475787, 135745, 270080, 429352, 39146, 139360, 207712, 122786, 299903, 198744, 137003, 427669, 153818, 404642, 385672, 39108, 302925, 393241, 134144, 220922, 124985, 139091, 266163, 187209, 154202, 245395, 116667, 264697, 417380, 184299, 454902, 86139, 67075, 379831, 482001, 149207, 142738, 77028, 486159, 4320, 146249, 76459, 349912, 73450, 244835, 46282, 338398, 75130, 105182, 443772, 218493, 236360, 190696, 306087, 85194, 94900, 335665, 304592, 215341, 491637, 139434, 53113, 437426, 443668, 268905, 253116, 196499, 21801, 231369, 455236, 109871, 11318, 188159, 497694, 373515, 95955, 230651, 246492, 241184, 165038, 367429, 302723, 124825, 381815, 356250, 132320, 48665, 454440, 462140, 457130, 483315, 391889, 362576, 235138, 406751, 45370, 454479, 306643, 233406, 465441, 197621, 365776, 169217, 437134, 135355, 303062, 441309, 314092, 193875, 188910, 343923, 357458, 373881, 239038, 106690, 486260, 74554, 296280, 353216, 148598, 40126, 457837, 310260, 488146, 316114, 440118, 254691, 152890, 19113, 480442, 398871, 120675, 394671, 47603, 124270, 489199, 214956, 220139, 147971, 112270, 92744, 114653, 48540, 235264, 489286, 4571, 477377, 431654, 72148, 175384, 201460, 89529, 66429, 328020, 187583, 92300, 351415, 86874, 265260, 52447, 99916, 16728, 298301, 260404, 303686, 426918, 396581, 335517, 37784, 412566, 480293, 289161, 244421, 56039, 338146, 385071, 202014, 385294, 134881, 488077, 31, 433250, 58849, 264345, 465327, 396956, 169136, 11341, 183663, 79896, 137648, 401742, 154190, 29003, 427576, 214106, 230921, 350612, 25522, 55632, 317897, 19729, 77247, 306770, 187416, 477731, 450385, 417162, 182910, 328231, 408721, 98303, 20205, 272265, 110640, 160455, 35660, 334632, 380111, 243347, 487860, 127574, 335678, 496254, 443288, 327194, 315621, 480435, 417153, 382957, 414789, 390939, 187227, 216434, 298811, 220107, 479244, 133737, 16528, 57527, 7544, 33902, 427258, 85034, 297269, 235870, 295391, 36288, 40679, 333992, 365074, 413130, 377383, 294795, 225429, 402591, 236870, 437242, 19147, 181146, 42997, 422317, 60680, 421697, 170520, 304938, 39658, 333613, 137501, 345222, 10172, 336893, 162912, 51184, 425927, 190802, 133935, 80957, 63961, 341940, 308997, 266147, 127456, 477941, 332784, 467281, 15042, 68312, 112761, 366638, 243386, 270627, 457399, 335505, 437388, 14602, 437857, 145161, 414935, 452158, 331141, 193129, 483000, 249452, 262642, 309883, 57916, 359392, 246836, 34487, 372658, 409617, 57709, 278568, 116918, 62239, 277632, 126907, 415459, 212806, 204938, 478373, 276454, 18973, 75857, 142498, 406495, 115206, 466452, 15437, 364542, 459767, 235743, 336215, 465051, 468225, 351461, 345706, 235098, 71129, 269864, 466291, 234439, 372083, 36649, 118218, 228019, 222536, 92389, 493996, 232255, 11887, 422444, 270460, 411635, 454457, 336283, 370338, 253525, 428413, 348521, 338914, 3285, 28857, 198610, 498120, 176531, 185689, 490944, 452603, 247146, 211307, 191253, 284978, 58262, 120925, 327006, 205590, 159065, 346266, 241585, 422104, 443829, 34960, 216408, 458798, 499469, 291048, 105486, 7658, 50215, 257946, 138362, 75933, 199089, 44267, 229434, 178034, 52667, 50081, 127627, 8222, 408296, 242405, 173219, 5738, 269474, 287234, 33050, 357775, 112291, 195592, 356314, 222959, 166993, 366804, 195524, 484549, 337532, 48041, 76983, 426979, 415198, 75613, 312807, 22622, 248438, 55134, 300474, 364943, 98103, 459775, 270812, 391312, 411079, 49382, 294747, 38364, 487885, 457998, 86790, 461741, 62974, 422923, 214041, 414346, 42407, 439298, 124564, 389432, 331741, 82023, 95677, 359462, 451344, 54718, 314451, 186217, 450789, 380123, 364481, 8742, 91234, 396663, 335372, 427270, 411287, 483981, 383474, 364481, 457115, 31007, 191204, 69791, 288903, 274605, 51764, 493622, 21311, 205773, 113685, 285941, 325917, 433779, 287748, 85271, 172168, 51346, 141118, 341275, 196030, 119056, 136176, 368629, 420188, 464553, 265966, 310157, 431968, 283830, 84858, 67015, 126464, 42136, 332841, 32720, 472894, 157418, 486478, 492681, 183384, 381842, 330047, 245379, 435811, 119009, 317358, 87804, 304230, 85833, 62345, 80889, 347850, 378498, 208386, 404623, 142768, 305414, 87928, 167351, 335867, 372854, 250531, 202478, 322326, 103677, 87883, 241358, 96195, 112281, 15778, 374490, 407420, 244142, 149944, 98466, 368110, 14190, 410295, 149160, 441026, 207275, 373301, 466943, 302959, 416409, 122709, 221846, 10671, 187674, 348979, 156635, 267150, 399436, 398349, 394188, 411797, 468678, 471507, 54034, 333103, 75160, 24921, 75496, 439311, 114386, 217189, 327826, 251246, 241883, 342255, 270922, 384305, 477924, 197902, 227533, 140370, 102376, 89109, 103524, 113199, 453428, 169785, 298769, 265206, 274027, 198192, 277438, 296829, 458765, 61098, 481688, 124514, 102630, 356498, 220665, 89331, 285549, 360029, 74918, 247771, 384815, 29305, 217627, 344117, 249644, 51002, 15133, 470810, 157411, 390992, 493816, 46543, 283254, 325829, 493135, 347874, 83044, 96209, 483083, 50039, 72727, 188452, 27497, 27819, 61025, 418940, 295688, 377247, 37289, 57285, 241667, 447782, 485173, 22390, 39064, 384534, 184652, 109540, 205216, 448108, 346255, 382312, 319037, 401749, 143527, 270952, 356141, 242820, 479214, 227636, 381902, 206397, 337927, 45854, 346225, 185235, 394436, 57042, 353110, 161425, 357639, 227068, 330318, 139991, 161906, 335882, 169280, 31057, 244721, 322314, 355074, 380660, 289239, 132125, 409068, 400416, 455872, 360630, 61748, 262598, 171185, 299901, 195832, 217076, 150008, 85017, 235623, 225285, 338429, 71228, 485488, 193882, 71308, 207679, 453642, 339939, 466840, 235855, 461210, 447814, 147351, 230826, 223772, 188135, 478419, 181349, 113590, 373181, 461429, 51751, 490083, 479206, 85091, 205835, 82957, 472577, 47279, 84870, 34809, 326056, 281455, 395453, 399414, 197648, 233482, 134249, 55258, 391240, 431902, 349004, 123793, 94827, 75435, 476937, 365026, 414057, 406163, 388150, 227133, 211219, 240556, 228451, 300979, 303169, 370296, 187312, 1972, 340790, 61323, 219098, 145784, 163328, 365794, 263747, 396809, 222097, 238663, 464141, 15238, 56215, 209669, 375432, 450447, 475046, 321667, 138606, 212034, 349705, 495906, 15605, 88006, 451107, 267027, 290685, 464424, 46649, 238431, 183021, 410883, 217477, 21287, 163488, 298250, 78941, 410389, 271696, 92988, 114755, 57913, 384102, 204055, 396044, 74042, 221404, 79321, 81817, 92769, 118712, 358084, 475449, 266574, 197470, 236099, 123695, 52911, 425695, 463126, 376588, 126426, 56003, 119252, 392293, 123962, 24219, 307988, 189964, 396419, 322458, 66016, 470966, 206501, 260868, 414000, 446020, 481600, 27761, 299601, 412150, 18187, 358139, 137414, 9651, 402201, 411432, 321447, 315150, 147486, 460415, 77093, 493042, 331451, 59910, 252214, 411699, 356708, 389558, 365821, 15577, 300096, 190721, 46290, 305913, 296691, 279029, 480793, 309137, 402323, 119118, 186937, 260519, 302560, 228431, 43715, 248157, 481608, 221552, 492678, 437120, 107784, 322355, 141873, 49221, 280029, 451900, 173765, 474071, 403897, 15562, 51131, 23195, 407969, 94016, 416524, 294706, 1513, 444519, 293616, 201907, 253813, 404177, 241262, 1419, 486897, 349130, 254390, 358490, 247993, 263296, 273258, 481906, 193556, 261592, 322995, 41519, 260010, 18492, 127587, 115682, 137403, 467442, 393548, 157603, 241506, 7528, 492961, 25191, 302626, 330340, 51750, 125517, 289830, 14344, 364302, 313014, 244182, 408571, 341331, 86844, 441361, 423411, 366463, 306776, 138911, 88539, 295728, 248222, 446809, 429974, 90184, 443151, 463603, 16801, 104835, 98999, 86997, 10003, 138618, 197209, 485103, 189558, 443600, 284679, 478965, 75464, 90850, 494431, 103564, 140692, 151602, 350666, 365881, 283179, 272339, 316810, 403180, 467575, 109872, 257457, 323094, 154054, 491800, 292264, 452838, 315698, 150178, 354735, 84059, 410216, 69123, 493222, 96818, 264408, 50316, 210033, 373151, 275814, 207240, 33290, 308844, 435672, 496305, 259154, 469048, 355665, 211055, 249165, 357783, 463743, 116710, 220366, 25945, 303409, 144882, 357676, 205819, 297075, 327675, 193175, 374017, 367230, 225265, 432788, 60936, 190318, 477971, 225257, 42824, 297115, 287168, 314461, 166078, 320633, 271677, 298137, 392027, 41460, 129854, 385223, 460853, 190868, 107032, 311592, 234870, 172072, 204719, 429739, 407693, 232906, 119218, 27215, 194004, 101047, 212658, 492012, 21191, 225380, 488366, 496967, 165692, 177451, 409183, 476980, 212416, 60253, 386846, 463188, 267618, 289554, 491631, 193389, 327448, 246274, 88954, 395287, 471433, 174657, 1431, 378291, 246864, 392451, 417444, 445285, 8151, 197607, 265272, 142605, 2059, 280866, 50202, 382836, 391583, 368167, 449402, 395127, 236443, 103221, 140367, 13365, 497550, 481122, 187628, 276647, 315647, 262889, 73674, 388643, 481786, 23823, 148656, 417520, 341047, 282910, 341717, 63780, 454113, 224801, 154255, 16242, 66579, 131211, 351530, 441013, 342506, 149657, 386038, 49304, 157265, 15694, 263087, 75360, 444774, 467126, 234408, 258047, 234771, 145955, 453485, 20573, 190026, 236886, 196653, 208195, 85783, 102761, 13161, 437672, 41578, 60538, 295118, 440886, 59136, 113565, 185775, 295470, 79430, 184365, 255437, 290262, 233480, 397349, 21584, 203027, 480191, 316094, 426454, 246283, 172860, 464730, 462362, 194603, 381489, 378783, 315286, 433044, 84256, 491239, 210492, 19879, 72523, 249495, 71009, 49464, 28246, 294052, 412173, 48142, 24994, 443706, 247483, 32612, 27580, 216203, 92649, 172010, 188140, 148288, 364992, 267037, 435125, 168101, 466299, 347215, 152938, 185234, 302412, 238793, 328700, 17289, 316328, 429334, 472393, 16468, 157753, 81459, 204958, 455167, 326725, 113053, 461764, 216991, 70694, 253742, 418703, 406878, 11932, 455953, 165617, 213355, 457900, 477052, 164211, 210331, 100827, 67867, 109549, 30045, 410475, 429089, 139872, 351414, 187390, 251391, 86866, 34304, 347334, 330034, 337124, 96960, 144833, 377815, 386163, 75187, 146247, 55868, 444867, 376016, 129636, 375193, 498700, 100152, 202584, 370044, 149098, 306851, 308016, 418958, 209457, 14687, 480185, 272781, 68976, 317171, 13138, 288161, 308029, 114132, 402177, 93823, 231731, 251128, 469472, 84889, 93902, 233730, 478222, 47034, 340125, 234789, 423124, 415378, 102364, 221685, 345890, 281947, 440436, 321590, 366843, 109451, 464907, 467496, 145585, 34417, 432227, 314246, 422797, 499603, 230187, 439047, 462079, 143757, 456389, 27424, 59839, 284374, 87883, 233979, 406901, 253214, 83653, 25471, 456986, 234346, 418051, 229137, 156408, 20836, 390638, 403444, 90847, 255242, 566, 343405, 371533, 292574, 425860, 215994, 439827, 209024, 278570, 298971, 494222, 8187, 469811, 28461, 378588, 298477, 140330, 28504, 395323, 292784, 181536, 21115, 361639, 497517, 129834, 132082, 1446, 477609, 163286, 414259, 164664, 50624, 82407, 34435, 32199, 238916, 439424, 450249, 290434, 254579, 475445, 349440, 356324, 244323, 491422, 413775, 367338, 446599, 51989, 270018, 457568, 238997, 141261, 18837, 20622, 487137, 468727, 38590, 481171, 124038, 1372, 45686, 5261, 368580, 90222, 89414, 463356, 59508, 261165, 71167, 174467, 170376, 436402, 69586, 177018, 317629, 306203, 16241, 16311, 319304, 444692, 312996, 253425, 455286, 312614, 483428, 90858, 286645, 103309, 289777, 422081, 290603, 231958, 365723, 45690, 188995, 122960, 199821, 303806, 461081, 382130, 108340, 15972, 462292, 196503, 174073, 332260, 459813, 456517, 286683, 132554, 384548, 357877, 7652, 250726, 116446, 88759, 25037, 138915, 353980, 146605, 91224, 135847, 412761, 387194, 2016, 99203, 161553, 369029, 216223, 135925, 272885, 173542, 235241, 181364, 383571, 149199, 404491, 68516, 203879, 373817, 85782, 266318, 361030, 87060, 63618, 270500, 483425, 317207, 365073, 116725, 423872, 267949, 439708, 54953, 468821, 173800, 329817, 106596, 313629, 340882, 414344, 42918, 281083, 43088, 377917, 432887, 36888, 220618, 484268, 486974, 172553, 449596, 495911, 330242, 215635, 339269, 222096, 222470, 154702, 40024, 322960, 340065, 200422, 26974, 338285, 7094, 124113, 92023, 324306, 74649, 465451, 386792, 329797, 302184, 154324, 307081, 313293, 240401, 383628, 29538, 266699, 361788, 295773, 290219, 2996, 399924, 407583, 114881, 156885, 334594, 191591, 466480, 396664, 404346, 496690, 129036, 398468, 156499, 441122, 12743, 82403, 186650, 31470, 499869, 410789, 437934, 115550, 240209, 45721, 315379, 123371, 40088, 40293, 379802, 381554, 61677, 361179, 195698, 288090, 178572, 219736, 484942, 492049, 149811, 434178, 271605, 388868, 442578, 222099, 382741, 60841, 344119, 423443, 161535, 69504, 363346, 246339, 375629, 260876, 431704, 14243, 431322, 102277, 332646, 183554, 538, 128292, 63851, 215782, 242188, 324137, 404301, 75036, 244775, 227927, 485072, 172585, 442058, 242431, 355889, 480622, 135917, 349684, 40234, 410582, 105087, 253495, 430120, 366293, 482813, 2124, 452672, 5713, 337579, 125883, 136854, 440971, 414913, 55718, 475037, 91559, 126954, 392151, 44974, 239566, 104619, 51038, 35287, 68004, 151254, 494281, 481989, 2146, 66673, 488938, 367083, 192775, 113348, 485, 289409, 471805, 94280, 260998, 345149, 460125, 205370, 435723, 188052, 176063, 855, 102928, 77914, 371328, 334049, 311343, 11280, 316881, 215893, 192324, 218432, 168577, 345886, 465466, 148535, 74823, 459133, 73445, 261378, 74814, 395900, 442354, 413815, 398585, 301631, 167568, 423251, 156069, 422404, 375364, 419636, 311357, 482655, 380197, 198598, 38665, 121917, 367362, 348417, 186494, 440622, 487961, 376960, 452684, 78677, 471722, 50680, 215586, 372703, 483687, 337003, 303456, 355386, 434637, 481701, 341050, 113633, 311137, 79154, 2628, 340868, 489348, 441128, 214325, 70730, 444079, 119087, 486369, 469571, 146965, 303673, 192065, 285378, 115218, 148635, 348221, 96412, 55831, 498382, 300886, 362396, 462748, 128584, 43627, 435108, 64396, 129306, 12590, 461499, 243356, 30150, 343207, 103543, 370483, 322287, 490154, 149782, 404267, 297156, 367387, 348542, 168660, 52570, 65682, 152834, 363752, 435783, 79476, 265515, 81687, 265548, 80260, 27939, 382603, 249390, 438600, 269315, 271188, 394640, 218455, 477293, 317412, 488363, 257861, 243314, 18890, 420019, 411656, 418030, 203678, 279586, 203815, 225423, 101282, 318770, 418660, 113288, 259082, 209685, 286424, 134720, 233436, 438823, 277563, 301605, 350778, 314641, 230174, 355326, 422630, 132452, 288331, 298884, 238787, 455028, 480477, 72052, 347140, 299141, 309236, 284565, 253837, 244729, 61352, 474625, 266415, 255675, 432717, 357745, 479331, 230688, 451683, 371647, 351007, 409011, 449093, 130534, 221331, 252187, 306344, 284234, 390220, 259638, 295258, 147453, 60104, 434950, 70756, 426222, 36120, 59217, 404220, 115690, 407918, 395539, 396241, 296819, 224956, 368057, 296987, 80407, 15048, 147122, 361641, 152327, 339411, 357254, 426130, 383982, 152966, 431265, 310122, 327831, 274244, 325891, 381439, 189676, 35850, 328204, 57867, 222212, 159328, 412203, 50955, 61964, 34100, 227454, 266080, 420591, 312921, 320672, 475128, 53058, 89473, 339794, 322269, 429328, 448976, 144861, 164724, 133901, 345500, 277813, 144026, 216229, 68557, 210421, 44130, 484015, 249616, 54662, 46804, 201877, 480374, 251166, 220745, 308506, 382227, 81247, 472619, 23849, 138506, 74126, 346401, 53718, 386747, 11955, 52582, 84100, 434048, 153736, 414892, 464553, 107695, 308476, 408730, 43558, 177103, 200835, 298578, 91760, 24187, 383549, 225148, 91296, 207642, 149170, 301082, 208012, 208991, 211583, 388032, 50483, 299229, 404270, 139036, 198170, 325293, 296773, 228210, 121917, 333195, 322182, 14337, 275662, 467278, 340398, 393158, 390435, 411733, 421760, 394596, 326102, 193548, 216628, 199009, 205793, 202462, 202967, 385047, 75390, 86994, 379547, 289224, 101856, 301159, 382110, 387883, 461663, 164563, 150751, 338572, 251176, 30829, 155374, 80351, 86898, 290327, 228031, 407928, 345016, 55231, 5704, 150773, 297207, 296162, 247330, 371663, 439931, 172873, 414579, 171587, 197406, 167481, 441609, 182428, 401948, 298691, 81321, 251296, 131549, 309214, 185025, 186949, 77136, 81575, 207726, 333955, 313243, 95642, 463582, 446556, 27164, 268389, 213781, 471182, 341691, 359607, 474483, 403064, 203939, 188659, 331494, 398829, 130461, 416095, 454234, 245346, 449569, 80194, 458061, 143473, 162806, 62638, 442316, 486315, 321992, 286360, 169712, 418281, 443178, 163365, 241191, 448540, 415309, 341581, 240728, 399503, 234322, 139750, 4810, 61717, 400108, 298255, 297845, 257633, 394243, 447103, 470900, 180682, 56299, 212815, 246475, 325811, 388489, 100060, 386223, 493318, 467067, 125082, 103223, 6528, 272740, 63907, 317750, 91266, 382301, 341201, 336085, 187336, 194714, 180754, 396598, 139719, 95024, 411305, 487237, 494985, 29706, 226703, 283734, 471033, 136680, 106188, 237462, 368356, 286987, 32395, 193641, 412931, 466596, 482050, 144453, 242945, 447657, 457563, 208361, 496169, 442244, 183581, 187399, 199397, 31651, 131621, 227251, 69770, 352546, 422797, 422267, 290673, 91798, 490316, 6743, 348591, 428465, 374185, 107274, 88821, 90533, 291587, 457787, 50864, 330168, 313314, 122088, 366413, 16698, 473799, 305211, 393826, 487636, 57639, 94175, 125089, 94479, 92155, 205875, 192048, 51776, 303390, 176903, 453770, 183658, 772, 241564, 49496, 445743, 315300, 154218, 16810, 174733, 342813, 287258, 83794, 326262, 175592, 319134, 140257, 408167, 85343, 100339, 443671, 186024, 47633, 39517, 362363, 472175, 12103, 110045, 279151, 95640, 468417, 165202, 71613, 138162, 70225, 10693, 221553, 349025, 402072, 121341, 326870, 220525, 82484, 347784, 413236, 298695, 286201, 406535, 168290, 420948, 114376, 274508, 395590, 389748, 19568, 366895, 289223, 175706, 362890, 201755, 394288, 274345, 18181, 439568, 47120, 91603, 152645, 417255, 422798, 173081, 3941, 54525, 363149, 247546, 235515, 262661, 67829, 138597, 428791, 280783, 339128, 134983, 35688, 242886, 272971, 137713, 287234, 49676, 383991, 279380, 132163, 162911, 318436, 19238, 484432, 385225, 145991, 253108, 267045, 60854, 248636, 39874, 2342, 361897, 265365, 106029, 343281, 78056, 481381, 164054, 205986, 242064, 343751, 479425, 88121, 26755, 413305, 135532, 13813, 160929, 29129, 417331, 49211, 24662, 127898, 193806, 448023, 357488, 288378, 184595, 190085, 54012, 158941, 483726, 471642, 453969, 293360, 188097, 329139, 483321, 343141, 62596, 478206, 279021, 320530, 376796, 200821, 162638, 106136, 300204, 372831, 270531, 303178, 368009, 79185, 283550, 125668, 269887, 469091, 315982, 259675, 170546, 208952, 295860, 36593, 491335, 443735, 438134, 304885, 386445, 259948, 131675, 137909, 166623, 282340, 258644, 406390, 347224, 78143, 457592, 150197, 421322, 389893, 299549, 224497, 7347, 406305, 383838, 384050, 374489, 443085, 2951, 448702, 242988, 230182, 44009, 114724, 405225, 149371, 30716, 45425, 132824, 499785, 458189, 190403, 322631, 229589, 405812, 147950, 414781, 321178, 111876, 176271, 332516, 191596, 386774, 257909, 80099, 187465, 435190, 118696, 321427, 10075, 236918, 348251, 146666, 440350, 435530, 232074, 333139, 45540, 155951, 368757, 127582, 32209, 334572, 312517, 379319, 160147, 457083, 338983, 203572, 486803, 8864, 202557, 460377, 434653, 238049, 121271, 252129, 414581, 444069, 264589, 194919, 280850, 34889, 489866, 475827, 22192, 119932, 343926, 459865, 407655, 404565, 427990, 469265, 174666, 44347, 473309, 288805, 181930, 474717, 397405, 164248, 153874, 178674, 201283, 67936, 126388, 397739, 53993, 200105, 427970, 96971, 388851, 28529, 19374, 246730, 446244, 41915, 104179, 175724, 16078, 335519, 468344, 423641, 148135, 305431, 116232, 322072, 37910, 45292, 117316, 24577, 152875, 120844, 346554, 479718, 353849, 22977, 339773, 367203, 167451, 34260, 191343, 128080, 412911, 44776, 59898, 101897, 175432, 314221, 116355, 195033, 487781, 255436, 421396, 229426, 137380, 344047, 419728, 401342, 104624, 223073, 67395, 44988, 422433, 479015, 270635, 79295, 295749, 380306, 376220, 52586, 499328, 468519, 472841, 428443, 104834, 442060, 152370, 214755, 230751, 326565, 146722, 435334, 215444, 297759, 180532, 445838, 484224, 440757, 293190, 105879, 272799, 231328, 487105, 210452, 405165, 434498, 82596, 245275, 339843, 405193, 412934, 237312, 245980, 237197, 400327, 102847, 472074, 377439, 477780, 248506, 21638, 301709, 41551, 441681, 444452, 258318, 363977, 264827, 161970, 192836, 415029, 32469, 257376, 54784, 393088, 388554, 136672, 209841, 354623, 25829, 264781, 298861, 394920, 388629, 350750, 125275, 454414, 351504, 469772, 199592, 312879, 379820, 411841, 69454, 183833, 232161, 415364, 380609, 210650, 69680, 431875, 77652, 346524, 191255, 458931, 39490, 405950, 279211, 339495, 410600, 229793, 156183, 437452, 25645, 269341, 256260, 373437, 131386, 267362, 463680, 316057, 240953, 170325, 408953, 478936, 311190, 222578, 327729, 39987, 262916, 322461, 425975, 216965, 437416, 315639, 167213, 44491, 354527, 325302, 6528, 145047, 366384, 463291, 96980, 471836, 213945, 383930, 340053, 458139, 267141, 439579, 1318, 136879, 178223, 5422, 78077, 47933, 112238, 236811, 360465, 217206, 300482, 300221, 286428, 100226, 266195, 274649, 329155, 248660, 81408, 460081, 372934, 157869, 229165, 92056, 38467, 499325, 197180, 496543, 76957, 285470, 485842, 238264, 467538, 148919, 75508, 364810, 14747, 489956, 389820, 138249, 227782, 341175, 198257, 443139, 8083, 62806, 24819, 461445, 54155, 372698, 192705, 360908, 290350, 452942, 181685, 288042, 304229, 311904, 15643, 244553, 265108, 91286, 23298, 294668, 224429, 418722, 121927, 484447, 352166, 98054, 208329, 172056, 492615, 193969, 253556, 134135, 453745, 128265, 84916, 243869, 284990, 2667, 49597, 440620, 53329, 45360, 388321, 474828, 189923, 306818, 178578, 8355, 176188, 160323, 82177, 323786, 123162, 253649, 403292, 486893, 111668, 310274, 239598, 325890, 93261, 67429, 436480, 375979, 215104, 341416, 79585, 27697, 63552, 236517, 287990, 215348, 283480, 158071, 236182, 44871, 329199, 32891, 423945, 196141, 69948, 286164, 12808, 88256, 112832, 414629, 250130, 354233, 401039, 357715, 427144, 290853, 5772, 489255, 191151, 350177, 436109, 167430, 135247, 302296, 71945, 139974, 483549, 487536, 188057, 484398, 48877, 410378, 348801, 51119, 42292, 5522, 381547, 443684, 136929, 297810, 353907, 137918, 202330, 497129, 149260, 181315, 328832, 440272, 22267, 81941, 383375, 382739, 492877, 130815, 394675, 224463, 61781, 437646, 157874, 478556, 38556, 366260, 339158, 332743, 49423, 311920, 19769, 337374, 342766, 400486, 302744, 415113, 394660, 102027, 22843, 163265, 426314, 481985, 189144, 389964, 31985, 21671, 431094, 289153, 464502, 125612, 470514, 142534, 398130, 492455, 366786, 115094, 407538, 401221, 83745, 104338, 208896, 325766, 233527, 100930, 200813, 19330, 494778, 331258, 290340, 108870, 373449, 364115, 70464, 213797, 443492, 40020, 327160, 327760, 269611, 450531, 260806, 451080, 162380, 135134, 396569, 377576, 474572, 113315, 380333, 96904, 179256, 486413, 350369, 180976, 21427, 442039, 374604, 23358, 120285, 172663, 385678, 106541, 412623, 169285, 46752, 284975, 168365, 164886, 442936, 470443, 255349, 67855, 2323, 488682, 48886, 488804, 213888, 430460, 107756, 357529, 348440, 53329, 121727, 45112, 351727, 468379, 230391, 310476, 49399, 39482, 288893, 390970, 491532, 239693, 105153, 145621, 122689, 33137, 424417, 25375, 44459, 56335, 334843, 387678, 477925, 282498, 103289, 249806, 28781, 382786, 411749, 327999, 170390, 10048, 326648, 460071, 456055, 302557, 361602, 208647, 488053, 431136, 318859, 188034, 75997, 33964, 411060, 145961, 256507, 321866, 24109, 1253, 434760, 410615, 55615, 253665, 309471, 170714, 353535, 27406, 345096, 37055, 183534, 40950, 95633, 221707, 431027, 285132, 164878, 390544, 11953, 262023, 295030, 452020, 193472, 57262, 446486, 23092, 383688, 11226, 3498, 137985, 100552, 97629, 399844, 139551, 488863, 277853, 364154, 48864, 321586, 255151, 275099, 67747, 485849, 453106, 461915, 445006, 355882, 22573, 109630, 26894, 136696, 488102, 57099, 129057, 285189, 381960, 89023, 302902, 484939, 99030, 158350, 499068, 250782, 348814, 315760, 494294, 380922, 477075, 493865, 56934, 65059, 476258, 378039, 435694, 355848, 35655, 372764, 149236, 225026, 174775, 74366, 20345, 392193, 70258, 353900, 180209, 420583, 61530, 192828, 26844, 340834, 283295, 368994, 388752, 12627, 320017, 383988, 154623, 385783, 43192, 235537, 299078, 252330, 458650, 468882, 414435, 22064, 480458, 49000, 72313, 87345, 393876, 64328, 186580, 125076, 425339, 319753, 185653, 400503, 361790, 16643, 112788, 156125, 29611, 431290, 9164, 212871, 86072, 471652, 14052, 289535, 298796, 243607, 436004, 283877, 459102, 447402, 462209, 338118, 16504, 468854, 469861, 236943, 55270, 476970, 87174, 229865, 299915, 418657, 344060, 37063, 2033, 289440, 219586, 173527, 494119, 77718, 472908, 351090, 119355, 423786, 458548, 411387, 28207, 259705, 205863, 245980, 345778, 406540, 281331, 484427, 216855, 359214, 343190, 213466, 308702, 367716, 271480, 129733, 470538, 378310, 225223, 221655, 89593, 42897, 142258, 141812, 358689, 26940, 180066, 198380, 161997, 408568, 115340, 439995, 80021, 461573, 187004, 22993, 32470, 328433, 258545, 134804, 452114, 20966, 178162, 446637, 50095, 410838, 377784, 154340, 83625, 61160, 361338, 9900, 25146, 321732, 478132, 26544, 15477, 125037, 159451, 431820, 54751, 351316, 133734, 474623, 265482, 476702, 384688, 260318, 315605, 401537, 99479, 103604, 348583, 168955, 410416, 149537, 425971, 207876, 395238, 367151, 107235, 44640, 284774, 267673, 490190, 83705, 143976, 138842, 112396, 154554, 425733, 135620, 452702, 214048, 301608, 94974, 469396, 461598, 423934, 31421, 152081, 448570, 335056, 302977, 377506, 205330, 267906, 284954, 451637, 187846, 19719, 421461, 135288, 488750, 405896, 162063, 166998, 383820, 330743, 355365, 226716, 278622, 54540, 332558, 54758, 30175, 113040, 178335, 164086, 160642, 303569, 179652, 146782, 34987, 374305, 272230, 42766, 226497, 37495, 262193, 269203, 469034, 237756, 292993, 27047, 474519, 327985, 169755, 326468, 120871, 444867, 20848, 111996, 99031, 461022, 172760, 160754, 43295, 205912, 456207, 107758, 349328, 70228, 65558, 239680, 41320, 137963, 260878, 217847, 282501, 401277, 433595, 336855, 47283, 145424, 40554, 185415, 466688, 68572, 23800, 35113, 296686, 223620, 311011, 11438, 279392, 244559, 138561, 119346, 133546, 20394, 114276, 305042, 176329, 243291, 303377, 1113, 327182, 428337, 250288, 373838, 319377, 370445, 396437, 365682, 170963, 378863, 277234, 186544, 127335, 405433, 332451, 185482, 81819, 280023, 346847, 368145, 141149, 221492, 195524, 352032, 120298, 338232, 397049, 133643, 242561, 40762, 417627, 313157, 108837, 343731, 378551, 275632, 83541, 381087, 342257, 18318, 215255, 412375, 398824, 429002, 37719, 211091, 54656, 495576, 330357, 402979, 306564, 150591, 338174, 290476, 183649, 34159, 205969, 394050, 472329, 459213, 75320, 87873, 146455, 192364, 438387, 376096, 356835, 119676, 65271, 320710, 187721, 97895, 271124, 288784, 34052, 441485, 65376, 323287, 131517, 124611, 187424, 258532, 391423, 87504, 220213, 332858, 8732, 488903, 136803, 298994, 420977, 206964, 328944, 91989, 11299, 274311, 186862, 402945, 10695, 274349, 463070, 373536, 349714, 66934, 328398, 80883, 445675, 296059, 292648, 442039, 124526, 478139, 209764, 337199, 389500, 71127, 260226, 288390, 409432, 253489, 332032, 470663, 173458, 73131, 263756, 435624, 80567, 349960, 256961, 46133, 415961, 46989, 388598, 119568, 269918, 28626, 256837, 150598, 29397, 409798, 339619, 176259, 312175, 331004, 252661, 144745, 403034, 155297, 389762, 327810, 317814, 77128, 57354, 209579, 352382, 48676, 48735, 672, 337688, 1302, 331511, 47011, 232025, 181154, 370578, 129867, 324500, 367162, 382721, 421758, 129407, 101009, 285814, 200884, 104726, 481741, 337653, 194906, 353111, 409252, 403853, 351459, 329534, 30389, 330524, 99069, 175393, 60552, 309408, 170067, 377803, 395954, 304833, 93756, 86894, 247030, 435451, 198815, 215978, 392596, 93891, 74425, 490192, 274763, 110430, 408687, 292625, 330183, 327132, 477120, 281107, 151238, 234735, 2777, 480455, 356208, 49913, 166102, 155754, 180507, 114305, 170002, 467583, 160336, 91042, 7867, 64026, 456602, 94937, 152592, 246075, 271847, 398304, 371081, 393617, 280707, 471679, 145824, 324349, 58125, 282982, 363817, 495729, 498014, 52632, 414769, 55675, 211231, 72205, 226954, 431302, 288980, 98324, 424128, 107475, 241707, 267726, 215387, 162558, 299098, 81869, 25120, 260446, 410133, 262876, 455188, 87953, 353306, 443325, 386946, 103553, 140905, 492327, 71676, 392544, 464458, 261548, 189844, 397937, 161167, 42694, 295834, 13862, 276046, 93874, 321221, 249268, 232833, 415137, 464674, 378846, 355344, 105402, 112124, 203862, 437778, 411207, 268533, 399222, 225992, 297025, 469575, 220557, 403724, 328829, 471460, 63207, 234987, 63522, 285005, 319459, 243254, 211664, 299696, 60869, 395192, 346555, 454397, 50324, 223299, 474422, 10828, 444926, 141351, 332127, 199414, 167398, 11713, 26289, 28120, 392927, 272360, 395971, 447024, 236189, 344459, 400914, 335265, 257186, 476106, 474192, 150896, 320041, 57043, 147132, 98923, 234089, 423194, 235096, 163506, 69449, 94083, 193543, 391926, 193585, 184371, 444958, 136601, 314211, 360640, 267158, 496292, 237359, 191134, 306944, 497646, 121566, 96365, 225383, 270497, 467145, 423999, 222405, 23077, 287154, 175018, 277686, 401020, 166185, 320196, 427000, 397482, 159946, 378645, 397515, 453246, 188939, 201389, 456610, 332063, 392807, 279763, 104832, 251930, 471872, 176846, 164895, 330748, 133000, 31176, 263528, 498153, 77908, 258998, 312866, 304263, 444140, 247725, 140037, 496230, 300713, 476000, 435489, 40588, 196975, 208824, 225279, 21400, 276979, 396166, 368297, 335443, 198095, 346479, 60972, 441445, 352730, 160740, 486334, 34124, 130531, 395915, 169882, 37994, 243118, 420020, 175077, 105151, 343239, 280608, 68550, 475398, 40403, 377604, 291391, 164102, 415310, 200468, 214995, 118102, 328801, 181043, 74974, 351756, 35740, 321878, 445523, 50350, 36046, 440295, 405684, 365787, 490910, 164277, 254005, 379691, 466404, 307125, 73112, 6463, 236924, 327321, 385936, 447170, 201420, 105928, 263266, 400626, 181537, 8197, 404667, 360460, 388122, 387920, 445265, 163198, 157621, 206870, 276327, 288808, 442083, 234071, 481850, 110017, 312524, 115181, 109284, 106710, 379096, 253225, 252056, 423404, 203497, 123842, 419185, 38459, 270529, 151900, 413362, 59684, 61337, 77149, 29804, 140205, 139164, 358021, 73356, 418852, 68757, 492458, 122073, 291419, 311986, 241104, 471236, 211052, 189354, 438716, 474599, 169791, 75961, 186802, 102628, 366614, 399665, 173503, 13473, 323616, 491275, 51776, 6071, 243300, 231059, 57070, 320156, 20831, 345370, 60316, 33880, 370762, 470482, 181024, 331940, 246297, 212140, 302419, 19140, 464740, 206372, 398500, 345656, 363743, 73317, 179088, 290156, 319400, 20600, 239727, 420068, 163670, 81583, 292646, 185490, 282535, 82802, 371537, 122771, 43892, 287157, 353066, 343436, 74916, 161763, 121603, 398260, 451775, 351874, 269442, 449716, 349697, 8338, 172857, 5027, 343537, 4940, 337341, 389878, 371320, 455710, 408185, 283166, 343181, 415285, 132374, 64650, 144626, 255695, 132808, 111681, 57016, 420533, 298125, 75560, 62960, 335550, 171389, 94883, 19168, 62862, 471621, 261033, 249480, 182055, 76326, 488997, 476330, 14946, 218010, 222392, 317867, 478312, 463547, 454594, 129605, 222825, 191955, 17507, 171191, 354060, 419030, 458100, 291358, 171962, 51821, 304556, 27997, 492978, 102299, 72517, 346068, 152548, 6849, 50840, 159449, 161499, 214319, 217941, 306190, 165359, 197114, 170931, 37231, 278335, 268625, 312480, 397760, 90266, 477934, 490716, 93498, 261237, 76391, 332447, 424966, 141853, 140760, 96981, 437058, 305810, 406051, 197728, 401955, 351464, 267947, 284214, 374480, 308515, 170221, 227103, 50649, 277389, 492024, 163634, 167126, 54510, 76834, 56153, 152184, 272449, 198802, 462944, 177474, 204803, 449029, 380248, 459326, 57663, 461743, 127439, 401864, 367752, 211569, 188419, 493807, 77406, 323489, 69797, 61495, 126844, 485256, 443663, 174824, 23670, 24686, 350036, 127758, 221186, 359098, 65998, 233339, 486538, 394780, 182499, 237086, 300690, 492475, 279059, 167696, 344934, 263884, 291542, 379793, 326337, 168804, 432318, 124120, 285121, 254374, 371566, 279326, 198315, 225892, 127954, 128138, 51700, 318599, 196947, 488689, 225948, 358713, 210255, 325481, 177217, 74786, 410513, 317543, 281557, 244926, 433368, 340180, 478628, 447847, 498697, 312784, 125849, 256974, 310509, 272201, 371658, 309021, 236160, 470870, 325518, 321554, 401363, 380708, 152390, 262477, 199219, 468797, 102669, 257902, 129872, 405469, 382785, 27516, 56788, 370936, 437377, 367027, 49282, 91130, 326712, 178031, 7372, 335525, 54525, 450096, 464070, 271280, 263193, 192791, 271357, 275868, 307460, 169803, 256409, 220215, 56748, 195841, 111319, 272032, 229656, 332615, 291940, 157173, 103483, 253225, 163697, 384764, 473353, 19899, 454677, 21303, 15900, 204368, 456802, 157452, 51562, 292479, 439300, 410227, 144992, 444432, 171802, 366731, 441593, 5115, 250114, 386115, 36634, 361652, 347104, 218049, 275490, 14229, 424311, 17357, 471869, 464017, 16112, 96986, 147154, 382725, 214339, 253490, 241565, 43520, 427044, 25186, 100489, 340601, 393639, 92674, 287799, 373461, 63907, 323717, 288719, 491748, 250220, 168475, 208148, 363874, 98949, 158963, 112068, 150700, 56276, 13111, 264350, 106529, 488590, 181162, 253869, 111200, 36301, 353969, 127610, 106617, 283497, 293043, 465635, 479202, 429009, 481136, 25049, 376809, 455545, 222182, 350512, 377429, 158644, 179026, 253774, 93208, 395254, 334993, 482567, 257316, 33911, 463625, 361821, 141644, 71076, 282189, 407838, 445671, 334944, 291070, 14112, 350576, 114701, 386049, 194780, 261763, 468738, 177040, 317403, 104835, 402253, 384859, 67717, 251453, 308722, 136771, 388949, 401175, 217859, 73323, 336955, 34745, 293905, 451886, 169307, 44219, 304499, 348685, 221437, 125237, 113774, 145176, 385242, 410685, 193641, 375289, 29681, 315998, 123075, 279919, 179955, 179741, 393609, 257250, 6301, 403627, 71738, 463389, 13358, 67311, 40420, 228818, 43787, 390151, 456995, 114784, 248567, 261059, 411732, 486777, 239152, 447151, 30152, 224767, 359731, 448911, 79286, 190526, 219450, 122744, 301750, 9304, 225738, 402553, 329214, 490277, 136332, 372077, 209244, 295845, 8715, 342722, 361305, 112781, 266874, 242990, 348674, 182808, 187190, 13643, 70035, 177940, 436946, 278411, 347811, 106458, 83651, 150038, 374793, 492145, 76176, 372866, 291685, 391019, 323413, 27668, 290505, 497726, 92584, 318218, 235746, 469829, 249349, 46394, 129907, 87497, 448512, 112618, 214788, 267618, 376922, 185214, 286576, 418219, 204318, 62795, 223915, 180293, 151497, 386989, 4476, 197885, 72551, 410030, 42589, 317368, 204982, 166273, 81886, 460074, 370818, 414389, 57083, 271395, 171407, 313190, 119590, 27234, 138530, 86927, 344074, 330409, 324631, 421908, 361897, 317074, 494142, 325520, 171363, 280932, 5015, 56255, 441841, 439462, 394551, 274946, 293830, 388225, 167045, 231099, 1237, 422580, 211859, 63828, 252302, 67238, 294916, 343675, 424139, 413738, 363467, 170564, 121636, 308733, 184247, 91789, 216003, 1462, 64747, 77774, 382047, 478953, 146578, 203828, 30946, 147152, 457259, 305075, 478832, 417910, 335098, 288324, 91306, 11575, 192393, 197649, 395968, 114447, 118230, 86177, 389455, 286812, 437750, 251614, 36169, 300180, 95291, 198838, 253874, 194008, 293870, 133262, 346106, 324044, 26175, 276179, 362703, 55739, 379862, 94310, 426766, 103536, 21254, 239547, 265176, 467094, 498093, 223039, 248915, 24113, 374417, 189173, 368036, 70666, 463343, 376802, 76552, 254265, 89262, 311116, 76623, 292756, 365963, 85817, 257196, 57831, 37946, 247653, 330790, 93884, 411178, 30301, 263360, 135300, 93204, 448693, 181972, 235077, 404489, 333976, 96192, 448583, 79514, 395333, 70923, 214626, 331807, 81148, 414355, 97554, 78595, 391643, 220167, 98262, 317801, 165980, 383105, 302979, 323052, 197746, 341883, 209808, 362457, 127296, 265764, 28483, 71366, 358742, 467035, 488854, 139809, 6036, 241331, 176191, 311308, 148858, 361796, 36065, 273957, 25154, 67102, 242837, 402524, 192827, 299390, 216556, 15586, 446607, 171029, 411425, 66845, 316773, 281319, 298741, 40080, 378289, 248071, 120852, 480681, 379771, 318306, 98934, 471634, 446132, 142935, 488321, 246394, 370390, 475270, 94573, 474789, 411034, 1255, 348402, 393356, 414569, 27661, 209556, 397497, 167409, 446368, 70208, 266458, 36307, 373402, 11295, 5059, 187540, 193562, 487989, 82411, 5161, 85128, 233838, 466520, 57602, 273995, 114576, 143704, 391721, 429273, 401430, 286283, 309672, 130239, 101031, 225918, 65555, 171207, 191139, 299286, 299727, 400942, 370217, 335337, 48781, 139311, 394194, 310467, 234328, 402060, 55460, 236878, 37037, 74770, 291425, 447335, 156493, 239684, 382402, 351935, 431382, 309589, 399443, 257716, 33812, 483421, 332055, 222117, 289263, 394487, 250511, 46274, 357545, 186725, 3921, 457635, 411682, 380650, 287067, 418973, 54617, 105885, 386312, 2079, 90277, 78713, 181619, 63132, 157080, 426143, 87814, 380345, 175689, 390246, 444544, 264665, 211216, 61939, 460049, 54592, 363387, 235304, 256454, 45331, 193949, 211840, 138576, 370070, 95078, 299546, 88612, 171544, 221128, 242631, 56415, 116265, 366856, 210631, 297748, 469858, 29665, 164886, 386710, 355423, 398608, 188440, 29329, 223877, 469612, 277124, 366024, 350437, 83454, 480548, 293279, 185703, 73272, 19882, 175289, 218457, 394465, 240760, 75265, 204567, 367375, 51974, 299104, 268332, 260572, 359517, 116555, 327648, 390593, 1746, 248132, 401954, 45129, 457686, 415456, 1021, 74445, 355547, 167272, 425460, 416617, 54387, 116173, 366917, 460811, 252076, 282361, 301226, 149904, 71584, 98139, 181468, 159821, 302773, 251960, 70187, 295975, 341887, 474132, 255510, 241524, 293495, 126765, 365508, 192307, 300732, 250734, 476976, 373299, 42648, 18053, 424581, 343117, 411818, 195415, 246479, 361718, 232212, 186779, 18946, 360561, 376226, 286936, 200210, 370076, 497280, 129130, 100608, 473427, 114404, 167476, 301457, 182681, 407363, 90899, 101461, 278023, 118334, 248537, 384092, 148196, 190085, 184151, 377279, 419318, 148500, 436821, 416454, 446016, 205418, 348016, 231132, 58543, 120375, 116294, 59394, 68833, 12375, 429126, 241277, 245227, 105852, 244659, 87542, 214114, 124057, 237665, 15627, 476082, 361142, 400028, 16447, 66392, 88846, 196175, 465135, 64142, 492317, 11994, 383069, 279749, 44402, 277140, 102802, 451169, 369517, 442449, 451093, 188037, 309000, 99015, 488594, 406893, 455812, 34207, 109969, 197518, 16004, 211137, 27254, 429282, 265639, 206335, 434493, 489182, 356173, 398473, 476159, 325154, 249980, 204622, 412451, 214507, 135665, 188813, 242832, 475210, 167396, 230830, 67195, 240670, 425435, 289608, 429116, 99971, 68082, 96807, 196421, 128597, 110282, 460637, 283538, 105039, 40865, 366663, 423232, 254776, 94690, 1896, 235973, 302230, 180861, 283496, 274770, 363446, 59381, 413178, 209249, 61988, 475097, 242944, 212378, 266861, 478627, 250677, 36622, 164425, 121443, 124754, 24524, 288098, 270359, 265670, 411131, 444074, 450335, 180567, 420052, 261814, 466224, 152663, 457856, 337313, 108857, 198420, 73760, 19512, 254367, 438542, 83267, 59294, 469353, 98179, 304769, 75152, 224457, 222879, 455684, 429363, 69602, 363022, 45556, 359825, 240538, 71217, 483967, 292934, 258096, 460613, 384935, 49774, 167129, 208198, 356260, 372838, 227918, 402767, 466478, 365870, 85514, 16499, 105386, 90734, 470275, 389693, 342412, 82083, 10962, 4091, 15523, 232789, 426946, 365744, 443575, 356946, 225803, 253220, 188088, 417811, 390067, 319538, 47871, 211053, 374050, 285823, 217303, 138625, 82826, 442818, 62636, 19262, 190489, 28135, 319055, 302654, 2729, 21298, 251077, 65002, 122754, 320883, 6369, 249476, 442073, 262084, 49645, 229786, 282736, 223222, 348145, 111867, 474214, 145767, 398386, 350848, 4135, 211736, 52815, 303519, 223630, 283176, 440930, 304445, 98003, 176840, 344445, 137766, 492192, 308173, 347434, 6659, 275195, 216367, 341968, 463359, 485357, 131910, 296666, 157675, 226566, 206942, 242921, 218091, 50884, 133539, 28137, 161736, 33331, 383167, 482633, 26652, 242664, 328491, 344064, 60696, 124426, 496878, 274196, 459775, 375616, 337772, 444169, 276810, 228143, 427347, 146342, 153805, 443439, 208962, 249069, 332695, 247600, 255770, 443086, 459127, 421516, 192459, 129446, 240576, 69658, 112407, 415901, 188832, 68066, 479279, 183140, 477534, 390985, 295230, 462887, 414941, 261247, 72622, 295480, 398239, 55470, 426048, 176051, 293466, 108482, 240575, 465911, 215315, 140921, 457209, 90021, 232782, 244152, 140056, 414711, 129449, 338356, 466049, 261394, 93150, 496201, 183223, 429680, 386737, 491748, 310468, 295551, 89186, 364981, 122514, 309132, 257809, 63222, 331273, 495369, 84053, 338182, 201462, 11395, 364257, 44747, 162534, 385938, 206463, 120596, 312314, 157696, 303032, 42457, 188123, 217590, 379175, 229463, 101271, 82764, 377379, 420344, 91081, 427084, 298162, 428906, 191370, 160225, 43977, 431901, 17955, 333685, 140969, 24962, 476902, 329709, 231903, 443792, 244927, 343120, 293428, 356987, 203590, 280592, 156400, 301823, 36910, 289540, 21767, 58810, 35864, 357208, 194707, 30314, 196300, 310293, 183194, 352672, 7569, 266189, 370417, 407586, 160441, 322371, 278973, 302929, 134373, 176101, 308301, 15069, 98038, 44289, 37892, 44394, 498047, 115725, 205132, 489225, 164402, 228881, 368514, 431126, 66642, 309610, 394878, 298683, 351076, 275567, 26589, 308653, 89662, 30792, 362155, 228041, 96336, 2, 369066, 235504, 392916, 11519, 130015, 193756, 387447, 110939, 63691, 326717, 137578, 431060, 141608, 263424, 283662, 336609, 112224, 229103, 279514, 399883, 89290, 210886, 3921, 286550, 144572, 298032, 335332, 354531, 169268, 134625, 433229, 225561, 79298, 479141, 140357, 399632, 347210, 444547, 498594, 463326, 391589, 428511, 453376, 154496, 275170, 255111, 65035, 183236, 90696, 441080, 226436, 31517, 186427, 148571, 221385, 499419, 118623, 468238, 284453, 423530, 186244, 302753, 425507, 109607, 36217, 327550, 5378, 62915, 493151, 367158, 250668, 83308, 397034, 446172, 243828, 227351, 433033, 283201, 331430, 207504, 470893, 193019, 200416, 61702, 224136, 230714, 174902, 331318, 474342, 50969, 242795, 327242, 244671, 360037, 372952, 51059, 116554, 376726, 461870, 416864, 314962, 298945, 24135, 60258, 180389, 348297, 249296, 219466, 70985, 436662, 416320, 198011, 432920, 4700, 260823, 28406, 143562, 147898, 209154, 415934, 399042, 459819, 417574, 387704, 398283, 201972, 419378, 16526, 318937, 439067, 335740, 364651, 437120, 23089, 36249, 215822, 190071, 331904, 190934, 394805, 96608, 327665, 193115, 249142, 358980, 170258, 69084, 314289, 186110, 38512, 175682, 407700, 379030, 64673, 424033, 84838, 226906, 87359, 255263, 32189, 120760, 62643, 159634, 157162, 199388, 125680, 441496, 143177, 6490, 419067, 15954, 400595, 241229, 144776, 78153, 39421, 38220, 76313, 200676, 381949, 487070, 378039, 153185, 454631, 37137, 471272, 257382, 308263, 87562, 102987, 252884, 446504, 364816, 323541, 178551, 125182, 137471, 399661, 463729, 69307, 418836, 476641, 369333, 196393, 94250, 53711, 306981, 181470, 373943, 290000, 375980, 238795, 204087, 17060, 381525, 101665, 443623, 494623, 156403, 233883, 357547, 68719, 490361, 346064, 159240, 438954, 312205, 125432, 456617, 264343, 252153, 350211, 393239, 118578, 463900, 295025, 98299, 133269, 183594, 110175, 430643, 427432, 151678, 174232, 77153, 300027, 174705, 289886, 9083, 439954, 321924, 479488, 406525, 265355, 35692, 264027, 450977, 169293, 182523, 109717, 388427, 300479, 14333, 166515, 31459, 205849, 139174, 46881, 80410, 100740, 444168, 292590, 283627, 211580, 405627, 40419, 165995, 431052, 196332, 497410, 322429, 462034, 171703, 68097, 245848, 106197, 238195, 196013, 145362, 379332, 172582, 260813, 61010, 359482, 100311, 101918, 188072, 245684, 404983, 208037, 148296, 42115, 30645, 170633, 285470, 362258, 457329, 395951, 387884, 249713, 488642, 30527, 445573, 170939, 283874, 261354, 312220, 262413, 47269, 257894, 77660, 214201, 202310, 95386, 236497, 261574, 5520, 402209, 317988, 429938, 453276, 448824, 336026, 438043, 455409, 434687, 35575, 66610, 177392, 481379, 247071, 191273, 12399, 435648, 33114, 241500, 78690, 166315, 464228, 456315, 243890, 485128, 42715, 3571, 71929, 171686, 134252, 286121, 460505, 353231, 207520, 21734, 264384, 436758, 270128, 290064, 437626, 169442, 273400, 83071, 75807, 339927, 296656, 231267, 41757, 496018, 263750, 156127, 471750, 479831, 307153, 368, 116619, 394457, 387973, 234864, 232312, 433867, 263146, 446465, 215206, 42492, 103009, 115732, 407508, 91175, 51618, 497329, 383300, 305157, 105703, 365994, 384714, 14712, 440903, 242921, 323170, 201560, 157151, 154217, 301328, 286837, 462177, 328253, 302264, 99050, 457216, 22667, 144200, 368274, 196191, 481077, 105544, 481922, 333709, 208616, 74369, 141879, 472290, 335149, 59739, 82823, 499250, 59207, 103795, 442855, 97364, 81833, 135172, 463145, 419388, 378943, 142926, 499354, 38871, 274836, 353826, 387692, 108405, 475936, 391139, 76705, 158836, 200609, 120051, 213892, 285712, 350424, 188770, 392527, 50281, 87975, 204248, 27969, 344240, 296895, 349996, 101379, 402163, 403793, 438145, 346345, 177116, 341650, 413696, 125101, 258784, 118294, 106521, 323497, 35596, 96070, 335582, 341665, 430916, 345933, 273944, 215613, 201851, 148071, 471903, 451537, 369675, 63238, 491683, 393609, 90690, 493453, 221877, 54918, 46659, 494544, 80730, 197236, 261185, 249212, 110520, 227447, 302469, 17540, 59074, 75191, 165963, 61455, 218453, 280073, 417862, 261074, 69731, 363294, 105120, 313414, 21459, 282121, 191288, 327789, 171819, 184850, 105507, 106613, 101840, 71434, 454812, 12543, 110477, 359109, 135127, 276172, 155118, 368230, 48196, 385558, 361351, 188696, 170286, 187856, 122259, 344949, 181706, 365072, 180193, 435472, 297788, 78563, 468466, 31179, 8475, 392465, 387436, 152050, 4496, 398341, 453394, 210652, 14744, 96581, 44950, 12883, 494053, 58974, 395091, 389370, 34185, 23347, 119547, 45467, 343491, 247492, 401674, 177342, 185353, 362143, 455332, 412219, 70403, 309216, 197289, 364086, 430191, 172675, 466444, 309839, 370603, 348515, 410890, 437814, 436039, 369112, 173339, 267882, 106808, 136824, 431691, 221028, 233699, 339699, 424146, 37087, 58998, 215992, 375754, 416200, 386110, 174111, 245680, 425442, 434608, 118680, 195712, 104247, 85951, 393063, 159286, 313359, 169409, 356633, 39712, 194689, 169056, 253020, 246191, 212617, 210694, 209776, 239509, 302978, 53167, 397474, 73467, 392160, 207620, 262532, 331673, 149087, 181843, 232895, 181781, 120592, 206484, 30545, 137924, 125945, 358598, 210859, 215139, 333389, 235821, 242869, 276391, 331020, 396037, 33783, 191975, 27570, 259532, 193912, 231148, 37777, 196787, 420812, 473611, 242012, 86522, 41336, 98268, 347065, 164464, 234991, 79660, 380828, 204916, 123446, 164432, 96122, 88196, 132868, 421710, 364450, 80990, 43937, 101270, 255113, 46531, 213596, 467436, 348624, 75335, 409012, 297475, 318957, 353655, 358879, 283039, 167647, 379793, 99166, 179695, 6183, 287171, 11948, 269366, 479048, 413714, 466769, 13129, 20750, 151309, 53312, 181444, 228541, 130125, 150324, 333293, 28236, 12927, 437384, 358231, 400866, 230896, 432317, 133105, 330042, 466622, 187452, 51580, 270145, 438615, 284927, 400919, 220767, 387968, 483528, 103132, 473559, 458276, 212403, 157559, 416237, 74565, 438655, 345878, 44535, 236644, 262406, 189770, 197913, 206600, 51665, 453160, 382395, 416760, 191576, 321294, 297963, 285823, 392053, 372046, 67525, 106662, 10069, 71986, 57434, 25237, 261272, 318365, 216241, 125901, 34902, 292409, 87409, 196354, 213914, 245264, 292232, 221510, 210526, 353113, 264067, 482562, 128967, 339605, 86503, 457917, 458405, 131442, 84221, 13172, 375594, 255589, 413665, 30292, 447029, 373829, 119530, 495631, 166966, 259167, 166824, 376978, 338015, 158170, 312874, 436026, 314998, 113023, 413114, 176168, 242079, 183577, 5824, 459344, 132998, 109631, 310643, 483811, 319873, 284592, 259475, 391567, 127482, 401959, 127833, 252825, 350642, 449690, 107712, 439392, 442258, 218029, 154518, 147888, 96278, 478250, 101562, 465637, 172964, 34329, 23009, 174359, 318525, 297007, 420136, 440667, 247561, 431963, 218399, 371372, 496229, 446864, 347514, 345429, 332543, 359571, 485345, 417680, 198747, 3069, 433018, 266435, 59980, 402294, 218618, 451350, 8567, 149000, 94406, 464194, 439009, 295594, 4569, 301840, 227521, 333245, 122447, 150499, 179650, 101365, 457656, 167749, 276686, 305909, 387413, 264819, 137087, 25450, 308694, 145087, 183297, 127653, 142530, 476534, 383623, 56120, 63933, 469032, 200316, 121252, 144992, 275323, 51655, 238498, 178423, 233347, 384955, 121277, 244477, 465597, 98453, 345285, 47067, 27022, 358664, 470159, 242316, 288061, 124968, 117558, 306458, 219740, 106207, 118987, 216141, 353434, 266444, 337531, 480882, 242800, 258310, 122952, 170823, 320257, 326096, 155900, 320986, 109849, 443978, 217410, 327995, 401880, 262969, 300722, 320779, 100159, 430535, 368902, 354207, 377964, 124246, 357358, 467597, 27148, 466074, 104716, 140391, 352262, 16082, 14888, 129197, 321573, 434837, 881, 233951, 343577, 330838, 180244, 214779, 445964, 306423, 477130, 283944, 396633, 409692, 494790, 4448, 148420, 235987, 149349, 428388, 294389, 412469, 149513, 129723, 96308, 462946, 249859, 434920, 463277, 53306, 422084, 99686, 498074, 239749, 32108, 193313, 301678, 339342, 132558, 133771, 27707, 138653, 455060, 429435, 441750, 129118, 8129, 356081, 295097, 93292, 231400, 82420, 218228, 331295, 437667, 461682, 3201, 36238, 274747, 288706, 295782, 200496, 462475, 40678, 261378, 440285, 55197, 323382, 3577, 398902, 448749, 111470, 393864, 281141, 150246, 183607, 349903, 429376, 196810, 174824, 423937, 113228, 169598, 237570, 267956, 400287, 297508, 336193, 312952, 63051, 98955, 82982, 319403, 134363, 186183, 7535, 354332, 43959, 196282, 333718, 299823, 38769, 173623, 472735, 302120, 454679, 486155, 57525, 210999, 34067, 33284, 350608, 19042, 3268, 261292, 122312, 82507, 303149, 361866, 233080, 325018, 170069, 462796, 322603, 183440, 172499, 355156, 249299, 178342, 484434, 278395, 396907, 415861, 498325, 178134, 32754, 48892, 120448, 421869, 243260, 378761, 178778, 427484, 496636, 206678, 496080, 231822, 61454, 217654, 365371, 87473, 43208, 100813, 67152, 138723, 162073, 380395, 366269, 175310, 239042, 493254, 288599, 271373, 108230, 292893, 419122, 364688, 74680, 310789, 47445, 124754, 312995, 379523, 489201, 80618, 316162, 199237, 2467, 310579, 369046, 193027, 122932, 156545, 151800, 251703, 96873, 235877, 477832, 297288, 278505, 347027, 325239, 346792, 347152, 445234, 198827, 195435, 475734, 261638, 136794, 358855, 41952, 481346, 262913, 118825, 165859, 125661, 233793, 333252, 473401, 406159, 285085, 422244, 130146, 373908, 226923, 391065, 24235, 151370, 55458, 267311, 414044, 153518, 79061, 129423, 63606, 59757, 389358, 127053, 203626, 472918, 171828, 248726, 427327, 358675, 241867, 451770, 361419, 338687, 437102, 97852, 301287, 203544, 136924, 137786, 330118, 468507, 8107, 25254, 119063, 135108, 220006, 266627, 300930, 354126, 352382, 141890, 333623, 164195, 206433, 221419, 306427, 354977, 325979, 161489, 180408, 445555, 39277, 405379, 163494, 16677, 409815, 54856, 175758, 347972, 418971, 309594, 171416, 303736, 97656, 206304, 5911, 272699, 398072, 263036, 360657, 16384, 169577, 440236, 243852, 162223, 301354, 234918, 353799, 397085, 495726, 238180, 396576, 490085, 61299, 293632, 446490, 336572, 10296, 486263, 115615, 475778, 163693, 382219, 207608, 424762, 91825, 6189, 275193, 333681, 344678, 422315, 221533, 15122, 132780, 83155, 179464, 477705, 136431, 11701, 486051, 66780, 172987, 133165, 399568, 106458, 321334, 97594, 448561, 296720, 180094, 30408, 2643, 214331, 41308, 96567, 238157, 96806, 262572, 107394, 421241, 82693, 463947, 393334, 471827, 379479, 78005, 179913, 155364, 433517, 251999, 328113, 352299, 6741, 179060, 163552, 285051, 362315, 419552, 360994, 415867, 223457, 191344, 91104, 483831, 311108, 124034, 136440, 468887, 80874, 119226, 309454, 305205, 123377, 125072, 151579, 203790, 248175, 119599, 237219, 499420, 100368, 34153, 32288, 437161, 300452, 284903, 352318, 243215, 72448, 19516, 50754, 473547, 476410, 125264, 152127, 117254, 371072, 333972, 423689, 327050, 450470, 345968, 435830, 262135, 371879, 274671, 177746, 327773, 434124, 235740, 1448, 284918, 272741, 206287, 50509, 214374, 366123, 312936, 395105, 152985, 488421, 367938, 439829, 329333, 232458, 419768, 267674, 263607, 25472, 21298, 127255, 318062, 439110, 321496, 243252, 334467, 108770, 353662, 149834, 14952, 53956, 33394, 106417, 388337, 471096, 174282, 428102, 305061, 426920, 97591, 489100, 379005, 11201, 219500, 331908, 457007, 494526, 438062, 493003, 494279, 64789, 422471, 69236, 422657, 60143, 129346, 87804, 29515, 287852, 196993, 302794, 384356, 459743, 59250, 172171, 440990, 178812, 151306, 112016, 305592, 143224, 276202, 143526, 226197, 69028, 353802, 143715, 428237, 107101, 251279, 209807, 354455, 175053, 246834, 225684, 337340, 443578, 104332, 361798, 299670, 76426, 398177, 74122, 314790, 440338, 173465, 259098, 294538, 298222, 216163, 300496, 214048, 200999, 305500, 397764, 282057, 444726, 497669, 204873, 191153, 420388, 105864, 53684, 290154, 62034, 170763, 33177, 380031, 211415, 382780, 384611, 368068, 232027, 306171, 266281, 269903, 337657, 244269, 27560, 410630, 180636, 878, 307913, 337538, 107751, 175905, 440698, 422973, 160548, 149698, 424651, 139137, 197911, 407878, 432751, 394466, 235046, 422549, 409922, 174722, 69734, 371285, 294146, 60512, 134861, 81960, 389410, 66278, 411849, 495476, 280325, 466769, 450892, 412607, 67292, 311698, 40349, 252326, 406030, 460166, 198545, 235716, 394671, 148282, 369445, 315411, 320703, 7366, 454718, 54616, 300783, 286743, 195647, 443540, 106233, 100149, 115576, 139236, 16856, 172835, 282091, 377756, 459250, 126364, 163744, 76372, 277906, 448293, 170077, 156484, 91447, 294524, 177620, 283943, 244357, 126328, 444366, 112316, 266235, 194896, 392893, 304072, 62003, 487505, 52381, 206685, 406986, 297873, 462602, 191550, 93708, 99689, 112276, 462844, 335880, 472830, 158560, 124931, 341611, 424551, 307621, 10736, 309332, 215493, 172657, 195643, 145565, 6968, 310048, 163676, 373333, 471933, 334877, 118867, 7869, 35393, 391905, 188130, 156936, 153776, 324359, 458404, 342442, 26199, 348034, 374343, 53351, 383727, 184049, 410087, 247599, 295425, 217144, 220655, 292854, 4050, 329527, 440661, 374574, 117484, 303251, 375604, 127241, 165904, 87497, 380923, 381299, 155846, 3552, 224835, 441333, 290033, 452465, 304058, 494426, 38912, 302702, 247551, 303324, 215729, 7680, 210607, 106269, 459083, 251462, 206373, 162247, 32217, 474971, 249566, 171487, 39667, 244319, 28362, 498953, 22650, 257442, 478696, 102236, 260289, 153498, 326809, 58981, 65107, 75193, 455538, 177765, 141536, 221279, 433225, 466346, 161453, 251799, 48507, 27090, 217527, 221936, 85909, 117672, 261081, 463045, 241454, 496957, 119450, 87667, 230572, 397890, 151319, 180834, 125769, 199296, 393809, 416296, 46775, 376531, 337725, 480225, 63609, 62179, 44796, 387289, 430357, 24166, 425695, 311247, 478774, 102050, 244133, 78951, 42113, 379564, 274439, 385867, 381004, 157480, 69092, 147304, 51048, 439185, 128015, 140163, 329906, 165503, 332776, 444981, 231916, 380413, 376089, 301985, 191826, 209446, 355422, 13589, 317691, 442105, 215856, 167217, 381071, 395769, 14677, 418087, 137768, 244550, 48994, 203293, 91927, 397843, 137892, 135630, 115006, 22605, 304234, 62468, 268112, 429241, 204908, 99996, 64851, 213090, 204618, 272708, 34339, 313483, 225583, 261515, 306134, 481578, 223254, 8573, 204392, 340998, 477965, 464779, 403078, 178755, 113902, 15706, 103252, 410130, 122318, 87715, 261963, 456077, 285649, 121303, 205235, 499899, 41814, 42294, 87123, 298720, 347946, 363472, 347401, 2068, 415742, 208896, 202915, 91635, 75019, 437870, 15976, 483429, 103313, 64068, 190640, 85360, 477777, 277199, 206934, 306160, 302471, 441327, 172820, 261201, 4278, 447340, 365481, 403144, 433089, 452895, 32723, 149873, 456114, 356152, 324493, 274706, 100194, 224662, 361070, 334616, 437389, 237279, 495427, 152741, 599, 326778, 473796, 93870, 250618, 477865, 336796, 112151, 433210, 186127, 14264, 49573, 301214, 352607, 315834, 107667, 35346, 18507, 130551, 289954, 2912, 272045, 450313, 19570, 33049, 323271, 431180, 296148, 171768, 306334, 351623, 111268, 369914, 466092, 145612, 491312, 9873, 172473, 144477, 167872, 304415, 217872, 154870, 9453, 379511, 104748, 344107, 302989, 68330, 159401, 168503, 312778, 236443, 288037, 90740, 224130, 187484, 129060, 27793, 493211, 115547, 380965, 218291, 228270, 249994, 498540, 171603, 190254, 279574, 331718, 255959, 427658, 402408, 146630, 73511, 379887, 448198, 318681, 57519, 429126, 253659, 316358, 262072, 477203, 293077, 62796, 115014, 5901, 62884, 104867, 103752, 396712, 499664, 237722, 21473, 88014, 34038, 488415, 224444, 151249, 50359, 390328, 441392, 389879, 55734, 35183, 42938, 365989, 187974, 278977, 205714, 285963, 354674, 316826, 405252, 4393, 162495, 254175, 359960, 312217, 405834, 76676, 414111, 373086, 479104, 298379, 327279, 230158, 145605, 286144, 186270, 105743, 480209, 76223, 417074, 72977, 464120, 419811, 444414, 370052, 286530, 476477, 375953, 377099, 243619, 488382, 28451, 328538, 460930, 71466, 396376, 270799, 328357, 462910, 449723, 140355, 84675, 465451, 33541, 356926, 415236, 221278, 234712, 325129, 148746, 158150, 247767, 194082, 477821, 100893, 150855, 218462, 82770, 422473, 230115, 471690, 162408, 338165, 266178, 218759, 322333, 229452, 88752, 272491, 110495, 227035, 277178, 82240, 160814, 236251, 54987, 254712, 269165, 145528, 402850, 397830, 457177, 355531, 363812, 119392, 63695, 48101, 477610, 138840, 224612, 331556, 178182, 214779, 242329, 12831, 225225, 428576, 298086, 380109, 245527, 241922, 175677, 135239, 33589, 426915, 480761, 369237, 382342, 466313, 360598, 464071, 21644, 266842, 894, 177661, 304764, 206524, 57895, 299884, 48955, 146686, 437948, 354612, 284929, 165867, 161404, 112749, 258169, 296107, 78726, 443501, 124294, 339984, 352410, 109108, 54550, 61421, 314219, 15223, 201165, 419428, 403931, 55074, 117060, 176808, 468080, 166679, 96731, 84123, 462601, 434338, 182587, 308465, 395754, 36371, 175091, 388884, 497875, 379414, 284853, 397570, 495447, 200106, 28169, 402398, 214301, 191908, 113173, 481037, 230874, 148202, 208924, 200133, 40833, 238549, 295558, 359922, 436528, 326048, 203653, 385910, 99305, 23691, 260227, 146979, 316666, 41865, 407041, 283897, 312168, 479940, 364931, 236466, 320929, 226651, 110903, 117779, 466132, 13071, 145657, 30990, 316068, 237594, 77641, 263540, 15935, 431209, 474799, 400086, 393412, 359173, 167685, 80007, 93672, 219752, 353571, 307984, 287001, 246314, 357615, 393144, 262867, 331107, 290755, 117835, 258024, 231521, 79110, 336327, 497810, 470344, 160169, 424257, 403352, 35209, 336947, 492019, 152537, 258657, 352553, 402749, 63492, 310629, 17712, 295814, 429322, 255929, 278389, 51703, 430453, 90569, 56122, 392777, 215415, 333813, 162526, 392256, 363673, 467951, 90332, 272999, 278921, 84800, 227765, 19976, 365380, 3719, 323640, 176224, 453435, 50278, 34245, 28182, 314788, 73529, 419303, 151162, 29781, 248740, 73667, 400903, 263485, 63041, 139126, 95059, 75864, 28537, 87322, 183844, 376665, 338025, 353600, 413959, 57998, 193274, 208409, 213671, 113206, 171250, 237863, 134680, 323135, 52289, 40748, 210812, 224301, 372102, 446356, 143851, 406399, 60090, 86681, 354204, 250011, 254570, 225714, 324809, 380378, 298955, 37864, 492626, 465009, 421528, 398988, 432377, 107795, 207951, 342007, 330868, 236448, 318880, 112469, 26319, 155788, 392803, 281489, 492602, 98810, 134898, 398947, 446127, 423321, 252582, 389894, 344793, 9420, 348843, 411732, 262246, 212808, 31871, 498652, 157702, 283228, 456685, 384329, 49564, 261981, 220673, 197570, 204590, 497384, 216994, 280047, 54379, 82645, 181564, 109799, 119744, 265281, 397975, 324986, 429422, 338359, 484785, 476255, 344816, 278297, 403023, 32084, 422446, 471445, 462433, 161581, 331000, 349287, 306949, 231758, 267762, 173397, 213140, 292644, 308224, 28781, 131298, 438842, 163803, 24194, 426818, 320526, 336837, 29922, 245890, 57444, 219171, 384443, 32321, 418616, 336700, 354225, 109524, 330776, 97255, 22450, 206801, 257280, 251139, 21564, 392994, 285555, 281183, 57923, 255239, 199267, 300623, 145566, 363104, 127061, 27269, 88110, 236635, 207463, 125326, 102991, 184940, 86461, 444478, 484004, 394696, 417200, 185475, 301714, 136512, 33284, 156460, 420461, 325325, 254908, 43981, 344663, 193725, 143519, 366742, 478440, 474385, 356030, 82726, 187799, 312391, 485340, 302582, 368088, 255371, 470656, 27732, 213025, 82105, 192098, 483714, 385483, 106968, 187174, 352042, 195886, 317267, 165757, 367668, 431211, 161997, 361123, 287042, 194500, 101536, 347623, 282496, 494314, 68944, 175145, 422999, 346330, 279998, 349883, 155019, 130301, 465761, 64332, 163339, 60372, 341986, 160237, 458104, 234643, 115923, 11988, 430057, 94637, 43010, 205708, 76674, 344032, 237513, 295089, 415582, 56701, 471455, 416917, 75692, 21391, 79408, 11912, 225763, 138397, 439471, 285001, 340854, 176366, 186365, 408969, 112974, 261066, 162342, 240562, 421462, 12165, 150066, 279936, 253963, 259261, 293614, 135769, 169971, 76934, 380715, 494947, 461440, 56956, 116933, 22403, 210719, 130891, 76900, 42554, 420686, 30696, 338121, 266085, 350212, 317899, 231462, 65397, 258294, 232541, 35192, 247706, 2226, 60119, 20742, 453419, 304591, 375158, 470115, 285993, 215919, 396309, 355473, 497291, 264914, 454034, 303400, 81339, 195281, 64720, 318144, 327606, 167007, 45576, 161607, 301138, 20114, 301002, 94079, 190312, 53584, 263273, 250199, 6676, 167639, 374613, 50631, 175324, 256341, 162178, 263927, 293226, 283273, 251589, 67683, 470848, 404727, 25590, 291675, 213130, 287480, 137641, 346769, 499593, 222144, 422038, 254982, 34329, 482010, 445349, 339222, 319466, 41139, 248831, 497128, 279736, 6334, 21754, 274319, 147064, 42845, 420938, 338715, 34671, 349409, 277335, 336949, 253743, 43981, 375760, 336223, 237690, 366571, 70474, 456974, 206871, 99936, 445373, 261855, 81564, 281957, 444481, 331074, 299211, 343943, 465827, 157161, 91064, 394969, 189530, 308719, 259289, 141406, 423981, 87177, 60831, 381418, 260330, 86613, 139899, 204975, 250024, 139264, 132017, 207159, 230688, 227547, 440848, 226059, 340268, 186524, 189065, 415117, 265825, 494232, 288497, 188319, 329750, 377433, 240581, 35317, 320823, 160601, 94934, 446350, 422134, 115691, 415881, 293444, 82254, 357103, 66569, 178088, 411902, 175641, 254800, 113868, 410912, 77730, 273393, 288843, 149464, 169752, 310673, 442106, 237116, 131073, 16133, 291017, 87962, 484921, 155875, 247386, 273547, 443543, 411448, 58290, 131787, 303302, 10795, 358103, 89527, 179293, 87927, 212651, 43644, 396323, 307212, 89358, 65296, 223890, 368284, 8774, 228911, 406580, 492531, 354395, 15066, 499171, 287118, 371677, 160267, 46558, 384344, 278938, 414671, 294528, 67013, 196631, 78392, 148085, 253537, 433983, 169415, 146366, 273849, 8308, 243585, 225446, 133406, 172724, 186247, 474649, 454397, 464500, 354615, 13016, 90583, 417773, 335282, 127912, 368644, 375447, 214216, 1807, 340958, 365538, 101100, 473810, 459185, 448096, 206734, 291255, 98348, 304752, 355575, 359546, 255674, 257037, 346907, 329623, 319290, 319781, 235547, 308290, 197551, 337254, 28876, 233985, 114199, 487274, 63507, 152613, 278713, 135979, 225269, 35581, 354186, 156605, 75113, 499547, 23267, 45883, 121455, 393515, 284490, 422146, 82159, 59434, 281917, 292580, 35944, 417344, 303817, 56714, 108557, 41546, 313039, 29703, 219808, 446480, 168920, 4668, 45000, 665, 203493, 483856, 74622, 306382, 209463, 142218, 173010, 433692, 164067, 131446, 92303, 469955, 372150, 74472, 235599, 267257, 28179, 487989, 229994, 197715, 419938, 29299, 235261, 82669, 219622, 305840, 172147, 11297, 466766, 228304, 310078, 122507, 422591, 181133, 499177, 405490, 482214, 46536, 266510, 179046, 267476, 287758, 298341, 469971, 311222, 91087, 299127, 90147, 498789, 439417, 170917, 316786, 386713, 50073, 76905, 95561, 447647, 445559, 133015, 334629, 104414, 137458, 247776, 408549, 343279, 86675, 228787, 327778, 468607, 294872, 494973, 349501, 387639, 296046, 256012, 419656, 116834, 470914, 201612, 78507, 319839, 203839, 40119, 323706, 58643, 217299, 416002, 386974, 328188, 72962, 332713, 126328, 340881, 339031, 79851, 436487, 310427, 20340, 214045, 33591, 109351, 464042, 58707, 363298, 481588, 317243, 475099, 33346, 7431, 244435, 67464, 388379, 18971, 45802, 488173, 88920, 247981, 63279, 194886, 475875, 472090, 489676, 286197, 308290, 262550, 388301, 146859, 389083, 95655, 96816, 46869, 42906, 64917, 366099, 70468, 391165, 75047, 457010, 73111, 79429, 195924, 10783, 204924, 417098, 29879, 70062, 406110, 122615, 243335, 351730, 173184, 217499, 148771, 151914, 126539, 473475, 291900, 250693, 49322, 421708, 321345, 397516, 162529, 206446, 250866, 338160, 346438, 496725, 207064, 428862, 442019, 241687, 80455, 70389, 394640, 290120, 1574, 50962, 491452, 320131, 21843, 147378, 154723, 140175, 2304, 108789, 237562, 369431, 91004, 306684, 49251, 105107, 435207, 162447, 403494, 296531, 269719, 339080, 35445, 483385, 465490, 330421, 288501, 427955, 297974, 424962, 79657, 84626, 139012, 293393, 132708, 343948, 447694, 318099, 185100, 256673, 237574, 486280, 355463, 408661, 69308, 383486, 449915, 208796, 69122, 328967, 363648, 320903, 151702, 393150, 338861, 249096, 77549, 460513, 158096, 157379, 290462, 342905, 100761, 21676, 496331, 52028, 445840, 332568, 113163, 12787, 454866, 293660, 70067, 219855, 379959, 257266, 259978, 303487, 129916, 259234, 462978, 132313, 228794, 276637, 266509, 15249, 69449, 455740, 209788, 374432, 29299, 417410, 216210, 234296, 335737, 195328, 31566, 490336, 289514, 446889, 323987, 409180, 360920, 164487, 477534, 276628, 213102, 117391, 483795, 135474, 406795, 108638, 458746, 353975, 40708, 162800, 60895, 468200, 152806, 65301, 95441, 376982, 24597, 26777, 173386, 450627, 91559, 462946, 330397, 379461, 77786, 493850, 27727, 236880, 133292, 45972, 225316, 430591, 96040, 250271, 424649, 27118, 107266, 191410, 67051, 74454, 436403, 9811, 428723, 394678, 78281, 485241, 7468, 86791, 466085, 211527, 303991, 327844, 101053, 177696, 414450, 267710, 139281, 450906, 258994, 403282, 187836, 455059, 385604, 446796, 116446, 163407, 209476, 37043, 255118, 462476, 111057, 142406, 213314, 283448, 303775, 234156, 378015, 487885, 172975, 446943, 476579, 178754, 452003, 236725, 384668, 401948, 426819, 370504, 258691, 159942, 446533, 343029, 65515, 408066, 57842, 107497, 393916, 353709, 337815, 352220, 391907, 58820, 399251, 430315, 307455, 416519, 482542, 192077, 54302, 119536, 348917, 480621, 401637, 437213, 261238, 250921, 280536, 499887, 72921, 150737, 438369, 243298, 310139, 11930, 100024, 483263, 170462, 407541, 289147, 110559, 206194, 447204, 36506, 444902, 34496, 345508, 131745, 455335, 238804, 90714, 13050, 133475, 292538, 372163, 174212, 188516, 300500, 434125, 302632, 312158, 228133, 241227, 460576, 127079, 40172, 137136, 295119, 62831, 393872, 321645, 40605, 248968, 277894, 440953, 377518, 369962, 360529, 342201, 190402, 207136, 386915, 402799, 415917, 272047, 286924, 78676, 412312, 106669, 366379, 205191, 218248, 264816, 457587, 69065, 477144, 396228, 221265, 99842, 354608, 476243, 120788, 90761, 163859, 423994, 327825, 352616, 229940, 372174, 372234, 30138, 386971, 35086, 34514, 219127, 59496, 332085, 114494, 238076, 308573, 280377, 296421, 320156, 205734, 323419, 410444, 292356, 182653, 423868, 201001, 36209, 109169, 371375, 139712, 127177, 400395, 177027, 438777, 366651, 135667, 160631, 350857, 351013, 397288, 375521, 452983, 408825, 239915, 371178, 348552, 394985, 31102, 69909, 85554, 160279, 27135, 410622, 59695, 425329, 333906, 4936, 376803, 205034, 289367, 96764, 194825, 364150, 46073, 77469, 340846, 93848, 392958, 427260, 97991, 497931, 462806, 308243, 382875, 489831, 298707, 160935, 408413, 163125, 60768, 371955, 75780, 37141, 259762, 374644, 133772, 368266, 307094, 376447, 149226, 142959, 387598, 72322, 169709, 105349, 178779, 352883, 333078, 464722, 336721, 193353, 105268, 116034, 118310, 315261, 490887, 257906, 325634, 323850, 339891, 162693, 83062, 363054, 289689, 460440, 143760, 325115, 122569, 376299, 438254, 272758, 459210, 485266, 365292, 64622, 392049, 380710, 91777, 201825, 80067, 40162, 8190, 477134, 420152, 202207, 411552, 130145, 350552, 346799, 314278, 347010, 236682, 415660, 155380, 288060, 303924, 432459, 445228, 77079, 472146, 440200, 311878, 113536, 365992, 50208, 98315, 263207, 312919, 104983, 440629, 221317, 247403, 123712, 332312, 68234, 220843, 451000, 331242, 358819, 371843, 33917, 102995, 271317, 110275, 299660, 242669, 431785, 74492, 261113, 189077, 331005, 130002, 31796, 428893, 212114, 430160, 219988, 185985, 438055, 62279, 160905, 436247, 167450, 362249, 359777, 26072, 468354, 152362, 142987, 365999, 121476, 55590, 208741, 471815, 450450, 291239, 14087, 92780, 100757, 439682, 451230, 497293, 259733, 195317, 15681, 492285, 292443, 213568, 300542, 100643, 267186, 415155, 150735, 383303, 18573, 32331, 221889, 466874, 154330, 492779, 226086, 369252, 212271, 238823, 45499, 413601, 358630, 495284, 233449, 314525, 100509, 456807, 458584, 336138, 133613, 234009, 313697, 123995, 409921, 410820, 139558, 414378, 446736, 119717, 357787, 186898, 359591, 383849, 80022, 210188, 415846, 356390, 417260, 384952, 38180, 13111, 64476, 212093, 215238, 208445, 52802, 73570, 241884, 195584, 226912, 393875, 213130, 154908, 228351, 55733, 206971, 125339, 420981, 397290, 173752, 122848, 41413, 108514, 140599, 66757, 256456, 471867, 316616, 393633, 114110, 352075, 283188, 120558, 8525, 469065, 298101, 106152, 408223, 348398, 37362, 320280, 114112, 292370, 114992, 303773, 82531, 172624, 187103, 170779, 37689, 422902, 31688, 308921, 64034, 69844, 185302, 327236, 135674, 261305, 406945, 119901, 90188, 412016, 363783, 320418, 154031, 150946, 256823, 144171, 486041, 465714, 66117, 151648, 322788, 230552, 79416, 350953, 57914, 54166, 205329, 46878, 30353, 226876, 436931, 78909, 82428, 246575, 312144, 373829, 317403, 109022, 400176, 345097, 212728, 183731, 117004, 328972, 279705, 348569, 392397, 441122, 319175, 333619, 107952, 165629, 60276, 255840, 213028, 29816, 17074, 98894, 240134, 259742, 220770, 233771, 416904, 77994, 354858, 407678, 76820, 124353, 197498, 69809, 293213, 247381, 9706, 93571, 382463, 87976, 89398, 230138, 69335, 453674, 309596, 392563, 100277, 230754, 135601, 109504, 91987, 130414, 266864, 24801, 389665, 188709, 130215, 120944, 247905, 22093, 412997, 340644, 179156, 92270, 301050, 497927, 380247, 414290, 304517, 171681, 274224, 31584, 317988, 20422, 337656, 469580, 347177, 341708, 126636, 183751, 154783, 347119, 160754, 127175, 43703, 240155, 238981, 320933, 260770, 496928, 229700, 319662, 8152, 144149, 141304, 78945, 83501, 49934, 234570, 231580, 374819, 49150, 445620, 292569, 302581, 301511, 402097, 29756, 353492, 107751, 343614, 114071, 56205, 289733, 12259, 435007, 63480, 204642, 257803, 131137, 175377, 317092, 297329, 175147, 247584, 269642, 315822, 38513, 314852, 56016, 365470, 367075, 55864, 282953, 202807, 483091, 156947, 101688, 281205, 148808, 186396, 338955, 334481, 470960, 269012, 241003, 185935, 376446, 376989, 275120, 444560, 220717, 149643, 325132, 400086, 101730, 42320, 362515, 54894, 385728, 480461, 352983, 78485, 141536, 51877, 477360, 455939, 424790, 397609, 74486, 439825, 242723, 241175, 192262, 277445, 113370, 189501, 112280, 59523, 247117, 395491, 213717, 341937, 238869, 151875, 202835, 67324, 227914, 444657, 151389, 488245, 82535, 36096, 430311, 316756, 107158, 134351, 150129, 160462, 78084, 462878, 310277, 143569, 244014, 386798, 358058, 418286, 221482, 429306, 272536, 279656, 480848, 163629, 391647, 72975, 345669, 362645, 84442, 497477, 227981, 268784, 303899, 493852, 254159, 484305, 358222, 399258, 171458, 256376, 308207, 43982, 158787, 188183, 163126, 476951, 252920, 319018, 320352, 413517, 300687, 95579, 242610, 110021, 314376, 212993, 137875, 332459, 139295, 205980, 491581, 429543, 341226, 39359, 275058, 307138, 262461, 460658, 125249, 412587, 363555, 216556, 421047, 332310, 95429, 309505, 468086, 46959, 61954, 460887, 332858, 150636, 210986, 283229, 377819, 317410, 68125, 323199, 75824, 426435, 51423, 240744, 191097, 268614, 61160, 219869, 260582, 41049, 217469, 414985, 430264, 315819, 105706, 226292, 38990, 40982, 402457, 304965, 42286, 211987, 220425, 45428, 318989, 89755, 340149, 38561, 302644, 276921, 464041, 413773, 238030, 404314, 159559, 39899, 19325, 417332, 234568, 476831, 359742, 137488, 118726, 364812, 14099, 419824, 274584, 105432, 18432, 269730, 483165, 438459, 386977, 418453, 438705, 37489, 339977, 380793, 498099, 159586, 365888, 225188, 114810, 228658, 326430, 229261, 380593, 188620, 152286, 248303, 86559, 175525, 392634, 35153, 147593, 447569, 27458, 243345, 492901, 201167, 219478, 260681, 289883, 345866, 133131, 371537, 290901, 201804, 286619, 255640, 22341, 438768, 66769, 297223, 338573, 26303, 336657, 465718, 442914, 488375, 254645, 278164, 198784, 354128, 188362, 134702, 53305, 341387, 51356, 491725, 352296, 343277, 395070, 384721, 421369, 363460, 136720, 452919, 72553, 81073, 38145, 85860, 5091, 370950, 357497, 300242, 431207, 54293, 241460, 160378, 190289, 154220, 18955, 218377, 1668, 370583, 335157, 156083, 364621, 28523, 295820, 72359, 457209, 370917, 229532, 137443, 85237, 291024, 164162, 441750, 337191, 176953, 422936, 331574, 346599, 10216, 233654, 132422, 379711, 434884, 276467, 96391, 101854, 397357, 84257, 81634, 323622, 481326, 360221, 262620, 465238, 465935, 289135, 130765, 247300, 96465, 86492, 195096, 399955, 390522, 112404, 292683, 499757, 8905, 37814, 261425, 73824, 213649, 228615, 2698, 159439, 116446, 89490, 465723, 210812, 444422, 161698, 434411, 9174, 192254, 479124, 6362, 303806, 84108, 144953, 425155, 245366, 15326, 64036, 326367, 12226, 181346, 283336, 22420, 85754, 493843, 352939, 394420, 322749, 133898, 69271, 229015, 415766, 124613, 95334, 341618, 22636, 447633, 116677, 200536, 378496, 459515, 226932, 116817, 26698, 80583, 418320, 40270, 312965, 197807, 448409, 281866, 42157, 25637, 69531, 385873, 59270, 205832, 246038, 480545, 381434, 445431, 177102, 183687, 86882, 236758, 420583, 34538, 463053, 143248, 318760, 201222, 31565, 450249, 47310, 33583, 386848, 160871, 299888, 64495, 458881, 403786, 320955, 174003, 84697, 186223, 63466, 81106, 362873, 273928, 305205, 442785, 46709, 288243, 435654, 379497, 462853, 8831, 175287, 135850, 246464, 467436, 282755, 42831, 133324, 417972, 467075, 173610, 272133, 254306, 354864, 63560, 214288, 329073, 439508, 382377, 54780, 212162, 299547, 112896, 418897, 425738, 492515, 462319, 206268, 198244, 332211, 35460, 170958, 54254, 147304, 16895, 135538, 101465, 207200, 156010, 31997, 461050, 124252, 405022, 355047, 344248, 327014, 310021, 243280, 298190, 127833, 471083, 3892, 65785, 204637, 465228, 25744, 7009, 78114, 198226, 452942, 22701, 475779, 374292, 159146, 92799, 228813, 37082, 369338, 97633, 479726, 24676, 312969, 25899, 222494, 168861, 28012, 233215, 377875, 92382, 427952, 426607, 342919, 45793, 402833, 91954, 362577, 233189, 406117, 310209, 484436, 360115, 390768, 71783, 121438, 297413, 123372, 181214, 428587, 344062, 284663, 15127, 417089, 360166, 489204, 31945, 200258, 24844, 403682, 272144, 282409, 287965, 159412, 342666, 189682, 392212, 411745, 377477, 269923, 315189, 423980, 465737, 335961, 185956, 173570, 34313, 481295, 99426, 397603, 70400, 327936, 192192, 395336, 433824, 250604, 425397, 133479, 422080, 222062, 456704, 466477, 30939, 227550, 266288, 185361, 344866, 90858, 182146, 440585, 470204, 497061, 180185, 284591, 260274, 50107, 205223, 392885, 277304, 149486, 389044, 362935, 191130, 460659, 271547, 121932, 375154, 241465, 415076, 332159, 151541, 40091, 475742, 106440, 486336, 179780, 128029, 378832, 250228, 48856, 321144, 222027, 400784, 117466, 23870, 486711, 450732, 328405, 175025, 194068, 158645, 435929, 373170, 321818, 465949, 488534, 326985, 217294, 376236, 251087, 484672, 401784, 376502, 232476, 54791, 66450, 22147, 397773, 257576, 195860, 484885, 484531, 189664, 182947, 302716, 499647, 192676, 21672, 405301, 160022, 158817, 198768, 382239, 121325, 198775, 298695, 364201, 236809, 161954, 66835, 101582, 94883, 331423, 150892, 67723, 11020, 372059, 112831, 29176, 218493, 268084, 348223, 179397, 435495, 311495, 41891, 175651, 73370, 351189, 321463, 205544, 221104, 353523, 264894, 331644, 56489, 362173, 366659, 433584, 146696, 359720, 456315, 289912, 470982, 277041, 194294, 426940, 131167, 491809, 231294, 281103, 368339, 420341, 313162, 276548, 17647, 478459, 40306, 456539, 181514, 469080, 80843, 387357, 28175, 352337, 74472, 212550, 464526, 174528, 397259, 466809, 147960, 85567, 67215, 380594, 494849, 380363, 45016, 111153, 166448, 248756, 496363, 497284, 79350, 183894, 232864, 46943, 92845, 389507, 223611, 300103, 109477, 129990, 289179, 414310, 272899, 442514, 447695, 32133, 498461, 339837, 373427, 345721, 314567, 471881, 23766, 134570, 73171, 99865, 97840, 403855, 84575, 208955, 324660, 377774, 142215, 20877, 234926, 278833, 231586, 444939, 23752, 337212, 190900, 259586, 466161, 75672, 300468, 177323, 325843, 496332, 348726, 295213, 156979, 29399, 329191, 120484, 334654, 5077, 295014, 62615, 392474, 111541, 100311, 346577, 174071, 410124, 161390, 277471, 479027, 139337, 19379, 151306, 417446, 410199, 310119, 172104, 17263, 476686, 447699, 378134, 102394, 118211, 157742, 431060, 249487, 256493, 67691, 313792, 275329, 101693, 362525, 297351, 327852, 36162, 379988, 376463, 180592, 195801, 476047, 26608, 412889, 3403, 105456, 467118, 325229, 201136, 439870, 314644, 185756, 233429, 124208, 498302, 225623, 468994, 446504, 333982, 122886, 390736, 435872, 12018, 428414, 22941, 450452, 306373, 355435, 15308, 346666, 307127, 491031, 224116, 24327, 402692, 343752, 117844, 408749, 53042, 397161, 10267, 38449, 372288, 316493, 445388, 365320, 438350, 304096, 421458, 205788, 326474, 308672, 117176, 403618, 354742, 198504, 316558, 170152, 366791, 399887, 484225, 420081, 498814, 183164, 135382, 427122, 319792, 166195, 237992, 313210, 245933, 150253, 173360, 115186, 290789, 165385, 285340, 460326, 58454, 446621, 203127, 347899, 1900, 56435, 490591, 405074, 434278, 6187, 124370, 83837, 407114, 81845, 47848, 158859, 260702, 37033, 196956, 402298, 168886, 466812, 155536, 224230, 113665, 42638, 124945, 156898, 398380, 483992, 146155, 207452, 77079, 44285, 23391, 212216, 107588, 455943, 211020, 468207, 168692, 16357, 358324, 172259, 455518, 49334, 229924, 28028, 114195, 357040, 35110, 361676, 334334, 218839, 340689, 368039, 463219, 235207, 437181, 13984, 141712, 366547, 430623, 264227, 315323, 251543, 29180, 4656, 248170, 383553, 272066, 135122, 339311, 322073, 224425, 290925, 380458, 236508, 75119, 128462, 345548, 32272, 312257, 93780, 147020, 85744, 329195, 234206, 125864, 493601, 74071, 92262, 354505, 278524, 204467, 8246, 271441, 404268, 131774, 224957, 332150, 322415, 454263, 336919, 28467, 345127, 73427, 316554, 460867, 299398, 479540, 6504, 180840, 186680, 60592, 61515, 291295, 229224, 384781, 154263, 299731, 335486, 481507, 428506, 174459, 169890, 7704, 212142, 251467, 245872, 355973, 525, 93003, 453265, 469332, 246413, 376936, 489928, 363279, 135329, 102777, 407700, 219493, 242572, 212481, 355739, 30764, 181014, 181808, 240154, 75917, 363581, 155480, 150839, 333668, 278192, 277926, 334265, 188819, 78796, 224037, 191159, 132117, 454340, 335299, 117155, 59864, 66652, 111629, 169628, 493793, 384624, 405720, 482337, 42907, 397917, 222644, 119892, 262008, 10163, 384751, 387177, 163236, 36539, 51452, 206419, 317003, 246839, 192145, 323184, 275075, 305807, 144799, 255417, 337584, 22148, 208190, 40961, 164508, 224182, 458166, 460161, 79106, 465955, 192584, 343270, 45822, 323754, 107046, 306854, 405694, 410452, 370086, 484345, 229676, 406938, 110908, 438759, 3104, 47823, 56991, 478845, 23954, 82912, 158289, 272584, 315003, 291239, 384002, 474415, 8043, 353852, 73440, 76858, 200548, 330160, 436762, 135865, 115101, 359003, 123751, 113439, 453348, 1355, 153938, 369197, 459264, 419415, 130836, 197823, 295127, 281842, 112959, 220425, 158226, 85350, 18251, 376734, 28125, 451465, 374870, 27723, 209118, 113880, 84416, 377223, 308575, 359003, 357764, 269621, 181384, 482424, 205754, 222493, 210987, 184452, 263109, 384221, 351069, 271691, 209671, 310920, 266947, 235038, 158040, 116080, 463682, 340759, 325908, 254701, 16250, 186265, 256830, 292204, 493007, 426891, 357267, 380888, 248698, 423044, 470921, 124628, 109222, 194520, 234798, 379475, 89331, 474018, 42816, 307569, 120441, 488234, 190340, 387797, 159934, 463272, 485723, 56511, 92623, 10352, 255812, 378614, 181399, 155867, 397774, 8202, 197024, 166816, 122267, 205577, 82346, 180736, 340387, 489533, 166543, 360532, 183240, 33460, 91275, 367178, 327424, 183085, 3561, 367649, 469518, 20856, 268668, 422273, 252480, 28684, 267434, 225923, 313362, 299386, 475332, 261083, 468232, 281419, 443491, 137487, 182542, 183267, 97577, 318481, 479458, 146452, 300088, 87244, 284771, 133734, 213130, 86537, 138093, 48788, 336764, 355455, 417, 382070, 19128, 356625, 265113, 211112, 227800, 354729, 411493, 24512, 418819, 322311, 373439, 140947, 439174, 387725, 22675, 325629, 190411, 287118, 13292, 146496, 469148, 472510, 436475, 268129, 179857, 106225, 29087, 424166, 465513, 269182, 272250, 39330, 274266, 395055, 137305, 187854, 132754, 37902, 419687, 460164, 47258, 252226, 92975, 296957, 93070, 250008, 493804, 230135, 150569, 348679, 46041, 292568, 6455, 462899, 121170, 129460, 162995, 461382, 195120, 417605, 256858, 499924, 433274, 78094, 200310, 122345, 139115, 87986, 180734, 370832, 485025, 340792, 203841, 93531, 115234, 487788, 436444, 255957, 443918, 178549, 222284, 464560, 70073, 357766, 432858, 260431, 484538, 382724, 105998, 233013, 318034, 252767, 378272, 213176, 432185, 306599, 75642, 207554, 404955, 492005, 95076, 408167, 191181, 263702, 121474, 356053, 196876, 41607, 142729, 27868, 114479, 202808, 442296, 322736, 371128, 428626, 151572, 448817, 240573, 157323, 151963, 490534, 209832, 60582, 231032, 47191, 12062, 20256, 135963, 188071, 291211, 458679, 349337, 318169, 137829, 150724, 130150, 294966, 18905, 406709, 163770, 67748, 33183, 215825, 457866, 344249, 486904, 485587, 198131, 470769, 149773, 119830, 198675, 56611, 249062, 19814, 11858, 282507, 363401, 257760, 120991, 64237, 42879, 408715, 35625, 122475, 171628, 61522, 360552, 126999, 47531, 158286, 208211, 140264, 141667, 393606, 158599, 393120, 60516, 104458, 428077, 262414, 65476, 30105, 459084, 7204, 114045, 323092, 131271, 57901, 296488, 362557, 317748, 298664, 280976, 169838, 84657, 199648, 493296, 431473, 206122, 16288, 350568, 105190, 303446, 120107, 159553, 76274, 350695, 343147, 392593, 249597, 216791, 217699, 13040, 408132, 418135, 348693, 130848, 479141, 346812, 210852, 413715, 158031, 7803, 368547, 486073, 273221, 53285, 301386, 19055, 6699, 180204, 4182, 358035, 326551, 384433, 306356, 426442, 247807, 7112, 456573, 195701, 148745, 113281, 8890, 248994, 401219, 459971, 147644, 180649, 471150, 385591, 446853, 157272, 14493, 80223, 443129, 288605, 486907, 469119, 17461, 369939, 395345, 77981, 175288, 263115, 412233, 286566, 265835, 296529, 296746, 16897, 398612, 87454, 89110, 201334, 306178, 437200, 270189, 189716, 481663, 239100, 401700, 67809, 20451, 236200, 438188, 333928, 255400, 188026, 134434, 116127, 275802, 371517, 176389, 242427, 53103, 381420, 240542, 116257, 171478, 43300, 28323, 206372, 57905, 225412, 27878, 271792, 212567, 133324, 253965, 253732, 421055, 417333, 405054, 3707, 335449, 38757, 439028, 476885, 243006, 260091, 244628, 448031, 312706, 398753, 161280, 441811, 203083, 434410, 140864, 147391, 280453, 60783, 310520, 314032, 397562, 152546, 487508, 237230, 137580, 323651, 32668, 477515, 422391, 172786, 477979, 300890, 480372, 146699, 17344, 160824, 230018, 224851, 124797, 210875, 232417, 415797, 365160, 240316, 80804, 108220, 18478, 237995, 458704, 185940, 160647, 360201, 257675, 223756, 271095, 268363, 186597, 266287, 299245, 26351, 55418, 3110, 185459, 59171, 154881, 364971, 116839, 467549, 422687, 140746, 333990, 35858, 14287, 462599, 201208, 68635, 339048, 153154, 282706, 261433, 261184, 249647, 253410, 331406, 304733, 107669, 431643, 148093, 472178, 486841, 328170, 170441, 228475, 143596, 396424, 458287, 145554, 183476, 245120, 222055, 382510, 426836, 492751, 79418, 92907, 302156, 443656, 488687, 406498, 246113, 483205, 221314, 339290, 271799, 196820, 324451, 150201, 96984, 278292, 448629, 443984, 375191, 467472, 73389, 389690, 272437, 183646, 126697, 354846, 176290, 325115, 484674, 203953, 264332, 93312, 347375, 271674, 285286, 235077, 217545, 236906, 84864, 457526, 216917, 302136, 284378, 324509, 134676, 146672, 388372, 411433, 440512, 460961, 366114, 358625, 10668, 371136, 67797, 110988, 401847, 281476, 442378, 473448, 250620, 387860, 212353, 22921, 265827, 176039, 315568, 295115, 145551, 269005, 388224, 251649, 221649, 176449, 428654, 293183, 103814, 261729, 91096, 358340, 27953, 233372, 219845, 23037, 334215, 348063, 66003, 230204, 103956, 120217, 29985, 144592, 189806, 294816, 455020, 77325, 25041, 244563, 402734, 219164, 285185, 364877, 192356, 266141, 440995, 138778, 322808, 469118, 467756, 459479, 401899, 237804, 51841, 6445, 497932, 160676, 83766, 17456, 282584, 300483, 496973, 210427, 355009, 144546, 307343, 148540, 184894, 212181, 195564, 218559, 497253, 442790, 142866, 276130, 219017, 281065, 153530, 329944, 137472, 357804, 373857, 297049, 212268, 88910, 331439, 38587, 67097, 292477, 110256, 290617, 446630, 107416, 223863, 389340, 252865, 414437, 259629, 140566, 455076, 62810, 422085, 42382, 199117, 401283, 132144, 171068, 456480, 497473, 125006, 464670, 329809, 441050, 162187, 44296, 411493, 340706, 5408, 403703, 300373, 198415, 449517, 427981, 467119, 264712, 484004, 475918, 282159, 430761, 418923, 217890, 205900, 184178, 360258, 7130, 98551, 278213, 312786, 67633, 112169, 108090, 147571, 328699, 405304, 11247, 81725, 143017, 72849, 49490, 25777, 479764, 135623, 338663, 47020, 383798, 242132, 339805, 442865, 436064, 97962, 434034, 363013, 446650, 55457, 255495, 142155, 173816, 218712, 263861, 249981, 218752, 452976, 417323, 202581, 421986, 201236, 437492, 144811, 396896, 224627, 272023, 65687, 40435, 173281, 159365, 451678, 158295, 239457, 211716, 213420, 382700, 5994, 340709, 177362, 32677, 418827, 180822, 392897, 204005, 198444, 368795, 489219, 240223, 113688, 289645, 70306, 322634, 499684, 344713, 313184, 122816, 477271, 468990, 183405, 262928, 489500, 320710, 63893, 334593, 176048, 58639, 23885, 214166, 275626, 101369, 148313, 423064, 475514, 112871, 108445, 352067, 176448, 467286, 431260, 427143, 298024, 249121, 417399, 42223, 310912, 165103, 310314, 453117, 354274, 251201, 332033, 271505, 20142, 308702, 191882, 84316, 173584, 294117, 7103, 472844, 273378, 28395, 91843, 353465, 145137, 157697, 271878, 213767, 118268, 52192, 294833, 451269, 137595, 11142, 348420, 159182, 46573, 430618, 433955, 270649, 86418, 130707, 279861, 257499, 384532, 200835, 150549, 445416, 173770, 169690, 349011, 386853, 442018, 359861, 430465, 40831, 479186, 281000, 331320, 425757, 897, 491312, 371445, 366657, 126608, 243641, 179361, 80462, 446249, 145424, 386391, 405359, 237924, 109240, 90627, 154001, 339655, 472203, 281487, 106233, 90495, 435240, 273817, 159484, 399086, 150094, 62341, 213084, 41203, 443691, 28284, 71047, 459811, 44194, 464949, 308990, 434231, 417776, 119192, 209814, 314161, 138154, 80597, 203099, 337025, 435224, 270170, 485065, 321093, 40474, 56302, 36212, 350060, 338873, 57749, 302665, 329333, 366220, 382194, 428700, 251324, 45092, 164418, 415987, 437773, 123238, 246628, 446673, 263224, 21000, 246930, 38851, 437430, 203784, 2578, 243259, 472908, 126360, 131336, 147727, 439275, 157442, 4892, 497519, 205021, 401831, 61452, 167405, 372569, 31112, 370378, 115119, 130750, 330331, 425838, 463620, 126508, 318378, 481497, 481018, 487260, 133743, 58691, 192083, 236089, 62789, 171044, 176131, 446552, 206725, 77402, 448766, 373341, 55161, 161431, 242219, 468326, 146935, 319743, 255879, 264623, 388662, 332275, 16010, 122751, 347427, 284547, 19290, 297237, 44075, 166958, 197368, 92208, 361023, 120046, 176948, 185284, 213529, 146363, 188996, 372520, 64433, 278575, 337429, 376091, 6242, 243285, 113788, 179489, 18585, 200514, 470601, 453510, 71469, 113436, 315199, 341050, 71136, 39146, 431845, 147117, 199283, 68201, 463615, 462271, 313873, 145644, 433618, 364509, 284033, 123207, 320533, 249572, 491015, 433190, 187780, 301898, 440836, 210421, 290353, 170198, 157513, 1515, 292322, 135824, 80261, 238141, 234029, 391981, 423000, 301629, 279727, 99304, 298341, 361502, 230648, 489464, 390543, 459434, 397535, 42663, 479042, 38296, 283222, 224502, 146193, 24085, 147979, 190718, 419807, 394954, 275704, 302755, 319978, 113073, 157249, 125610, 252811, 212252, 26389, 9369, 333901, 121203, 260412, 455022, 293475, 350069, 186157, 17228, 491214, 351037, 387052, 396914, 298738, 148954, 125110, 203414, 395022, 237591, 466355, 193124, 332308, 6511, 130818, 357111, 284193, 438755, 377876, 68017, 5573, 304672, 416868, 213955, 184838, 194288, 425364, 304566, 180626, 371999, 349801, 71209, 447521, 475406, 279705, 330161, 25909, 248050, 378354, 403953, 297409, 119234, 187223, 141181, 238887, 278634, 228289, 404460, 149509, 405387, 95028, 85333, 221210, 398809, 22667, 461587, 423753, 238730, 126223, 483877, 227638, 362034, 390866, 427016, 369573, 406665, 70591, 58712, 367642, 283514, 165239, 3491, 54936, 1907, 377053, 390328, 152717, 105542, 216718, 22161, 49877, 74041, 374895, 393374, 440545, 131597, 129644, 285862, 62890, 219726, 181905, 494631, 216741, 207017, 409047, 363248, 289945, 369165, 159891, 18768, 451709, 28752, 100665, 408922, 21131, 447345, 350662, 369004, 411361, 419745, 492603, 342639, 388112, 392924, 265023, 61437, 381331, 286711, 473990, 130250, 17584, 13941, 184573, 159685, 340178, 388434, 452814, 11661, 370627, 305816, 448743, 241838, 20245, 107309, 480940, 134610, 470489, 38164, 448862, 19370, 399391, 136367, 353475, 169491, 240925, 349933, 434992, 83465, 367120, 201348, 104259, 5447, 358169, 287071, 434229, 20694, 187170, 401777, 79271, 122534, 121402, 11476, 492700, 356127, 66103, 494030, 384237, 339136, 263991, 166063, 149905, 6918, 48714, 53489, 494960, 18907, 335181, 117857, 232654, 121112, 124557, 304006, 385773, 163811, 345096, 429097, 376629, 332727, 476875, 80508, 320081, 232068, 63016, 278335, 187242, 397687, 420030, 100349, 170521, 445332, 384157, 70124, 288589, 81340, 134021, 53099, 232593, 104496, 494700, 365288, 469404, 229331, 309031, 493789, 186266, 163654, 300932, 212406, 104853, 371674, 7934, 53898, 231583, 446731, 467278, 116289, 114134, 469491, 354790, 18565, 336229, 460881, 379990, 336172, 387536, 178727, 294439, 466112, 55591, 154858, 105792, 103552, 364411, 359862, 452711, 256458, 198826, 22744, 447975, 94996, 428276, 265008, 338881, 31900, 33924, 469455, 166924, 176893, 287581, 482411, 106863, 483956, 222896, 365660, 299928, 82107, 325618, 331698, 207707, 488157, 150796, 385837, 433613, 69855, 246519, 258518, 328606, 61953, 421280, 364977, 377631, 432276, 257863, 315513, 176668, 223142, 393844, 299224, 312385, 268677, 186297, 149562, 382000, 52151, 53009, 181498, 127153, 19543, 320449, 192507, 290518, 66872, 178490, 270240, 198432, 291006, 473324, 466340, 493478, 332459, 95873, 70523, 475867, 419513, 72925, 346547, 96463, 81712, 452024, 333569, 391337, 442672, 460375, 30501, 244906, 279109, 326771, 74719, 158456, 174163, 412096, 139293, 71638, 402721, 490955, 137870, 343525, 52203, 459138, 434434, 361898, 441963, 206330, 66102, 89696, 427327, 369085, 366991, 237738, 452750, 158142, 235565, 86754, 205980, 332830, 494467, 9245, 87257, 94283, 370503, 485465, 462443, 457982, 401755, 324114, 437299, 458886, 115124, 259936, 132077, 284086, 89419, 175413, 33601, 81497, 165676, 6684, 414144, 461315, 310451, 402131, 102320, 311343, 226435, 12217, 293811, 126242, 411890, 460772, 413180, 293109, 71793, 73909, 345326, 181698, 412577, 358442, 419302, 369890, 23906, 222675, 99615, 229938, 183753, 485707, 233908, 293786, 20048, 175985, 478691, 436410, 487950, 95025, 14482, 361403, 245499, 169835, 405172, 136356, 122139, 7425, 413584, 284036, 87350, 124033, 267378, 403568, 95615, 340702, 173558, 337371, 497632, 435568, 265501, 98015, 375680, 453907, 334432, 337148, 53243, 90984, 104072, 4746, 31309, 311869, 190344, 473257, 309495, 3145, 220100, 224959, 427451, 345014, 418418, 296679, 34455, 456134, 461983, 316352, 313466, 48419, 350622, 214653, 278050, 455198, 279010, 156204, 393933, 267730, 355420, 312914, 187970, 126519, 166052, 299714, 185986, 290773, 287704, 59356, 448106, 47173, 40934, 419452, 231421, 491454, 261900, 107276, 57754, 74780, 96119, 332650, 375559, 491703, 132349, 216904, 403395, 307373, 370327, 139358, 284231, 268350, 194874, 302876, 461451, 146576, 400079, 256814, 407348, 63893, 333473, 174610, 243518, 411156, 45537, 148044, 283481, 133730, 375868, 225375, 410898, 65320, 235049, 351415, 399230, 287274, 42776, 110201, 127463, 4075, 413707, 282368, 14285, 345136, 147994, 480632, 495863, 423180, 12711, 91122, 427086, 67795, 354093, 249124, 5961, 16548, 181664, 395169, 212434, 430377, 319832, 378907, 361303, 228712, 420698, 443065, 337814, 338968, 95835, 474226, 122106, 401557, 102783, 423442, 65590, 251425, 174007, 454092, 113561, 436685, 34574, 188053, 289288, 308191, 186137, 315579, 308409, 142346, 386134, 487088, 366254, 367296, 439552, 30108, 380264, 9379, 413160, 115481, 56388, 263462, 344728, 279554, 366162, 494907, 294372, 434244, 167282, 402002, 68937, 274429, 79668, 424987, 281474, 40425, 347804, 206466, 476619, 336063, 275909, 43558, 364489, 250105, 31865, 258065, 19209, 294353, 122088, 498457, 58948, 495037, 277090, 81798, 454305, 62412, 183330, 73736, 64798, 259527, 78759, 435375, 429684, 147140, 267332, 109966, 332297, 243897, 286106, 327243, 271718, 370713, 257674, 376635, 18989, 120222, 162061, 10769, 360743, 268158, 381688, 407885, 284728, 86925, 288355, 187182, 282346, 245446, 169387, 470124, 266815, 402828, 390061, 224599, 31473, 447274, 161371, 276280, 48898, 81199, 302927, 187297, 298375, 197260, 3399, 477719, 21444, 456593, 400318, 498260, 204781, 31368, 294199, 43408, 198937, 365910, 122600, 150872, 303962, 27703, 4549, 213584, 499260, 307678, 174750, 72523, 358352, 46025, 260532, 293390, 305852, 333050, 340574, 467539, 62876, 41313, 488418, 86784, 26280, 497108, 35446, 56057, 37547, 366513, 52028, 166495, 333753, 431821, 445662, 104470, 379567, 391332, 197132, 302813, 232416, 12043, 236629, 499877, 431176, 109125, 57067, 105385, 253629, 54194, 322841, 266490, 183696, 464381, 144707, 246345, 294029, 342962, 237009, 406146, 270916, 486501, 168188, 434610, 421081, 65939, 49838, 378710, 303214, 5768, 454787, 394737, 32314, 461700, 22965, 118525, 253637, 217279, 274039, 192772, 161619, 173328, 386275, 288208, 330626, 331306, 406912, 94308, 470895, 480634, 157237, 430673, 159847, 90110, 178836, 312401, 34588, 40353, 341345, 321258, 344976, 103486, 285038, 94801, 292552, 324109, 98504, 47774, 119610, 204484, 51872, 36348, 49248, 450571, 109374, 448136, 6698, 187780, 277874, 488979, 337776, 318758, 375914, 494920, 207767, 457946, 292917, 283865, 192317, 411814, 37104, 330207, 44629, 144321, 479529, 361143, 309646, 65583, 206276, 115317, 159481, 29534, 139831, 2860, 363902, 425459, 372654, 74203, 74865, 392640, 485400, 50502, 288632, 37734, 382188, 106051, 329205, 275089, 440488, 49723, 469351, 202447, 435754, 186174, 335172, 18446, 82441, 214770, 254834, 182693, 485695, 411424, 14582, 168954, 223361, 336978, 247662, 211733, 270015, 190811, 120830, 318653, 39529, 385973, 438266, 469219, 465301, 273192, 233663, 470704, 130653, 155446, 127932, 431515, 32216, 492599, 186245, 129719, 384597, 136463, 233286, 490472, 309140, 122656, 347785, 451355, 184759, 32551, 409920, 244188, 231279, 416986, 360661, 472267, 418486, 176931, 176418, 327941, 466622, 230902, 240219, 371347, 53832, 50788, 309159, 391979, 353468, 146755, 77016, 20599, 221208, 446320, 375212, 418469, 479200, 50473, 126687, 14171, 419104, 366197, 423188, 351526, 96814, 499915, 261991, 14507, 368708, 437439, 353435, 297172, 440400, 180261, 86374, 481596, 347432, 459697, 164316, 353460, 300698, 264271, 269826, 167924, 232794, 74429, 410282, 69166, 265534, 163415, 18083, 162775, 302960, 298914, 8227, 393154, 43525, 227582, 129889, 459623, 265384, 297326, 482464, 358356, 42764, 393256, 499361, 341273, 225867, 126408, 233118, 48290, 379819, 372682, 311723, 18771, 358395, 126999, 216594, 354117, 43820, 215451, 357518, 179112, 152006, 296197, 45601, 368425, 46507, 208800, 473634, 354297, 187361, 205854, 167782, 211944, 124790, 347417, 391035, 125561, 485121, 344299, 264588, 416229, 279863, 54869, 55227, 6679, 311205, 343618, 373768, 470431, 43896, 374752, 389211, 414223, 292397, 409291, 34067, 340851, 417640, 110046, 312450, 173925, 221915, 492253, 364229, 246077, 407253, 100983, 264786, 271428, 86345, 356099, 306063, 113742, 493792, 478678, 305117, 349696, 384842, 226229, 214287, 369030, 388674, 156007, 162913, 26672, 383833, 379180, 326880, 56735, 56606, 397468, 208702, 336120, 184785, 313724, 471728, 36696, 435850, 329718, 410488, 433445, 336155, 201084, 341488, 209939, 352967, 42457, 358926, 238416, 194532, 138747, 26790, 416659, 444990, 388375, 473515, 263153, 464170, 204463, 298937, 95055, 381175, 222318, 71323, 377282, 294906, 355688, 270171, 360377, 149658, 157221, 418417, 331646, 480216, 57429, 256774, 141503, 206014, 127469, 270535, 463683, 78097, 59012, 233522, 421596, 394376, 321809, 122985, 236915, 252683, 43745, 197938, 125747, 399941, 319698, 320051, 45662, 10247, 255383, 80768, 55556, 138668, 205179, 443123, 30121, 309881, 121810, 150786, 273975, 376691, 377996, 256004, 417857, 59103, 321850, 275775, 363734, 41516, 93995, 395446, 387530, 154853, 231412, 289016, 225794, 224212, 158097, 495533, 350926, 38872, 415827, 55601, 186319, 124072, 167462, 374899, 188414, 44831, 468569, 66718, 83969, 85860, 157615, 260791, 121451, 214321, 94244, 361132, 247885, 177256, 289779, 217253, 66423, 20609, 26932, 103321, 405907, 70158, 6130, 155786, 47377, 302564, 307597, 308426, 422038, 353772, 98837, 7438, 135767, 260417, 38463, 78141, 72113, 276588, 212206, 335012, 136052, 72706, 261760, 262246, 217499, 38884, 459355, 217230, 96685, 261119, 256281, 248197, 411579, 144069, 19680, 341851, 101463, 421812, 234328, 302408, 155709, 115175, 23497, 112715, 86657, 465593, 17336, 447308, 330875, 426461, 213342, 120148, 106528, 178763, 409890, 323459, 198107, 300403, 485148, 167130, 92530, 319972, 103743, 466353, 86808, 1731, 452696, 409116, 29589, 200763, 342714, 245939, 12392, 497111, 461649, 205059, 236605, 461442, 144559, 263829, 205646, 192406, 256705, 466045, 30133, 490741, 213418, 121521, 222777, 458615, 202117, 188240, 156178, 186818, 448434, 186731, 218980, 79572, 436639, 59063, 222939, 293074, 146530, 211973, 242215, 297720, 132036, 167301, 433756, 475768, 52326, 73407, 44994, 25605, 441272, 114729, 80943, 86500, 8755, 270676, 241010, 79318, 328101, 65978, 390370, 21361, 370568, 193410, 365365, 211321, 107296, 416705, 6238, 474620, 365060, 323067, 286608, 198332, 246235, 105743, 183450, 392157, 231972, 165072, 288768, 110011, 274736, 96619, 405573, 498012, 305680, 95608, 311275, 78701, 194114, 385681, 424601, 157861, 92503, 395908, 476684, 497276, 121913, 118298, 196049, 455498, 326318, 115598, 467967, 429756, 104288, 37968, 170999, 27834, 43274, 201243, 54756, 110052, 237492, 370200, 102462, 438717, 225992, 480724, 169737, 183012, 85758, 166248, 100707, 221173, 460992, 94996, 358520, 441059, 400174, 83833, 300198, 273671, 42361, 8561, 278435, 76807, 464201, 458695, 447666, 67320, 60607, 238448, 396170, 385665, 114519, 473657, 195722, 499774, 92268, 425254, 336608, 72770, 235699, 140043, 26357, 127518, 362577, 15679, 146222, 315142, 283536, 276740, 34025, 384910, 41058, 297518, 191556, 279167, 253355, 54359, 17081, 116683, 190757, 170203, 383084, 423043, 74566, 301284, 448998, 196720, 225618, 286618, 291429, 92128, 480729, 323465, 211214, 324191, 43293, 465751, 489990, 328463, 145866, 134938, 363905, 278004, 249740, 332464, 263826, 467149, 419404, 219, 336903, 428048, 307595, 18768, 11118, 153716, 36727, 397746, 68966, 416192, 248703, 236346, 488982, 487979, 303781, 142282, 155130, 41065, 25450, 397611, 168527, 160769, 61451, 472048, 447113, 457421, 70783, 1268, 251370, 121380, 123129, 241405, 382641, 304022, 160631, 160259, 229561, 114651, 161457, 107044, 446767, 31728, 63069, 490201, 237893, 111795, 122868, 139899, 290381, 93880, 491688, 159529, 350991, 421316, 329616, 16042, 324902, 464743, 124694, 206791, 466962, 140128, 325377, 291798, 97404, 371706, 204032, 147882, 228441, 88221, 13511, 792, 91748, 158774, 324266, 82415, 184285, 484940, 98276, 229204, 442308, 439658, 27115, 118757, 289990, 239523, 120152, 200063, 335597, 99640, 97433, 438502, 456466, 210550, 86951, 246484, 305308, 56350, 251095, 70505, 144557, 91589, 72384, 219116, 22880, 17554, 175943, 85588, 427032, 436049, 347438, 449783, 193800, 3448, 253944, 93198, 434400, 376818, 203043, 178967, 461171, 176278, 453014, 181377, 282046, 142147, 84370, 7145, 432424, 102227, 292431, 227699, 327319, 3930, 9937, 235006, 6191, 78142, 44003, 339790, 8007, 52346, 447234, 268737, 228320, 341752, 483153, 99303, 255300, 293614, 189692, 205829, 477391, 95958, 86421, 26523, 489972, 379218, 374864, 304694, 240797, 431105, 401511, 395035, 440317, 89933, 337887, 31435, 75673, 246211, 333272, 471638, 451991, 235493, 290172, 51975, 38625, 340186, 176748, 398022, 398328, 418516, 319133, 293713, 185244, 105027, 176487, 218963, 489641, 490773, 189825, 340451, 41258, 149489, 449277, 337495, 267073, 150939, 265179, 304622, 365630, 174538, 92327, 261884, 187878, 85149, 118925, 92562, 164521, 405206, 472012, 488209, 262911, 419270, 459356, 418200, 28785, 490488, 397525, 292693, 10197, 314107, 136575, 348652, 72378, 338200, 64969, 438288, 23939, 383227, 32544, 471585, 138141, 415342, 393785, 427974, 129285, 461588, 265525, 339304, 115550, 159645, 231116, 153483, 395674, 385769, 269398, 136354, 115697, 296668, 113575, 250082, 389281, 275676, 37237, 410297, 93877, 394967, 33402, 115729, 119450, 209264, 95244, 423535, 309599, 204538, 478452, 218575, 328749, 80250, 329138, 21113, 332661, 411581, 319123, 245634, 272209, 302757, 436351, 474713, 440155, 293132, 307471, 337985, 402488, 464999, 258646, 472371, 310292, 91707, 2031, 197013, 54307, 86882, 343292, 351309, 379983, 116221, 329787, 284084, 286576, 7927, 113285, 274243, 146169, 265062, 332302, 133397, 440257, 333051, 311882, 136981, 450328, 72238, 475653, 399786, 85624, 61731, 5076, 401600, 376026, 81660, 490997, 318907, 486767, 408410, 317030, 48807, 3449, 293276, 145764, 494017, 33057, 276305, 136552, 494924, 224640, 285077, 35888, 337126, 351046, 52994, 463840, 46739, 237301, 280929, 53622, 122964, 378770, 344077, 135354, 484782, 330119, 392815, 315980, 234859, 85791, 410454, 433490, 240791, 101306, 382637, 24901, 236188, 121930, 266337, 190263, 35577, 4048, 188533, 56872, 323802, 480228, 471140, 108270, 155913, 125147, 320635, 369846, 63085, 354703, 357523, 394294, 422910, 16538, 173417, 195354, 68707, 129942, 8210, 38672, 33332, 362080, 352575, 364003, 151198, 484706, 260690, 95810, 287799, 165453, 40899, 102362, 318362, 39196, 184662, 212965, 402724, 395226, 394155, 461958, 139, 205566, 380172, 326041, 96755, 301754, 262626, 439502, 4797, 96401, 263585, 205610, 429543, 233898, 478947, 79793, 352231, 470832, 106575, 249788, 38359, 37866, 392902, 234374, 113665, 427018, 164583, 124289, 256252, 384463, 398213, 473347, 237813, 182501, 471283, 289870, 495944, 169709, 431817, 244312, 432772, 58939, 422380, 417880, 394403, 72156, 194478, 246872, 420462, 336103, 228825, 78721, 179959, 328422, 399584, 200004, 366219, 312521, 264348, 318605, 22193, 473225, 103968, 375213, 394311, 485400, 389202, 400282, 25419, 230890, 301173, 221610, 20048, 411408, 215578, 362518, 54224, 74227, 494725, 313804, 118475, 251541, 71368, 149147, 456131, 161810, 319206, 132353, 9838, 15646, 290612, 85353, 284163, 48130, 475920, 317929, 472667, 121722, 228504, 482878, 344734, 497587, 454571, 82733, 275908, 145861, 85271, 123296, 137908, 493921, 427524, 80630, 82092, 47941, 46410, 275003, 284016, 48182, 232946, 114778, 417766, 205619, 161991, 87087, 107401, 425047, 56363, 1866, 445227, 365646, 308993, 16149, 443468, 298754, 469943, 113939, 264192, 297479, 59492, 419098, 210396, 134626, 362984, 3428, 492651, 99708, 248230, 432307, 202324, 316040, 220535, 429246, 379177, 287577, 498821, 15121, 263594, 115883, 72003, 102366, 287672, 448295, 109704, 353678, 132311, 85513, 350044, 177045, 458524, 246121, 138759, 31716, 385579, 188162, 308335, 352545, 202852, 244689, 317140, 451360, 67385, 338152, 383983, 167256, 101411, 238404, 428458, 282415, 242406, 14813, 287283, 270049, 455521, 320759, 240927, 231814, 262969, 7163, 347347, 448750, 26047, 353133, 437509, 88316, 436156, 67158, 122754, 51297, 116977, 135203, 187506, 466846, 221302, 262623, 225232, 421626, 218187, 165129, 458752, 489810, 139401, 382637, 330119, 106090, 202593, 388171, 384607, 284174, 445008, 302834, 124437, 7218, 132536, 482087, 279456, 85473, 210654, 69369, 136474, 30485, 201397, 7078, 115115, 286967, 365807, 396497, 247215, 154962, 310011, 187349, 153174, 74032, 333049, 220419, 125398, 474548, 469422, 422379, 463852, 123652, 457656, 260032, 263959, 333317, 226047, 49676, 65186, 58113, 422217, 320814, 216827, 116849, 334448, 126296, 383228, 100249, 185953, 444220, 28712, 436338, 461429, 197095, 257285, 159908, 221807, 393147, 382569, 293406, 305718, 413293, 175385, 135225, 213754, 432057, 240308, 325023, 53598, 96198, 215574, 409619, 496501, 467171, 92551, 360471, 202141, 313201, 186057, 207170, 229096, 372454, 188088, 291657, 239817, 323713, 440694, 173084, 143736, 263358, 35839, 436633, 56438, 241743, 430583, 120489, 14275, 362511, 46857, 88485, 345093, 497284, 170683, 129968, 148406, 19441, 18836, 21348, 319640, 303784, 198797, 160537, 447545, 335635, 415450, 337705, 161142, 120842, 387071, 75597, 440820, 390048, 190243, 277350, 34073, 199144, 229998, 153941, 496012, 221715, 119596, 4798, 305032, 482046, 133301, 113127, 60984, 347611, 86987, 145808, 341065, 343380, 52163, 384168, 2019, 32674, 337907, 6945, 177779, 388430, 441955, 254831, 111019, 157887, 15725, 216296, 430970, 336138, 177969, 266318, 313955, 329436, 104195, 121442, 492728, 375856, 354198, 431237, 96873, 327714, 267607, 242111, 66657, 283604, 422268, 446708, 303117, 29169, 175367, 353727, 104548, 386046, 45423, 36330, 482299, 243700, 60948, 491082, 361293, 352853, 440594, 2087, 380451, 95219, 66554, 13080, 493189, 459174, 410378, 421842, 428736, 128944, 285561, 124778, 129622, 425206, 1642, 284963, 490807, 66288, 462803, 295727, 31327, 133923, 376362, 141477, 141142, 223740, 254922, 403479, 215515, 203481, 50584, 152260, 195520, 92935, 266834, 228969, 421507, 95720, 2143, 3115, 206077, 34523, 170104, 95633, 487306, 294604, 468452, 327490, 377795, 309441, 264945, 161880, 17984, 442858, 178745, 38342, 281385, 439746, 169000, 302644, 484053, 389508, 163790, 4238, 148637, 190293, 453499, 166455, 216386, 469082, 364158, 411450, 338565, 16576, 258158, 257304, 179861, 482068, 288399, 257120, 385243, 250334, 206174, 1888, 430803, 398379, 254575, 155573, 395748, 72687, 400104, 372779, 444577, 124026, 355028, 467483, 191493, 406876, 240241, 349908, 284279, 13182, 208391, 137192, 187962, 458867, 455555, 461890, 495675, 422960, 328389, 442352, 323895, 489622, 455127, 389375, 438540, 453356, 231770, 260546, 121778, 316685, 464198, 318435, 432505, 353539, 82540, 420796, 287065, 433566, 392838, 309300, 363743, 377646, 398308, 409530, 220779, 205970, 229710, 453199, 492736, 110687, 19554, 319732, 14311, 306226, 82503, 98063, 370531, 371530, 285223, 202846, 28368, 403689, 246429, 344553, 334882, 414861, 15160, 384252, 97199, 185310, 160016, 280110, 289677, 172834, 59636, 380380, 154179, 24430, 405865, 32342, 466322, 154679, 416489, 467006, 476284, 306053, 141650, 192433, 364620, 163005, 416913, 418960, 263215, 81309, 65948, 49255, 240782, 88016, 56340, 44520, 429103, 47927, 424904, 85005, 122913, 324718, 241167, 80145, 308899, 138965, 257200, 331469, 133592, 468213, 277126, 370583, 274195, 332005, 455542, 252353, 422946, 465101, 107886, 338816, 125255, 416056, 127314, 400305, 82160, 394469, 446327, 421466, 313041, 470777, 472836, 485418, 224459, 100064, 121118, 4793, 241352, 32120, 19013, 138913, 443995, 938, 254758, 31591, 284525, 418556, 271886, 360024, 5421, 445784, 34396, 70160, 121262, 11392, 351121, 369645, 383804, 385725, 229229, 375120, 280820, 81544, 102745, 71789, 270192, 382652, 290385, 222269, 336153, 147101, 52718, 261438, 299104, 360766, 337461, 382409, 255262, 4924, 371198, 342190, 255275, 319635, 213153, 103582, 378643, 143266, 156848, 494451, 493931, 423248, 81865, 342973, 171243, 164090, 258932, 263392, 377588, 414156, 357591, 59858, 157933, 207949, 243337, 330983, 489498, 13617, 55783, 177944, 491711, 208041, 213926, 405622, 240963, 17397, 70162, 109730, 359403, 160422, 432419, 40921, 467784, 389206, 467763, 182683, 14952, 68022, 370531, 473612, 79186, 319573, 215439, 482261, 175844, 255217, 51833, 488018, 67292, 307620, 290716, 468758, 240258, 56562, 471422, 146846, 79389, 208222, 26242, 322352, 338340, 249144, 493157, 367160, 477892, 221998, 378047, 117117, 481729, 328220, 357133, 9642, 480305, 313528, 197941, 360395, 51091, 318836, 230485, 312043, 356872, 315157, 100604, 175613, 291497, 129350, 188093, 402472, 26736, 441825, 114136, 91644, 192455, 422167, 379545, 211560, 462404, 325266, 248469, 352697, 194826, 233763, 289590, 165182, 129108, 4156, 393834, 467987, 362893, 305016, 146207, 432354, 40423, 307008, 146832, 157943, 43167, 161929, 233099, 42285, 363422, 494967, 302822, 222230, 37055, 23322, 286419, 371836, 461678, 379480, 385356, 21886, 355659, 373371, 33379, 221320, 251389, 417282, 473409, 69608, 178342, 224935, 54887, 74973, 161257, 462721, 247011, 485101, 207496, 338426, 415002, 460335, 369937, 167223, 273387, 410959, 41750, 141282, 454550, 473476, 262628, 166540, 419968, 489434, 353617, 61588, 493236, 147212, 327783, 45366, 97354, 137500, 94788, 497100, 215350, 200245, 442078, 210341, 388749, 460049, 333891, 360470, 96388, 430420, 139673, 47249, 461850, 39487, 419304, 428859, 183536, 49421, 125969, 317409, 270594, 303023, 268620, 392561, 174749, 347233, 373267, 450539, 470094, 146633, 351264, 289175, 321391, 4476, 474438, 347494, 448101, 245913, 495398, 49285, 167180, 441986, 108125, 137384, 261169, 431209, 376185, 118382, 297078, 62595, 409811, 61970, 373774, 485284, 43001, 59723, 210329, 398724, 22781, 291196, 243668, 436247, 337282, 108909, 47206, 307924, 167560, 434685, 465221, 411034, 150079, 328152, 410209, 299232, 360314, 408371, 479900, 405132, 148312, 425975, 327876, 331046, 420983, 65682, 211949, 112687, 87977, 149072, 232308, 225393, 379989, 477292, 286705, 168529, 126694, 6953, 454302, 486525, 50770, 8711, 217465, 91562, 112213, 69624, 76407, 387455, 103280, 162559, 476931, 406142, 315776, 125365, 3874, 220950, 283150, 443362, 322748, 79858, 315598, 463919, 271585, 411318, 12673, 67142, 356192, 172648, 397130, 332293, 191774, 421620, 90697, 479218, 212643, 89905, 385304, 482308, 167799, 9143, 273669, 368872, 180313, 160582, 393660, 64155, 116981, 20717, 175713, 187007, 26985, 47767, 66344, 229007, 216055, 390762, 32441, 141467, 497120, 447227, 66810, 393791, 232280, 308653, 9679, 249416, 413279, 183884, 279957, 16781, 220877, 338490, 304535, 299398, 395252, 272383, 199834, 489288, 420890, 120809, 128366, 260235, 459920, 384184, 198485, 109163, 415592, 428554, 216612, 262512, 367812, 142145, 106284, 367001, 358634, 187647, 196230, 416080, 62338, 103538, 195591, 407537, 258084, 324419, 235672, 233305, 50023, 131985, 436300, 305895, 285818, 424309, 369697, 447934, 8467, 323630, 138943, 120226, 136863, 101506, 192525, 484968, 358852, 334359, 247209, 425584, 128671, 277183, 493914, 39180, 251921, 193625, 472430, 444874, 173855, 178729, 326566, 481764, 387815, 159803, 269757, 335760, 109822, 218964, 16592, 49811, 13142, 127866, 272227, 496689, 309439, 53112, 369659, 96933, 474366, 290758, 341407, 297991, 408221, 444793, 485541, 223963, 209983, 423942, 473215, 270736, 201079, 255899, 69587, 58789, 195253, 298739, 82286, 372674, 72904, 70330, 145595, 26412, 63691, 252138, 482560, 239796, 113714, 135212, 364576, 313308, 267095, 336215, 124856, 390336, 351819, 388130, 399117, 166476, 263665, 469058, 63416, 449385, 546, 476538, 399888, 491304, 406304, 406078, 246747, 43198, 29237, 259008, 159412, 408842, 228970, 210363, 368132, 301370, 494325, 36747, 391923, 120135, 290816, 97851, 428278, 368190, 162335, 345550, 238172, 62151, 256693, 451246, 175488, 105658, 446343, 47221, 402182, 393111, 244807, 499697, 317270, 326184, 191835, 346767, 193062, 361591, 227991, 357553, 165516, 331755, 343338, 305425, 264604, 473728, 317042, 421918, 488797, 308687, 488693, 15885, 483749, 276262, 289883, 82828, 360933, 344116, 495869, 246784, 84643, 432940, 51397, 406639, 107445, 274842, 331293, 51945, 444845, 26930, 236711, 265400, 256769, 32885, 382457, 31977, 310232, 135624, 223783, 326154, 67528, 231846, 149355, 234998, 290242, 448398, 35128, 116859, 384029, 416480, 302158, 359801, 145216, 34879, 254851, 332910, 360027, 246177, 490270, 240928, 196501, 12527, 298088, 215805, 287737, 260899, 479837, 391410, 96218, 294840, 121050, 497358, 437257, 291404, 252113, 304289, 174731, 14010, 277761, 447208, 78904, 399144, 94214, 300321, 139172, 78016, 482341, 260741, 407923, 164919, 255671, 53973, 396226, 14439, 286294, 16371, 106409, 7921, 180396, 384253, 40487, 98645, 267059, 99675, 405008, 106044, 346099, 373832, 484728, 179558, 337990, 252492, 346443, 249446, 232571, 158169, 168217, 432262, 275984, 223911, 496523, 387737, 58143, 29346, 499787, 454969, 431811, 489052, 226171, 257615, 2026, 295611, 392106, 344740, 436099, 279380, 456879, 16513, 368658, 237691, 400911, 54581, 168217, 493094, 32444, 251984, 126762, 135257, 13478, 93521, 430152, 330551, 90262, 295212, 73009, 92043, 131414, 91676, 25422, 310596, 224512, 77244, 251790, 333987, 291234, 473763, 257751, 221092, 302276, 368683, 178931, 243186, 303292, 223015, 315421, 243632, 59775, 408616, 86256, 1173, 75745, 219849, 243194, 170721, 434545, 349486, 361506, 65018, 486933, 415376, 106634, 394666, 15975, 201761, 179299, 402886, 220714, 4249, 124039, 276795, 284947, 219390, 273796, 262208, 438669, 405963, 83689, 352048, 152847, 228043, 42698, 361865, 448791, 330069, 438573, 381143, 412512, 256002, 171920, 421188, 487103, 305579, 381856, 224591, 314917, 333153, 331667, 290441, 44736, 78279, 393119, 380154, 410394, 187059, 327691, 210252, 444954, 408963, 437954, 321571, 405236, 437615, 209071, 209603, 39849, 119977, 451053, 307976, 364092, 202765, 466185, 116594, 363383, 443455, 24919, 233034, 391459, 170757, 31527, 358685, 266165, 352935, 257678, 365787, 166196, 490121, 288206, 327095, 377892, 115607, 79994, 262126, 147218, 361679, 276117, 109123, 219831, 286260, 5062, 414438, 241967, 230169, 249867, 98818, 114172, 235793, 283822, 451354, 395310, 224198, 314214, 385223, 246213, 345672, 343576, 45257, 163885, 6276, 70689, 447702, 304077, 161047, 113236, 140750, 416823, 295108, 114012, 319964, 494025, 20785, 110799, 39674, 90215, 104764, 324103, 77875, 281715, 148033, 80424, 378556, 454112, 315716, 303202, 2774, 180792, 481036, 59142, 400763, 424870, 186168, 229392, 165249, 435652, 63666, 268566, 108512, 133682, 79813, 467200, 167146, 493709, 493923, 252215, 400451, 349985, 234198, 196358, 425140, 267531, 415572, 180343, 22013, 357383, 174746, 417192, 147938, 406670, 106685, 319344, 189603, 30294, 391819, 433201, 470567, 365100, 218639, 58557, 428232, 125676, 264746, 447736, 486901, 460227, 170477, 242108, 297615, 14673, 271375, 212664, 371661, 151714, 149616, 359023, 250903, 232993, 449970, 326442, 318845, 221908, 84796, 37627, 70542, 389871, 496148, 408451, 316844, 113334, 377490, 303677, 383329, 381025, 106183, 158047, 149473, 45258, 304683, 330308, 265183, 124224, 225096, 297269, 321794, 483584, 391457, 284891, 206229, 161407, 259528, 294258, 347633, 86493, 184761, 388443, 459887, 236449, 420465, 447632, 322107, 61219, 237525, 96324, 96176, 361606, 317267, 477854, 240751, 99778, 198307, 303758, 304782, 256061, 160168, 46220, 21142, 318026, 411036, 404240, 293398, 489232, 284120, 44442, 88637, 434344, 328253, 34055, 346095, 222742, 36969, 228532, 266283, 468421, 210700, 142389, 2869, 300955, 59852, 54704, 87392, 13973, 228082, 443644, 170181, 443454, 203152, 442816, 313950, 412787, 221317, 349969, 133001, 441165, 184449, 260218, 383092, 236135, 103834, 217354, 79164, 140578, 315306, 41181, 59180, 177425, 428092, 30781, 478406, 260191, 98083, 444490, 383849, 394592, 118366, 114519, 172782, 181213, 130093, 255095, 434723, 196825, 118078, 426145, 154635, 381720, 240644, 88654, 439886, 391388, 353036, 132427, 265879, 207725, 491228, 266180, 141223, 15698, 330327, 497716, 316581, 345136, 268003, 372492, 313001, 277243, 318809, 427981, 48283, 152550, 157697, 364821, 53731, 139378, 495756, 92777, 335815, 100985, 399529, 456363, 356844, 331804, 305485, 102464, 345687, 497415, 393074, 461098, 330857, 63609, 488911, 113896, 225401, 154546, 489958, 462182, 482230, 27724, 199716, 358900, 442563, 155170, 39103, 390951, 300965, 67011, 278942, 229955, 111227, 328282, 362200, 30294, 300648, 30733, 431301, 117232, 67316, 430760, 254120, 281680, 75266, 268431, 422100, 240711, 227933, 382786, 463093, 191278, 318046, 369560, 184478, 361666, 247193, 231797, 359738, 56106, 215502, 323014, 222384, 266248, 37057, 289836, 402110, 173593, 339828, 141472, 402782, 21341, 411660, 333963, 69075, 451857, 273643, 23987, 308842, 420282, 182770, 388749, 195665, 423431, 207988, 348749, 369046, 298267, 67980, 82241, 227457, 156248, 388988, 203350, 411389, 444981, 188839, 185522, 263832, 365559, 115818, 138167, 452610, 272924, 27986, 297533, 404421, 157092, 316043, 356207, 130549, 108104, 334382, 170919, 483015, 218807, 354345, 114214, 357212, 276837, 305659, 10570, 24234, 128543, 374983, 199743, 86108, 256555, 242467, 361587, 222913, 231743, 382367, 121321, 197858, 129393, 26896, 85929, 88977, 84943, 282394, 298507, 60591, 213066, 460261, 68911, 323067, 367812, 277304, 455393, 394016, 326661, 85515, 398298, 96709, 180666, 381851, 493810, 382207, 173850, 359416, 313422, 150673, 359242, 52671, 475028, 65108, 178633, 244990, 331368, 354846, 43193, 427236, 351208, 460092, 105941, 498064, 4090, 138309, 28416, 305174, 166761, 211064, 8776, 21219, 465405, 404078, 286622, 78213, 155146, 418943, 414120, 242778, 189930, 211687, 401922, 167994, 191693, 150479, 187646, 288657, 142618, 92135, 251041, 69208, 167380, 412112, 130460, 313771, 168729, 355235, 187327, 231945, 319494, 350504, 363786, 284902, 430630, 361349, 28983, 488256, 27569, 171441, 97432, 169723, 3304, 336904, 345983, 247733, 316249, 382786, 248932, 107061, 266664, 122195, 139762, 102699, 135595, 392696, 293745, 31688, 250953, 216034, 93008, 326992, 51525, 194276, 10134, 445804, 255512, 188307, 140693, 295634, 401485, 65818, 388603, 161225, 255279, 85761, 404221, 188199, 94636, 212231, 237882, 101661, 63694, 145304, 355366, 184411, 186734, 268807, 194938, 64845, 72821, 308409, 346645, 216041, 44910, 498140, 173322, 335890, 105932, 247371, 473828, 283698, 159669, 300244, 74560, 283009, 161403, 432662, 30328, 330167, 438345, 85114, 185312, 414914, 460520, 261799, 27079, 428582, 243364, 22417, 53365, 126374, 499053, 202859, 130962, 335298, 74844, 163621, 4788, 128663, 105303, 195349, 156972, 101021, 291535, 244672, 22111, 24070, 403719, 89190, 40198, 24381, 182433, 248802, 301458, 364552, 200821, 11645, 257234, 325872, 209780, 334682, 417016, 99882, 499313, 350131, 404053, 364135, 495167, 322325, 413930, 299804, 170383, 314625, 494000, 418809, 264457, 135417, 138260, 425904, 406465, 169842, 337834, 210487, 476982, 432657, 53054, 345326, 60342, 238075, 343059, 196749, 86218, 118325, 436598, 105860, 94351, 300860, 409632, 430137, 361234, 478811, 496725, 403445, 116432, 10996, 69245, 192602, 63746, 471497, 37642, 67986, 436843, 169945, 358108, 211730, 406784, 495604, 203986, 207272, 315859, 390094, 107166, 109449, 282000, 248028, 181406, 436721, 219767, 169812, 402596, 294312, 44822, 295856, 365201, 333578, 457493, 420742, 429495, 32327, 301029, 86687, 91115, 68372, 113340, 392355, 398952, 209732, 184714, 158209, 305007, 78531, 333663, 367647, 320833, 351989, 459659, 312401, 306307, 280168, 154596, 441284, 280215, 47522, 19269, 439444, 372661, 184110, 476400, 307236, 434319, 202224, 218377, 194978, 7064, 44159, 316695, 294141, 452318, 24743, 321379, 468594, 251074, 465623, 250026, 73614, 222058, 297407, 190769, 474149, 133002, 254423, 381145, 268732, 498019, 413349, 120453, 6861, 368985, 259103, 323168, 139856, 131254, 193729, 89948, 69390, 288892, 273242, 436050, 135996, 447207, 30438, 292306, 157599, 195935, 105858, 261669, 150203, 120138, 25185, 457541, 30026, 368568, 304564, 176304, 445691, 269733, 41463, 281696, 179379, 269521, 365520, 428588, 139384, 463778, 216010, 414200, 87347, 105906, 489427, 125868, 289452, 375618, 396441, 71904, 191862, 254377, 424742, 74507, 138363, 366675, 434647, 404206, 183713, 378521, 283667, 427589, 170857, 363313, 249374, 30980, 475883, 85310, 387221, 435944, 159043, 168079, 343831, 330996, 230143, 373163, 244094, 293485, 443735, 32498, 42052, 122098, 471041, 428563, 44586, 215437, 380916, 82782, 150080, 71389, 364898, 160731, 57848, 385754, 42178, 324313, 355285, 479031, 12081, 214741, 109802, 141782, 410990, 160391, 304473, 102226, 87218, 371744, 376071, 246528, 310918, 258956, 104372, 259462, 309775, 266530, 440564, 150595, 340720, 224641, 389131, 277288, 489105, 156303, 229523, 97257, 316519, 6123, 251508, 253064, 36085, 102543, 487091, 397737, 404718, 407015, 275378, 7635, 294076, 309244, 332093, 207753, 452713, 344057, 378085, 379277, 20518, 193539, 215345, 69349, 468485, 132488, 157497, 497061, 221533, 417409, 52859, 478920, 134553, 65582, 52549, 161094, 22461, 2117, 169643, 222185, 377574, 30470, 119860, 389163, 151853, 94151, 75332, 429494, 251058, 395452, 341636, 171704, 419480, 251479, 420348, 28664, 342029, 112889, 418111, 72926, 75255, 398179, 16007, 439217, 226845, 490541, 87483, 131890, 64467, 40597, 402768, 46276, 151617, 395123, 202780, 224177, 73782, 405477, 301031, 1691, 74464, 245083, 438731, 273283, 311615, 43907, 363239, 200111, 319730, 89, 43388, 191142, 79307, 131374, 383435, 312648, 345542, 171077, 47212, 125358, 462955, 264842, 115614, 254317, 191459, 237340, 483473, 33418, 421324, 55181, 99162, 419952, 217940, 62976, 415908, 417141, 130256, 63600, 352360, 465893, 398186, 73818, 202689, 31734, 9573, 367475, 191025, 292666, 65561, 426389, 67745, 336903, 447222, 196264, 337771, 327560, 25376, 156752, 56991, 330416, 171164, 337877, 368926, 159434, 69636, 352454, 397401, 366747, 121569, 171078, 281179, 15817, 85182, 103061, 125565, 79156, 392360, 55806, 219019, 416676, 271268, 48717, 440203, 76186, 304030, 113431, 299182, 434472, 119600, 418305, 357169, 212888, 388293, 86188, 216913, 490735, 296467, 394944, 485677, 171993, 80344, 71845, 497373, 169717, 284214, 180196, 277163, 347921, 146564, 188232, 336926, 454580, 408384, 446704, 241785, 301990, 271744, 227739, 20174, 168711, 197797, 276225, 93613, 221927, 198820, 131276, 15448, 121318, 88284, 415647, 280668, 472101, 133073, 334240, 291171, 231945, 341936, 303512, 499922, 186450, 376667, 27511, 77787, 25725, 469425, 279087, 294265, 454722, 399996, 170423, 11115, 477919, 97334, 442775, 63806, 411589, 326466, 418341, 388841, 7374, 24892, 51296, 497065, 709, 257168, 482915, 354970, 276173, 312949, 166908, 211045, 414658, 401093, 261194, 163252, 120301, 429775, 118962, 465712, 362409, 454354, 79778, 353782, 98216, 469868, 468839, 147294, 156730, 266891, 13385, 232326, 51886, 358537, 346284, 409732, 446015, 29888, 167100, 464743, 46878, 15466, 424517, 394872, 302040, 283856, 109208, 134526, 284425, 33328, 154133, 88073, 119115, 495464, 158172, 456859, 408389, 92158, 108181, 12312, 66171, 419219, 439131, 80724, 168019, 421430, 402872, 230120, 382831, 229375, 418369, 162120, 419909, 490018, 432240, 316374, 255088, 5316, 460466, 432699, 368952, 499441, 426675, 420821, 70459, 108286, 66579, 158300, 255347, 400697, 307305, 196144, 30653, 15457, 84051, 275014, 383894, 154322, 65976, 165105, 300462, 227363, 412760, 293831, 400193, 409104, 302375, 56119, 230198, 199017, 72515, 114551, 7222, 10474, 314294, 464064, 182265, 443835, 81460, 238161, 297454, 392189, 208723, 10240, 98397, 403907, 328842, 142301, 350390, 278336, 240962, 148730, 460766, 290214, 18087, 310915, 393074, 209910, 48548, 129025, 117234, 409333, 4545, 236115, 116525, 144275, 421734, 209152, 96833, 92142, 293065, 162887, 85768, 389767, 66999, 215622, 384073, 160235, 310337, 327156, 174984, 85184, 201815, 353160, 149502, 335092, 381273, 4267, 311185, 26255, 78764, 109828, 489438, 42328, 151161, 218903, 274437, 234869, 465907, 247941, 123473, 249729, 339983, 155152, 45305, 376149, 183887, 173123, 340928, 26502, 309563, 495328, 109507, 342489, 162739, 211573, 384859, 270298, 66649, 124792, 40127, 111715, 369904, 429170, 377354, 227834, 137457, 125672, 406138, 348170, 433987, 102572, 90768, 299741, 379282, 55446, 205683, 115426, 494679, 203198, 406756, 155324, 215678, 64215, 357967, 342549, 388342, 136735, 161891, 13592, 411138, 404948, 465036, 489323, 355721, 358578, 116285, 872, 215560, 11379, 392492, 85429, 83670, 266633, 59707, 264200, 220646, 154453, 127457, 275036, 309484, 101165, 66236, 475569, 124945, 347909, 371998, 366553, 356520, 371663, 212887, 32254, 129193, 268010, 339964, 260750, 215517, 458211, 406440, 360891, 106953, 33346, 470234, 335665, 402153, 75063, 142133, 299650, 341381, 265975, 320775, 59278, 49965, 220303, 14839, 430991, 73502, 423488, 147324, 424211, 192776, 59288, 447754, 137997, 482806, 115618, 286385, 189976, 258115, 194808, 414894, 275447, 215711, 144078, 327717, 90439, 37036, 148452, 247702, 274435, 189288, 81575, 318848, 139208, 179834, 422289, 351949, 173553, 148361, 404123, 282022, 113739, 9073, 389701, 394694, 93777, 376114, 231148, 16642, 85302, 53483, 462264, 436883, 441858, 214027, 430235, 228988, 726, 130516, 119651, 473804, 325369, 361699, 26237, 455570, 160037, 273784, 123837, 336445, 180502, 17432, 139802, 208866, 490524, 453976, 286908, 365663, 335509, 264379, 139017, 196828, 328709, 114994, 342422, 498031, 285089, 228750, 42363, 244852, 377861, 223508, 491466, 286953, 467890, 268586, 171302, 51033, 425222, 27360, 476844, 300561, 338675, 246725, 36127, 28450, 84598, 362913, 11898, 278558, 109160, 382234, 269884, 322252, 357970, 68155, 452030, 32042, 57813, 220167, 293993, 34518, 300131, 143948, 135052, 344780, 97417, 333569, 327442, 8717, 18834, 392482, 488248, 234481, 250124, 97993, 480900, 292035, 302046, 186003, 184010, 456300, 433488, 380625, 76005, 41487, 347983, 160682, 418209, 30129, 44546, 443926, 432250, 19810, 64176, 351521, 399547, 294687, 456803, 134390, 125229, 487915, 75727, 419980, 45853, 76418, 382202, 60663, 208494, 458097, 479170, 276582, 245841, 181990, 380440, 418475, 346959, 12101, 409550, 23891, 112757, 174148, 338658, 167636, 459017, 375585, 249455, 331129, 444954, 158524, 185885, 212091, 452798, 14949, 27969, 282474, 402687, 83591, 28710, 453695, 357358, 344631, 243427, 108011, 9473, 247931, 219856, 300638, 332048, 224083, 25878, 215126, 427, 99007, 239193, 112868, 49142, 301715, 416699, 41612, 448657, 27255, 212150, 487462, 336064, 158703, 237617, 54364, 345587, 244267, 186007, 294205, 267508, 228505, 210700, 87868, 202980, 263417, 190552, 57672, 413208, 237187, 273034, 459967, 294810, 52975, 327727, 382112, 445141, 68761, 42116, 205887, 250789, 15124, 41750, 444625, 354500, 94811, 489878, 68412, 455059, 178742, 149485, 328979, 417778, 191608, 227486, 158879, 116941, 424398, 339115, 426102, 94808, 285565, 278780, 497158, 85495, 240944, 29301, 321324, 142767, 295911, 225397, 180379, 10891, 67542, 120813, 233460, 358840, 403938, 19870, 433333, 441757, 158186, 75694, 318685, 146514, 135732, 183027, 107991, 49826, 28085, 109112, 213936, 53953, 18882, 472214, 164022, 175168, 214594, 120349, 434518, 141580, 25891, 18069, 160540, 231859, 384545, 13841, 5644, 274592, 349127, 91040, 402493, 95947, 116818, 184362, 113564, 316182, 392563, 3434, 169633, 310503, 281839, 154423, 383758, 471068, 352417, 209602, 332022, 338418, 255921, 438899, 404180, 252369, 194164, 141994, 206494, 113010, 196472, 399607, 105977, 53358, 111877, 12783, 370147, 300772, 342850, 88783, 300222, 276031, 125745, 181978, 35511, 307829, 313322, 72352, 8008, 27309, 275304, 206664, 380650, 58454, 270019, 65330, 296283, 150618, 421210, 152953, 327507, 147910, 461932, 123004, 431566, 373068, 352046, 155165, 51920, 467791, 10424, 23709, 115041, 166438, 212260, 448557, 180385, 52848, 234058, 47498, 255536, 374909, 223580, 483947, 14059, 168062, 483401, 203299, 238204, 117236, 315502, 24989, 145372, 405005, 29901, 381326, 186023, 84560, 359409, 233109, 129941, 342221, 444769, 189206, 38953, 477814, 498720, 100905, 103905, 408696, 423273, 222074, 24124, 463143, 315887, 186709, 36914, 191195, 419711, 248989, 427098, 495928, 207010, 264980, 371297, 436386, 192938, 71280, 95348, 405970, 239181, 299399, 250219, 26208, 194597, 304196, 112142, 149154, 212845, 130254, 422751, 152530, 287577, 289497, 176160, 230351, 103469, 219875, 469232, 34524, 68630, 396571, 381113, 31107, 431347, 187774, 282563, 34559, 231270, 165482, 10958, 89319, 231831, 197642, 30977, 390254, 351230, 172407, 201238, 28729, 227964, 222791, 437030, 277493, 228754, 357455, 434275, 238257, 54984, 305767, 492001, 8195, 187288, 394912, 440893, 493996, 183515, 358514, 229308, 158221, 329491, 368525, 306373, 346041, 116845, 60305, 156437, 187673, 207361, 497612, 485786, 364702, 63628, 315362, 398203, 475577, 375872, 367799, 46388, 80509, 20328, 184366, 342127, 260870, 161369, 408750, 18122, 271858, 245412, 58286, 144027, 360032, 168794, 48594, 3484, 333482, 34314, 279803, 230428, 198127, 2602, 330455, 19763, 44164, 64531, 321473, 16765, 178328, 326059, 449320, 249484, 108595, 456247, 157019, 370881, 419898, 170737, 390417, 166194, 64193, 315114, 311486, 378884, 407749, 412639, 47333, 426339, 147399, 301641, 367219, 490704, 440831, 57446, 266026, 304247, 53112, 64890, 344235, 51444, 8491, 27752, 2988, 395540, 261459, 168864, 180795, 316843, 303117, 164423, 88611, 338738, 394210, 198937, 148287, 379706, 10315, 411898, 140102, 147045, 190450, 460671, 479040, 389660, 208269, 450416, 154348, 316738, 337192, 389344, 245660, 194234, 452540, 245556, 480666, 270126, 148310, 369676, 452338, 178971, 312689, 112634, 159150, 386488, 487630, 102821, 324113, 415682, 152769, 421017, 492408, 169406, 305413, 25236, 230805, 29291, 86383, 8960, 96445, 323367, 213648, 430131, 406251, 455045, 403597, 236990, 389734, 469051, 66679, 263439, 487592, 174037, 47116, 389609, 327234, 300955, 196066, 137427, 185028, 25857, 147030, 474420, 385835, 90649, 306781, 119986, 274232, 404106, 952, 135770, 356245, 43689, 314673, 337906, 327063, 66716, 202777, 351389, 258628, 440773, 200605, 227713, 379043, 24756, 138462, 345048, 490527, 217193, 191948, 207632, 357792, 26028, 95367, 291769, 127638, 101185, 328041, 126346, 158209, 343417, 65408, 489945, 27564, 100959, 273227, 129428, 198972, 458520, 11424, 53084, 72083, 111613, 312275, 126225, 93534, 432657, 312026, 353072, 356915, 217852, 107129, 91043, 398752, 97734, 207823, 180880, 278985, 137710, 179624, 321772, 162762, 480372, 250694, 262225, 177687, 245571, 125130, 312474, 309920, 57600, 82742, 420855, 92545, 453474, 473307, 426786, 459807, 222736, 328221, 111310, 109071, 13110, 488850, 369430, 338312, 71408, 397176, 2979, 200490, 464966, 440971, 411115, 290789, 334827, 224362, 142101, 225156, 462453, 240787, 430302, 450777, 246275, 179211, 387048, 120700, 155243, 340324, 360394, 363664, 228344, 441895, 259275, 185412, 138124, 353414, 171844, 91867, 26440, 70377, 101487, 403587, 48851, 395668, 180027, 436862, 43308, 368025, 48004, 130716, 211169, 50331, 478223, 103723, 366275, 192082, 400, 318449, 95754, 448150, 40350, 36715, 499665, 494372, 253322, 225641, 18247, 482804, 400342, 251159, 81342, 454494, 114355, 251549, 6056, 116892, 406011, 468406, 249419, 166872, 137042, 47679, 125697, 465220, 343286, 381530, 443469, 479432, 159032, 296902, 299760, 7622, 369445, 200751, 164435, 415723, 304559, 123493, 31647, 418142, 272805, 22739, 67105, 276933, 465207, 277435, 467409, 319947, 367298, 310964, 272429, 140454, 37461, 415414, 233166, 128075, 69126, 277944, 340590, 477963, 318449, 459358, 146909, 142839, 448801, 319867, 490321, 292348, 73932, 293185, 144826, 289579, 173933, 34391, 483309, 140157, 115037, 76999, 452296, 28118, 490959, 185699, 78313, 147531, 263511, 328627, 261178, 346802, 396962, 16161, 249853, 464476, 84733, 342584, 255767, 466713, 13421, 160372, 136573, 366844, 91902, 237612, 244329, 567, 482515, 447501, 322976, 69816, 393527, 357843, 436369, 7886, 130954, 229599, 333231, 46099, 26707, 34116, 459825, 351750, 208599, 225692, 235919, 140994, 21736, 116558, 118690, 404765, 344870, 73536, 112045, 281755, 266602, 415609, 75476, 243004, 209154, 34718, 395280, 144595, 106296, 102768, 469076, 54808, 89210, 297329, 392238, 106731, 146544, 190704, 266708, 449001, 159705, 327962, 414933, 259300, 442832, 50888, 228032, 253324, 318866, 217233, 487607, 199067, 180383, 428416, 218827, 142594, 9057, 192780, 482391, 169523, 223244, 31184, 90376, 379065, 420551, 206483, 316725, 374520, 161594, 413711, 161338, 57288, 492183, 317184, 439794, 27357, 166528, 42553, 447654, 210538, 280873, 307001, 58758, 111424, 100069, 131857, 383568, 381547, 152553, 463498, 312005, 322794, 480351, 487364, 48776, 428570, 158531, 473847, 367888, 55549, 218516, 441060, 88465, 101412, 399426, 5499, 213255, 232402, 197624, 458012, 275534, 241804, 250918, 241171, 67908, 277461, 245660, 352018, 412906, 225704, 399607, 132587, 217558, 165253, 320709, 120611, 493378, 91615, 76419, 50476, 354814, 327199, 499288, 145538, 189297, 236150, 219927, 371937, 229059, 301244, 358195, 287516, 318117, 359092, 162853, 329716, 422002, 188636, 189967, 38891, 185528, 59561, 435406, 20599, 479634, 93732, 85016, 205335, 229698, 274151, 491620, 493717, 132170, 2326, 202600, 420608, 62337, 107244, 474947, 120010, 268115, 267371, 489920, 27920, 127088, 294748, 13517, 307971, 212491, 194748, 338919, 229639, 486253, 18955, 341865, 202209, 442915, 183156, 365815, 15132, 175591, 300226, 311110, 302764, 194366, 308475, 396332, 409274, 288730, 481222, 486863, 104654, 110833, 39506, 234585, 372883, 471779, 89107, 141294, 255237, 141606, 354890, 459315, 237225, 157342, 366502, 201574, 260046, 338803, 109272, 291627, 213203, 127066, 459570, 198614, 34863, 229695, 63375, 484288, 241889, 124898, 323469, 168436, 213022, 105850, 496153, 299778, 37625, 384808, 243173, 126323, 303127, 133775, 421295, 260227, 193400, 160629, 466537, 342310, 83134, 394169, 481641, 90565, 388738, 35116, 378880, 266049, 263502, 232260, 318043, 17801, 321441, 130003, 149157, 440595, 350818, 190398, 344722, 9001, 493823, 87013, 292938, 405694, 260018, 240521, 445805, 123853, 260483, 167039, 325214, 387099, 308288, 361603, 46866, 261260, 271752, 26194, 287920, 488745, 98781, 257781, 28770, 476672, 396879, 121238, 102762, 459207, 374513, 305448, 384368, 75816, 99630, 214013, 175879, 98507, 340336, 113455, 243908, 84804, 97330, 237282, 260122, 447703, 259146, 172178, 204386, 71669, 487333, 499120, 298757, 359136, 201537, 136626, 447792, 212289, 447883, 381630, 260090, 423324, 59398, 40286, 416440, 273292, 262574, 54638, 494672, 428515, 263188, 400436, 176254, 382630, 198955, 126628, 490299, 91876, 400375, 23734, 421874, 322863, 289582, 477777, 454195, 119839, 69186, 243630, 147938, 219110, 29392, 309349, 298896, 494368, 175008, 406492, 149871, 108465, 465131, 87266, 77451, 292782, 451798, 110343, 45353, 130386, 445655, 90626, 383841, 210, 381751, 377518, 266729, 382815, 252816, 422739, 97759, 166290, 20102, 446920, 291715, 296723, 209961, 325922, 163043, 170154, 44247, 209355, 257698, 300104, 163189, 258631, 372267, 150542, 213818, 66136, 349645, 465876, 200548, 186700, 79559, 103352, 105086, 233057, 303069, 35121, 385017, 199820, 196771, 18275, 363135, 336340, 152776, 240619, 91957, 188873, 196487, 119299, 132361, 444476, 80221, 472375, 249268, 106590, 380944, 124683, 125981, 358121, 9764, 394938, 116513, 439217, 211352, 206784, 470135, 393156, 70410, 28422, 63839, 480009, 443627, 117291, 444927, 46852, 107694, 457852, 376049, 289508, 12472, 383122, 411355, 381265, 200800, 52416, 326164, 464575, 342729, 103856, 183228, 390018, 239286, 416324, 331324, 418511, 41593, 315629, 151555, 380082, 109801, 338736, 329478, 137725, 317451, 43964, 497960, 101366, 89994, 54087, 390447, 397903, 435423, 468150, 429964, 392985, 282614, 451288, 348368, 360693, 194990, 376029, 303529, 442787, 393235, 495305, 27702, 83639, 463290, 229536, 439972, 177410, 24228, 125285, 440598, 432577, 148034, 52415, 39897, 450445, 350440, 221216, 356990, 118273, 449901, 106454, 60163, 190194, 433929, 446959, 302385, 462725, 40176, 350562, 88852, 41678, 240275, 73739, 465693, 7430, 87459, 245357, 305125, 25939, 34713, 191516, 373322, 401673, 396713, 278957, 57168, 97962, 308860, 361945, 272661, 316397, 236926, 223071, 179699, 320854, 482068, 82845, 285636, 2183, 389264, 426120, 354546, 268760, 66487, 12525, 142511, 121263, 477527, 343124, 394963, 44930, 424388, 307757, 425401, 136649, 147874, 237669, 290808, 137835, 164113, 469257, 185460, 439743, 175387, 486872, 16292, 75560, 123264, 325356, 303766, 6328, 231249, 14830, 79956, 391468, 237986, 115379, 461898, 387668, 191836, 67111, 383135, 354852, 200701, 261833, 81608, 204527, 497680, 393042, 170796, 103046, 450566, 482686, 21882, 389458, 481603, 195552, 147210, 343749, 325952, 157568, 58892, 56886, 261298, 491080, 155866, 190741, 28094, 366706, 388700, 341653, 461902, 173111, 183476, 184614, 132237, 67678, 393316, 465032, 416858, 434301, 264356, 315489, 70692, 380073, 48318, 480835, 387280, 283194, 401398, 172536, 171301, 447487, 202503, 157586, 253968, 108250, 360298, 466528, 184650, 166868, 45018, 366854, 242459, 429646, 496910, 365317, 7418, 413189, 348671, 494003, 324151, 422622, 468936, 365499, 330904, 437475, 418779, 53866, 149626, 75256, 291975, 58608, 118765, 172075, 133346, 81291, 81018, 484268, 492543, 113923, 277368, 281457, 138825, 269481, 410566, 38430, 39934, 391900, 197725, 421801, 342485, 456750, 241010, 446154, 448847, 310653, 279695, 447343, 192873, 100161, 304655, 109874, 291451, 98196, 306255, 329888, 458166, 406481, 266557, 469302, 210954, 142363, 148817, 392503, 283255, 120226, 319707, 344858, 491671, 171376, 357563, 51376, 364114, 274155, 474333, 293850, 368718, 432529, 123462, 356920, 470838, 47721, 469310, 37501, 241295, 284132, 323552, 300430, 360302, 7886, 50239, 84947, 423436, 428378, 296687, 471268, 191738, 151263, 83828, 158480, 108951, 215668, 278809, 30320, 65893, 481686, 291622, 365003, 316291, 16310, 59402, 329392, 103905, 111043, 167012, 343037, 349519, 361880, 58240, 55476, 29003, 320704, 246531, 90148, 263394, 133469, 374894, 179472, 161446, 189189, 423947, 142167, 357793, 49141, 149205, 398497, 9219, 366084, 390838, 19974, 20742, 221567, 317529, 460162, 189310, 266643, 401447, 442557, 458903, 150242, 453819, 74261, 228295, 337873, 79632, 491879, 103531, 253719, 215307, 87576, 322156, 15829, 420930, 16918, 249158, 56946, 447353, 68403, 45010, 288306, 338017, 416527, 487924, 254163, 71145, 225357, 260259, 97588, 30186, 97903, 381448, 405492, 298003, 260168, 450123, 127054, 193620, 14321, 336187, 367050, 347957, 193311, 370958, 197211, 295718, 186068, 269763, 466693, 205490, 338894, 379949, 404469, 141108, 96339, 114892, 196573, 308320, 275300, 243112, 26067, 202531, 79592, 331781, 458641, 282143, 67367, 491187, 288289, 370244, 276734, 450195, 413047, 236555, 104187, 198713, 307791, 490826, 259617, 152890, 415829, 298703, 227676, 185603, 35214, 434921, 26578, 367292, 166119, 327790, 439382, 397601, 97934, 357428, 102533, 251456, 219118, 320752, 383830, 6674, 383455, 20885, 368415, 242926, 408803, 325797, 498522, 402514, 394953, 312260, 267731, 14021, 210591, 82753, 156412, 330089, 491237, 370671, 385298, 413783, 411962, 15874, 400804, 277253, 308674, 450079, 426605, 209101, 351535, 459124, 120633, 400861, 152177, 67894, 469876, 241176, 241369, 195141, 474138, 400127, 454270, 159070, 187065, 422877, 196612, 170628, 101639, 28106, 363176, 93788, 474753, 168, 321286, 273718, 395629, 343218, 292800, 27753, 137346, 30104, 206425, 396536, 488382, 34310, 185908, 414425, 343246, 315841, 231334, 184212, 398074, 494766, 485324, 498848, 419697, 32415, 434654, 428768, 399029, 466989, 9863, 328620, 59694, 434000, 433834, 288081, 105820, 306450, 374248, 325247, 321010, 284542, 213830, 18606, 432812, 102698, 125820, 357575, 281628, 279730, 18206, 277999, 76669, 332000, 127760, 199993, 40619, 342302, 307402, 379043, 3116, 377904, 404147, 425619, 173077, 390830, 347808, 36389, 116592, 243502, 127849, 34901, 1562, 361073, 250451, 253797, 308706, 80061, 303537, 205527, 257578, 105327, 78944, 459268, 447492, 180194, 275260, 18259, 318681, 83957, 20374, 339337, 448847, 349315, 110708, 308370, 130483, 461936, 190058, 358920, 346672, 86522, 259681, 182744, 151649, 484168, 25527, 438098, 374883, 63799, 146646, 138866, 27203, 381124, 406373, 15306, 263252, 15892, 454921, 149071, 106380, 218433, 95474, 257404, 351396, 35854, 23745, 457347, 200256, 408582, 302642, 160460, 214871, 42401, 166689, 293861, 268924, 192734, 154722, 420525, 59403, 41877, 153716, 93346, 192780, 356579, 43947, 493862, 175399, 447464, 388300, 420759, 318494, 81762, 124840, 337068, 323663, 312660, 255972, 249445, 342863, 282640, 247202, 459260, 317099, 337650, 313673, 440895, 478116, 169556, 433617, 447965, 375417, 153813, 290433, 25650, 295488, 386715, 348498, 113530, 338825, 445783, 395801, 468145, 450555, 69697, 309340, 418819, 488714, 146535, 266441, 400902, 486221, 357409, 453679, 277386, 212695, 324641, 88122, 148735, 353911, 199975, 343197, 99276, 104000, 457874, 326104, 345473, 221660, 115672, 342767, 7946, 218158, 378943, 480665, 324818, 443723, 102806, 171523, 22262, 166271, 384640, 268502, 68959, 125459, 287413, 218793, 336011, 376782, 380610, 79465, 437344, 105853, 52080, 240235, 185959, 151457, 253519, 387872, 251943, 98583, 173083, 155626, 164861, 170798, 51296, 118215, 350915, 350561, 461100, 289144, 399966, 403776, 51444, 216738, 324330, 447917, 339260, 412782, 92442, 483614, 305837, 444355, 214434, 491470, 179558, 272976, 179783, 136003, 292432, 39390, 248682, 197658, 389882, 348546, 401628, 48025, 495231, 200112, 326137, 339734, 122003, 121986, 446814, 198083, 87172, 285414, 337829, 85113, 112371, 312434, 412751, 185410, 297142, 267273, 32301, 93252, 55913, 136438, 407709, 481497, 202590, 229855, 389267, 152601, 142013, 134898, 268252, 379806, 116263, 406941, 166878, 211900, 350208, 263753, 460426, 334225, 318071, 323599, 430436, 443524, 314620, 453039, 313434, 324971, 97709, 368625, 190979, 387502, 335975, 343158, 56424, 337775, 343772, 433341, 405324, 10835, 135746, 428364, 453449, 38909, 131650, 499721, 407326, 202331, 163307, 333102, 463185, 124929, 182053, 96980, 446633, 253096, 494172, 464717, 43703, 329615, 159355, 405425, 348256, 19941, 459284, 481067, 240406, 232605, 176385, 128451, 371559, 336081, 99783, 326626, 161659, 123481, 15445, 75338, 482208, 480595, 421275, 391612, 122555, 265314, 84985, 248872, 431435, 131450, 168703, 399481, 233366, 373070, 385841, 387088, 172369, 348382, 4108, 103429, 118188, 150777, 281467, 191520, 203328, 241832, 348052, 402302, 149906, 182963, 104534, 89308, 39715, 283937, 467026, 324967, 171593, 2674, 49939, 237374, 300998, 193120, 163531, 205919, 349128, 437438, 42035, 180352, 339479, 34845, 44454, 264361, 237680, 269506, 425606, 239436, 453128, 352251, 450545, 163745, 276595, 147934, 485133, 269594, 109590, 168028, 50303, 63173, 139759, 403168, 18592, 125681, 38917, 275296, 36080, 75890, 91131, 13760, 54170, 905, 22995, 104324, 256425, 287182, 116192, 182774, 274448, 322061, 365715, 119972, 262778, 264799, 128877, 31768, 391505, 449239, 122017, 45099, 152527, 326862, 34444, 175522, 310659, 212990, 467986, 264449, 124879, 121948, 416259, 358722, 235928, 368081, 89294, 367946, 35588, 328844, 302931, 491349, 162961, 425572, 64529, 88758, 90144, 87260, 472366, 154462, 51557, 409675, 337244, 341392, 19124, 406768, 343195, 74795, 393532, 111989, 385598, 357868, 490589, 393487, 241924, 117467, 486325, 127284, 213683, 92766, 171889, 459972, 411552, 166211, 240127, 239063, 297082, 427829, 449269, 208805, 71031, 124970, 50107, 361709, 273988, 58813, 101507, 492212, 169478, 456427, 28355, 246487, 448846, 431143, 108194, 143605, 105086, 344309, 315033, 186855, 203680, 227177, 324002, 83535, 267887, 216056, 149988, 146722, 209255, 7569, 324414, 29992, 456785, 131010, 208470, 2394, 404227, 191886, 478705, 267062, 208246, 454119, 95765, 155363, 168296, 129694, 327098, 1772, 223913, 102105, 359666, 168870, 380396, 36748, 454737, 400432, 410228, 297439, 415492, 119885, 298407, 89198, 143232, 425990, 201040, 111716, 178303, 208510, 180220, 442270, 397063, 204149, 193216, 403232, 368946, 62134, 80618, 13975, 324825, 64339, 115960, 189267, 268663, 87403, 435309, 470099, 366905, 246844, 64158, 406247, 135131, 226696, 268481, 322706, 59061, 272082, 416987, 460897, 103736, 83909, 226256, 163734, 45562, 475448, 406870, 60312, 435205, 240048, 131742, 23756, 127266, 172252, 206973, 180398, 260894, 424368, 70536, 12149, 154569, 465806, 147345, 188945, 327517, 264009, 81991, 153446, 335622, 285490, 317199, 158512, 209133, 357990, 381147, 278018, 481666, 190091, 484371, 137912, 2702, 108866, 260356, 339697, 499569, 99928, 132691, 401341, 316611, 361054, 131804, 480025, 73659, 385353, 302204, 54359, 188175, 392427, 11328, 23081, 183923, 122489, 43034, 357965, 195654, 329460, 170173, 316825, 306182, 131966, 211719, 454868, 499015, 108671, 88948, 168132, 211384, 366583, 29049, 142537, 10718, 95206, 305952, 61488, 355067, 451317, 463885, 458663, 198163, 302511, 301086, 359709, 368977, 464484, 72998, 219383, 444076, 457398, 455985, 358058, 264944, 442615, 162254, 214620, 323523, 46284, 63625, 291737, 109156, 70047, 185646, 65, 127112, 162048, 368860, 133192, 54132, 99794, 340542, 232882, 427216, 406961, 126098, 176114, 289264, 44869, 297037, 116104, 424141, 112128, 498491, 333364, 20859, 187224, 39153, 119076, 452263, 436494, 423923, 191739, 303354, 439663, 345433, 108610, 31329, 468928, 44923, 326293, 71152, 454407, 374271, 166453, 325275, 16958, 26828, 487967, 446694, 96072, 453028, 155638, 465220, 260844, 277248, 281358, 51258, 409262, 120070, 92936, 95485, 114457, 48712, 35335, 69089, 315866, 477498, 155023, 41488, 357628, 362298, 36644, 176713, 369064, 443230, 296049, 210456, 91916, 256778, 451978, 171075, 306226, 281401, 400141, 303813, 141551, 200204, 347231, 33177, 347976, 243684, 386337, 439415, 469307, 180490, 89197, 32532, 403227, 238269, 44637, 392725, 430535, 281538, 441273, 272803, 471263, 407910, 287396, 22126, 152184, 391298, 32629, 363992, 397935, 73715, 200444, 467773, 399987, 423726, 399691, 173319, 286884, 216635, 406583, 397536, 133956, 369764, 465456, 481279, 231303, 217363, 52797, 461259, 178872, 473201, 156303, 92415, 121002, 351059, 147940, 426245, 94329, 307337, 124003, 458895, 300832, 122001, 187355, 205566, 323421, 470421, 422360, 83647, 13926, 498624, 498163, 464721, 467948, 61604, 459183, 479346, 353313, 176369, 109964, 269461, 425957, 499344, 424863, 141873, 428697, 56914, 199541, 333243, 224994, 399530, 403166, 417073, 268805, 320297, 105857, 492683, 364251, 275363, 312003, 253585, 38640, 50249, 259707, 428694, 12225, 296368, 181071, 430856, 66499, 444342, 383645, 85258, 3381, 443966, 175758, 312316, 254354, 313288, 394856, 30553, 74015, 71468, 29048, 53235, 340250, 442253, 14531, 88227, 142757, 222247, 450911, 40003, 364894, 364653, 119276, 126061, 416598, 339357, 71173, 122328, 298486, 101080, 314113, 359984, 297444, 165562, 466326, 114388, 89653, 319792, 36975, 12000, 495463, 361240, 409742, 384358, 286647, 14333, 82421, 70419, 499916, 491081, 178213, 162307, 99585, 39441, 108406, 90167, 355714, 423415, 117565, 365844, 491923, 327655, 426712, 10544, 471512, 326806, 337273, 273197, 25321, 220551, 348758, 187908, 236294, 134754, 327047, 119480, 39811, 349228, 141932, 474271, 422924, 323428, 114200, 123358, 295634, 446082, 122904, 189261, 473347, 235104, 195260, 382511, 448452, 473167, 408688, 274849, 492460, 168233, 170146, 306062, 243300, 430849, 55437, 133385, 497400, 339761, 67792, 51825, 286480, 420468, 468944, 125404, 60139, 376916, 375320, 420989, 53514, 69949, 371410, 348318, 76679, 154302, 307119, 433899, 359697, 229841, 145298, 162335, 68808, 216909, 440152, 130563, 253502, 435128, 398438, 185623, 468879, 256859, 435128, 257059, 137766, 302722, 125215, 191024, 299439, 116132, 404317, 459559, 447427, 186915, 25488, 326450, 416819, 77868, 155865, 242274, 216534, 290702, 210314, 315795, 459418, 300779, 164512, 384137, 342788, 382985, 468231, 298044, 376431, 199196, 345823, 397299, 255334, 3193, 362380, 301623, 391220, 339273, 412940, 118324, 70869, 103167, 257084, 398483, 370603, 126830, 471938, 329591, 375784, 300113, 213033, 213124, 406773, 216629, 348448, 321375, 208140, 81756, 425262, 113617, 351058, 266233, 428868, 493076, 245555, 185929, 152205, 347812, 418219, 303522, 341468, 423441, 375479, 172454, 96485, 418731, 366331, 203842, 308049, 439411, 98735, 140212, 55228, 499986, 48641, 253991, 59073, 202138, 230871, 153023, 382838, 111984, 42076, 373186, 72970, 441893, 494984, 84175, 13091, 99503, 85608, 47694, 61550, 193489, 152558, 421959, 187679, 194990, 437340, 456920, 409172, 322357, 292814, 292414, 235958, 282634, 209672, 424689, 337293, 287700, 104332, 249394, 59286, 240915, 215990, 438791, 244616, 496758, 97403, 140115, 374587, 444838, 40653, 380325, 407417, 485128, 42229, 262546, 480037, 450640, 168263, 15464, 343080, 126235, 461182, 248239, 414066, 293970, 7877, 483208, 115148, 227288, 373997, 136630, 143726, 348387, 473334, 231542, 194535, 493815, 66707, 121122, 184601, 469472, 377029, 242970, 436867, 153643, 219375, 361738, 130822, 193112, 79948, 168967, 265833, 295723, 111276, 49773, 152130, 250303, 164115, 101503, 241336, 345176, 373793, 132185, 141912, 151178, 418614, 358279, 146599, 335644, 442484, 175731, 238803, 338937, 13206, 203182, 197932, 32830, 450840, 192361, 270679, 256351, 246120, 235539, 26916, 106626, 55406, 427350, 41130, 89517, 198587, 49036, 145219, 245259, 438419, 252660, 466285, 74670, 179488, 33026, 390161, 483650, 159051, 450116, 324106, 418036, 238260, 233509, 93315, 333309, 239562, 554, 242513, 495894, 143818, 67409, 337220, 378726, 43792, 128830, 278416, 197667, 398850, 148209, 370784, 400039, 376910, 59554, 456987, 307785, 188997, 455771, 466495, 312051, 27704, 221305, 278965, 183021, 13323, 9283, 6189, 494869, 151931, 330187, 77571, 18604, 165607, 424912, 26015, 332407, 142391, 207250, 297789, 43983, 397380, 244143, 435147, 227720, 258187, 498853, 441774, 383657, 100045, 61710, 47409, 388313, 276371, 263896, 131415, 322717, 160855, 342552, 474182, 34227, 141701, 306144, 291568, 488993, 253793, 368899, 322617, 76234, 326312, 201604, 104834, 492449, 264931, 41120, 64118, 429661, 420508, 451909, 170429, 440108, 102572, 78530, 291824, 316659, 429333, 258454, 102294, 351171, 471659, 11951, 27210, 295475, 310259, 452034, 389929, 214709, 448916, 400927, 228037, 222725, 26931, 372816, 323080, 257836, 167856, 369239, 78349, 382401, 177062, 221793, 474958, 286161, 351210, 496447, 228857, 25318, 297844, 225734, 192430, 145108, 472300, 189145, 374008, 374431, 400343, 139242, 208604, 178184, 35, 113292, 358059, 313751, 429773, 385789, 336793, 121561, 460177, 205589, 463178, 330353, 424323, 308337, 328864, 81707, 414220, 497546, 25657, 22610, 409059, 346567, 29463, 477934, 404554, 341111, 117568, 316371, 187730, 266628, 25199, 135182, 296877, 265888, 95993, 61250, 161536, 23139, 309644, 291979, 38437, 66122, 335143, 327808, 2291, 121441, 282849, 107820, 101417, 59442, 245616, 263791, 397802, 457940, 142111, 487672, 157716, 396725, 31857, 256553, 434520, 223418, 239120, 406712, 136043, 262939, 396728, 455103, 367277, 12530, 390236, 278451, 224191, 274526, 224727, 361758, 58280, 29020, 178122, 467392, 68788, 320200, 146204, 356568, 231911, 339448, 448599, 229030, 4522, 86737, 486142, 108829, 126727, 125064, 392168, 253174, 259864, 303298, 40045, 401816, 316656, 380161, 477894, 128654, 482971, 281165, 353345, 48732, 264338, 81631, 460339, 81660, 499734, 379285, 89406, 124114, 234538, 181701, 380744, 463887, 56373, 166273, 265554, 329726, 393093, 36130, 61395, 223601, 94356, 154605, 423375, 345421, 52105, 22687, 351009, 359500, 227833, 362923, 187874, 308441, 362487, 134692, 27413, 49678, 288677, 385897, 430315, 270842, 350780, 297976, 399064, 277804, 164855, 364376, 350082, 132518, 223426, 442008, 135657, 182024, 373768, 480459, 381957, 426745, 81253, 76880, 479100, 88545, 251537, 219112, 37657, 349988, 215336, 346246, 450807, 139129, 147945, 50453, 109293, 137128, 203739, 182407, 57428, 295488, 296534, 358968, 449768, 459471, 123368, 362074, 199009, 169824, 335071, 226740, 476324, 264694, 127729, 195754, 159018, 445158, 290992, 312657, 243410, 403900, 262539, 491243, 148688, 427886, 440430, 147474, 362648, 74231, 164944, 3347, 225081, 403693, 218514, 113700, 114052, 208991, 298669, 140860, 273253, 394476, 109137, 244500, 414370, 169564, 398104, 375260, 279421, 370056, 40198, 213164, 408997, 124841, 190807, 87374, 282890, 363178, 148597, 57937, 319558, 294731, 331913, 139699, 465643, 153951, 250673, 21045, 405723, 35987, 115101, 315394, 24534, 369910, 3710, 493887, 45678, 100745, 427819, 264014, 409466, 263473, 174237, 473838, 243599, 25300, 93912, 383538, 65275, 472001, 115824, 237473, 430034, 460981, 208139, 16761, 321074, 253157, 37718, 67166, 323766, 169777, 296770, 438351, 230282, 364784, 409096, 344182, 287174, 340371, 130024, 220904, 78673, 391940, 25349, 403257, 415017, 181013, 183110, 481423, 325821, 134308, 299110, 162088, 299746, 355230, 430817, 415304, 96523, 241625, 85596, 332032, 141028, 488098, 73744, 403773, 239745, 363222, 312905, 292597, 265000, 211677, 433952, 145545, 12219, 396486, 239200, 319046, 345593, 482938, 325078, 306981, 171176, 14654, 16176, 307444, 469085, 259731, 419299, 165772, 219455, 229877, 445493, 298002, 232257, 225266, 31245, 258224, 253690, 178661, 370945, 440425, 184180, 191347, 241993, 486477, 8873, 37430, 472966, 465166, 445062, 279369, 8365, 201630, 318419, 92354, 42638, 56364, 285175, 361213, 202134, 43128, 305955, 177307, 82846, 102160, 150057, 222793, 248175, 155804, 79664, 12003, 126380, 208828, 190750, 46363, 400392, 172173, 164662, 93659, 98124, 495220, 243789, 196261, 222297, 120051, 15666, 169469, 385705, 402231, 386276, 341684, 309180, 498102, 290040, 156283, 95593, 429695, 403271, 35501, 230619, 320942, 138721, 252511, 467960, 327205, 133775, 150968, 373618, 456979, 259548, 335484, 383554, 324024, 317091, 351096, 489824, 61953, 453651, 429086, 398037, 408393, 331729, 134024, 371360, 475760, 488925, 221258, 322201, 81218, 94303, 155389, 214377, 140152, 80014, 193138, 362342, 335195, 200862, 244208, 42031, 439576, 57395, 445688, 276674, 114933, 54350, 408891, 621, 435672, 431423, 475282, 292386, 489720, 27326, 349002, 227755, 307926, 328692, 444432, 161985, 315871, 252999, 477121, 88924, 218425, 348014, 247399, 197559, 279241, 224330, 132030, 307527, 99977, 237553, 74062, 307894, 225114, 237670, 309709, 306336, 118421, 189625, 497197, 469346, 79562, 199835, 236371, 65905, 431823, 351738, 4332, 36485, 334745, 443961, 7518, 364101, 306730, 256654, 474765, 242143, 365583, 387016, 360691, 172387, 347501, 137652, 170518, 28765, 26509, 38462, 129738, 461569, 458706, 43905, 225771, 131835, 369773, 79612, 392044, 250532, 186200, 240666, 220181, 286473, 31659, 453053, 424325, 422251, 364574, 142554, 113417, 371151, 334845, 240780, 405976, 282253, 221964, 232778, 238813, 344959, 394865, 399420, 406812, 307130, 59661, 485105, 162719, 125230, 472074, 465749, 213333, 39509, 196471, 139309, 97428, 316641, 263052, 72609, 184890, 335392, 447988, 103199, 21407, 100645, 448018, 105421, 320886, 320008, 231024, 464243, 122946, 57024, 191360, 422210, 462292, 246810, 171025, 18403, 186378, 78592, 70389, 483911, 353531, 232021, 84219, 295094, 430865, 194230, 400975, 90942, 49823, 364111, 485645, 330882, 321574, 166452, 374784, 16275, 470833, 422769, 422497, 246010, 427984, 347837, 164008, 54357, 81130, 336287, 251519, 79344, 85111, 84074, 300007, 240955, 201570, 175472, 230591, 409921, 141292, 68130, 82343, 451496, 50323, 274882, 478564, 357140, 66506, 60310, 308223, 130709, 357734, 292625, 2280, 147916, 163529, 490294, 348903, 167125, 225124, 50375, 188464, 7963, 132778, 10671, 278199, 291753, 6745, 404780, 300451, 464096, 253556, 367930, 278849, 460414, 174282, 412503, 198257, 438622, 272861, 202506, 364906, 252735, 111281, 248662, 359250, 485584, 361890, 476696, 27986, 218366, 225384, 58133, 91036, 53465, 330516, 129562, 407749, 199067, 64404, 427584, 447018, 301949, 395883, 392448, 112144, 16715, 466705, 195777, 378140, 250009, 373523, 184050, 186444, 347807, 481962, 127614, 413792, 419566, 52913, 313207, 110096, 49874, 200579, 283266, 49702, 149893, 261333, 164699, 469904, 406139, 423270, 250030, 311403, 79191, 487938, 496575, 14765, 135717, 3828, 323216, 419467, 303623, 470683, 495562, 142924, 379134, 197448, 214165, 36127, 328573, 235512, 309114, 307662, 195174, 356301, 377176, 378850, 292166, 203284, 312510, 107993, 4665, 268947, 118112, 378340, 80445, 229300, 25893, 144391, 394862, 358857, 373311, 381128, 104701, 491592, 162990, 206805, 285123, 199434, 35990, 418531, 362578, 268185, 231777, 492765, 309597, 326416, 330316, 333523, 329136, 295235, 456274, 363224, 455208, 101869, 140343, 439318, 341151, 8022, 472748, 210647, 379585, 95536, 168258, 228455, 313712, 30006, 464459, 217455, 186280, 119334, 56319, 322045, 484423, 225287, 446144, 482091, 362003, 110049, 162875, 68889, 395086, 474034, 462977, 130759, 205407, 345288, 13959, 436037, 307871, 429247, 271710, 122841, 123233, 414523, 461731, 239081, 413577, 49573, 219556, 111454, 393442, 448489, 74339, 150954, 365899, 5688, 67795, 86524, 258443, 304699, 117291, 447751, 2758, 220600, 348440, 30360, 302578, 468431, 239991, 456067, 456978, 20897, 346993, 225282, 84412, 266305, 102995, 416226, 320128, 175990, 248953, 396672, 220901, 31887, 483917, 251455, 426382, 202683, 214342, 446801, 221185, 230778, 459309, 147477, 449469, 147124, 316621, 288524, 125026, 174242, 345105, 274204, 41218, 136028, 379193, 222466, 481658, 368857, 332216, 353346, 65538, 185450, 395187, 380947, 108333, 159796, 267464, 177388, 424910, 246905, 469594, 454763, 152447, 242127, 276005, 368450, 355197, 299288, 340284, 282287, 50637, 114977, 190303, 334738, 42279, 85613, 84798, 195955, 62469, 50142, 179627, 435320, 82572, 19533, 441779, 11629, 4432, 149315, 302959, 61715, 217518, 187172, 310539, 106919, 264025, 328076, 301943, 152580, 342270, 232591, 42028, 415451, 392631, 429519, 441469, 95373, 212664, 52170, 61405, 48034, 415484, 151724, 491997, 248375, 470111, 61549, 402077, 91324, 249572, 29743, 498099, 306733, 282237, 40710, 261946, 35004, 21367, 425332, 361521, 317642, 356318, 352809, 424542, 396604, 387515, 96133, 220638, 407742, 295434, 292165, 235268, 51987, 202636, 2357, 156400, 11118, 81954, 157497, 397678, 64906, 494445, 445899, 115495, 445977, 60513, 25835, 20619, 316099, 362231, 311116, 483302, 299941, 298627, 422973, 161055, 182737, 100193, 277106, 294460, 274550, 387724, 158396, 193373, 194084, 307054, 422230, 134744, 360771, 448466, 142000, 375437, 78217, 391218, 179476, 399810, 470705, 110996, 335459, 94893, 279927, 52857, 60966, 443704, 10805, 226942, 17355, 23050, 213154, 265394, 14949, 121627, 335196, 24175, 265287, 369654, 321733, 113953, 160797, 94097, 220579, 336138, 3629, 450204, 452096, 152485, 126566, 414497, 429981, 492348, 196823, 499256, 407054, 222861, 387417, 253731, 466263, 483474, 388577, 121686, 196113, 53840, 402370, 156238, 159898, 157664, 287193, 259316, 224645, 325817, 86936, 42023, 77614, 126929, 306425, 435785, 218053, 111384, 453609, 12101, 436551, 165273, 485545, 284989, 223063, 137076, 56398, 383983, 130656, 370401, 184199, 397484, 75224, 443160, 472799, 438498, 342, 166791, 85607, 408605, 45194, 42579, 101019, 287960, 59216, 32497, 201914, 472605, 386833, 225841, 307364, 382010, 304187, 226811, 390037, 409852, 64602, 362627, 232911, 411328, 101979, 307410, 425667, 409880, 180777, 77330, 210594, 141108, 33317, 120438, 416824, 161475, 98171, 310786, 302658, 356246, 255468, 456229, 239717, 434696, 435344, 400548, 100791, 304346, 333683, 163714, 251135, 27478, 439590, 484180, 61387, 279659, 421784, 231681, 481599, 57401, 366097, 49476, 115941, 471433, 151551, 146274, 240628, 154696, 116778, 321112, 309117, 68805, 8514, 95382, 440834, 318574, 469396, 126555, 337351, 367115, 380365, 239315, 333522, 392511, 271929, 97327, 281208, 232244, 82672, 89689, 82101, 388993, 407683, 46007, 197700, 326795, 388480, 270780, 484297, 465956, 317269, 251390, 50056, 88300, 186751, 298153, 144441, 455295, 496640, 447533, 239050, 15767, 68401, 139117, 29343, 108736, 247389, 321401, 426492, 110683, 149646, 97145, 199789, 361239, 272744, 118556, 340100, 54763, 75540, 234526, 57410, 121805, 411729, 168186, 428919, 226184, 356272, 125780, 385608, 276964, 473110, 50319, 468039, 342132, 328978, 402786, 145609, 236393, 126232, 128374, 421090, 429063, 131201, 348622, 230262, 365421, 34842, 482039, 325645, 359083, 14864, 102236, 111562, 305622, 488300, 326169, 285711, 287820, 74319, 334813, 118764, 481004, 168729, 39626, 426164, 141416, 478565, 27421, 314908, 348858, 440619, 429922, 279569, 237671, 475321, 492638, 109230, 453561, 31870, 330878, 219479, 3915, 354754, 300693, 194072, 462930, 472917, 19935, 206445, 324527, 355005, 346520, 393243, 42467, 187741, 244497, 320217, 1969, 400669, 460398, 291515, 122663, 432439, 85960, 461097, 253577, 81173, 174876, 40109, 134067, 404098, 336582, 228729, 183395, 72788, 245966, 124283, 126994, 362177, 318510, 165381, 398250, 248596, 71190, 370441, 298681, 346763, 338301, 454338, 48641, 165489, 376205, 212217, 119804, 73079, 333695, 166513, 229812, 203795, 107840, 14127, 315928, 486959, 137476, 192095, 290888, 369125, 306919, 62351, 495406, 467521, 194480, 235817, 276300, 26633, 129988, 301654, 321716, 483225, 331123, 243130, 144208, 39733, 210347, 280638, 235435, 487340, 292076, 261110, 393985, 81425, 103929, 4418, 397314, 441901, 14918, 360539, 399066, 181233, 219926, 470977, 86120, 106951, 197607, 352275, 166566, 325176, 5830, 200796, 373344, 24214, 129454, 144439, 14892, 58764, 8633, 418234, 352081, 289783, 38604, 315562, 167452, 358589, 461867, 319399, 498210, 167198, 123949, 78575, 4185, 99461, 388151, 333946, 252870, 414911, 131899, 326858, 82500, 151092, 45558, 50993, 59824, 70204, 139216, 330933, 400176, 363688, 324092, 360130, 413314, 242655, 466488, 132819, 151470, 152362, 121349, 359523, 169133, 9506, 374342, 477513, 89075, 401500, 228484, 25397, 472824, 308664, 183096, 2897, 266944, 245986, 95243, 137025, 329789, 432304, 37814, 146883, 189981, 106540, 121976, 87588, 320943, 316956, 472415, 240892, 37647, 366037, 428311, 431395, 227533, 130531, 115778, 413542, 58766, 170743, 28814, 74066, 461633, 5211, 368548, 374914, 45716, 76729, 84925, 394980, 155017, 317410, 438945, 34622, 137126, 330674, 97628, 194993, 103818, 186017, 382037, 129621, 341064, 307290, 66371, 405500, 337255, 411591, 198459, 3736, 25505, 331336, 357730, 456987, 217001, 395217, 270872, 2976, 434320, 149207, 35050, 153967, 435141, 376845, 67799, 184823, 6420, 38418, 146004, 469155, 379401, 211899, 397172, 443901, 323014, 113812, 480479, 397568, 393610, 303842, 313148, 366893, 184125, 45745, 308800, 51785, 375992, 47017, 399596, 77052, 361175, 472526, 473426, 389634, 81203, 343622, 318001, 32708, 118685, 368536, 494302, 37091, 319157, 209701, 376347, 92640, 424393, 423723, 291033, 105460, 12138, 176877, 60002, 87350, 101642, 366840, 470227, 410843, 344741, 471717, 186203, 57766, 487826, 94656, 162024, 426203, 488205, 245425, 317256, 252294, 442403, 451019, 246568, 223271, 152169, 197936, 434010, 116453, 154044, 353816, 225258, 472362, 431527, 140088, 208495, 125022, 209060, 63565, 72018, 232020, 200177, 407497, 118463, 397591, 170248, 367991, 276350, 303911, 64485, 279857, 419348, 337955, 456944, 358604, 331652, 433307, 201766, 441252, 264821, 367664, 193078, 223839, 294528, 57687, 169623, 462320, 75647, 66799, 237543, 352793, 155310, 360329, 428853, 164345, 284020, 90133, 88038, 4798, 373894, 160978, 19583, 447482, 158014, 360287, 83572, 268844, 296295, 157951, 409491, 245975, 266708, 45517, 483505, 124319, 92923, 105982, 225836, 5293, 48579, 223628, 51363, 386365, 78730, 205251, 245879, 310384, 97426, 371436, 273654, 97035, 257877, 412597, 382979, 478843, 283567, 240575, 105091, 173297, 242251, 319242, 277483, 47102, 15274, 237080, 242794, 406448, 399332, 371057, 421595, 351592, 141691, 110221, 409916, 89449, 212616, 155672, 248234, 396365, 279649, 415008, 239183, 288665, 261170, 350461, 64749, 161899, 343842, 470665, 36052, 305783, 492330, 286010, 453328, 123879, 62760, 472095, 477433, 338151, 241535, 117065, 332176, 77677, 445942, 121974, 208329, 255450, 10696, 68517, 249026, 74125, 248702, 192965, 48647, 85277, 286682, 460401, 145306, 375026, 305496, 184823, 164566, 231724, 252374, 79165, 402938, 252193, 346726, 452702, 83353, 472869, 24800, 348559, 23582, 381263, 35274, 345738, 476630, 165296, 163241, 181767, 14324, 212908, 431255, 494681, 49828, 19848, 225160, 458051, 80993, 332298, 351933, 431909, 43380, 151813, 360819, 237049, 69488, 127868, 496934, 15931, 65618, 14008, 99651, 396082, 210586, 339836, 225805, 386306, 298013, 249087, 406421, 78783, 9441, 238084, 209391, 280982, 115968, 490289, 195178, 277133, 4083, 391163, 336284, 464591, 8571, 299627, 239778, 247244, 486604, 352835, 454174, 359528, 75814, 239050, 248189, 301358, 427185, 175469, 278534, 39939, 68298, 394218, 330028, 56722, 389304, 33908, 486403, 246348, 33264, 24115, 116378, 146699, 485987, 35894, 211280, 69401, 473001, 318512, 44203, 142029, 354544, 453051, 491583, 262932, 102538, 349579, 365918, 416395, 176194, 492399, 172549, 117862, 308186, 300854, 384173, 101515, 46953, 401462, 67895, 330830, 16499, 364123, 205540, 415458, 403939, 381896, 339539, 63913, 470366, 489479, 163132, 119705, 384638, 233591, 69321, 436736, 312702, 71209, 341991, 369004, 295788, 229673, 150064, 352986, 117809, 453032, 155484, 125020, 439479, 52272, 86865, 423433, 101862, 322031, 289256, 48497, 161939, 452303, 36211, 257042, 271569, 376717, 2587, 480244, 382035, 112084, 269270, 46204, 429061, 276314, 417853, 469387, 38736, 24782, 36591, 459250, 494306, 138983, 324220, 5707, 266469, 71485, 234078, 4580, 219823, 385515, 311683, 222438, 499980, 410200, 118822, 481323, 169072, 223934, 413247, 160728, 91880, 307091, 70323, 34702, 215463, 348989, 238775, 14241, 496928, 176196, 176665, 115839, 23472, 197894, 343951, 436447, 387016, 348455, 197500, 77299, 256184, 294948, 327174, 400488, 452170, 224246, 491747, 365264, 226576, 427756, 436545, 66991, 5756, 186902, 353610, 188095, 297292, 409932, 141993, 261065, 231313, 57236, 43269, 168375, 270670, 347891, 276553, 436, 241956, 489088, 214697, 164699, 466640, 385475, 111114, 160958, 149508, 183237, 348571, 91094, 310879, 200658, 247689, 226306, 472259, 168287, 380905, 480802, 492108, 87233, 361930, 196860, 440073, 397428, 483759, 264683, 43890, 369320, 295446, 100681, 388268, 394689, 130134, 463021, 55084, 440084, 140256, 290642, 153313, 61098, 19463, 179862, 330496, 461253, 196317, 10958, 361614, 175687, 181366, 31067, 336758, 165840, 36599, 24015, 14640, 392879, 67111, 448521, 147334, 464365, 113272, 7248, 359906, 167011, 459402, 200015, 169263, 404588, 66225, 149475, 489266, 19784, 129398, 460618, 97869, 129336, 271777, 290297, 3247, 448732, 156804, 70088, 83037, 214418, 83443, 11599, 318003, 255576, 254023, 398926, 232506, 447126, 464370, 440683, 136059, 331888, 140215, 485247, 28867, 383986, 225886, 158177, 77270, 496304, 494019, 398706, 49156, 118309, 380401, 423515, 26113, 56638, 435464, 351229, 211216, 44172, 209144, 487191, 132868, 21107, 88072, 290960, 34015, 314502, 146164, 310379, 405701, 131074, 310733, 462692, 238318, 71396, 318450, 426093, 178195, 413200, 309370, 177117, 475810, 237986, 324694, 10111, 338308, 475816, 399293, 215534, 308368, 409391, 391313, 156736, 210197, 192218, 458131, 192476, 6897, 193069, 346330, 95366, 428759, 239564, 308838, 86491, 407945, 434507, 364532, 116416, 421166, 223306, 334631, 52990, 327925, 414487, 416726, 396926, 443086, 290301, 217904, 331140, 363909, 337715, 109099, 18931, 232736, 385799, 399295, 410359, 205324, 422186, 101487, 17802, 412664, 37083, 189369, 41611, 1490, 163405, 22512, 235042, 79658, 64231, 310492, 25235, 219058, 459309, 195543, 362319, 442305, 306148, 386217, 371705, 481681, 305779, 169783, 494641, 260652, 315712, 324255, 236348, 198987, 141630, 289914, 35029, 206323, 156600, 206306, 254745, 419330, 90972, 182751, 23932, 118827, 414071, 192299, 128114, 467623, 380207, 81852, 476282, 164907, 443786, 231245, 234047, 157557, 144143, 22508, 51324, 16378, 401260, 71031, 405326, 384777, 154946, 486912, 198710, 149060, 454817, 236938, 357244, 204996, 18581, 276925, 395805, 389880, 202995, 383589, 305333, 325788, 60201, 340571, 292693, 358374, 413600, 191252, 180589, 249489, 163173, 489020, 74354, 329655, 159816, 61873, 217555, 323432, 435773, 95436, 103095, 324188, 353501, 454281, 460627, 70879, 133773, 248876, 76031, 410008, 12934, 479117, 170203, 367232, 15046, 324208, 61619, 442568, 455032, 78116, 129262, 401347, 476432, 305628, 126625, 427136, 127812, 384607, 35085, 66263, 77668, 10631, 139986, 385423, 324829, 254613, 476165, 48371, 408682, 110417, 105815, 296603, 393407, 479513, 322404, 181870, 328618, 489368, 1548, 218810, 433038, 427280, 312304, 140716, 238673, 133999, 489151, 48555, 291276, 71350, 247244, 453793, 19718, 374555, 8327, 400282, 241661, 311493, 188419, 386933, 375292, 105155, 215510, 105264, 369288, 308363, 71712, 358808, 83498, 237100, 370652, 367068, 289443, 454428, 52616, 469468, 44632, 56596, 420022, 450945, 67869, 77272, 8782, 45041, 479947, 429095, 367233, 285520, 111885, 332564, 439653, 413384, 224019, 37468, 363871, 463673, 430626, 107954, 60127, 67406, 420870, 142809, 496558, 72515, 279230, 200369, 41273, 260358, 290026, 389338, 485938, 38207, 390084, 163574, 399161, 282779, 22561, 61788, 385931, 433496, 136471, 146368, 477350, 404368, 192746, 173633, 358719, 5048, 146332, 66445, 416549, 194060, 397071, 287490, 312852, 315712, 389315, 56576, 257721, 206416, 307403, 92283, 242971, 193715, 482854, 221750, 33578, 180855, 237145, 396508, 54072, 353865, 115251, 265223, 93811, 99164, 91664, 285205, 21623, 122660, 364096, 166673, 369846, 109511, 294392, 75109, 95401, 346016, 441385, 43444, 388259, 343148, 53937, 324933, 364593, 230753, 37953, 392229, 16016, 404900, 224193, 202022, 279508, 481761, 204866, 261859, 406550, 436651, 438743, 221697, 194768, 25482, 487808, 52701, 41434, 441042, 275362, 384082, 250333, 132586, 319375, 56988, 55829, 391164, 196002, 237130, 273399, 398651, 21334, 234027, 139072, 287617, 311224, 467572, 431534, 204164, 314486, 356761, 301496, 109304, 332789, 307968, 210416, 400635, 424179, 444431, 126976, 231559, 176559, 330676, 417798, 334574, 442989, 247140, 115980, 359966, 159443, 328008, 318525, 94253, 193662, 81338, 439384, 374860, 193122, 86462, 377706, 42252, 95834, 49428, 72915, 267143, 386115, 77366, 202212, 151642, 483393, 205528, 22362, 254142, 342085, 167572, 424355, 366786, 146803, 476742, 408951, 65525, 201074, 95079, 144556, 118433, 287206, 59102, 479572, 259292, 83846, 12074, 86173, 475323, 318848, 386788, 454468, 78969, 453879, 140250, 209985, 485751, 466128, 57923, 464946, 290592, 297021, 333239, 124113, 17102, 214406, 21295, 59343, 411274, 366092, 472407, 346528, 432279, 238008, 220406, 362281, 87784, 452661, 283129, 459965, 113801, 254387, 88683, 211529, 201300, 383317, 22569, 79804, 75575, 83971, 34560, 101922, 128390, 22869, 421229, 26855, 207950, 161576, 374141, 258375, 53847, 426123, 416570, 301517, 402079, 205681, 109804, 468526, 338027, 407551, 377648, 403699, 224727, 470203, 425833, 47986, 280922, 486414, 434067, 208555, 300185, 286059, 187969, 498475, 303503, 274329, 323848, 146727, 117520, 387053, 90268, 137484, 85540, 339807, 268400, 186092, 423743, 265708, 10997, 53361, 198977, 201855, 58163, 44823, 14788, 118563, 13996, 440300, 175869, 122913, 45661, 338020, 415962, 159458, 104290, 108363, 278570, 12198, 322327, 284274, 215181, 251590, 308948, 93644, 43824, 112767, 188065, 321570, 404670, 482885, 124386, 36087, 266596, 101707, 331819, 370125, 68425, 191905, 142636, 429493, 116767, 273538, 468940, 118237, 194708, 490188, 198098, 230560, 106146, 251827, 368782, 144865, 488194, 311922, 184636, 222836, 14496, 91463, 126880, 217457, 216837, 80186, 314452, 73284, 64016, 296516, 115767, 207357, 4426, 45377, 477981, 351858, 143055, 418210, 266154, 426807, 443075, 173022, 462370, 295837, 38136, 71787, 319843, 270268, 256078, 109857, 315547, 354655, 15623, 409433, 208437, 267859, 30995, 484991, 345696, 77618, 207794, 446690, 71941, 420653, 307161, 265102, 370761, 388601, 102449, 228458, 165804, 98121, 368719, 32992, 60357, 113607, 24900, 298809, 346294, 56575, 471316, 142166, 114458, 203891, 363658, 83158, 87206, 336590, 172339, 493216, 247883, 32004, 29809, 117536, 286692, 70367, 158875, 390360, 257852, 396825, 111904, 376681, 127561, 284647, 240135, 69870, 263487, 278592, 330306, 114654, 334560, 13341, 360354, 446245, 247146, 410336, 177503, 34581, 60026, 66019, 101500, 479871, 304913, 355575, 326366, 246929, 297224, 133125, 298477, 114116, 317107, 228766, 197243, 363558, 438911, 379079, 1207, 397882, 137665, 447559, 369757, 62586, 349915, 280516, 154749, 313425, 350569, 124915, 177978, 411103, 3846, 131139, 171330, 367152, 391915, 273099, 58492, 9245, 159178, 191058, 389073, 493771, 427415, 179919, 55405, 313861, 92678, 172372, 475157, 85663, 109651, 87236, 430527, 140722, 360857, 454508, 444459, 250400, 265262, 7846, 485619, 287092, 388126, 51775, 416508, 153498, 335410, 435506, 119668, 109080, 306479, 77459, 287377, 33405, 273447, 217432, 497727, 306046, 323080, 160048, 221361, 24403, 102274, 75432, 272103, 343223, 97577, 216164, 315105, 337694, 41836, 375636, 143285, 179302, 68018, 255284, 400362, 473170, 34326, 453771, 96312, 453005, 240459, 83678, 200000, 431813, 293376, 32812, 99085, 2205, 136773, 345196, 59156, 480276, 52738, 246641, 323951, 314400, 433688, 287170, 201351, 266192, 371183, 458790, 323468, 77597, 223202, 346518, 94390, 6882, 353312, 258618, 226207, 120694, 309352, 316263, 267694, 228252, 120412, 55486, 351063, 55280, 47902, 331093, 440964, 265488, 159660, 319431, 78409, 357133, 325724, 118290, 430723, 234701, 119662, 205632, 456976, 317122, 411574, 288840, 157935, 281828, 461400, 168, 242275, 8711, 342184, 86650, 360257, 105694, 335668, 129631, 248623, 350872, 324666, 81584, 488835, 48523, 442428, 131886, 206300, 354353, 313437, 54566, 320088, 279079, 26547, 229115, 170290, 461705, 62022, 45324, 128710, 384051, 764, 31900, 422055, 95157, 100398, 142953, 271562, 61858, 483123, 289324, 306213, 492515, 272841, 338052, 50193, 474818, 366153, 330310, 132890, 366159, 394208, 412294, 105266, 88320, 302852, 316532, 309308, 223722, 463893, 387904, 321385, 446257, 252859, 73697, 203419, 452006, 8146, 464064, 353185, 488217, 472802, 81883, 115050, 98634, 381388, 100625, 314693, 424155, 324054, 188699, 9621, 483758, 134858, 215065, 243540, 108543, 273136, 302996, 420276, 402058, 55897, 379963, 352586, 196263, 202110, 220017, 407317, 492686, 278929, 221859, 211976, 200682, 348550, 252575, 235521, 391854, 94428, 499797, 165068, 164161, 388490, 410113, 176022, 284137, 444264, 257730, 464556, 82014, 183048, 407329, 223825, 205045, 294754, 30413, 56439, 442449, 420722, 271592, 443250, 156658, 300576, 481929, 499457, 15654, 213169, 167651, 169248, 99765, 39502, 332364, 222065, 269536, 62429, 77230, 109383, 196405, 24265, 484530, 434778, 28605, 305844, 43594, 357275, 108372, 84292, 44664, 365131, 266875, 192162, 346862, 10209, 274451, 448316, 297117, 341390, 404047, 236659, 19101, 61624, 210339, 33760, 208618, 224137, 157309, 352613, 479210, 202344, 164937, 482849, 173724, 227619, 295360, 33337, 169992, 82158, 272571, 324533, 389920, 77979, 57327, 131500, 163186, 385937, 93786, 351871, 141854, 50731, 150588, 117746, 401188, 378813, 300062, 102990, 367084, 369298, 480610, 354181, 493362, 193061, 402943, 400384, 481700, 439225, 498842, 1102, 315564, 224813, 443192, 383592, 216734, 60137, 316000, 309995, 144887, 72813, 480629, 338385, 81401, 482573, 177611, 397290, 257068, 66317, 35156, 497610, 247487, 15018, 214906, 291542, 87455, 73563, 121125, 311961, 439563, 112552, 51426, 239707, 437307, 306898, 152412, 492367, 341672, 360075, 482336, 344925, 112155, 423980, 275000, 6414, 143769, 194474, 485075, 157864, 324262, 80600, 9653, 362214, 387123, 133907, 22918, 297196, 1348, 482696, 110055, 456284, 414287, 137905, 141946, 354957, 462771, 230078, 278463, 480155, 239676, 214920, 367981, 82669, 417015, 43918, 108155, 43569, 97557, 208613, 327251, 320573, 343972, 474029, 339761, 452349, 371641, 144582, 478123, 414147, 281093, 116460, 268445, 30090, 339866, 269229, 119659, 22738, 285711, 193239, 35673, 492561, 474888, 291251, 90421, 14150, 375316, 54412, 464281, 385960, 493108, 245167, 476329, 443131, 345280, 264035, 412038, 108541, 68998, 247665, 113047, 326990, 323482, 478497, 106321, 70182, 56608, 262624, 220231, 26843, 260595, 238803, 310418, 244681, 266048, 383606, 410796, 148348, 346851, 378152, 219436, 200457, 150079, 75099, 254242, 134731, 137706, 317029, 137185, 476145, 184062, 131018, 33696, 237123, 379888, 438978, 52116, 211791, 435225, 432583, 11189, 390569, 352191, 210230, 230653, 243057, 179857, 355060, 208213, 274651, 185989, 331097, 326213, 485470, 429956, 95771, 22258, 351258, 210642, 373778, 52997, 124841, 280030, 463730, 119775, 131765, 437960, 280407, 346756, 280019, 114843, 262637, 186655, 384545, 168925, 301271, 426749, 421650, 172905, 407583, 266344, 186203, 408592, 184988, 167572, 376443, 168970, 23715, 121206, 6734, 374428, 437003, 363590, 174476, 401001, 120944, 273605, 351858, 14189, 269245, 62200, 287825, 129079, 397537, 315337, 296371, 401594, 268263, 463403, 337129, 400052, 114582, 69210, 278698, 439119, 205274, 18057, 440585, 377001, 188382, 12940, 182901, 46911, 404732, 441987, 24411, 247260, 489899, 464317, 277355, 377765, 33771, 454695, 185421, 55629, 17859, 99497, 73055, 115685, 127972, 395371, 216347, 231199, 122818, 152396, 53745, 309260, 366346, 277198, 186593, 22557, 209952, 147076, 214404, 216313, 159353, 40789, 131259, 485977, 14100, 4860, 496627, 302078, 176567, 270245, 401316, 165329, 34691, 56251, 188124, 349432, 219202, 224758, 274187, 216115, 393366, 338830, 398524, 327669, 242568, 68345, 345473, 37985, 89776, 127299, 470885, 128206, 449225, 88154, 451761, 139002, 400815, 175957, 151814, 446919, 443779, 146374, 349087, 348487, 98437, 115291, 252290, 453823, 22983, 35435, 86473, 378020, 401649, 486939, 221469, 321232, 373357, 281990, 427416, 87203, 32211, 374709, 292180, 377439, 330872, 272582, 96385, 192377, 179, 22747, 245599, 92177, 101590, 305918, 153348, 316726, 333687, 367525, 167959, 404852, 178995, 275530, 454166, 193846, 211695, 472457, 493964, 488719, 317226, 262246, 444911, 213376, 270237, 453438, 190518, 55798, 455801, 78724, 42593, 71514, 381840, 43469, 91106, 367892, 422355, 48851, 476432, 55071, 81504, 55826, 16841, 429552, 418676, 394122, 369589, 43099, 205527, 184494, 235801, 172574, 163594, 430296, 26505, 285146, 145310, 53219, 171383, 283789, 368205, 461552, 352324, 350446, 455768, 290610, 6567, 95076, 102668, 141900, 369292, 148094, 420880, 370590, 164809, 316027, 202210, 401962, 223362, 406166, 461638, 432938, 113296, 381212, 68141, 65521, 420915, 434298, 354117, 445374, 105089, 372762, 217706, 327350, 496987, 115113, 425729, 233293, 196853, 23999, 341852, 336238, 305270, 411622, 75714, 441749, 476437, 375928, 494728, 222776, 416307, 56816, 144594, 84660, 438390, 364710, 30088, 170961, 384239, 315701, 23809, 359, 490825, 235646, 371906, 296662, 199283, 487107, 157549, 282016, 22522, 135984, 146928, 398901, 406404, 138688, 104829, 386879, 164453, 85273, 231239, 306597, 102051]